<TICKER>,<PER>,<DATE>,<TIME>,<OPEN>,<HIGH>,<LOW>,<CLOSE>,<VOL>,<OPENINT>
2845.HK,D,20200117,000000,57.3,58.75,57.1,58.2,1257750,0
2845.HK,D,20200120,000000,60,61.15,58.3,60.65,763850,0
2845.HK,D,20200121,000000,60.85,61,59.2,59.2,485100,0
2845.HK,D,20200122,000000,59.9,63.75,58.95,63.7,443400,0
2845.HK,D,20200123,000000,63,63.9,61.6,63.9,549950,0
2845.HK,D,20200124,000000,63.9,64.15,63.9,64.15,850,0
2845.HK,D,20200129,000000,61.4,62.25,61.2,61.85,216900,0
2845.HK,D,20200130,000000,61.85,62.45,59.15,59.25,151100,0
2845.HK,D,20200131,000000,58.8,60.65,55.95,55.95,85450,0
2845.HK,D,20200203,000000,55.95,58.85,55.95,57.45,210500,0
2845.HK,D,20200204,000000,58.85,63.3,58.85,62.95,249700,0
2845.HK,D,20200205,000000,64.15,65.8,62.75,63.45,457000,0
2845.HK,D,20200206,000000,63.15,66.5,62.2,66.4,291150,0
2845.HK,D,20200207,000000,66.4,66.4,64.05,65.6,226180,0
2845.HK,D,20200210,000000,64.95,67,64.4,66.5,207200,0
2845.HK,D,20200211,000000,67,67.25,65.8,66.1,229700,0
2845.HK,D,20200212,000000,66.1,68.5,66,67.5,348900,0
2845.HK,D,20200213,000000,67.5,68.05,66,66,185300,0
2845.HK,D,20200214,000000,67.3,67.7,66.6,67.1,147750,0
2845.HK,D,20200217,000000,66.75,69.3,66.75,69.3,192450,0
2845.HK,D,20200218,000000,69.1,69.65,68,69,187250,0
2845.HK,D,20200219,000000,69,71.4,68.45,69,281750,0
2845.HK,D,20200220,000000,69.75,70.9,68.25,70.7,372200,0
2845.HK,D,20200221,000000,69.7,71,69.3,70.6,205478,0
2845.HK,D,20200224,000000,68.8,69.6,68.7,68.9,145000,0
2845.HK,D,20200225,000000,68,73,67.8,72,207350,0
2845.HK,D,20200226,000000,71.45,71.55,69.3,69.6,191100,0
2845.HK,D,20200227,000000,69.3,70.75,69,70.2,155950,0
2845.HK,D,20200228,000000,69.5,69.5,63.1,63.4,233550,0
2845.HK,D,20200302,000000,65.9,67.15,64.6,66.25,137000,0
2845.HK,D,20200303,000000,68.55,69.7,66.25,67.65,132800,0
2845.HK,D,20200304,000000,67.65,68.85,66.8,68.8,131463,0
2845.HK,D,20200305,000000,69.25,69.3,67.15,68.6,186400,0
2845.HK,D,20200306,000000,68.5,68.85,67.05,67.9,47864,0
2845.HK,D,20200309,000000,65,65.35,61.8,61.85,77455,0
2845.HK,D,20200310,000000,63.1,65,61.45,64.4,127100,0
2845.HK,D,20200311,000000,63.6,65.8,63.15,63.5,57682,0
2845.HK,D,20200312,000000,63.5,63.5,59.35,59.4,61451,0
2845.HK,D,20200313,000000,56.4,61,55,61,101087,0
2845.HK,D,20200316,000000,61.15,61.15,54.5,54.5,23614,0
2845.HK,D,20200317,000000,55.85,55.85,51.8,53.65,28450,0
2845.HK,D,20200318,000000,54.2,56.3,51.85,52,22183,0
2845.HK,D,20200319,000000,52.4,52.4,48.85,50.3,90950,0
2845.HK,D,20200320,000000,52.4,52.8,52.1,52.8,32432,0
2845.HK,D,20200323,000000,49.95,50.4,47.45,47.6,27800,0
2845.HK,D,20200324,000000,49.25,50.75,48.8,50.55,108050,0
2845.HK,D,20200325,000000,53.5,54.9,53,54.5,89050,0
2845.HK,D,20200326,000000,54.5,54.5,53,53.8,115400,0
2845.HK,D,20200327,000000,54,54.6,53.6,53.6,59850,0
2845.HK,D,20200330,000000,50.55,51.5,50,50.55,67950,0
2845.HK,D,20200331,000000,51.5,51.75,51,51.75,17050,0
2845.HK,D,20200401,000000,52.05,54.1,52.05,52.6,79800,0
2845.HK,D,20200402,000000,52.05,53.05,51.45,52.9,54924,0
2845.HK,D,20200403,000000,53.95,54.2,52.9,52.9,67800,0
2845.HK,D,20200406,000000,53.45,56.65,53.3,56.3,42900,0
2845.HK,D,20200407,000000,56.3,56.75,54.95,56.7,88465,0
2845.HK,D,20200408,000000,54.8,55.5,54.65,55.45,116850,0
2845.HK,D,20200409,000000,54.95,56,54.5,56,27800,0
2845.HK,D,20200414,000000,52.2,55.7,51.6,55.5,347150,0
2845.HK,D,20200415,000000,56.5,56.5,54.3,54.3,15250,0
2845.HK,D,20200416,000000,54,56.3,53.3,55.8,188850,0
2845.HK,D,20200417,000000,56.45,57.8,56.45,57.35,205850,0
2845.HK,D,20200420,000000,56.5,56.6,54.45,56.4,72800,0
2845.HK,D,20200421,000000,55.5,55.5,54,54.65,93050,0
2845.HK,D,20200422,000000,53.25,55.65,53.25,55.6,68200,0
2845.HK,D,20200423,000000,55.35,55.35,54.65,54.7,49050,0
2845.HK,D,20200424,000000,54.05,54.7,52.6,52.6,46550,0
2845.HK,D,20200427,000000,52.45,53.9,52.1,53.65,35450,0
2845.HK,D,20200428,000000,53.9,54.7,52.4,54.65,98450,0
2845.HK,D,20200429,000000,52.6,53.6,52.6,53,53300,0
2845.HK,D,20200504,000000,51.6,52.15,51.6,51.75,12088,0
2845.HK,D,20200505,000000,52.35,52.35,52.35,52.35,450,0
2845.HK,D,20200506,000000,54.1,55.3,54.1,55.3,69816,0
2845.HK,D,20200507,000000,55.45,56.8,55.4,56.8,109700,0
2845.HK,D,20200508,000000,56.65,57.7,56.65,57.4,126600,0
2845.HK,D,20200511,000000,56.5,57.15,56.3,56.85,62200,0
2845.HK,D,20200512,000000,55.9,57.4,55.8,56.8,84500,0
2845.HK,D,20200513,000000,56,59.5,56,58.1,164152,0
2845.HK,D,20200514,000000,58,58.05,56.25,56.25,82556,0
2845.HK,D,20200515,000000,56.9,58.4,56.8,57.4,103500,0
2845.HK,D,20200518,000000,56.8,57.2,56.1,56.75,85250,0
2845.HK,D,20200519,000000,57.4,59.55,57.4,59.25,116500,0
2845.HK,D,20200520,000000,59.8,61.55,59.5,59.65,245450,0
2845.HK,D,20200521,000000,60,60.35,58.8,59.95,194200,0
2845.HK,D,20200522,000000,59.5,61,55.05,55.3,174599,0
2845.HK,D,20200525,000000,55.3,55.65,54.2,54.2,59900,0
2845.HK,D,20200526,000000,55.35,57.65,55.1,57.65,154350,0
2845.HK,D,20200527,000000,58.55,58.55,55.95,56.2,94150,0
2845.HK,D,20200528,000000,58,58,54.05,54.6,65350,0
2845.HK,D,20200529,000000,57,58.3,56.85,58.05,112650,0
2845.HK,D,20200601,000000,59.3,61.16,59.3,60.8,226643,0
2845.HK,D,20200602,000000,61.2,62.34,60.18,60.26,121500,0
2845.HK,D,20200603,000000,60.64,62.74,60.36,62.58,138000,0
2845.HK,D,20200604,000000,62.8,63.52,61.78,62.06,98100,0
2845.HK,D,20200605,000000,61.72,63.5,61.4,63.26,119800,0
2845.HK,D,20200608,000000,63.42,63.42,62.3,62.5,141850,0
2845.HK,D,20200609,000000,63.3,64.3,63.26,63.6,160085,0
2845.HK,D,20200610,000000,63.9,65.16,63.6,63.6,127700,0
2845.HK,D,20200611,000000,64.86,66.44,63.54,63.54,177650,0
2845.HK,D,20200612,000000,62.48,63.18,62.48,62.86,72839,0
2845.HK,D,20200615,000000,61.54,63.46,61.12,61.28,67800,0
2845.HK,D,20200616,000000,63,64.8,63,64.66,120767,0
2845.HK,D,20200617,000000,64.5,64.86,64.08,64.1,122650,0
2845.HK,D,20200618,000000,64.04,65.34,63.46,64.8,163700,0
2845.HK,D,20200619,000000,64.42,68.06,64.4,67.16,315500,0
2845.HK,D,20200622,000000,67.16,68.6,66.42,66.82,188700,0
2845.HK,D,20200623,000000,67.3,68.72,66.58,67.7,194035,0
2845.HK,D,20200624,000000,67.8,68.52,67.72,68.52,148300,0
2845.HK,D,20200626,000000,68,68.6,67.3,67.3,101500,0
2845.HK,D,20200629,000000,67.3,67.3,64.5,64.98,151000,0
2845.HK,D,20200630,000000,65.98,66.6,65.5,65.72,105900,0
2845.HK,D,20200702,000000,67,67.18,66.48,67.06,175248,0
2845.HK,D,20200703,000000,67.02,68.76,67.02,68.4,136050,0
2845.HK,D,20200706,000000,69.1,71.08,68.8,70.68,254250,0
2845.HK,D,20200707,000000,74.7,75.08,72.3,74.16,582600,0
2845.HK,D,20200708,000000,75.28,79.04,74.16,78.3,588750,0
2845.HK,D,20200709,000000,78.3,80.66,78.08,79.98,485400,0
2845.HK,D,20200710,000000,79.98,80.56,79.2,79.72,353750,0
2845.HK,D,20200713,000000,80,86.4,80,84.52,632550,0
2845.HK,D,20200714,000000,84,84,79.04,80.52,1084500,0
2845.HK,D,20200715,000000,82,82.24,79.22,79.84,262237,0
2845.HK,D,20200716,000000,80.2,80.9,74,74.38,193500,0
2845.HK,D,20200717,000000,74.38,76.9,73.64,75.7,322549,0
2845.HK,D,20200720,000000,75.7,78.5,75.7,77.7,145400,0
2845.HK,D,20200721,000000,78.62,80.5,78.62,80.28,169100,0
2845.HK,D,20200722,000000,78.38,80.66,76.94,77.06,230456,0
2845.HK,D,20200723,000000,77.24,79.66,76.9,78.24,172500,0
2845.HK,D,20200724,000000,78.24,78.24,71.3,71.88,240369,0
2845.HK,D,20200727,000000,73.6,73.6,71,71.24,109931,0
2845.HK,D,20200728,000000,73.86,75.88,73.74,75.82,155750,0
2845.HK,D,20200729,000000,75.82,76.36,73.52,76.2,125700,0
2845.HK,D,20200730,000000,76.74,76.74,75.08,75.44,97500,0
2845.HK,D,20200731,000000,76.14,78.36,75.32,76.42,135100,0
2845.HK,D,20200803,000000,76.9,81.32,76.66,81.1,168900,0
2845.HK,D,20200804,000000,81.2,82.02,79.9,79.9,635950,0
2845.HK,D,20200805,000000,79.9,80.14,78.06,79.5,586884,0
2845.HK,D,20200806,000000,80.18,80.38,78,79.04,530839,0
2845.HK,D,20200807,000000,80.58,80.8,76.64,77.9,143856,0
2845.HK,D,20200810,000000,78.8,79.42,76.28,76.66,178850,0
2845.HK,D,20200811,000000,77.72,78.84,76.42,76.76,117750,0
2845.HK,D,20200812,000000,77.12,77.12,73.7,76.28,128150,0
2845.HK,D,20200813,000000,76.28,77.86,76.26,76.7,83000,0
2845.HK,D,20200814,000000,76.7,78.06,76.46,77.84,69100,0
2845.HK,D,20200817,000000,77.5,78.82,77.16,78.5,48450,0
2845.HK,D,20200818,000000,79.18,79.34,78.08,78.52,69300,0
2845.HK,D,20200819,000000,78.52,78.52,76.32,77,36600,0
2845.HK,D,20200820,000000,77,77,73.9,74.32,138477,0
2845.HK,D,20200821,000000,75.36,75.9,75,75.18,101406,0
2845.HK,D,20200824,000000,75.68,77.7,75,77.12,164677,0
2845.HK,D,20200825,000000,77.46,78.2,77.12,77.5,181500,0
2845.HK,D,20200826,000000,77.5,78.08,74.84,74.9,133450,0
2845.HK,D,20200827,000000,74.9,76.9,74.9,76.28,124300,0
2845.HK,D,20200828,000000,76.88,78.6,75.6,77.84,39000,0
2845.HK,D,20200831,000000,79.4,80,76.3,80,305000,0
2845.HK,D,20200901,000000,80,80,76.72,80,509950,0
2845.HK,D,20200902,000000,80,80,77.98,79.68,177300,0
2845.HK,D,20200903,000000,79.68,79.68,77.68,78.12,120350,0
2845.HK,D,20200904,000000,77.8,77.9,75.18,76.5,109750,0
2845.HK,D,20200907,000000,76.5,77.5,72.84,73,196969,0
2845.HK,D,20200908,000000,73.2,74.6,72.9,73.7,325050,0
2845.HK,D,20200909,000000,73.6,73.6,69.98,70.8,70800,0
2845.HK,D,20200910,000000,70.82,72.48,70.56,70.58,138565,0
2845.HK,D,20200911,000000,70.58,72.74,70.5,72.26,78750,0
2845.HK,D,20200914,000000,72.52,75.32,72.52,74.48,163800,0
2845.HK,D,20200915,000000,74.6,77.9,73.7,77.5,190800,0
2845.HK,D,20200916,000000,77.6,79.42,77.5,79.4,182450,0
2845.HK,D,20200917,000000,79.42,81.2,79,80.86,182245,0
2845.HK,D,20200918,000000,80.86,81.8,80.54,80.9,426180,0
2845.HK,D,20200921,000000,80.9,82.5,78.28,78.5,82178,0
2845.HK,D,20200922,000000,78.04,78.68,77.34,77.6,79200,0
2845.HK,D,20200923,000000,77.6,79.8,77.02,79.8,97700,0
2845.HK,D,20200924,000000,78.78,79,76.44,76.66,74850,0
2845.HK,D,20200925,000000,77.3,78.18,77.08,77.12,114175,0
2845.HK,D,20200928,000000,77.68,78.76,77.6,78.28,52100,0
2845.HK,D,20200929,000000,78.28,78.72,77.12,77.34,43836,0
2845.HK,D,20200930,000000,78.3,80.78,78.3,79.54,49600,0
2845.HK,D,20201005,000000,80.92,80.92,79.6,79.86,59500,0
2845.HK,D,20201006,000000,80.58,80.9,80.5,80.8,60018,0
2845.HK,D,20201007,000000,80.8,81.04,80.3,80.56,55150,0
2845.HK,D,20201008,000000,81.04,81.8,80.56,81.8,114050,0
2845.HK,D,20201009,000000,82.3,86.92,82.3,85.74,138531,0
2845.HK,D,20201012,000000,87.74,88.22,86.5,88.16,310250,0
2845.HK,D,20201014,000000,89.14,89.52,87.54,88.02,297750,0
2845.HK,D,20201015,000000,89.22,89.92,88.72,88.88,316200,0
2845.HK,D,20201016,000000,89.5,89.6,85.5,86.74,573650,0
2845.HK,D,20201019,000000,87.96,88.3,86.5,87,136800,0
2845.HK,D,20201020,000000,87.7,91.5,87.54,91.1,177100,0
2845.HK,D,20201021,000000,91.2,91.2,88.7,89.46,96850,0
2845.HK,D,20201022,000000,89.46,89.98,87.44,89.64,78414,0
2845.HK,D,20201023,000000,91.5,91.5,87.68,88.6,86798,0
2845.HK,D,20201027,000000,88.6,90.8,88.26,89.62,178400,0
2845.HK,D,20201028,000000,89.8,92.5,89.28,92.2,268200,0
2845.HK,D,20201029,000000,91.48,93.2,90.36,92.4,102350,0
2845.HK,D,20201030,000000,92.2,94.96,90.52,90.78,246350,0
2845.HK,D,20201102,000000,90.8,96.72,90.8,96.3,245800,0
2845.HK,D,20201103,000000,99.96,99.96,95.52,95.84,284900,0
2845.HK,D,20201104,000000,97.26,99.14,97,97.5,168050,0
2845.HK,D,20201105,000000,99.36,105.45,99.36,105.45,410880,0
2845.HK,D,20201106,000000,106.8,108.3,103.6,104.8,387450,0
2845.HK,D,20201109,000000,107,111.7,106.8,111.7,302450,0
2845.HK,D,20201110,000000,112.6,113,106,108.15,271550,0
2845.HK,D,20201111,000000,108.15,110.15,102.5,102.65,282200,0
2845.HK,D,20201112,000000,104,106.3,103.6,106.2,203797,0
2845.HK,D,20201113,000000,107.45,108.75,105.6,107.7,192700,0
2845.HK,D,20201116,000000,108,108.95,104.35,108.95,181600,0
2845.HK,D,20201117,000000,110,113,104.9,106.3,218000,0
2845.HK,D,20201118,000000,106.3,106.3,102.8,104,218332,0
2845.HK,D,20201119,000000,104,104,100.85,103.2,147050,0
2845.HK,D,20201120,000000,103.2,107.6,103.2,107.4,242820,0
2845.HK,D,20201123,000000,107.4,110.5,106.5,109.6,248250,0
2845.HK,D,20201124,000000,110.6,112.7,110.2,111.2,317910,0
2845.HK,D,20201125,000000,111.5,114.8,107.8,108.85,348549,0
2845.HK,D,20201126,000000,109,109,104.4,107.3,257655,0
2845.HK,D,20201127,000000,107.5,107.5,104.7,105.9,173614,0
2845.HK,D,20201130,000000,105.9,106.7,103.15,106.3,143250,0
2845.HK,D,20201201,000000,106.35,107.05,104.95,106.75,133950,0
2845.HK,D,20201202,000000,106.75,107.4,103.5,105,195800,0
2845.HK,D,20201203,000000,105,106.6,103.65,106.05,164610,0
2845.HK,D,20201204,000000,107,107.8,105.9,107.8,112503,0
2845.HK,D,20201207,000000,107.8,109.7,107.4,109.15,144557,0
2845.HK,D,20201208,000000,110.3,113.1,110.3,112.8,163850,0
2845.HK,D,20201209,000000,112.8,116.25,111.4,111.45,242250,0
2845.HK,D,20201210,000000,111.35,111.85,108.05,110.8,139850,0
2845.HK,D,20201211,000000,111.35,111.35,108.5,110.25,114750,0
2845.HK,D,20201214,000000,110.25,114.1,108.9,114.1,195717,0
2845.HK,D,20201215,000000,114,115.5,112.1,115.3,198700,0
2845.HK,D,20201216,000000,116.4,116.4,114.65,115.25,171800,0
2845.HK,D,20201217,000000,115.3,116.65,114.55,116.45,145900,0
2845.HK,D,20201218,000000,116.75,120.6,116.25,119.95,280950,0
2845.HK,D,20201221,000000,119.95,126.25,119.95,125.35,494278,0
2845.HK,D,20201222,000000,126.2,126.7,120.85,122.5,493130,0
2845.HK,D,20201223,000000,122.5,127.1,122.5,124,371950,0
2845.HK,D,20201224,000000,125.7,125.7,122.5,123.25,195000,0
2845.HK,D,20201228,000000,126.9,128.1,124.9,127.15,431100,0
2845.HK,D,20201229,000000,127.15,127.6,121.5,122.05,534225,0
2845.HK,D,20201230,000000,122.15,129.05,122.15,127.7,418250,0
2845.HK,D,20201231,000000,128.5,130.8,128.25,129.85,182600,0
2845.HK,D,20210104,000000,130.75,144.35,130.7,142.95,663100,0
2845.HK,D,20210105,000000,143.8,145.8,139.75,144.3,831800,0
2845.HK,D,20210106,000000,146.8,148.65,140.4,143.1,1571748,0
2845.HK,D,20210107,000000,144,149.6,142.9,149.2,581900,0
2845.HK,D,20210108,000000,155,158.7,145,146.75,961006,0
2845.HK,D,20210111,000000,148.95,149,140.1,141.75,878700,0
2845.HK,D,20210112,000000,142.2,145.8,138.8,145.3,377450,0
2845.HK,D,20210113,000000,148,149.8,140.15,141.45,1012850,0
2845.HK,D,20210114,000000,144.9,144.9,135.45,140.05,1614923,0
2845.HK,D,20210115,000000,139.5,139.5,133,137.85,767350,0
2845.HK,D,20210118,000000,137.5,140,133.5,138.75,490050,0
2845.HK,D,20210119,000000,139,140,134.45,135,602650,0
2845.HK,D,20210120,000000,136.5,142.6,136.5,140.95,618906,0
2845.HK,D,20210121,000000,144.1,147.2,139,144.8,781400,0
2845.HK,D,20210122,000000,144.85,150.5,144.85,149.55,1307328,0
2845.HK,D,20210125,000000,150,156.45,149.65,151.5,1021300,0
2845.HK,D,20210126,000000,152,152,145.2,146.4,647157,0
2845.HK,D,20210127,000000,146.45,149.05,142.1,147,480900,0
2845.HK,D,20210128,000000,144,144.5,139.8,140,740360,0
2845.HK,D,20210129,000000,140.5,143.95,135.6,138.8,956903,0
2845.HK,D,20210201,000000,138.65,140.35,135.85,138,684050,0
2845.HK,D,20210202,000000,139.8,145.25,138.9,144.8,549850,0
2845.HK,D,20210203,000000,145.2,148.8,144.3,145.3,425944,0
2845.HK,D,20210204,000000,147.05,147.05,140.15,142,581344,0
2845.HK,D,20210205,000000,142,146,137.4,138,582555,0
2845.HK,D,20210208,000000,137.5,142.6,136.1,142,343825,0
2845.HK,D,20210209,000000,142.05,147.5,142.05,146.4,381450,0
2845.HK,D,20210210,000000,146.9,150.6,145,150,410571,0
2845.HK,D,20210211,000000,150,152,149.25,150.1,83350,0
2845.HK,D,20210216,000000,151,160,151,154.95,539549,0
2845.HK,D,20210217,000000,156,157.35,153,157,346675,0
2845.HK,D,20210218,000000,157,159.8,144.4,146.05,1630831,0
2845.HK,D,20210219,000000,145.05,145.5,137.4,140.7,1798300,0
2845.HK,D,20210222,000000,142,142.3,135.7,135.85,1101722,0
2845.HK,D,20210223,000000,135.5,136.8,132.35,133.85,1348763,0
2845.HK,D,20210224,000000,135,138.5,125.35,126.2,837000,0
2845.HK,D,20210225,000000,128.3,130.25,125.35,125.8,764952,0
2845.HK,D,20210226,000000,121,122.9,118.8,120,755033,0
2845.HK,D,20210301,000000,122.05,126.65,122.05,126.4,301500,0
2845.HK,D,20210302,000000,131,131,123.8,125.3,420054,0
2845.HK,D,20210303,000000,124.5,126.5,123,126.2,215264,0
2845.HK,D,20210304,000000,125.25,125.25,118.15,118.65,382000,0
2845.HK,D,20210305,000000,114,120.3,113.1,119.05,448896,0
2845.HK,D,20210308,000000,119,120.05,109.55,110.2,555150,0
2845.HK,D,20210309,000000,110.05,111.75,104.3,107.5,579814,0
2845.HK,D,20210310,000000,116.95,116.95,110.6,111.85,391250,0
2845.HK,D,20210311,000000,112.45,117,112.2,116.9,436129,0
2845.HK,D,20210312,000000,120.8,120.8,115,115.95,389850,0
2845.HK,D,20210315,000000,115.9,116.85,110.75,111.75,470150,0
2845.HK,D,20210316,000000,113,114.25,111.3,112.8,258917,0
2845.HK,D,20210317,000000,112.8,116.95,111.55,116.5,251487,0
2845.HK,D,20210318,000000,117.6,120.1,117.6,117.95,251700,0
2845.HK,D,20210319,000000,117.5,117.5,112.45,113.85,191765,0
2845.HK,D,20210322,000000,113.85,116,113,114.5,148800,0
2845.HK,D,20210323,000000,114.65,114.65,109,110.25,359700,0
2845.HK,D,20210324,000000,110.1,110.5,106.2,106.55,474450,0
2845.HK,D,20210325,000000,106.65,108.7,104.65,108.05,279967,0
2845.HK,D,20210326,000000,108,113.4,107.5,113.25,168905,0
2845.HK,D,20210329,000000,112.5,112.9,110.5,111.4,210400,0
2845.HK,D,20210330,000000,111.6,113,109.9,112.25,169750,0
2845.HK,D,20210331,000000,113,114.2,109.85,111.7,168667,0
2845.HK,D,20210401,000000,113.5,116.2,113,116,376750,0
2845.HK,D,20210407,000000,117,121,113.8,114.8,499001,0
2845.HK,D,20210408,000000,114.8,115,113,113.8,531800,0
2845.HK,D,20210409,000000,114.5,114.5,110.6,111.1,233900,0
2845.HK,D,20210412,000000,111.1,112,108.1,108.7,301291,0
2845.HK,D,20210413,000000,108.7,111.05,108.15,108.75,137500,0
2845.HK,D,20210414,000000,110,114.15,110,113.7,260471,0
2845.HK,D,20210415,000000,113.7,114,112,113.9,116960,0
2845.HK,D,20210416,000000,111.3,114.2,110.8,113.1,218004,0
2845.HK,D,20210419,000000,113.1,120.2,112.5,120.05,484150,0
2845.HK,D,20210420,000000,119.95,121,117.6,119,197750,0
2845.HK,D,20210421,000000,117.7,120,116.45,119.85,149300,0
2845.HK,D,20210422,000000,120,121.05,118.8,119,224850,0
2845.HK,D,20210423,000000,118.7,121.3,118.7,120.8,149550,0
2845.HK,D,20210426,000000,120.9,122.5,118,118.2,212725,0
2845.HK,D,20210427,000000,118.5,119.45,116.25,117.45,256750,0
2845.HK,D,20210428,000000,116,121.5,115.75,120.75,175350,0
2845.HK,D,20210429,000000,121.1,123,118.8,120.55,99750,0
2845.HK,D,20210430,000000,120,123.25,119.5,122.2,269512,0
2845.HK,D,20210503,000000,122.2,122.9,120.6,120.8,105050,0
2845.HK,D,20210504,000000,120.05,121.45,120.05,121.05,65720,0
2845.HK,D,20210505,000000,120.95,122,120.2,120.5,107610,0
2845.HK,D,20210506,000000,122,122.2,117.8,120.35,127970,0
2845.HK,D,20210507,000000,120.35,121.95,115.6,116.15,417129,0
2845.HK,D,20210510,000000,116.2,118.5,116,118.35,138590,0
2845.HK,D,20210511,000000,116.1,116.9,113.95,115,197150,0
2845.HK,D,20210512,000000,115,116.55,114.85,115.7,366389,0
2845.HK,D,20210513,000000,114.95,114.95,111.55,111.55,171700,0
2845.HK,D,20210514,000000,112,116.7,111.85,116,118150,0
2845.HK,D,20210517,000000,116.05,121.9,115.85,121,206700,0
2845.HK,D,20210518,000000,122,122.3,120.45,120.8,85702,0
2845.HK,D,20210520,000000,123.1,126.8,122,126.6,381872,0
2845.HK,D,20210521,000000,126.65,128.65,126.05,127.9,257000,0
2845.HK,D,20210524,000000,128.5,129.5,127.5,129.4,168486,0
2845.HK,D,20210525,000000,129.4,134,129.2,133.6,644899,0
2845.HK,D,20210526,000000,134.45,134.7,131.3,131.8,189168,0
2845.HK,D,20210527,000000,131.7,133.3,130.5,133.3,152681,0
2845.HK,D,20210528,000000,133.3,139.85,133.05,138.2,589729,0
2845.HK,D,20210531,000000,138.05,144.2,135,143.8,656065,0
2845.HK,D,20210601,000000,144.5,144.5,139.7,142.25,442013,0
2845.HK,D,20210602,000000,142.3,145,140.65,141.9,412520,0
2845.HK,D,20210603,000000,141.9,143.95,140,140.8,302972,0
2845.HK,D,20210604,000000,140.1,147.8,139.7,145.55,632233,0
2845.HK,D,20210607,000000,145.55,145.55,142,143.35,617008,0
2845.HK,D,20210608,000000,144,147.25,141,142.25,488448,0
2845.HK,D,20210609,000000,142.25,143.85,141.4,143.35,190846,0
2845.HK,D,20210610,000000,140.5,148.4,140.5,147.3,671711,0
2845.HK,D,20210611,000000,147.3,152,147.2,151.1,609099,0
2845.HK,D,20210615,000000,151.95,152.3,146.7,149.45,518093,0
2845.HK,D,20210616,000000,149.7,149.7,139.5,139.7,563465,0
2845.HK,D,20210617,000000,139.7,143.25,139.25,142.7,688473,0
2845.HK,D,20210618,000000,142.8,149.2,142.8,148.35,719794,0
2845.HK,D,20210621,000000,148.35,151.4,146,149.3,379417,0
2845.HK,D,20210622,000000,149.8,150.4,147,148.3,308185,0
2845.HK,D,20210623,000000,148.5,151.5,147.15,150.7,456452,0
2845.HK,D,20210624,000000,151,151,148.05,148.5,493557,0
2845.HK,D,20210625,000000,149.5,151.3,148,151.05,396970,0
2845.HK,D,20210628,000000,152,154,150.75,153.3,379593,0
2845.HK,D,20210629,000000,153.3,155.8,152.1,153.95,339544,0
2845.HK,D,20210630,000000,153.75,157.35,152.5,157,485000,0
2845.HK,D,20210702,000000,156.55,157,151.1,151.95,731788,0
2845.HK,D,20210705,000000,150.05,157.35,150.05,157,365842,0
2845.HK,D,20210706,000000,157,162.5,154.25,158.55,700476,0
2845.HK,D,20210707,000000,158.3,166.4,153.65,166.4,831143,0
2845.HK,D,20210708,000000,166.2,172.9,165.8,171.3,1035941,0
2845.HK,D,20210709,000000,170,174.5,166.4,171.7,887633,0
2845.HK,D,20210712,000000,171.8,184.15,171.8,181.25,815610,0
2845.HK,D,20210713,000000,183,185.8,178.55,182.1,708807,0
2845.HK,D,20210714,000000,180.9,180.9,174.8,175.5,888103,0
2845.HK,D,20210715,000000,175.5,178.3,171.85,176.7,679539,0
2845.HK,D,20210716,000000,177.15,177.75,167.5,167.6,635514,0
2845.HK,D,20210719,000000,166,171.15,163,164.85,513460,0
2845.HK,D,20210720,000000,165,169.25,161,168.6,380716,0
2845.HK,D,20210721,000000,168.8,178.25,168.8,178.25,577400,0
2845.HK,D,20210722,000000,178.3,180.95,175.5,179,547656,0
2845.HK,D,20210723,000000,179,182.35,176,176.95,403675,0
2845.HK,D,20210726,000000,176.9,179,169.55,173.55,615794,0
2845.HK,D,20210727,000000,173.05,179.2,160.35,162.55,1161648,0
2845.HK,D,20210728,000000,162.55,166.2,157.9,165,1570609,0
2845.HK,D,20210729,000000,170,176,167.85,176,921169,0
2845.HK,D,20210730,000000,176.35,179.25,174,177.7,1327690,0
2845.HK,D,20210802,000000,178.35,185.1,176.6,183.2,1215006,0
2845.HK,D,20210803,000000,185,185,175.7,176.8,898876,0
2845.HK,D,20210804,000000,177,190,176.95,190,1024751,0
2845.HK,D,20210805,000000,190,190.75,185.8,189.3,692380,0
2845.HK,D,20210806,000000,190,197.1,190,192.55,728237,0
2845.HK,D,20210809,000000,192.55,192.65,181.5,185.3,756798,0
2845.HK,D,20210810,000000,185.9,187.75,179.3,184,1008600,0
2845.HK,D,20210811,000000,183.4,187.5,180.9,185.6,368547,0
2845.HK,D,20210812,000000,185.6,187.1,182.5,185.8,494513,0
2845.HK,D,20210813,000000,185,191.6,183.8,185.15,556368,0
2845.HK,D,20210816,000000,185.15,185.15,174.5,175.9,630325,0
2845.HK,D,20210817,000000,175.9,178.7,172,173.6,823540,0
2845.HK,D,20210818,000000,173.6,179.4,173.2,174.45,576442,0
2845.HK,D,20210819,000000,174.45,182.75,173,180.95,480439,0
2845.HK,D,20210820,000000,180.05,181.4,175.85,177,865850,0
2845.HK,D,20210823,000000,180,182.75,177.6,180,479928,0
2845.HK,D,20210824,000000,182,188,182,185.2,969481,0
2845.HK,D,20210825,000000,186,188.3,182.6,187,649500,0
2845.HK,D,20210826,000000,187,189.8,181.9,183,636052,0
2845.HK,D,20210827,000000,183,186.55,181.15,185.4,343970,0
2845.HK,D,20210830,000000,181.3,190.85,181.3,188,559552,0
2845.HK,D,20210831,000000,188,188,183.25,185.85,851126,0
2845.HK,D,20210901,000000,186.9,186.9,176.4,178.9,1147499,0
2845.HK,D,20210902,000000,179,182.3,178.85,180.6,480290,0
2845.HK,D,20210903,000000,180,182,172.8,174.4,1415135,0
2845.HK,D,20210906,000000,174.8,180.7,172.45,180.5,356243,0
2845.HK,D,20210907,000000,181,187.3,180.1,186.4,608097,0
2845.HK,D,20210908,000000,186.4,187.2,183.1,183.5,685685,0
2845.HK,D,20210909,000000,183.4,187.75,182,184.05,264090,0
2845.HK,D,20210910,000000,185,187.3,183,187.25,586143,0
2845.HK,D,20210913,000000,187,187.6,182.25,183.15,659827,0
2845.HK,D,20210914,000000,183.15,190.75,181.1,187.55,604394,0
2845.HK,D,20210915,000000,187,190.05,187,189.2,350735,0
2845.HK,D,20210916,000000,189.65,190,182.9,184.1,733886,0
2845.HK,D,20210917,000000,182.8,186,180.3,184.8,564826,0
2845.HK,D,20210920,000000,183,183,177.2,178.05,243452,0
2845.HK,D,20210921,000000,175.5,179.9,175.5,179.35,186706,0
2845.HK,D,20210923,000000,179.3,182.1,179,179.8,349965,0
2845.HK,D,20210924,000000,180,185.3,177.8,180.65,405259,0
2845.HK,D,20210927,000000,180.5,184.2,175.05,178.1,400885,0
2845.HK,D,20210928,000000,178.2,179.6,174.9,175.2,281463,0
2845.HK,D,20210929,000000,174.85,175.2,170.25,170.6,534015,0
2845.HK,D,20210930,000000,170.7,178.5,170.7,178.05,266871,0
2845.HK,D,20211004,000000,177.95,177.95,175,175.2,91586,0
2845.HK,D,20211005,000000,175,175.5,171.8,174.25,352807,0
2845.HK,D,20211006,000000,174.35,174.95,173.6,174,236629,0
2845.HK,D,20211007,000000,175.8,177.4,175.8,176.95,129412,0
2845.HK,D,20211008,000000,178.05,182,174.2,175.6,312876,0
2845.HK,D,20211011,000000,175.7,178.5,172,176.75,136200,0
2845.HK,D,20211012,000000,176.75,176.75,169.6,171.6,380627,0
2845.HK,D,20211015,000000,175.6,184.15,175.6,183.95,564943,0
2845.HK,D,20211018,000000,183.95,188,183.05,188,344209,0
2845.HK,D,20211019,000000,188.4,192.2,188,189.7,928451,0
2845.HK,D,20211020,000000,190,196.25,190,193.9,488050,0
2845.HK,D,20211021,000000,193.75,195,189.3,190.9,265884,0
2845.HK,D,20211022,000000,191.7,194.15,190,190.8,457243,0
2845.HK,D,20211025,000000,191,198.2,190.8,198,273160,0
2845.HK,D,20211026,000000,204,210.6,198.7,199.85,529972,0
2845.HK,D,20211027,000000,199.95,205.8,197.95,204.7,374235,0
2845.HK,D,20211028,000000,204.8,208,200.3,201.8,281845,0
2845.HK,D,20211029,000000,203,205,198.05,204,224292,0
2845.HK,D,20211101,000000,204,204,197.55,200.2,184446,0
2845.HK,D,20211102,000000,205,206.5,201,203.4,294457,0
2845.HK,D,20211103,000000,204,204.9,197.8,199.5,294193,0
2845.HK,D,20211104,000000,201.8,205.7,201,202.5,556031,0
2845.HK,D,20211105,000000,204.3,205.4,200.1,200.9,317396,0
2845.HK,D,20211108,000000,201.5,211.5,201,210,445383,0
2845.HK,D,20211109,000000,212,213.6,211,212.3,270408,0
2845.HK,D,20211110,000000,211.8,211.8,205.3,209.6,627640,0
2845.HK,D,20211111,000000,209.6,210.4,206.6,208.2,255021,0
2845.HK,D,20211112,000000,213,213,207.8,210,373600,0
2845.HK,D,20211115,000000,210.6,210.6,202,202.9,871480,0
2845.HK,D,20211116,000000,203,203,198.5,199.2,460673,0
2845.HK,D,20211117,000000,202,203.2,199.2,201.7,253855,0
2845.HK,D,20211118,000000,201.8,202.9,197.7,200.7,269779,0
2845.HK,D,20211119,000000,199,202,198.5,200,185018,0
2845.HK,D,20211122,000000,202,209.8,202,209.8,573913,0
2845.HK,D,20211123,000000,208.1,209.6,206.2,208.6,177719,0
2845.HK,D,20211124,000000,209.5,210.1,204.5,204.9,361888,0
2845.HK,D,20211125,000000,204.9,205.4,202.3,204,275910,0
2845.HK,D,20211126,000000,203.1,208.7,202.9,205,241219,0
2845.HK,D,20211129,000000,204.8,210.3,202.1,209.4,441422,0
2845.HK,D,20211130,000000,211,211.8,207.8,209.4,259482,0
2845.HK,D,20211201,000000,209.4,212,205.9,207.3,356425,0
2845.HK,D,20211202,000000,207.3,209.4,206.3,207.7,491947,0
2845.HK,D,20211203,000000,209.5,209.5,205.4,207.8,295256,0
2845.HK,D,20211206,000000,206.8,208,202.2,202.8,269897,0
2845.HK,D,20211207,000000,203.3,209,195.55,197.55,776329,0
2845.HK,D,20211208,000000,199.5,202.3,199,201.9,300256,0
2845.HK,D,20211209,000000,202.8,202.9,200.3,201.2,374986,0
2845.HK,D,20211210,000000,200,203.8,198.1,203.2,238175,0
2845.HK,D,20211213,000000,203,203,200,200.7,151127,0
2845.HK,D,20211214,000000,200,200.4,198.2,199.3,203077,0
2845.HK,D,20211215,000000,201,201,198.05,198.35,196120,0
2845.HK,D,20211216,000000,198,199.5,196.7,198.8,200655,0
2845.HK,D,20211217,000000,198,198,193.7,193.9,434287,0
2845.HK,D,20211220,000000,193,194,184.4,184.65,704773,0
2845.HK,D,20211221,000000,185.7,188.5,184.1,185.95,530709,0
2845.HK,D,20211222,000000,187.3,190.05,187.3,187.6,324582,0
2845.HK,D,20211223,000000,189.1,190.05,186.1,186.7,290893,0
2845.HK,D,20211224,000000,187.5,188,180,182,1029391,0
2845.HK,D,20211228,000000,182,183.6,179.4,183.1,441781,0
2845.HK,D,20211229,000000,183.1,184.35,181.15,181.65,293754,0
2845.HK,D,20211230,000000,182,183.9,181.1,181.85,218888,0
2845.HK,D,20211231,000000,183.05,185,182.25,182.55,112800,0
2845.HK,D,20220103,000000,183.9,185,182.6,182.95,270327,0
2845.HK,D,20220104,000000,184.2,186.5,178.2,179,663324,0
2845.HK,D,20220105,000000,178.8,178.8,170.15,170.15,1025763,0
2845.HK,D,20220106,000000,170,170.8,166.9,169.7,528657,0
2845.HK,D,20220107,000000,170,170.9,165.6,166.85,415171,0
2845.HK,D,20220110,000000,166.85,167.6,164.05,165.6,394548,0
2845.HK,D,20220111,000000,165,167.4,163.35,163.6,267812,0
2845.HK,D,20220112,000000,163.9,173,163.9,171.75,560390,0
2845.HK,D,20220113,000000,172,172.8,167.2,168.45,470445,0
2845.HK,D,20220114,000000,168,171.05,166.35,169.95,316458,0
2845.HK,D,20220117,000000,170.05,173.85,168.7,173.2,349763,0
2845.HK,D,20220118,000000,173.2,173.45,170,170.35,286171,0
2845.HK,D,20220119,000000,170.25,170.25,162.2,163.6,441287,0
2845.HK,D,20220120,000000,163,165.1,162,163,429491,0
2845.HK,D,20220121,000000,162,165.35,160.5,162.85,401495,0
2845.HK,D,20220124,000000,162,167.85,161.15,166.9,477745,0
2845.HK,D,20220125,000000,166.9,168.85,162.95,163.55,286523,0
2845.HK,D,20220126,000000,163.55,166.7,162.8,165.4,227942,0
2845.HK,D,20220127,000000,165,165.85,159.7,159.75,553300,0
2845.HK,D,20220128,000000,159.2,161.5,155.5,157,648765,0
2845.HK,D,20220131,000000,157,158.4,157,158.4,43800,0
2845.HK,D,20220204,000000,160.15,161.3,158.95,161,323498,0
2845.HK,D,20220207,000000,161.2,165.6,159.2,159.85,422444,0
2845.HK,D,20220208,000000,159.85,160,149.6,152.4,936610,0
2845.HK,D,20220209,000000,153,156,150.05,156,637374,0
2845.HK,D,20220210,000000,157.75,157.75,148.4,150.6,751275,0
2845.HK,D,20220211,000000,150.6,152.7,146.9,148,412001,0
2845.HK,D,20220214,000000,148,151.15,145.5,148.6,324932,0
2845.HK,D,20220215,000000,148.6,154.85,147.7,153.7,489411,0
2845.HK,D,20220216,000000,155,158,155,156.15,491181,0
2845.HK,D,20220217,000000,156.1,162.65,155.65,160.65,414507,0
2845.HK,D,20220218,000000,161.95,161.95,156.75,157.55,323345,0
2845.HK,D,20220221,000000,157,158.7,155.6,156.7,110005,0
2845.HK,D,20220222,000000,154.85,156.1,153.1,155.7,251725,0
2845.HK,D,20220223,000000,156.7,163.6,156.2,163.2,265100,0
2845.HK,D,20220224,000000,160.75,164.55,158.1,159.7,273287,0
2845.HK,D,20220225,000000,160,166.85,160,164.45,333693,0
2845.HK,D,20220228,000000,164,166.8,163.15,166.75,312690,0
2845.HK,D,20220301,000000,168.55,168.6,163.7,164.6,146015,0
2845.HK,D,20220302,000000,163.75,164.15,160.05,160.9,234426,0
2845.HK,D,20220303,000000,160.5,163.6,156.75,157.9,204113,0
2845.HK,D,20220304,000000,157.9,157.9,151.3,151.7,282466,0
2845.HK,D,20220307,000000,150,150,143.2,143.5,660507,0
2845.HK,D,20220308,000000,143.5,145,137.7,138,714160,0
2845.HK,D,20220309,000000,141.65,141.65,131.9,139.4,437991,0
2845.HK,D,20220310,000000,143.55,147.75,143.55,146.5,414372,0
2845.HK,D,20220311,000000,143,147,141.3,146.25,401934,0
2845.HK,D,20220314,000000,141,142.9,138.1,138.75,476093,0
2845.HK,D,20220315,000000,138.6,143,134,135,552198,0
2845.HK,D,20220316,000000,137,148.6,137,146.25,526890,0
2845.HK,D,20220317,000000,151,153.7,149.7,150.35,264482,0
2845.HK,D,20220318,000000,150.35,150.35,146.65,149.4,296589,0
2845.HK,D,20220321,000000,152,154.75,150.9,152.4,365143,0
2845.HK,D,20220322,000000,150.95,153.75,150.8,152.55,141407,0
2845.HK,D,20220323,000000,153.6,154.5,150.45,150.8,544155,0
2845.HK,D,20220324,000000,150,151.25,147.25,150.3,268305,0
2845.HK,D,20220325,000000,150.3,151.5,145.05,145.75,461458,0
2845.HK,D,20220328,000000,145.15,145.15,140.5,141.55,377498,0
2845.HK,D,20220329,000000,143.45,145.3,142,142.7,297150,0
2845.HK,D,20220330,000000,144.45,150.25,143.6,149.9,307506,0
2845.HK,D,20220331,000000,149.9,150.1,145.4,146.25,259500,0
2845.HK,D,20220401,000000,146,150.05,145,148,177583,0
2845.HK,D,20220404,000000,149,149,147.6,148.45,461187,0
2845.HK,D,20220406,000000,148.2,148.4,143.25,144.15,240194,0
2845.HK,D,20220407,000000,142.8,144.5,141.3,141.9,294099,0
2845.HK,D,20220408,000000,142,143.85,139.8,141.65,147188,0
2845.HK,D,20220411,000000,140,140,132.05,132.05,688550,0
2845.HK,D,20220412,000000,134,134.8,131.65,134.05,245372,0
2845.HK,D,20220413,000000,134.05,135.8,131.8,132.05,227675,0
2845.HK,D,20220414,000000,136.6,136.6,132.2,133,458894,0
2845.HK,D,20220419,000000,133.2,134.5,130.2,130.55,217877,0
2845.HK,D,20220420,000000,130.55,131.15,125,125,383091,0
2845.HK,D,20220421,000000,124.75,126.4,119.5,119.75,523350,0
2845.HK,D,20220422,000000,118.5,120.15,117.45,117.5,311208,0
2845.HK,D,20220425,000000,117.6,117.6,107,107,728146,0
2845.HK,D,20220426,000000,108.5,109.6,105,105.3,442807,0
2845.HK,D,20220427,000000,104,114.2,103.15,113.5,367834,0
2845.HK,D,20220428,000000,113.5,117.35,113,113.1,399600,0
2845.HK,D,20220429,000000,113.1,119.7,112.35,118.5,436450,0
2845.HK,D,20220503,000000,120,120,116,116.1,496133,0
2845.HK,D,20220504,000000,117.9,118.4,116,116.4,296736,0
2845.HK,D,20220505,000000,117,120.5,116.4,118.4,144850,0
2845.HK,D,20220506,000000,113.15,118,113.15,114.8,163530,0
2845.HK,D,20220510,000000,110,117,110,114.8,328984,0
2845.HK,D,20220511,000000,114.35,126,114.35,122.4,230322,0
2845.HK,D,20220512,000000,120,123.05,120,120,464419,0
2845.HK,D,20220513,000000,122,123.15,120,121.65,147711,0
2845.HK,D,20220516,000000,124.95,126,121.1,121.1,93539,0
2845.HK,D,20220517,000000,122.6,128,122.1,128,231515,0
2845.HK,D,20220518,000000,128.5,130.3,127.9,128.4,241428,0
2845.HK,D,20220519,000000,127.05,130.25,125.1,129.95,232514,0
2845.HK,D,20220520,000000,129.95,133.8,129.95,133.4,310898,0
2845.HK,D,20220523,000000,133.5,134.2,131.1,134,120034,0
2845.HK,D,20220524,000000,133,133,127,127.35,228718,0
2845.HK,D,20220525,000000,128,128.6,125.4,126.4,126711,0
2845.HK,D,20220526,000000,128.7,128.7,123.7,126.05,164410,0
2845.HK,D,20220527,000000,127.8,129.75,125.55,126.7,143522,0
2845.HK,D,20220530,000000,129.9,130.7,127.25,130.6,166507,0
2845.HK,D,20220531,000000,130.6,132,127.75,131.8,214739,0
2845.HK,D,20220601,000000,131.8,134.75,129.8,134,109900,0
2845.HK,D,20220602,000000,133,138.45,133,138.3,261636,0
2845.HK,D,20220606,000000,138.3,147.9,138.3,147.05,342985,0
2845.HK,D,20220607,000000,149,149,143.3,145.75,438391,0
2845.HK,D,20220608,000000,146,147.45,142.35,147,438781,0
2845.HK,D,20220609,000000,146.8,147.05,142.55,143.7,345646,0
2845.HK,D,20220610,000000,143.7,149.55,142.7,149.1,518634,0
2845.HK,D,20220613,000000,144.25,153.5,144.25,152.1,689991,0
2845.HK,D,20220614,000000,147,154.15,146.8,152.9,503887,0
2845.HK,D,20220615,000000,154.7,155.6,150.5,151.5,326062,0
2845.HK,D,20220616,000000,152,154.85,151.35,151.7,557824,0
2845.HK,D,20220617,000000,150,159.5,150,158.55,738436,0
2845.HK,D,20220620,000000,158.7,164.45,158.7,162.7,516412,0
2845.HK,D,20220621,000000,162.7,162.7,157.3,160,285050,0
2845.HK,D,20220622,000000,160.2,163.2,159,159.4,273999,0
2845.HK,D,20220623,000000,159.4,166.4,159.4,166,480082,0
2845.HK,D,20220624,000000,166.6,169.9,165,169.2,499342,0
2845.HK,D,20220627,000000,169.9,172.2,168.55,169.9,345958,0
2845.HK,D,20220628,000000,168,173,167.65,172,362831,0
2845.HK,D,20220629,000000,172.9,172.9,162.8,163.2,566223,0
2845.HK,D,20220630,000000,160.2,166,160.2,164.3,929825,0
2845.HK,D,20220704,000000,161.55,168.1,161.25,167.9,231937,0
2845.HK,D,20220705,000000,170,170.95,164.5,167.3,235723,0
2845.HK,D,20220706,000000,167.3,168.8,164.2,167.2,221036,0
2845.HK,D,20220707,000000,167,172.65,166.15,172.5,386480,0
2845.HK,D,20220708,000000,172.65,174.5,166.7,166.95,293841,0
2845.HK,D,20220711,000000,166.25,166.25,157.25,158.7,382004,0
2845.HK,D,20220712,000000,158,159.4,151.5,153.4,422194,0
2845.HK,D,20220713,000000,154.5,159.1,150.7,157.25,345655,0
2845.HK,D,20220714,000000,158.3,163.2,156,161.95,311810,0
2845.HK,D,20220715,000000,161,164.7,158.4,158.75,195830,0
2845.HK,D,20220718,000000,158.75,162.45,156.8,161.5,156211,0
2845.HK,D,20220719,000000,162.35,165.95,157.65,158.95,170052,0
2845.HK,D,20220720,000000,160.3,161.1,157.4,157.75,154815,0
2845.HK,D,20220721,000000,157.75,158.4,153.9,154,126350,0
2845.HK,D,20220722,000000,156.25,156.9,152.15,155,126695,0
2845.HK,D,20220725,000000,153,154.8,151.15,152,145650,0
2845.HK,D,20220726,000000,151.8,156,151.8,153.8,173450,0
2845.HK,D,20220727,000000,153,154.5,150.95,153.05,187310,0
2845.HK,D,20220728,000000,156.25,156.25,151.3,151.9,162600,0
2845.HK,D,20220729,000000,152.15,152.95,149.15,149.15,400300,0
2845.HK,D,20220801,000000,148.85,155.35,147.85,154.8,240350,0
2845.HK,D,20220802,000000,154,154,149.9,150.15,225569,0
2845.HK,D,20220803,000000,154.7,154.9,146.45,146.45,288023,0
2845.HK,D,20220804,000000,149.95,150.1,146.2,148.25,264700,0
2845.HK,D,20220805,000000,150.95,151.4,147.4,149.5,176280,0
2845.HK,D,20220808,000000,149.5,149.7,147.85,149.5,77960,0
2845.HK,D,20220809,000000,150.7,152.7,148.75,151.25,178740,0
2845.HK,D,20220810,000000,152.9,152.9,147.15,148.15,265332,0
2845.HK,D,20220811,000000,149.1,152,146.6,151.3,419939,0
2845.HK,D,20220812,000000,154,154,149.5,149.8,292300,0
2845.HK,D,20220815,000000,149,154.8,149,152.05,103950,0
2845.HK,D,20220816,000000,154,154,151.5,151.65,165449,0
2845.HK,D,20220817,000000,152.35,154.35,149.2,153.85,338500,0
2845.HK,D,20220818,000000,153.5,156.4,152.9,153.05,381928,0
2845.HK,D,20220819,000000,153.05,153.05,148,148,325835,0
2845.HK,D,20220822,000000,149,153.35,145.45,152.75,424833,0
2845.HK,D,20220823,000000,152.75,155.1,152.25,153.9,255300,0
2845.HK,D,20220824,000000,153.95,155.9,146.4,146.5,644305,0
2845.HK,D,20220825,000000,146,146.5,141.95,144.1,550467,0
2845.HK,D,20220826,000000,144.1,145.4,142.25,143.05,626486,0
2845.HK,D,20220829,000000,142,142,139,139.9,473000,0
2845.HK,D,20220830,000000,141.8,145.95,138.2,139,145900,0
2845.HK,D,20220831,000000,137,138.5,133.3,133.7,682481,0
2845.HK,D,20220901,000000,132.15,135.15,131.35,131.5,374050,0
2845.HK,D,20220902,000000,131.25,132.8,129.85,130.95,264250,0
2845.HK,D,20220905,000000,129.95,130.7,128.5,129.05,350491,0
2845.HK,D,20220906,000000,129.1,131.05,127.25,130.1,276445,0
2845.HK,D,20220907,000000,130.9,133.9,129.4,133,212957,0
2845.HK,D,20220908,000000,133,133,129.35,129.6,133009,0
2845.HK,D,20220909,000000,130.2,131.85,129.4,131.8,126350,0
2845.HK,D,20220913,000000,136.8,136.8,131.3,132.5,224912,0
2845.HK,D,20220914,000000,131.5,131.5,127.65,128.55,142894,0
2845.HK,D,20220915,000000,129.6,129.6,122.8,123.65,379854,0
2845.HK,D,20220916,000000,123.6,123.6,119.4,119.7,271505,0
2845.HK,D,20220919,000000,118.05,123.9,118.05,121.7,282440,0
2845.HK,D,20220920,000000,123.95,127.05,123.4,125,356700,0
2845.HK,D,20220921,000000,124,124.95,122.9,124,214940,0
2845.HK,D,20220922,000000,122.4,124.2,121.4,123.25,287751,0
2845.HK,D,20220923,000000,123,123.85,119.65,121.35,233390,0
2845.HK,D,20220926,000000,120,123.8,119.95,121.85,301897,0
2845.HK,D,20220927,000000,124,124,119.05,122,199782,0
2845.HK,D,20220928,000000,121,121,114.8,114.9,278879,0
2845.HK,D,20220929,000000,120.35,120.35,116.45,117,316650,0
2845.HK,D,20220930,000000,117,117.9,114.8,115.3,253731,0
2845.HK,D,20221003,000000,115.3,115.3,112.15,113.2,154000,0
2845.HK,D,20221005,000000,119.35,122.6,119.1,121.45,387663,0
2845.HK,D,20221006,000000,121.45,121.55,120.05,120.15,160083,0
2845.HK,D,20221007,000000,120,120,117.65,117.8,160453,0
2845.HK,D,20221010,000000,116.8,116.8,111.8,112,179940,0
2845.HK,D,20221011,000000,112.9,115.85,112.9,114.45,253796,0
2845.HK,D,20221012,000000,117.45,120.2,113.6,119.15,324669,0
2845.HK,D,20221013,000000,120,120.35,117.95,118.1,219478,0
2845.HK,D,20221014,000000,118,121.85,117.75,120.05,104872,0
2845.HK,D,20221017,000000,119.5,120.4,117.85,120.1,184958,0
2845.HK,D,20221018,000000,120.8,122.75,120.15,121,363516,0
2845.HK,D,20221019,000000,120.8,123.7,120,120.05,193600,0
2845.HK,D,20221020,000000,120.1,120.1,115,119.5,247671,0
2845.HK,D,20221021,000000,117.2,117.8,115.45,116.1,220318,0
2845.HK,D,20221024,000000,115,118.4,113.3,113.8,256112,0
2845.HK,D,20221025,000000,110,116.35,110,115.3,272490,0
2845.HK,D,20221026,000000,118.45,118.45,114.45,117,186165,0
2845.HK,D,20221027,000000,117,120.3,114.7,114.95,133400,0
2845.HK,D,20221028,000000,116.7,116.7,108.15,108.15,325256,0
2845.HK,D,20221031,000000,108,111.45,106.2,108.5,266311,0
2845.HK,D,20221101,000000,111.9,114.95,108,114.25,381311,0
2845.HK,D,20221102,000000,115,118,114.25,117.7,155900,0
2845.HK,D,20221103,000000,116,117.45,115.5,116.2,235181,0
2845.HK,D,20221104,000000,116.6,124.5,116.6,122.15,260050,0
2845.HK,D,20221107,000000,122.2,126.05,122.15,124.3,330873,0
2845.HK,D,20221108,000000,125.8,127,123.05,124.35,233033,0
2845.HK,D,20221109,000000,124.45,125,122.3,122.7,237350,0
2845.HK,D,20221110,000000,121.95,121.95,118,118.4,331774,0
2845.HK,D,20221111,000000,123,126,122.05,124.1,174457,0
2845.HK,D,20221114,000000,124.8,127.2,120.7,120.7,195100,0
2845.HK,D,20221115,000000,121.7,124.3,119.6,123.8,422350,0
2845.HK,D,20221116,000000,123.5,123.5,119.6,120.25,365736,0
2845.HK,D,20221117,000000,119.3,119.3,115.05,116.7,239450,0
2845.HK,D,20221118,000000,116.75,117.65,114.65,116,345918,0
2845.HK,D,20221121,000000,115,116.5,113.9,116.1,81690,0
2845.HK,D,20221122,000000,116.3,116.3,113.2,114.15,149200,0
2845.HK,D,20221123,000000,116,116,112.95,114.75,153976,0
2845.HK,D,20221124,000000,118,118,114.3,114.75,262129,0
2845.HK,D,20221125,000000,114.4,114.4,111.15,111.9,249610,0
2845.HK,D,20221128,000000,111.8,111.8,107,110.5,371707,0
2845.HK,D,20221129,000000,110.85,113.1,109.75,112.3,484815,0
2845.HK,D,20221130,000000,112.8,115.95,112.3,115.4,288000,0
2845.HK,D,20221201,000000,116.35,119.65,116.35,116.5,201957,0
2845.HK,D,20221202,000000,119.55,119.55,117.2,118,316600,0
2845.HK,D,20221205,000000,120,120,117.85,118.15,346877,0
2845.HK,D,20221206,000000,118.65,121.3,117.05,119.5,305850,0
2845.HK,D,20221207,000000,120,124.7,120,122.2,303813,0
2845.HK,D,20221208,000000,123.35,124.7,122.35,123.85,209144,0
2845.HK,D,20221209,000000,123.9,124.2,122.2,122.6,314623,0
2845.HK,D,20221212,000000,122.6,122.6,120,120,106750,0
2845.HK,D,20221213,000000,120.65,121.05,118.2,118.4,112490,0
2845.HK,D,20221214,000000,120.7,120.7,117.7,118.25,265041,0
2845.HK,D,20221215,000000,120,121.4,117.25,120.85,250350,0
2845.HK,D,20221216,000000,120.85,120.85,117.75,118.5,143925,0
2845.HK,D,20221219,000000,118.2,122.6,118.2,119.4,134256,0
2845.HK,D,20221220,000000,121.9,121.9,115.6,116.3,137310,0
2845.HK,D,20221221,000000,118,118,115.2,116.25,131696,0
2845.HK,D,20221222,000000,119.6,119.6,113.6,113.9,401084,0
2845.HK,D,20221223,000000,113,113.55,111.5,112.15,108434,0
2845.HK,D,20221228,000000,112.4,114.2,112.4,113,201037,0
2845.HK,D,20221229,000000,112.8,115,112.8,114,53605,0
2845.HK,D,20221230,000000,115,115.6,112.3,112.9,77409,0
2845.HK,D,20230103,000000,112.9,116.3,111.1,114.55,218854,0
2845.HK,D,20230104,000000,116.45,116.45,111.3,111.5,237150,0
2845.HK,D,20230105,000000,112.5,115.8,112.25,114.8,201540,0
2845.HK,D,20230106,000000,115,118.95,114.8,117.1,272837,0
2845.HK,D,20230109,000000,117.1,120.85,117.1,119.9,198204,0
2845.HK,D,20230110,000000,120,122.3,117.95,121.3,448422,0
2845.HK,D,20230111,000000,122.4,122.4,118.7,119.1,326045,0
2845.HK,D,20230112,000000,119.1,123.3,119.1,121.45,373445,0
2845.HK,D,20230113,000000,123.8,123.8,120.1,122.2,114416,0
2845.HK,D,20230116,000000,123,124.4,121.85,123.6,192945,0
2845.HK,D,20230117,000000,124.8,124.8,121.1,121.7,345862,0
2845.HK,D,20230118,000000,122,123.3,121.4,122.25,127169,0
2845.HK,D,20230119,000000,124,124,121.3,122.3,343515,0
2845.HK,D,20230120,000000,123.5,124.8,122.15,124.75,182850,0
2845.HK,D,20230126,000000,125,129.4,125,129.3,254522,0
2845.HK,D,20230127,000000,131,131,128.9,130.9,157617,0
2845.HK,D,20230130,000000,131.5,133.4,128.2,128.2,299219,0
2845.HK,D,20230131,000000,128.05,129.6,128,128.4,308356,0
2845.HK,D,20230201,000000,128.2,131.25,128.2,130.75,86349,0
2845.HK,D,20230202,000000,133.8,133.8,130.15,130.4,207273,0
2845.HK,D,20230203,000000,130.5,130.5,126.65,127.6,205200,0
2845.HK,D,20230206,000000,126.5,126.5,124.4,124.8,75600,0
2845.HK,D,20230207,000000,125,126.15,124.4,124.9,80010,0
2845.HK,D,20230208,000000,125.4,126.85,124.9,125.5,39030,0
2845.HK,D,20230209,000000,125.5,126.45,124.5,126.45,159615,0
2845.HK,D,20230210,000000,126,126,123,123.5,128827,0
2845.HK,D,20230213,000000,123.5,124,122.2,123.85,52014,0
2845.HK,D,20230214,000000,124.35,124.35,122.4,122.4,107400,0
2845.HK,D,20230215,000000,124.8,124.8,121.2,121.25,74299,0
2845.HK,D,20230216,000000,122,122,118.45,118.5,270298,0
2845.HK,D,20230217,000000,120.6,120.6,115.7,115.75,136533,0
2845.HK,D,20230220,000000,115.75,116.1,113.6,115.45,125150,0
2845.HK,D,20230221,000000,118,118,115,115,67142,0
2845.HK,D,20230222,000000,118,118,114.4,114.95,154650,0
2845.HK,D,20230223,000000,115.6,116.3,114.9,115.5,76744,0
2845.HK,D,20230224,000000,115.25,115.25,113,113,86700,0
2845.HK,D,20230227,000000,112.95,113.1,111.5,112.05,40300,0
2845.HK,D,20230228,000000,112.05,113,111.55,112.35,57600,0
2845.HK,D,20230301,000000,112.35,114.9,112.25,114.65,169550,0
2845.HK,D,20230302,000000,115,115,112.7,113.1,120400,0
2845.HK,D,20230303,000000,113.25,113.25,112.3,112.6,89214,0
2845.HK,D,20230306,000000,112.6,113.05,110.3,112.8,417719,0
2845.HK,D,20230307,000000,116,116,110.6,110.85,116855,0
2845.HK,D,20230308,000000,110.8,110.8,109,109.4,130230,0
2845.HK,D,20230309,000000,113.3,113.3,109.1,109.3,147783,0
2845.HK,D,20230310,000000,109,109.05,107.65,108.3,305850,0
2845.HK,D,20230313,000000,108,108.95,107.3,107.8,83391,0
2845.HK,D,20230314,000000,111,111,105.5,107,199413,0
2845.HK,D,20230315,000000,114.3,114.3,106.7,106.7,146200,0
2845.HK,D,20230316,000000,106,106.25,103.85,104.2,189173,0
2845.HK,D,20230317,000000,106.25,106.25,103.7,104.5,164583,0
2845.HK,D,20230320,000000,104.5,105.4,102.6,104,149981,0
2845.HK,D,20230321,000000,105.7,107.3,104.4,107.15,114659,0
2845.HK,D,20230322,000000,109.5,109.5,107.2,107.5,58324,0
2845.HK,D,20230323,000000,110.25,110.25,107.5,108.5,100849,0
2845.HK,D,20230324,000000,108,108.85,107.35,108.1,239993,0
2845.HK,D,20230327,000000,108.1,108.45,106.85,107.6,36452,0
2845.HK,D,20230328,000000,107.6,108.05,107,107.4,56829,0
2845.HK,D,20230329,000000,106.85,109,106.85,107.95,172300,0
2845.HK,D,20230330,000000,108.95,108.95,107.05,108.95,80864,0
2845.HK,D,20230331,000000,109,110.95,109,109.2,82050,0
2845.HK,D,20230403,000000,109.2,110.1,107.8,109.4,62468,0
2845.HK,D,20230404,000000,109,109,105.8,106.55,193755,0
2845.HK,D,20230406,000000,108,108,104.8,106.45,171654,0
2845.HK,D,20230411,000000,106.5,109.65,106.5,108.8,117861,0
2845.HK,D,20230412,000000,109.6,109.6,107,107.1,56654,0
2845.HK,D,20230413,000000,108,108,106,106.65,170137,0
2845.HK,D,20230414,000000,106.4,110.55,106.4,109,323345,0
2845.HK,D,20230417,000000,109.1,110.8,109,110.1,139379,0
2845.HK,D,20230418,000000,111.45,112,109.7,109.8,132191,0
2845.HK,D,20230419,000000,111,111,108.5,108.8,162898,0
2845.HK,D,20230420,000000,110.75,110.75,105.5,105.5,234086,0
2845.HK,D,20230421,000000,105.5,107.35,104,104.05,175560,0
2845.HK,D,20230424,000000,103.95,104.6,102.4,103.05,127200,0
2845.HK,D,20230425,000000,103.05,103.05,97.7,98,370247,0
2845.HK,D,20230426,000000,98,103.65,97.2,102.5,233170,0
2845.HK,D,20230427,000000,102.55,104,102,104,305500,0
2845.HK,D,20230428,000000,104,104.7,102.45,103,99992,0
2845.HK,D,20230502,000000,103,103.3,102,102.35,103040,0
2845.HK,D,20230503,000000,101.25,101.9,101.2,101.5,214067,0
2845.HK,D,20230504,000000,103.1,104.6,102.3,102.7,141600,0
2845.HK,D,20230505,000000,102.2,102.3,100.2,101.8,84250,0
2845.HK,D,20230508,000000,103.5,103.5,100.7,101.6,158024,0
2845.HK,D,20230509,000000,102.6,102.6,99.32,99.62,205544,0
2845.HK,D,20230510,000000,99.42,103,99,102,108429,0
2845.HK,D,20230511,000000,103.9,104.8,102,104,219557,0
2845.HK,D,20230512,000000,104,105,102.25,102.55,84400,0
2845.HK,D,20230515,000000,103,106.4,103,106.3,123561,0
2845.HK,D,20230516,000000,105.3,107.7,105.3,106.1,152384,0
2845.HK,D,20230517,000000,106.1,106.5,104.1,104.2,190200,0
2845.HK,D,20230518,000000,105,105,102.2,102.6,80241,0
2845.HK,D,20230519,000000,101.75,102.7,101.6,102.3,60827,0
2845.HK,D,20230522,000000,102.4,103.85,102.2,102.8,88178,0
2845.HK,D,20230523,000000,104.95,104.95,101.95,101.95,59844,0
2845.HK,D,20230524,000000,101,102.65,101,101,117956,0
2845.HK,D,20230525,000000,103.5,103.5,99.94,100.4,155379,0
2845.HK,D,20230529,000000,100,100,96.56,96.66,126100,0
2845.HK,D,20230530,000000,97.58,98.24,96,97.42,321061,0
2845.HK,D,20230531,000000,98.5,98.5,95.62,96.2,120449,0
2845.HK,D,20230601,000000,97.9,98,95.8,96.58,93272,0
2845.HK,D,20230602,000000,100,100,97,99.66,163814,0
2845.HK,D,20230605,000000,100,100,97.36,98,98988,0
2845.HK,D,20230606,000000,98,98,96.82,96.9,171100,0
2845.HK,D,20230607,000000,97.06,97.42,94.58,94.8,275270,0
2845.HK,D,20230608,000000,95.6,95.76,94.12,94.12,154139,0
2845.HK,D,20230609,000000,94.12,96.08,94.12,94.5,131789,0
2845.HK,D,20230612,000000,94.54,95.92,94,94.98,160452,0
2845.HK,D,20230613,000000,96.5,96.5,94.2,94.52,76901,0
2845.HK,D,20230614,000000,94.44,95.16,94,94.02,235980,0
2845.HK,D,20230615,000000,96,99.46,94.04,99.4,175420,0
2845.HK,D,20230616,000000,99.9,100.75,98.96,99.5,406985,0
2845.HK,D,20230619,000000,99.4,100.05,98.06,98.12,123550,0
2845.HK,D,20230620,000000,98.84,99.2,97.76,98.04,109191,0
2845.HK,D,20230621,000000,99.44,99.44,96.22,96.38,139613,0
2845.HK,D,20230623,000000,96.02,96.38,94.54,94.86,244037,0
2845.HK,D,20230626,000000,95,97.1,95,95.44,101400,0
2845.HK,D,20230627,000000,96.14,96.14,94.46,95.6,90948,0
2845.HK,D,20230628,000000,95.9,95.9,94.7,95.58,49491,0
2845.HK,D,20230629,000000,95.6,96.08,94.78,95.02,100598,0
2845.HK,D,20230630,000000,94.86,97.8,94.64,97.12,194201,0
2845.HK,D,20230703,000000,97.54,99.28,97.54,97.88,177443,0
2845.HK,D,20230704,000000,98,99.24,97.78,99.2,64518,0
2845.HK,D,20230705,000000,99.22,100.5,98.44,98.44,224259,0
2845.HK,D,20230706,000000,97.66,97.88,96.64,96.76,68350,0
2845.HK,D,20230707,000000,96.7,96.9,95.74,95.84,61038,0
2845.HK,D,20230710,000000,96.9,98.78,96.9,97.96,79490,0
2845.HK,D,20230711,000000,98.54,99.32,97.2,99.12,255007,0
2845.HK,D,20230712,000000,99.3,99.86,98.68,98.72,223700,0
2845.HK,D,20230713,000000,98.7,100.5,98.7,99.78,162301,0
2845.HK,D,20230714,000000,99.78,99.78,98.56,98.9,124063,0
2845.HK,D,20230718,000000,98.9,98.9,96,97,87729,0
2845.HK,D,20230719,000000,97,97,95.1,95.24,77680,0
2845.HK,D,20230720,000000,95.24,97.1,95.24,95.58,108663,0
2845.HK,D,20230721,000000,95.58,96.06,94.7,94.84,114043,0
2845.HK,D,20230724,000000,94.84,94.84,92.68,92.84,136923,0
2845.HK,D,20230725,000000,93.24,96.62,93.24,96.62,112049,0
2845.HK,D,20230726,000000,96.34,96.34,95.48,95.72,119630,0
2845.HK,D,20230727,000000,96.7,97.12,95.68,95.9,59406,0
2845.HK,D,20230728,000000,95.8,96.74,94.52,96.64,236300,0
2845.HK,D,20230731,000000,96.88,99.54,96.88,98.2,210650,0
2845.HK,D,20230801,000000,98.3,98.46,97.02,97.28,40300,0
2845.HK,D,20230802,000000,96.78,97.94,96.6,96.8,214119,0
2845.HK,D,20230803,000000,98.5,98.5,96.5,97.26,73431,0
2845.HK,D,20230804,000000,98.8,99.1,97.74,98.6,30000,0
2845.HK,D,20230807,000000,98.6,98.6,97.68,97.94,117905,0
2845.HK,D,20230808,000000,99.16,99.16,96.76,97,97061,0
2845.HK,D,20230809,000000,99.14,99.14,96.4,97.12,11230,0
2845.HK,D,20230810,000000,98.78,98.78,96.5,97.2,107257,0
2845.HK,D,20230811,000000,96,96.72,94.48,94.56,44144,0
2845.HK,D,20230814,000000,94,94,91.26,92.5,146145,0
2845.HK,D,20230815,000000,94.98,94.98,90.7,90.92,90450,0
2845.HK,D,20230816,000000,90.28,91.6,90.28,90.3,128474,0
2845.HK,D,20230817,000000,92.02,92.02,89,90.26,113179,0
2845.HK,D,20230818,000000,90.48,91.3,89.4,89.42,123130,0
2845.HK,D,20230821,000000,87.54,89.28,87.54,87.72,193664,0
2845.HK,D,20230822,000000,87.72,89.08,86.14,87.42,239973,0
2845.HK,D,20230823,000000,87.42,87.48,85.54,85.68,94352,0
2845.HK,D,20230824,000000,85.68,87.46,85.68,86.76,49732,0
2845.HK,D,20230825,000000,86.5,86.5,85.2,85.5,33950,0
2845.HK,D,20230828,000000,87.02,90.16,85.42,85.48,107356,0
2845.HK,D,20230829,000000,85.48,89,85.48,88.22,66861,0
2845.HK,D,20230830,000000,88.3,89.7,88.2,88.3,136685,0
2845.HK,D,20230831,000000,88.3,88.5,87.52,87.98,85016,0
2845.HK,D,20230904,000000,87.98,89.34,87.34,88.92,64024,0
2845.HK,D,20230905,000000,88.92,88.92,88,88,52585,0
2845.HK,D,20230906,000000,87.98,88,87.2,87.9,43122,0
2845.HK,D,20230907,000000,87.42,87.42,85.5,85.5,93356,0
2845.HK,D,20230911,000000,85.5,85.84,83.34,85.6,102213,0
2845.HK,D,20230912,000000,85.24,86.7,85.22,85.84,35802,0
2845.HK,D,20230913,000000,85.84,85.86,84.2,84.22,130440,0
2845.HK,D,20230914,000000,84.64,84.68,83.44,83.6,37152,0
2845.HK,D,20230915,000000,83.6,83.8,82.72,82.86,68900,0
2845.HK,D,20230918,000000,82.56,85,82.56,83.68,55022,0
2845.HK,D,20230919,000000,87.72,87.72,82.58,82.94,46906,0
2845.HK,D,20230920,000000,82.42,82.64,81.52,81.62,61900,0
2845.HK,D,20230921,000000,81.62,81.76,80.86,81.02,180178,0
2845.HK,D,20230922,000000,81,82.78,80.68,82.78,47947,0
2845.HK,D,20230925,000000,82.78,83,81.72,81.9,58706,0
2845.HK,D,20230926,000000,81.44,81.56,80,80,174251,0
2845.HK,D,20230927,000000,80.48,82.7,80.48,81.32,155659,0
2845.HK,D,20230928,000000,82.5,82.5,80.82,81.2,145600,0
2845.HK,D,20230929,000000,82,83.18,82,82.92,174910,0
2845.HK,D,20231003,000000,81.14,81.14,80.28,80.52,64350,0
2845.HK,D,20231004,000000,80.42,80.7,79.48,79.88,81272,0
2845.HK,D,20231005,000000,79.88,80.32,79.5,79.92,108050,0
2845.HK,D,20231006,000000,80,80.98,80,80.7,16450,0
2845.HK,D,20231009,000000,80.94,81.38,80.74,80.9,57596,0
2845.HK,D,20231010,000000,81,82.18,80.4,80.4,317000,0
2845.HK,D,20231011,000000,80.96,81.5,80.26,80.36,68705,0
2845.HK,D,20231012,000000,81,82.88,81,82.54,64490,0
2845.HK,D,20231013,000000,81.6,81.68,80.44,80.54,25780,0
2845.HK,D,20231016,000000,80.54,81.22,78.82,78.86,187464,0
2845.HK,D,20231017,000000,79.28,80.2,79.12,79.38,63903,0
2845.HK,D,20231018,000000,79.5,79.58,78.8,78.98,51125,0
2845.HK,D,20231019,000000,78.98,78.98,77,77.18,165250,0
2845.HK,D,20231020,000000,76.4,78.38,76.4,77.58,45805,0
2845.HK,D,20231024,000000,77.6,77.6,75.8,76.3,125824,0
2845.HK,D,20231025,000000,76.3,77.6,75.84,76,18450,0
2845.HK,D,20231026,000000,75.8,76.4,74.4,76.32,249945,0
2845.HK,D,20231027,000000,75.98,79.4,75.8,79.14,41608,0
2845.HK,D,20231030,000000,79.46,80.16,78.8,80.08,57611,0
2845.HK,D,20231031,000000,78.64,78.86,78.2,78.64,130537,0
2845.HK,D,20231101,000000,78.14,78.64,77.54,78.24,15750,0
2845.HK,D,20231102,000000,78.32,78.32,76.96,77,15700,0
2845.HK,D,20231103,000000,77.36,78.64,77.36,78.24,24812,0
2845.HK,D,20231106,000000,78.96,81.64,78.96,81.52,53666,0
2845.HK,D,20231107,000000,81.26,81.26,80.44,80.72,106275,0
2845.HK,D,20231108,000000,80.72,81.14,80,80.58,68406,0
2845.HK,D,20231109,000000,80.48,81.1,80.48,80.48,23550,0
2845.HK,D,20231110,000000,79.98,79.98,79.3,79.3,38509,0
2845.HK,D,20231113,000000,79.7,79.8,79.12,79.54,134494,0
2845.HK,D,20231114,000000,79.54,79.8,78.6,79.1,135588,0
2845.HK,D,20231115,000000,79.5,81.18,79.5,80.82,249692,0
2845.HK,D,20231116,000000,80.82,80.86,79.1,79.1,89219,0
2845.HK,D,20231117,000000,79.1,79.56,79.06,79.54,155126,0
2845.HK,D,20231120,000000,79.36,80.2,78.98,80,144017,0
2845.HK,D,20231121,000000,80.94,81,79.72,79.72,57086,0
2845.HK,D,20231122,000000,79.6,79.6,78.02,78.08,18950,0
2845.HK,D,20231123,000000,77.86,79.22,77.54,79.22,36891,0
2845.HK,D,20231124,000000,79.22,79.22,77.16,77.16,32544,0
2845.HK,D,20231127,000000,77.2,77.2,75.76,76.28,44811,0
2845.HK,D,20231128,000000,78.56,78.56,75.94,77.26,93550,0
2845.HK,D,20231129,000000,76.86,76.86,75.9,75.98,62200,0
2845.HK,D,20231130,000000,76,76.34,75.36,75.62,162023,0
2845.HK,D,20231201,000000,75,75.46,74.24,74.7,189153,0
2845.HK,D,20231204,000000,74.54,75.08,74.36,74.36,74411,0
2845.HK,D,20231205,000000,74,75,72.6,72.6,152423,0
2845.HK,D,20231206,000000,73.38,76.04,73.38,75.1,229336,0
2845.HK,D,20231207,000000,75.1,75.14,73.82,74.68,83978,0
2845.HK,D,20231208,000000,74.7,74.7,74.16,74.24,74148,0
2845.HK,D,20231211,000000,73.18,74.72,72.72,74.5,40233,0
2845.HK,D,20231212,000000,74.38,74.92,73.82,74.92,200033,0
2845.HK,D,20231213,000000,73.8,73.8,72.38,72.6,87793,0
2845.HK,D,20231214,000000,73.38,73.9,72.3,72.38,64726,0
2845.HK,D,20231215,000000,72.6,73.74,72.46,72.68,167744,0
2845.HK,D,20231218,000000,72.5,72.68,70.52,70.7,120079,0
2845.HK,D,20231219,000000,70.8,71.02,70.28,70.7,127360,0
2845.HK,D,20231220,000000,70.6,70.9,69.76,69.84,118032,0
2845.HK,D,20231221,000000,69.9,71.7,69.58,71.22,246972,0
2845.HK,D,20231222,000000,71,73,70.26,72.28,87550,0
2845.HK,D,20231227,000000,72.28,72.52,71.58,72.04,186147,0
2845.HK,D,20231228,000000,72.06,76.32,72,76,109569,0
2845.HK,D,20231229,000000,76.1,76.86,76,76.22,127218,0
2845.HK,D,20240102,000000,76.22,76.22,73.9,73.92,38350,0
2845.HK,D,20240103,000000,73.72,73.88,72.96,73.38,30876,0
2845.HK,D,20240104,000000,73.4,73.4,71.7,72,82974,0
2845.HK,D,20240105,000000,71.64,73.4,71,71.32,23700,0
2845.HK,D,20240108,000000,72,72,69.94,70,54441,0
2845.HK,D,20240109,000000,70,71.6,69.58,70.46,81100,0
2845.HK,D,20240110,000000,70.4,71.92,69.58,70.7,83157,0
2845.HK,D,20240111,000000,70.7,73.86,70.5,73.1,41644,0
2845.HK,D,20240112,000000,72.98,73.66,72.58,72.58,13443,0
2845.HK,D,20240115,000000,73,73,71.2,71.4,10222,0
2845.HK,D,20240116,000000,70.96,72.32,70.8,71.74,66018,0
2845.HK,D,20240117,000000,71.74,71.74,69.2,69.3,82900,0
2845.HK,D,20240118,000000,69,70.12,68.5,69.86,17740,0
2845.HK,D,20240119,000000,70.52,71.3,69.82,70.02,182003,0
2845.HK,D,20240122,000000,70,70,67.18,67.4,241179,0
2845.HK,D,20240123,000000,67.4,69.22,67.06,68.42,173317,0
2845.HK,D,20240124,000000,68.5,68.92,66.1,68.8,123188,0
2845.HK,D,20240125,000000,67.88,68.9,66.9,68.78,273630,0
2845.HK,D,20240126,000000,68.24,68.24,66.9,66.98,111531,0
2845.HK,D,20240129,000000,67,67,64.62,64.86,83150,0
2845.HK,D,20240130,000000,64.76,64.92,62.5,62.74,90165,0
2845.HK,D,20240131,000000,62.74,64.4,62.62,62.68,125444,0
2845.HK,D,20240201,000000,62.48,63.5,62.14,62.46,67500,0
2845.HK,D,20240202,000000,62.52,62.52,59.28,60.98,207915,0
2845.HK,D,20240205,000000,60.28,61.7,58.06,60.32,255334,0
2845.HK,D,20240206,000000,62.4,64,60.26,64,102907,0
2845.HK,D,20240207,000000,64,66.34,64,65.92,103764,0
2845.HK,D,20240208,000000,66.28,68.4,66.28,66.86,151290,0
2845.HK,D,20240209,000000,66.6,66.6,65.8,66.46,2550,0
2845.HK,D,20240214,000000,66.3,67,66.04,66.84,32484,0
2845.HK,D,20240215,000000,66.84,67.32,66.2,67.28,531544,0
2845.HK,D,20240216,000000,67.28,68.44,67.28,68.44,7046,0
2845.HK,D,20240219,000000,67.62,67.62,66,66.3,279773,0
2845.HK,D,20240220,000000,66.3,66.3,65.14,65.96,54006,0
2845.HK,D,20240221,000000,66,68.2,65.32,67.18,52923,0
2845.HK,D,20240222,000000,67,67.48,66.88,67.34,42645,0
2845.HK,D,20240223,000000,67.3,67.9,67.08,67.8,54834,0
2845.HK,D,20240226,000000,67.8,68.88,67.8,68,32598,0
2845.HK,D,20240227,000000,68,69.6,67.84,69.42,26000,0
2845.HK,D,20240228,000000,69.7,71.12,67.94,67.96,78877,0
2845.HK,D,20240229,000000,68,70.52,67.68,70.3,90687,0
2845.HK,D,20240301,000000,70.3,71.3,70.26,71.02,95250,0
2845.HK,D,20240304,000000,71.04,71.2,70.2,70.64,71400,0
2845.HK,D,20240305,000000,69.7,70.42,69.38,70.04,273008,0
2845.HK,D,20240306,000000,69.7,71.2,69.62,70.58,58786,0
2845.HK,D,20240307,000000,70.6,70.9,69.1,69.1,80495,0
2845.HK,D,20240308,000000,69.12,69.58,68.52,69.26,62207,0
2845.HK,D,20240311,000000,70,74.66,70,74.48,54087,0
2845.HK,D,20240312,000000,74.8,75.76,74.76,75.42,242337,0
2845.HK,D,20240313,000000,75.4,75.88,73.8,73.8,36784,0
2845.HK,D,20240314,000000,75,75.94,74.04,74.5,73666,0
2845.HK,D,20240315,000000,74.5,74.64,72.98,74.6,86485,0
2845.HK,D,20240318,000000,75,76.7,75,76.7,44840,0
2845.HK,D,20240319,000000,76.7,76.7,75.7,75.8,41601,0
2845.HK,D,20240320,000000,75.8,76.14,75.5,75.76,35161,0
2845.HK,D,20240321,000000,75.8,75.86,74.92,75.12,21640,0
2845.HK,D,20240322,000000,74.14,74.14,72.58,72.76,118650,0
2845.HK,D,20240325,000000,72.34,73.1,71.7,71.7,17591,0
2845.HK,D,20240326,000000,71.7,74.18,71.7,73.62,55449,0
2845.HK,D,20240327,000000,73.62,73.62,71.3,71.4,52501,0
2845.HK,D,20240328,000000,71.4,72.86,71.4,72.02,28928,0
2845.HK,D,20240402,000000,72.02,75.58,72.02,75.52,186094,0
2845.HK,D,20240403,000000,75.6,75.62,74.62,74.7,56153,0
2845.HK,D,20240405,000000,75,75,74.12,74.82,119750,0
2845.HK,D,20240408,000000,74.82,75.4,73.84,73.86,36642,0
2845.HK,D,20240409,000000,73.98,75.72,73.98,75.58,51422,0
2845.HK,D,20240410,000000,75.5,75.5,74.28,74.52,61050,0
2845.HK,D,20240411,000000,74.28,74.82,73.34,74.32,45393,0
2845.HK,D,20240412,000000,74.1,74.1,72.48,72.48,28169,0
2845.HK,D,20240415,000000,72.48,74.32,72.48,73.64,108769,0
2845.HK,D,20240416,000000,73.68,73.68,71.4,71.52,340180,0
2845.HK,D,20240417,000000,71.5,73.2,71.5,73.2,105740,0
2845.HK,D,20240418,000000,72.82,74.04,72,73.36,34635,0
2845.HK,D,20240419,000000,73.36,73.36,71.14,71.56,55617,0
2845.HK,D,20240422,000000,72.1,72.1,70.72,70.72,377058,0
2845.HK,D,20240423,000000,71,71.04,69.82,70.06,89613,0
2845.HK,D,20240424,000000,70.06,70.06,69.08,69.56,39237,0
2845.HK,D,20240425,000000,69.4,70.36,68.9,69.88,82650,0
2845.HK,D,20240426,000000,70.8,72.16,70.76,71.56,61451,0
2845.HK,D,20240429,000000,71.56,75.5,71.56,74.5,231382,0
2845.HK,D,20240430,000000,74.48,74.7,73.86,73.94,48238,0
2845.HK,D,20240502,000000,73.9,75.34,73.74,75.34,67234,0
2845.HK,D,20240503,000000,75.4,76.12,75.3,75.94,173346,0
2845.HK,D,20240506,000000,75.94,76.5,75.72,76.18,74000,0
2845.HK,D,20240507,000000,76.18,76.5,75.64,76.16,131051,0
2845.HK,D,20240508,000000,75.72,75.72,74.56,74.76,146330,0
2845.HK,D,20240509,000000,76.18,76.94,75.98,76.54,64659,0
2845.HK,D,20240510,000000,76.6,76.6,75.12,75.38,105800,0
2845.HK,D,20240513,000000,75.38,75.38,73.54,73.56,36867,0
2845.HK,D,20240514,000000,73.72,74.46,73.42,73.54,83650,0
2845.HK,D,20240516,000000,73.54,73.54,72.3,72.32,61750,0
2845.HK,D,20240517,000000,72.32,73.74,72.1,73.68,76347,0
2845.HK,D,20240520,000000,73.76,74.3,73.1,73.3,92271,0
2845.HK,D,20240521,000000,72.82,73.04,72.24,72.34,87484,0
2845.HK,D,20240522,000000,72.58,73.24,72.3,73.16,52651,0
2845.HK,D,20240523,000000,72.98,72.98,71.64,71.76,46350,0
2845.HK,D,20240524,000000,71.76,71.76,70.28,70.28,50599,0
2845.HK,D,20240527,000000,71,71.06,69.8,70.54,41056,0
2845.HK,D,20240528,000000,65,70.6,65,69.74,86914,0
2845.HK,D,20240529,000000,71,71.4,70.6,71.1,35511,0
2845.HK,D,20240530,000000,71.14,71.84,71.1,71.32,185581,0
2845.HK,D,20240531,000000,71.68,72.36,71.24,71.28,25418,0
2845.HK,D,20240603,000000,71.36,72.24,70.94,71.74,45755,0
2845.HK,D,20240604,000000,71.94,73,71.94,72.7,11889,0
2845.HK,D,20240605,000000,72.72,73.9,72.72,72.76,26413,0
2845.HK,D,20240606,000000,72.76,73,72.06,72.06,88700,0
2845.HK,D,20240607,000000,72.06,72.06,69.54,70.36,31166,0
2845.HK,D,20240611,000000,70.36,70.36,69.5,70.3,23738,0
2845.HK,D,20240612,000000,70,70.26,69.9,70,20715,0
2845.HK,D,20240613,000000,70,71,70,70.46,81371,0
2845.HK,D,20240614,000000,70.2,70.48,69.18,70.38,74635,0
2845.HK,D,20240617,000000,69.7,71.84,69.7,71.5,85443,0
2845.HK,D,20240618,000000,71.4,71.6,71,71.56,18921,0
2845.HK,D,20240619,000000,71.46,71.46,70,70,28854,0
2845.HK,D,20240620,000000,70,70,68.44,68.46,67311,0
2845.HK,D,20240621,000000,68.46,68.46,67.32,67.82,85915,0
2845.HK,D,20240624,000000,67.5,67.8,66.92,67.42,74226,0
2845.HK,D,20240625,000000,67.42,67.66,66.66,66.92,55045,0
2845.HK,D,20240626,000000,66.78,67.94,66.22,67.88,56434,0
2845.HK,D,20240627,000000,66.94,67.06,66.58,66.6,59310,0
2845.HK,D,20240628,000000,66.5,67.16,65.84,65.86,55185,0
2845.HK,D,20240702,000000,65.3,65.44,64.64,64.66,28333,0
2845.HK,D,20240703,000000,64.66,65.62,64.38,65.1,71578,0
2845.HK,D,20240704,000000,65.5,66,64.66,64.68,58454,0
2845.HK,D,20240705,000000,64.5,64.5,63.8,64.22,39244,0
2845.HK,D,20240708,000000,64.54,64.54,63.12,63.18,19802,0
2845.HK,D,20240709,000000,63.18,64.5,62.78,64.26,41816,0
2845.HK,D,20240710,000000,64.26,65.58,64.26,64.36,17210,0
2845.HK,D,20240711,000000,65,66.54,64.42,66.04,18149,0
2845.HK,D,20240712,000000,66.04,66.68,65.74,66.38,69836,0
2845.HK,D,20240715,000000,66.3,66.3,65.34,65.4,17629,0
2845.HK,D,20240716,000000,65.4,66.34,65.4,65.94,18176,0
2845.HK,D,20240717,000000,65.94,66.34,65.56,66,11682,0
2845.HK,D,20240718,000000,65.7,66.86,65.6,66.78,60878,0
2845.HK,D,20240719,000000,66.4,67.04,66.26,66.26,38890,0
2845.HK,D,20240722,000000,66.52,67.12,65.94,66.6,50834,0
2845.HK,D,20240723,000000,66.6,66.6,64.6,64.8,80515,0
2845.HK,D,20240724,000000,64.52,64.52,63.28,63.58,41564,0
2845.HK,D,20240725,000000,63.04,64.06,63,64.06,54773,0
2845.HK,D,20240726,000000,64.5,65.2,64.5,65,27483,0
2845.HK,D,20240729,000000,63.48,63.82,63.44,63.56,58362,0
2845.HK,D,20240730,000000,63.56,63.56,63,63.3,10825,0
2845.HK,D,20240731,000000,63.28,65.68,63.28,65.6,39246,0
2845.HK,D,20240801,000000,65,65.08,64.02,64.14,90781,0
2845.HK,D,20240802,000000,63.66,63.84,63.04,63.16,87167,0
2845.HK,D,20240805,000000,62.88,64.08,62.3,62.44,165148,0
2845.HK,D,20240806,000000,64,64,62.28,62.68,74788,0
2845.HK,D,20240807,000000,62.7,63.04,62.5,62.5,42236,0
2845.HK,D,20240808,000000,62.5,62.64,61.74,62.3,41835,0
2845.HK,D,20240809,000000,62,63.26,62,62.4,9963,0
2845.HK,D,20240812,000000,62.22,62.22,61.56,61.68,147432,0
2845.HK,D,20240813,000000,61.64,61.94,61.14,61.92,40385,0
2845.HK,D,20240814,000000,61.94,62.08,61,61.42,47309,0
2845.HK,D,20240815,000000,61.36,62.32,61.24,61.86,47050,0
2845.HK,D,20240816,000000,61.88,62.3,61,61,16536,0
2845.HK,D,20240819,000000,62.5,63.24,62.36,62.36,61557,0
2845.HK,D,20240820,000000,62.68,62.76,61.98,62.04,30507,0
2845.HK,D,20240821,000000,61.64,63,61.64,62.58,28346,0
2845.HK,D,20240822,000000,62.7,62.78,62.34,62.5,25154,0
2845.HK,D,20240823,000000,62.04,62.6,62.04,62.26,43353,0
2845.HK,D,20240826,000000,62.26,63.34,62.26,62.94,18792,0
2845.HK,D,20240827,000000,62.14,62.7,62.14,62.52,16233,0
2845.HK,D,20240828,000000,61.86,62.38,61.58,62.18,79101,0
2845.HK,D,20240829,000000,61,62.6,61,62.5,72170,0
2845.HK,D,20240830,000000,62.58,65.34,62.52,64.42,32593,0
2845.HK,D,20240902,000000,64.24,64.24,62.48,62.48,82967,0
2845.HK,D,20240903,000000,63.16,63.84,63.16,63.84,38194,0
2845.HK,D,20240904,000000,63.66,64.86,63.52,63.68,29124,0
2845.HK,D,20240905,000000,64.48,65,64.28,64.54,12600,0
2845.HK,D,20240909,000000,63.72,64.04,62.9,63.24,59320,0
2845.HK,D,20240910,000000,63.32,63.74,62.82,63.38,203400,0
2845.HK,D,20240911,000000,63.8,65.4,63.8,65.12,42220,0
2845.HK,D,20240912,000000,65.2,65.7,64.68,64.68,126298,0
2845.HK,D,20240913,000000,64.3,64.42,63.54,63.6,64492,0
2845.HK,D,20240916,000000,63.52,64.64,63.5,64.64,3950,0
2845.HK,D,20240917,000000,64,64.62,63.98,64.62,29865,0
2845.HK,D,20240919,000000,64.62,65.38,64.2,65.1,56050,0
2845.HK,D,20240920,000000,65,65.3,64.58,64.92,26037,0
2845.HK,D,20240923,000000,65,65.3,64.6,64.6,10790,0
2845.HK,D,20240924,000000,65.38,68.16,64.8,68.16,136460,0
2845.HK,D,20240925,000000,68.62,70.9,68.62,69.52,152188,0
2845.HK,D,20240926,000000,69.5,73.46,69.26,73.46,336883,0
2845.HK,D,20240927,000000,73.44,78,73.44,77.9,146889,0
2845.HK,D,20240930,000000,79,89.5,77.92,89.5,499482,0
2845.HK,D,20241002,000000,89,95.28,87.48,93.42,220620,0
2845.HK,D,20241003,000000,93.48,98,90.42,97.48,128380,0
2845.HK,D,20241004,000000,97.3,97.58,93.52,97.28,171912,0
2845.HK,D,20241007,000000,97.68,104,97.68,104,88799,0
2845.HK,D,20241008,000000,107.8,110.8,89.82,93.6,124482,0
2845.HK,D,20241009,000000,90.26,91.94,83.8,84.32,401250,0
2845.HK,D,20241010,000000,87.48,88.14,84.5,85.7,340559,0
2845.HK,D,20241014,000000,85.7,85.7,80.5,81,51642,0
2845.HK,D,20241015,000000,81.16,81.64,78.5,79.08,35374,0
2845.HK,D,20241016,000000,79.42,79.42,77,77.16,30307,0
2845.HK,D,20241017,000000,77.76,78.88,75.4,75.4,69298,0
2845.HK,D,20241018,000000,76.64,83.34,76.36,82.22,190450,0
2845.HK,D,20241021,000000,82.22,83.26,81.46,81.52,146000,0
2845.HK,D,20241022,000000,81.5,82.72,81.5,82.42,33893,0
2845.HK,D,20241023,000000,82.42,84.36,81.84,83.52,51364,0
2845.HK,D,20241024,000000,84.2,84.2,81.84,82.18,69250,0
2845.HK,D,20241025,000000,82.18,85.86,82.18,84.84,82715,0
2845.HK,D,20241028,000000,83.6,84.4,83.3,84.4,44799,0
2845.HK,D,20241029,000000,84.88,85.22,83.16,83.26,43050,0
2845.HK,D,20241030,000000,83.26,83.36,81.5,82.28,133382,0
2845.HK,D,20241031,000000,82.28,82.9,81.32,81.8,93350,0
2845.HK,D,20241101,000000,81.24,81.84,80.56,80.76,255156,0
2845.HK,D,20241104,000000,82.08,83.6,82.08,83.5,83995,0
2845.HK,D,20241105,000000,82.6,85.94,82.6,85.88,27823,0
2845.HK,D,20241106,000000,85.94,87.04,83.54,84.24,105191,0
2845.HK,D,20241107,000000,84.2,86.42,83.32,86.14,90196,0
2845.HK,D,20241108,000000,86.34,88.04,85.32,85.32,35975,0
2845.HK,D,20241111,000000,85.86,88.44,84.6,87.98,185857,0
2845.HK,D,20241112,000000,86,90.72,86,87.26,68205,0
2845.HK,D,20241113,000000,87.26,87.66,85.28,87,109362,0
2845.HK,D,20241114,000000,87,87.18,84.76,84.76,264410,0
2845.HK,D,20241115,000000,84.76,84.82,82.66,82.8,50234,0
2845.HK,D,20241118,000000,82.6,83.94,80,80,119017,0
2845.HK,D,20241119,000000,82.94,84.88,81.66,84.56,128687,0
2845.HK,D,20241120,000000,84.56,85,84.26,84.7,17450,0
2845.HK,D,20241121,000000,84.76,85,84.24,84.92,15028,0
2845.HK,D,20241122,000000,84.34,84.7,81.76,81.82,8763,0
2845.HK,D,20241125,000000,82,83.84,81.88,82.46,92350,0
2845.HK,D,20241126,000000,81.8,81.96,80.48,80.48,81651,0
2845.HK,D,20241127,000000,80.4,82.8,79.6,82.32,48484,0
2845.HK,D,20241128,000000,82.08,82.12,80.6,80.74,10568,0
2845.HK,D,20241129,000000,81.16,83.26,81.12,82.26,37373,0
2845.HK,D,20241202,000000,81.88,83,81.88,82.68,35997,0
2845.HK,D,20241203,000000,82.68,82.68,81.6,82.08,35016,0
2845.HK,D,20241204,000000,81.82,82.12,81.22,81.44,43718,0
2845.HK,D,20241205,000000,81.06,81.5,80.62,81.2,14023,0
2845.HK,D,20241206,000000,81.2,83.5,80.88,82.9,44773,0
2845.HK,D,20241209,000000,84.4,87.32,82.02,87.2,173135,0
2845.HK,D,20241210,000000,87.68,87.68,83.2,83.22,75470,0
2845.HK,D,20241211,000000,83.32,83.56,82.04,82.04,35142,0
2845.HK,D,20241212,000000,82.48,83.84,82.08,82.12,61601,0
2845.HK,D,20241213,000000,83.42,83.42,81.12,81.12,30897,0
2845.HK,D,20241216,000000,81.2,81.2,80.08,80.12,18300,0
2845.HK,D,20241217,000000,80.12,81.98,80.08,80.08,81068,0
2845.HK,D,20241218,000000,81,81.34,80.94,81.18,19488,0
2845.HK,D,20241219,000000,81.32,81.32,79.96,80.94,25550,0
2845.HK,D,20241220,000000,80.9,81,80.18,80.3,30908,0
2845.HK,D,20241223,000000,80.3,80.98,79.86,79.86,31843,0
2845.HK,D,20241224,000000,79.42,81.32,79.4,81.1,32113,0
2845.HK,D,20241227,000000,81.6,81.6,80.44,81.18,38344,0
2845.HK,D,20241230,000000,81.3,81.8,81.04,81.22,16644,0
2845.HK,D,20241231,000000,81.22,81.22,80.32,80.32,9129,0
2845.HK,D,20250102,000000,80,80,76.88,76.94,87124,0
2845.HK,D,20250103,000000,77.06,77.76,76.28,76.3,100272,0
2845.HK,D,20250106,000000,76.48,76.88,75.7,76.12,87990,0
2845.HK,D,20250107,000000,76.12,76.5,75.64,76.34,11506,0
2845.HK,D,20250108,000000,75.46,76.12,74.5,75.64,32694,0
2845.HK,D,20250109,000000,75.26,76.66,74.98,76.2,69771,0
2845.HK,D,20250110,000000,76.5,77.26,76,76.04,5179,0
2845.HK,D,20250113,000000,76.2,77.06,75.68,75.88,38259,0
2845.HK,D,20250114,000000,76.06,79.5,76.06,79.12,39791,0
2845.HK,D,20250115,000000,78.6,78.8,78.04,78.12,5944,0
2845.HK,D,20250116,000000,78.12,79,77.36,78,4233,0
2845.HK,D,20250117,000000,78,78.72,77.66,78.24,23760,0
2845.HK,D,20250120,000000,80,80.88,80,80.26,32650,0
2845.HK,D,20250121,000000,80.8,82.14,80.7,81.7,30386,0
2845.HK,D,20250122,000000,81.7,81.7,80.08,80.32,28907,0
2845.HK,D,20250123,000000,80.3,81.3,79.78,80.1,62786,0
2845.HK,D,20250124,000000,80.62,82,79.88,81.56,33790,0
2845.HK,D,20250127,000000,81.5,81.72,80.4,81.2,14050,0
2845.HK,D,20250128,000000,81.2,81.2,80.32,80.44,9550,0
2845.HK,D,20250203,000000,80.44,80.44,77.84,79.04,94045,0
2845.HK,D,20250204,000000,80.16,81.5,79.1,81,107139,0
2845.HK,D,20250205,000000,81.68,81.68,80.52,81,12449,0
2845.HK,D,20250206,000000,81.48,85.32,81.48,85.32,63233,0
2845.HK,D,20250207,000000,85.34,87.64,84.76,87.24,150839,0
2845.HK,D,20250210,000000,87.24,87.24,85.38,86.7,68179,0
2845.HK,D,20250211,000000,86.7,86.7,85,85.14,29622,0
2845.HK,D,20250212,000000,85,87.14,84.34,87.08,48771,0
2845.HK,D,20250213,000000,87,87.8,85.84,86,62256,0
2845.HK,D,20250214,000000,87.08,89.6,87.08,89.6,74668,0
2845.HK,D,20250217,000000,89.6,89.6,87.86,88.34,178960,0
2845.HK,D,20250218,000000,88.62,90.3,88.5,88.94,45306,0
2845.HK,D,20250219,000000,88.94,90.64,88.48,90.4,110235,0
2845.HK,D,20250220,000000,90.4,90.8,89.46,90,42728,0
2845.HK,D,20250221,000000,90.7,93.4,90.7,93.22,77001,0
2845.HK,D,20250224,000000,93.32,93.32,91.3,91.8,75672,0
2845.HK,D,20250225,000000,91,93.42,90.14,92.1,38200,0
2845.HK,D,20250226,000000,92.64,94.44,92.18,93.68,125269,0
2845.HK,D,20250227,000000,93.54,94.64,92.88,93.66,52365,0
2845.HK,D,20250228,000000,92.8,92.82,89.24,89.86,52212,0
2845.HK,D,20250303,000000,90,92.82,90,91.06,28850,0
2845.HK,D,20250304,000000,89.98,89.98,88.3,88.88,24705,0
2845.HK,D,20250305,000000,89.9,90.22,89.06,89.98,23614,0
2845.HK,D,20250306,000000,90.58,91.56,90.58,91.22,33964,0
2845.HK,D,20250307,000000,91,91.18,90.14,90.7,25229,0
2845.HK,D,20250310,000000,90.36,90.36,89.18,89.7,10974,0
2845.HK,D,20250311,000000,89,89.7,88.44,89.7,57724,0
2845.HK,D,20250312,000000,89.88,90.56,89.2,89.34,34872,0
2845.HK,D,20250313,000000,90.1,90.1,88.2,88.68,15536,0
2845.HK,D,20250314,000000,89,92.4,88.88,92.38,99983,0
2845.HK,D,20250317,000000,92.42,92.42,90.82,91.18,65079,0
2845.HK,D,20250318,000000,92.38,92.5,91,91.78,41640,0
2845.HK,D,20250319,000000,92,92.98,90.98,92.34,55198,0
2845.HK,D,20250320,000000,92.58,92.82,91.8,92.04,45795,0
2845.HK,D,20250321,000000,92.4,92.4,88,88,45827,0
2845.HK,D,20250324,000000,88.32,89.4,87.88,89.4,28428,0
2845.HK,D,20250325,000000,89.3,90,87.6,87.8,102711,0
2845.HK,D,20250326,000000,87.8,88.5,87.8,88.12,16957,0
2845.HK,D,20250327,000000,88.02,90,87.92,89.02,24986,0
2845.HK,D,20250328,000000,89.02,89.1,87.92,88,20067,0
2845.HK,D,20250331,000000,88.1,88.1,86.34,87.76,78274,0
2845.HK,D,20250401,000000,86.3,86.5,85.68,85.68,26298,0
2845.HK,D,20250402,000000,85.68,86.34,85.54,85.62,4511,0
2845.HK,D,20250403,000000,85.14,85.14,83.88,83.9,16117,0
2845.HK,D,20250407,000000,83.5,83.5,70.62,70.7,329206,0
2845.HK,D,20250408,000000,72,75.08,72,73.6,227743,0
2845.HK,D,20250409,000000,73,74.72,71.1,74.14,88487,0
2845.HK,D,20250410,000000,74.6,77.8,74.6,76.02,49818,0
2845.HK,D,20250411,000000,76.64,79.1,76.64,78.84,17476,0
2845.HK,D,20250414,000000,79.32,80.18,79.24,79.66,30321,0
2845.HK,D,20250415,000000,79.66,80.84,78.98,79.3,19035,0
2845.HK,D,20250416,000000,78.52,78.88,76.82,77.32,98053,0
2845.HK,D,20250417,000000,77.46,78.3,77.46,78.18,61839,0
