<TICKER>,<PER>,<DATE>,<TIME>,<OPEN>,<HIGH>,<LOW>,<CLOSE>,<VOL>,<OPENINT>
3069.HK,D,20210318,000000,24.54,24.56,24.28,24.28,866700,0
3069.HK,D,20210319,000000,24.18,24.18,23.3,23.64,1048900,0
3069.HK,D,20210322,000000,24.66,24.66,23.2,23.4,587100,0
3069.HK,D,20210323,000000,24,24,22.58,22.7,218800,0
3069.HK,D,20210324,000000,22.7,22.86,22.1,22.16,1064000,0
3069.HK,D,20210325,000000,22.2,22.3,21.4,22.24,499200,0
3069.HK,D,20210326,000000,22.64,23.2,22.6,22.98,885100,0
3069.HK,D,20210329,000000,23.3,23.32,22.62,22.64,107100,0
3069.HK,D,20210330,000000,23.1,23.86,23.1,23.46,725800,0
3069.HK,D,20210331,000000,23.84,23.84,23.1,23.3,155500,0
3069.HK,D,20210401,000000,23.7,24.26,23.64,24.26,362700,0
3069.HK,D,20210407,000000,24.32,24.52,24,24.18,332000,0
3069.HK,D,20210408,000000,24,24.82,24,24.66,179600,0
3069.HK,D,20210409,000000,25,25,23.8,23.96,458900,0
3069.HK,D,20210412,000000,23.96,24.16,23.34,23.48,164800,0
3069.HK,D,20210413,000000,23.5,23.92,23.46,23.46,112300,0
3069.HK,D,20210414,000000,23.88,24.06,23.8,23.98,153000,0
3069.HK,D,20210415,000000,24.1,24.1,23.58,23.78,86100,0
3069.HK,D,20210416,000000,24.08,24.22,23.84,23.94,349100,0
3069.HK,D,20210419,000000,23.94,24.74,23.84,24.62,261800,0
3069.HK,D,20210420,000000,24.58,24.7,24.32,24.56,302800,0
3069.HK,D,20210421,000000,24.32,24.74,24.2,24.7,134000,0
3069.HK,D,20210422,000000,24.8,25.22,24.74,25.16,430620,0
3069.HK,D,20210423,000000,25.16,26,25.16,25.9,648600,0
3069.HK,D,20210426,000000,26.3,26.64,25.7,25.74,1754630,0
3069.HK,D,20210427,000000,25.74,26.18,25.62,26,1515100,0
3069.HK,D,20210428,000000,26,26.44,26,26.32,711000,0
3069.HK,D,20210429,000000,26.44,26.6,26.06,26.1,806400,0
3069.HK,D,20210430,000000,26,26.3,25.66,25.9,511500,0
3069.HK,D,20210503,000000,25.9,26.14,25.72,26.02,258800,0
3069.HK,D,20210504,000000,26,26.26,25.84,26.14,177200,0
3069.HK,D,20210505,000000,26,26.12,25.42,25.46,325300,0
3069.HK,D,20210506,000000,25.5,25.6,24.6,24.82,448200,0
3069.HK,D,20210507,000000,25.06,25.48,24.64,24.74,280817,0
3069.HK,D,20210510,000000,25.22,25.78,25.22,25.3,249000,0
3069.HK,D,20210511,000000,24.9,25.22,24.5,24.8,273100,0
3069.HK,D,20210512,000000,25.08,25.3,24.86,25.28,266200,0
3069.HK,D,20210513,000000,25,25.4,24.82,24.82,767500,0
3069.HK,D,20210514,000000,24.9,25.6,24.8,25.54,317200,0
3069.HK,D,20210517,000000,25.54,26.02,25.54,25.8,344200,0
3069.HK,D,20210518,000000,26.04,26.5,26.04,26.2,395400,0
3069.HK,D,20210520,000000,26.1,26.7,26.1,26.36,182800,0
3069.HK,D,20210521,000000,26.54,26.96,26.54,26.92,138700,0
3069.HK,D,20210524,000000,26.88,26.94,26.14,26.88,58106,0
3069.HK,D,20210525,000000,27,27.42,27,27.36,211401,0
3069.HK,D,20210526,000000,27.36,27.48,27,27.44,572800,0
3069.HK,D,20210527,000000,27.56,27.74,27.42,27.72,167500,0
3069.HK,D,20210528,000000,27.9,27.9,26.84,26.9,406200,0
3069.HK,D,20210531,000000,27.12,27.86,27.12,27.86,195300,0
3069.HK,D,20210601,000000,27.88,28.2,27.5,28.2,136500,0
3069.HK,D,20210602,000000,28.26,28.28,27.74,27.76,73100,0
3069.HK,D,20210603,000000,27.94,28.12,27.64,27.72,106000,0
3069.HK,D,20210604,000000,27.48,27.78,27.42,27.44,74200,0
3069.HK,D,20210607,000000,27.4,27.5,27.06,27.42,92397,0
3069.HK,D,20210608,000000,27.6,27.9,27.14,27.3,107600,0
3069.HK,D,20210609,000000,27.3,27.6,27.1,27.58,33397,0
3069.HK,D,20210610,000000,27.9,28,27.72,27.86,42200,0
3069.HK,D,20210611,000000,27.94,28.02,27.78,28.02,127500,0
3069.HK,D,20210615,000000,28.04,28.2,27.44,27.46,250500,0
3069.HK,D,20210616,000000,27.5,27.5,26.4,26.48,383491,0
3069.HK,D,20210617,000000,26.48,26.86,26.2,26.74,152700,0
3069.HK,D,20210618,000000,26.76,27.3,26.76,27.24,108200,0
3069.HK,D,20210621,000000,27.5,27.7,27,27.46,107100,0
3069.HK,D,20210622,000000,27.46,27.86,27.32,27.7,103352,0
3069.HK,D,20210623,000000,27.7,28.5,27.7,28.22,231600,0
3069.HK,D,20210624,000000,28.4,28.68,28.34,28.58,146400,0
3069.HK,D,20210625,000000,28.7,28.86,28.44,28.64,116100,0
3069.HK,D,20210628,000000,28.86,29.26,28.86,29.18,94800,0
3069.HK,D,20210629,000000,29.5,29.5,28.56,28.6,198900,0
3069.HK,D,20210630,000000,28.74,28.86,28.34,28.86,507000,0
3069.HK,D,20210702,000000,28.86,28.86,27.64,27.78,814000,0
3069.HK,D,20210705,000000,27.9,27.9,27.32,27.54,130700,0
3069.HK,D,20210706,000000,27.5,27.5,25.66,26.52,621100,0
3069.HK,D,20210707,000000,26.08,26.92,26.08,26.8,388300,0
3069.HK,D,20210708,000000,26.8,27.04,25.72,25.74,575981,0
3069.HK,D,20210709,000000,26,26.2,25.3,25.9,218482,0
3069.HK,D,20210712,000000,26.22,26.86,25.98,26.74,133300,0
3069.HK,D,20210713,000000,26.82,26.9,26.5,26.5,225900,0
3069.HK,D,20210714,000000,27,27.46,26.6,27.3,234700,0
3069.HK,D,20210715,000000,27.22,27.4,26.92,27.3,134684,0
3069.HK,D,20210716,000000,27.38,27.38,26.96,26.98,79736,0
3069.HK,D,20210719,000000,26.94,27.32,26.94,27.06,252000,0
3069.HK,D,20210720,000000,27.06,27.36,26.3,26.46,273400,0
3069.HK,D,20210721,000000,26.5,26.6,26.32,26.36,314100,0
3069.HK,D,20210722,000000,26.44,26.44,26.14,26.26,146910,0
3069.HK,D,20210723,000000,26.14,26.14,25.6,25.64,148000,0
3069.HK,D,20210726,000000,25.5,25.5,23.42,23.6,1058200,0
3069.HK,D,20210727,000000,23.6,23.6,20.98,21.42,727000,0
3069.HK,D,20210728,000000,21.44,22.96,21.44,22.84,545300,0
3069.HK,D,20210729,000000,23.2,24.42,23.2,24.4,503700,0
3069.HK,D,20210730,000000,24.38,24.38,23.36,23.84,303300,0
3069.HK,D,20210802,000000,23.86,23.88,22.98,23.88,87600,0
3069.HK,D,20210803,000000,23.88,24.52,23.88,24.26,150400,0
3069.HK,D,20210804,000000,24.42,24.7,24.26,24.7,63000,0
3069.HK,D,20210805,000000,24.84,24.96,24.2,24.2,64900,0
3069.HK,D,20210806,000000,24.02,24.08,23.56,23.78,62463,0
3069.HK,D,20210809,000000,24.5,24.5,23.16,23.52,927600,0
3069.HK,D,20210810,000000,23.98,24.24,23.72,24.12,179084,0
3069.HK,D,20210811,000000,24.06,24.22,23.58,23.62,174700,0
3069.HK,D,20210812,000000,23.62,23.62,22.82,22.88,480700,0
3069.HK,D,20210813,000000,22.84,23.34,22.78,23.02,466200,0
3069.HK,D,20210816,000000,23.1,23.18,22.7,22.8,244400,0
3069.HK,D,20210817,000000,22.8,22.96,21.98,22.2,191900,0
3069.HK,D,20210818,000000,22.4,22.4,21.98,21.98,230100,0
3069.HK,D,20210819,000000,22.12,22.36,21.58,21.68,368900,0
3069.HK,D,20210820,000000,21.52,21.52,19.74,20.2,790106,0
3069.HK,D,20210823,000000,20.4,21.26,20.32,21.06,192000,0
3069.HK,D,20210824,000000,21.74,22.02,21.68,22,405900,0
3069.HK,D,20210825,000000,22.2,22.58,21.8,21.88,203300,0
3069.HK,D,20210826,000000,21.68,21.78,21.02,21.24,101900,0
3069.HK,D,20210827,000000,21.04,21.44,20.9,20.94,106000,0
3069.HK,D,20210830,000000,21.02,21.58,20.94,21.54,161700,0
3069.HK,D,20210831,000000,21.56,21.68,21.1,21.68,84300,0
3069.HK,D,20210901,000000,21.8,22.06,21.36,21.9,135300,0
3069.HK,D,20210902,000000,22.28,22.3,21.82,21.86,96900,0
3069.HK,D,20210903,000000,21.92,22.38,21.92,22.2,43000,0
3069.HK,D,20210906,000000,22.18,22.7,22.18,22.66,258500,0
3069.HK,D,20210907,000000,22.9,22.9,22.36,22.4,255116,0
3069.HK,D,20210908,000000,22.5,22.54,22.14,22.16,313700,0
3069.HK,D,20210909,000000,22.42,22.42,21.78,21.78,409810,0
3069.HK,D,20210910,000000,22.04,22.06,21.9,22.02,230700,0
3069.HK,D,20210913,000000,22.02,22.02,21.46,21.66,186543,0
3069.HK,D,20210914,000000,21.76,22.22,21.76,21.84,261100,0
3069.HK,D,20210915,000000,21.66,21.82,21.02,21.02,375400,0
3069.HK,D,20210916,000000,21.3,21.3,20.8,20.9,148900,0
3069.HK,D,20210917,000000,21.14,22.02,21.14,22,187200,0
3069.HK,D,20210920,000000,21.74,21.74,21.2,21.7,126734,0
3069.HK,D,20210921,000000,21.7,22,21.5,21.86,109118,0
3069.HK,D,20210923,000000,21.94,22,21.68,21.76,231700,0
3069.HK,D,20210924,000000,21.66,22.08,21.52,21.52,86900,0
3069.HK,D,20210927,000000,21.82,22.04,21.56,21.6,41000,0
3069.HK,D,20210928,000000,21.5,21.68,21.24,21.54,63000,0
3069.HK,D,20210929,000000,21.06,21.36,21,21.18,103500,0
3069.HK,D,20210930,000000,21.24,21.6,21.24,21.48,31200,0
3069.HK,D,20211004,000000,21.14,21.14,20.36,20.72,87000,0
3069.HK,D,20211005,000000,20.64,20.96,20.54,20.7,32700,0
3069.HK,D,20211006,000000,20.6,20.6,20.1,20.16,111300,0
3069.HK,D,20211007,000000,20.48,20.82,20.42,20.76,83400,0
3069.HK,D,20211008,000000,20.98,21.2,20.42,20.5,138983,0
3069.HK,D,20211011,000000,20.86,21.06,20.82,20.82,24618,0
3069.HK,D,20211012,000000,20.9,20.9,20.34,20.38,42576,0
3069.HK,D,20211015,000000,20.4,20.42,20.18,20.4,136449,0
3069.HK,D,20211018,000000,20.44,20.6,20.34,20.6,26000,0
3069.HK,D,20211019,000000,20.86,21.08,20.82,21.06,25900,0
3069.HK,D,20211020,000000,21.22,21.38,20.94,21.22,84200,0
3069.HK,D,20211021,000000,21.2,21.2,20.72,20.82,93900,0
3069.HK,D,20211022,000000,20.88,20.96,20.78,20.9,22700,0
3069.HK,D,20211025,000000,20.78,21,20.78,20.8,29320,0
3069.HK,D,20211026,000000,20.8,20.8,20.42,20.5,112700,0
3069.HK,D,20211027,000000,20.38,20.4,19.88,19.94,209500,0
3069.HK,D,20211028,000000,20,20,19.66,19.73,111700,0
3069.HK,D,20211029,000000,19.6,19.77,19.5,19.72,129400,0
3069.HK,D,20211101,000000,19.75,19.76,19.05,19.12,132300,0
3069.HK,D,20211102,000000,19.12,19.45,18.7,18.74,311300,0
3069.HK,D,20211103,000000,19,19.21,18.69,18.78,283400,0
3069.HK,D,20211104,000000,19,19,18.52,18.71,182900,0
3069.HK,D,20211105,000000,18.68,18.7,18.39,18.4,90797,0
3069.HK,D,20211108,000000,18.3,18.3,17.88,18.05,779600,0
3069.HK,D,20211109,000000,18.27,18.79,18.27,18.73,412710,0
3069.HK,D,20211110,000000,18.7,19.4,18.58,19.4,260000,0
3069.HK,D,20211111,000000,19.38,19.45,19.06,19.21,275265,0
3069.HK,D,20211112,000000,19.4,19.46,18.5,19.24,201000,0
3069.HK,D,20211115,000000,19.45,19.73,19.43,19.45,103900,0
3069.HK,D,20211116,000000,19.73,20.16,19.66,20.04,121500,0
3069.HK,D,20211117,000000,20.06,20.3,19.93,20.2,53200,0
3069.HK,D,20211118,000000,19.89,20.02,19.8,19.84,143900,0
3069.HK,D,20211119,000000,19.79,20.02,19.73,19.9,61009,0
3069.HK,D,20211122,000000,20,20,19.45,19.45,71400,0
3069.HK,D,20211123,000000,19.4,19.4,19.05,19.09,122600,0
3069.HK,D,20211124,000000,19.1,19.32,18.94,19.15,213100,0
3069.HK,D,20211125,000000,19.15,19.55,19.12,19.52,148700,0
3069.HK,D,20211126,000000,19.53,19.6,19.22,19.22,103700,0
3069.HK,D,20211129,000000,19.57,19.77,19.2,19.26,117100,0
3069.HK,D,20211130,000000,19.41,19.41,18.83,19,124600,0
3069.HK,D,20211201,000000,19,19.07,18.7,18.71,219700,0
3069.HK,D,20211202,000000,18.7,18.7,18.44,18.44,162400,0
3069.HK,D,20211203,000000,18.44,18.66,18.44,18.6,114300,0
3069.HK,D,20211206,000000,18.4,18.4,17.55,17.56,284800,0
3069.HK,D,20211207,000000,17.78,17.98,17.77,17.96,193752,0
3069.HK,D,20211208,000000,18.28,18.45,18.28,18.29,64300,0
3069.HK,D,20211209,000000,18.54,19.08,18.54,19.08,58110,0
3069.HK,D,20211210,000000,19.04,19.04,18.52,18.55,73000,0
3069.HK,D,20211213,000000,18.63,18.67,18.25,18.25,81167,0
3069.HK,D,20211214,000000,18.25,18.25,18.04,18.06,60400,0
3069.HK,D,20211215,000000,18,18,16.51,16.8,419649,0
3069.HK,D,20211216,000000,16.8,17.33,16.8,17.33,157800,0
3069.HK,D,20211217,000000,17.37,17.64,16.82,16.95,157900,0
3069.HK,D,20211220,000000,17.18,17.18,16.45,16.48,55100,0
3069.HK,D,20211221,000000,16.48,16.76,16.41,16.71,68193,0
3069.HK,D,20211222,000000,16.73,16.78,16.57,16.65,147800,0
3069.HK,D,20211223,000000,16.81,16.81,16.55,16.55,76600,0
3069.HK,D,20211224,000000,16.63,16.63,16.5,16.53,49700,0
3069.HK,D,20211228,000000,16.5,16.5,16.11,16.26,67200,0
3069.HK,D,20211229,000000,16.26,16.26,15.84,15.88,35337,0
3069.HK,D,20211230,000000,15.92,16.05,15.82,15.96,35800,0
3069.HK,D,20211231,000000,16.1,16.58,16.1,16.56,95500,0
3069.HK,D,20220103,000000,16.56,16.56,16.02,16.16,49700,0
3069.HK,D,20220104,000000,16.23,16.23,15.68,15.74,199000,0
3069.HK,D,20220105,000000,15.63,15.63,15.23,15.26,134600,0
3069.HK,D,20220106,000000,15.15,15.23,14.73,15.23,158838,0
3069.HK,D,20220107,000000,15.32,15.46,15.17,15.44,92967,0
3069.HK,D,20220110,000000,15.5,16.34,15.43,16.25,184300,0
3069.HK,D,20220111,000000,16.25,16.56,16.15,16.37,85304,0
3069.HK,D,20220112,000000,16.57,16.83,16.55,16.82,108043,0
3069.HK,D,20220113,000000,16.78,16.78,16.4,16.4,27100,0
3069.HK,D,20220114,000000,16.1,16.63,16.1,16.54,36900,0
3069.HK,D,20220117,000000,16.71,16.71,16.42,16.54,120181,0
3069.HK,D,20220118,000000,16.59,16.8,16.39,16.39,55587,0
3069.HK,D,20220119,000000,16.65,16.65,16.1,16.18,39700,0
3069.HK,D,20220120,000000,16.39,16.53,16.21,16.53,99600,0
3069.HK,D,20220121,000000,16.55,16.64,16.33,16.38,136598,0
3069.HK,D,20220124,000000,16.27,16.33,16.02,16.02,89200,0
3069.HK,D,20220125,000000,15.94,15.95,15.3,15.43,53200,0
3069.HK,D,20220126,000000,15.56,15.56,14.83,14.86,138900,0
3069.HK,D,20220127,000000,14.63,14.66,14.06,14.31,214064,0
3069.HK,D,20220128,000000,14.12,14.21,13.97,14,104300,0
3069.HK,D,20220131,000000,14.06,14.4,14.06,14.3,131200,0
3069.HK,D,20220204,000000,14.6,14.6,14.14,14.6,48700,0
3069.HK,D,20220207,000000,14.92,14.95,14.69,14.71,101000,0
3069.HK,D,20220208,000000,14.3,14.34,13.82,14.33,273500,0
3069.HK,D,20220209,000000,14.5,14.5,14.11,14.27,101400,0
3069.HK,D,20220210,000000,14.48,14.48,14.2,14.32,53094,0
3069.HK,D,20220211,000000,14.17,14.21,13.76,13.87,122524,0
3069.HK,D,20220214,000000,13.87,13.9,13.76,13.77,59800,0
3069.HK,D,20220215,000000,13.56,14.3,13.56,14.3,97800,0
3069.HK,D,20220216,000000,14.42,14.58,14.4,14.51,40300,0
3069.HK,D,20220217,000000,14.51,14.74,14.47,14.69,76200,0
3069.HK,D,20220218,000000,14.59,14.71,14.56,14.61,31400,0
3069.HK,D,20220221,000000,14.6,14.6,14.4,14.52,14200,0
3069.HK,D,20220222,000000,14.34,14.34,13.97,14.1,72700,0
3069.HK,D,20220223,000000,14.1,14.55,14.1,14.53,64900,0
3069.HK,D,20220224,000000,14.49,14.49,13.88,13.96,73282,0
3069.HK,D,20220225,000000,13.95,14.5,13.95,14.36,41200,0
3069.HK,D,20220228,000000,14.25,14.25,14.11,14.24,7400,0
3069.HK,D,20220301,000000,14.52,14.56,14.35,14.5,73963,0
3069.HK,D,20220302,000000,14.6,14.6,14.07,14.12,356500,0
3069.HK,D,20220303,000000,14.18,14.18,13.9,13.95,75900,0
3069.HK,D,20220304,000000,13.8,13.8,13.48,13.53,182400,0
3069.HK,D,20220307,000000,13.4,13.4,12.66,12.8,301053,0
3069.HK,D,20220308,000000,12.7,12.98,12.37,12.37,285800,0
3069.HK,D,20220309,000000,12.37,12.37,11.82,12.15,150300,0
3069.HK,D,20220310,000000,12.44,12.72,12.29,12.4,62300,0
3069.HK,D,20220311,000000,12.2,12.23,11.6,12.17,180777,0
3069.HK,D,20220314,000000,11.76,11.9,10.91,10.98,135900,0
3069.HK,D,20220315,000000,10.5,11.13,10,10.04,339300,0
3069.HK,D,20220316,000000,10.47,11.46,10.36,11.44,191700,0
3069.HK,D,20220317,000000,12.38,12.71,11.98,12.68,392500,0
3069.HK,D,20220318,000000,12.5,12.74,12.07,12.61,411700,0
3069.HK,D,20220321,000000,13.38,13.38,12.5,12.71,27974,0
3069.HK,D,20220322,000000,12.63,12.82,12.45,12.82,120700,0
3069.HK,D,20220323,000000,12.83,13.5,12.82,13.37,147100,0
3069.HK,D,20220324,000000,13,13.97,13,13.8,102700,0
3069.HK,D,20220325,000000,13.77,13.77,12.8,12.87,87400,0
3069.HK,D,20220328,000000,12.7,13.05,12.6,12.89,65300,0
3069.HK,D,20220329,000000,13.08,13.31,13,13.25,75000,0
3069.HK,D,20220330,000000,13.5,13.7,13.4,13.63,50900,0
3069.HK,D,20220331,000000,13.51,13.51,13,13.11,31500,0
3069.HK,D,20220401,000000,12.7,12.85,12.67,12.81,51900,0
3069.HK,D,20220404,000000,13.4,13.63,13.26,13.58,50521,0
3069.HK,D,20220406,000000,13.32,13.58,13.32,13.39,36000,0
3069.HK,D,20220407,000000,13.39,13.39,12.91,12.92,19900,0
3069.HK,D,20220408,000000,12.9,13.5,12.67,12.83,23921,0
3069.HK,D,20220411,000000,12.7,12.7,12.25,12.31,48100,0
3069.HK,D,20220412,000000,12.31,12.52,12.1,12.31,25600,0
3069.HK,D,20220413,000000,12.18,12.22,11.56,11.56,57361,0
3069.HK,D,20220414,000000,12.31,12.61,12.31,12.55,60700,0
3069.HK,D,20220419,000000,12.39,12.39,12.05,12.05,17600,0
3069.HK,D,20220420,000000,12.05,12.2,11.97,12.01,47900,0
3069.HK,D,20220421,000000,11.98,11.98,11.5,11.61,98100,0
3069.HK,D,20220422,000000,11.4,11.64,11.36,11.64,36100,0
3069.HK,D,20220425,000000,11.64,11.64,11.03,11.15,51100,0
3069.HK,D,20220426,000000,11.21,11.55,11.21,11.3,57007,0
3069.HK,D,20220427,000000,11.01,11.29,11,11.27,46700,0
3069.HK,D,20220428,000000,11.42,11.53,11.4,11.53,37500,0
3069.HK,D,20220429,000000,11.43,12,11.35,12,112400,0
3069.HK,D,20220503,000000,11.85,11.85,11.62,11.7,122100,0
3069.HK,D,20220504,000000,11.54,11.54,11.14,11.21,25900,0
3069.HK,D,20220505,000000,11.4,11.4,11.13,11.13,33700,0
3069.HK,D,20220506,000000,10.85,10.85,10.56,10.62,42600,0
3069.HK,D,20220510,000000,10.38,10.49,10.23,10.45,89261,0
3069.HK,D,20220511,000000,10.4,11.1,10.4,10.78,322700,0
3069.HK,D,20220512,000000,10.6,10.71,10.57,10.6,27495,0
3069.HK,D,20220513,000000,10.76,10.86,10.73,10.86,13700,0
3069.HK,D,20220516,000000,10.86,11.06,10.86,10.95,39600,0
3069.HK,D,20220517,000000,10.99,11.15,10.9,11.15,82600,0
3069.HK,D,20220518,000000,11.2,11.26,11.09,11.26,40200,0
3069.HK,D,20220519,000000,11.04,11.18,10.97,11.14,4200,0
3069.HK,D,20220520,000000,11.36,11.6,11.32,11.6,14700,0
3069.HK,D,20220523,000000,11.6,11.6,11.44,11.5,13600,0
3069.HK,D,20220524,000000,11.38,11.39,10.96,11.02,36245,0
3069.HK,D,20220525,000000,11,11.05,10.95,11.05,10100,0
3069.HK,D,20220526,000000,10.78,10.84,10.64,10.84,2400,0
3069.HK,D,20220527,000000,11.11,11.17,10.98,11.05,42900,0
3069.HK,D,20220530,000000,11.17,11.44,11.17,11.44,31100,0
3069.HK,D,20220531,000000,11.38,11.83,11.38,11.78,110300,0
3069.HK,D,20220601,000000,11.75,11.75,11.48,11.54,81700,0
3069.HK,D,20220602,000000,11.45,11.45,11.13,11.34,20200,0
3069.HK,D,20220606,000000,11.36,11.74,11.36,11.74,47900,0
3069.HK,D,20220607,000000,11.74,11.88,11.74,11.82,11000,0
3069.HK,D,20220608,000000,12,12.66,12,12.63,611946,0
3069.HK,D,20220609,000000,12.63,12.79,12.4,12.54,318400,0
3069.HK,D,20220610,000000,12.22,12.52,12.22,12.49,49000,0
3069.HK,D,20220613,000000,12.08,12.11,11.85,11.86,43011,0
3069.HK,D,20220614,000000,11.68,11.9,11.68,11.89,126600,0
3069.HK,D,20220615,000000,11.96,12.09,11.95,12.04,48500,0
3069.HK,D,20220616,000000,12.13,12.13,11.73,11.74,44600,0
3069.HK,D,20220617,000000,11.98,12.25,11.89,12.24,19300,0
3069.HK,D,20220620,000000,12.28,12.46,12.21,12.45,213000,0
3069.HK,D,20220621,000000,12.45,13.11,12.43,13.1,926900,0
3069.HK,D,20220622,000000,13.1,13.1,12.59,12.7,489213,0
3069.HK,D,20220623,000000,12.79,13.04,12.67,13.02,566100,0
3069.HK,D,20220624,000000,13.05,13.84,13.05,13.81,678300,0
3069.HK,D,20220627,000000,14.98,14.98,13.8,14.04,1138500,0
3069.HK,D,20220628,000000,14,14.09,13.72,14.06,415600,0
3069.HK,D,20220629,000000,14.06,14.06,13.3,13.55,520000,0
3069.HK,D,20220630,000000,13.71,13.81,13.47,13.58,182500,0
3069.HK,D,20220704,000000,13.75,14.32,13.75,14.31,217100,0
3069.HK,D,20220705,000000,14.31,14.71,14.18,14.5,391700,0
3069.HK,D,20220706,000000,14.7,14.97,14.17,14.59,386300,0
3069.HK,D,20220707,000000,14.57,14.57,14.17,14.42,114200,0
3069.HK,D,20220708,000000,14.57,14.62,14.31,14.36,310706,0
3069.HK,D,20220711,000000,14.4,14.4,13.9,14.06,218100,0
3069.HK,D,20220712,000000,14.1,14.1,13.6,13.65,135800,0
3069.HK,D,20220713,000000,13.9,13.9,13.6,13.6,42725,0
3069.HK,D,20220714,000000,13.83,14.15,13.77,14.02,406100,0
3069.HK,D,20220715,000000,13.96,13.96,13.48,13.52,153100,0
3069.HK,D,20220718,000000,13.56,13.73,13.24,13.72,100900,0
3069.HK,D,20220719,000000,13.75,13.75,13.4,13.48,59800,0
3069.HK,D,20220720,000000,13.8,13.97,13.7,13.75,158200,0
3069.HK,D,20220721,000000,13.75,13.89,13.68,13.71,40200,0
3069.HK,D,20220722,000000,13.85,13.86,13.53,13.59,105059,0
3069.HK,D,20220725,000000,13.45,13.45,13.22,13.4,115100,0
3069.HK,D,20220726,000000,13.53,13.53,13.31,13.45,53800,0
3069.HK,D,20220727,000000,13.34,13.4,13.18,13.2,30900,0
3069.HK,D,20220728,000000,13.35,13.42,13.27,13.36,45000,0
3069.HK,D,20220729,000000,13.27,13.27,12.76,12.83,264600,0
3069.HK,D,20220801,000000,12.78,12.8,12.61,12.72,139500,0
3069.HK,D,20220802,000000,12.5,12.5,12.13,12.31,211900,0
3069.HK,D,20220803,000000,12.49,12.49,12.33,12.33,53900,0
3069.HK,D,20220804,000000,12.41,12.79,12.41,12.7,38400,0
3069.HK,D,20220805,000000,13,13.16,13,13.05,51807,0
3069.HK,D,20220808,000000,12.9,13.14,12.9,12.96,7800,0
3069.HK,D,20220809,000000,12.84,13.09,12.84,12.96,68500,0
3069.HK,D,20220810,000000,12.71,12.71,12.4,12.48,33800,0
3069.HK,D,20220811,000000,12.6,12.97,12.6,12.93,37397,0
3069.HK,D,20220812,000000,12.81,12.96,12.81,12.84,76100,0
3069.HK,D,20220815,000000,12.88,13,12.78,12.9,24400,0
3069.HK,D,20220816,000000,12.85,12.92,12.63,12.7,35600,0
3069.HK,D,20220817,000000,12.6,12.66,12.55,12.6,68800,0
3069.HK,D,20220818,000000,12.57,12.57,12.38,12.46,26400,0
3069.HK,D,20220819,000000,12.4,12.42,12.25,12.27,54365,0
3069.HK,D,20220822,000000,12.22,12.35,12.19,12.28,22897,0
3069.HK,D,20220823,000000,12.21,12.21,12.03,12.07,71800,0
3069.HK,D,20220824,000000,12.12,12.12,11.64,11.8,66200,0
3069.HK,D,20220825,000000,11.8,12.26,11.8,12.24,68200,0
3069.HK,D,20220826,000000,12.3,12.59,12.3,12.58,72300,0
3069.HK,D,20220829,000000,12.46,12.46,12.19,12.23,84200,0
3069.HK,D,20220830,000000,12.03,12.12,11.92,12.12,28100,0
3069.HK,D,20220831,000000,11.99,12.36,11.99,12.26,60200,0
3069.HK,D,20220901,000000,12.2,12.36,12.16,12.18,9700,0
3069.HK,D,20220902,000000,12.3,12.3,11.95,11.95,32200,0
3069.HK,D,20220905,000000,11.87,11.87,11.58,11.7,48400,0
3069.HK,D,20220906,000000,11.78,11.78,11.51,11.61,23200,0
3069.HK,D,20220907,000000,11.6,11.68,11.5,11.61,48798,0
3069.HK,D,20220908,000000,11.61,11.61,11.43,11.43,14600,0
3069.HK,D,20220909,000000,11.5,11.9,11.5,11.86,14400,0
3069.HK,D,20220913,000000,11.81,11.81,11.43,11.49,240300,0
3069.HK,D,20220914,000000,11.4,11.4,11.15,11.2,62337,0
3069.HK,D,20220915,000000,11.39,11.41,11.28,11.33,22100,0
3069.HK,D,20220916,000000,11.23,11.23,11,11.04,87500,0
3069.HK,D,20220919,000000,10.94,10.94,10.62,10.65,133000,0
3069.HK,D,20220920,000000,10.69,10.78,10.66,10.75,23500,0
3069.HK,D,20220921,000000,10.6,10.6,10.42,10.45,111400,0
3069.HK,D,20220922,000000,10.24,10.3,10.15,10.24,55382,0
3069.HK,D,20220923,000000,10.18,10.18,9.9,9.96,104500,0
3069.HK,D,20220926,000000,9.87,10.16,9.87,10.01,33000,0
3069.HK,D,20220927,000000,9.96,10.37,9.96,10.37,51700,0
3069.HK,D,20220928,000000,10.2,10.24,10,10,36300,0
3069.HK,D,20220929,000000,10,10.28,9.965,10.05,105400,0
3069.HK,D,20220930,000000,10.07,10.07,9.985,10.05,16600,0
3069.HK,D,20221003,000000,10.09,10.25,9.98,10.04,40100,0
3069.HK,D,20221005,000000,10.45,10.58,10.34,10.54,63900,0
3069.HK,D,20221006,000000,10.59,10.59,10.38,10.38,18100,0
3069.HK,D,20221007,000000,10.24,10.24,10.07,10.12,16700,0
3069.HK,D,20221010,000000,10.12,10.12,9.74,9.77,50625,0
3069.HK,D,20221011,000000,9.785,9.785,9.52,9.675,133000,0
3069.HK,D,20221012,000000,9.49,9.755,9.38,9.675,77307,0
3069.HK,D,20221013,000000,9.735,10,9.645,9.645,132400,0
3069.HK,D,20221014,000000,9.84,10.52,9.84,10.23,332000,0
3069.HK,D,20221017,000000,10.33,10.46,10.15,10.46,35300,0
3069.HK,D,20221018,000000,10.5,10.93,10.44,10.93,104400,0
3069.HK,D,20221019,000000,11,11,10.57,10.61,121400,0
3069.HK,D,20221020,000000,10.46,10.7,10.28,10.5,46300,0
3069.HK,D,20221021,000000,10.63,10.81,10.55,10.75,56300,0
3069.HK,D,20221024,000000,10.62,10.72,9.885,9.965,294238,0
3069.HK,D,20221025,000000,9.965,10.23,9.8,10.1,1052000,0
3069.HK,D,20221026,000000,10.22,10.75,10.22,10.65,384000,0
3069.HK,D,20221027,000000,10.81,10.85,10.56,10.61,291300,0
3069.HK,D,20221028,000000,10.55,10.75,10.08,10.13,328000,0
3069.HK,D,20221031,000000,10.12,10.32,10,10,92500,0
3069.HK,D,20221101,000000,10.27,10.68,10.25,10.6,96200,0
3069.HK,D,20221102,000000,10.7,11.5,10.7,11.48,336100,0
3069.HK,D,20221103,000000,11.48,11.48,10.98,11.2,302000,0
3069.HK,D,20221104,000000,11.2,12,11.2,11.62,249300,0
3069.HK,D,20221107,000000,11.6,12,11.6,11.98,107185,0
3069.HK,D,20221108,000000,12,12.02,11.68,11.82,504600,0
3069.HK,D,20221109,000000,11.82,11.82,11.36,11.48,230300,0
3069.HK,D,20221110,000000,11.3,11.48,11.27,11.28,125862,0
3069.HK,D,20221111,000000,11.9,12.2,11.75,11.93,81900,0
3069.HK,D,20221114,000000,12.2,12.8,12.2,12.77,139500,0
3069.HK,D,20221115,000000,12.72,13.04,12.59,13,325800,0
3069.HK,D,20221116,000000,13,13.4,12.98,13.12,154200,0
3069.HK,D,20221117,000000,13,13,12.57,12.89,108300,0
3069.HK,D,20221118,000000,13.03,13.14,12.84,12.84,79400,0
3069.HK,D,20221121,000000,12.58,12.66,12.44,12.6,46938,0
3069.HK,D,20221122,000000,12.75,12.75,12.04,12.25,463000,0
3069.HK,D,20221123,000000,12.22,12.22,11.81,12.08,46500,0
3069.HK,D,20221124,000000,12.25,12.31,12.2,12.23,24700,0
3069.HK,D,20221125,000000,12.1,12.1,11.99,12,36600,0
3069.HK,D,20221128,000000,11.68,12.1,11.58,12.09,32300,0
3069.HK,D,20221129,000000,12.2,12.58,12.2,12.57,54400,0
3069.HK,D,20221130,000000,12.58,12.84,12.48,12.84,51600,0
3069.HK,D,20221201,000000,13,13.22,12.5,12.6,117600,0
3069.HK,D,20221202,000000,12.77,13,12.77,12.82,84300,0
3069.HK,D,20221205,000000,13.09,13.45,13.07,13.45,180300,0
3069.HK,D,20221206,000000,13.3,13.62,13,13.08,104800,0
3069.HK,D,20221207,000000,13.35,13.67,12.89,12.89,214324,0
3069.HK,D,20221208,000000,13.05,13.78,13.05,13.68,79000,0
3069.HK,D,20221209,000000,13.86,13.86,13.6,13.72,43100,0
3069.HK,D,20221212,000000,13.69,13.9,13.5,13.59,43264,0
3069.HK,D,20221213,000000,13.45,13.61,13.38,13.48,38900,0
3069.HK,D,20221214,000000,13.69,13.7,13.41,13.52,39700,0
3069.HK,D,20221215,000000,13.48,13.48,13.18,13.18,122900,0
3069.HK,D,20221216,000000,13.22,13.46,13.04,13.36,35400,0
3069.HK,D,20221219,000000,13.2,13.2,12.64,12.65,34500,0
3069.HK,D,20221220,000000,12.6,12.66,12.5,12.53,34700,0
3069.HK,D,20221221,000000,12.87,12.88,12.74,12.74,332,0
3069.HK,D,20221222,000000,12.86,13.16,12.86,13.05,112600,0
3069.HK,D,20221223,000000,12.96,13.2,12.96,13.17,27300,0
3069.HK,D,20221228,000000,13.5,13.5,13.2,13.38,8400,0
3069.HK,D,20221229,000000,13.3,13.52,13.2,13.46,103100,0
3069.HK,D,20221230,000000,13.52,13.52,13.4,13.41,3900,0
3069.HK,D,20230103,000000,13.4,13.81,13.3,13.73,21000,0
3069.HK,D,20230104,000000,13.9,14.28,13.9,14.22,211400,0
3069.HK,D,20230105,000000,14.3,14.62,14.3,14.41,1918600,0
3069.HK,D,20230106,000000,14.55,14.6,14.27,14.27,26700,0
3069.HK,D,20230109,000000,14.25,14.74,14.25,14.68,125054,0
3069.HK,D,20230110,000000,14.63,14.7,14.47,14.63,64000,0
3069.HK,D,20230111,000000,14.76,15.11,14.75,14.75,72687,0
3069.HK,D,20230112,000000,15,15.12,14.6,14.64,35700,0
3069.HK,D,20230113,000000,14.8,15.35,14.8,15.35,90100,0
3069.HK,D,20230116,000000,15.49,15.92,15.47,15.47,90700,0
3069.HK,D,20230117,000000,15.37,15.37,14.92,14.95,43300,0
3069.HK,D,20230118,000000,15,15,14.8,14.93,12100,0
3069.HK,D,20230119,000000,14.8,15.11,14.77,14.95,21700,0
3069.HK,D,20230120,000000,15.07,15.19,15.02,15.16,17400,0
3069.HK,D,20230126,000000,15.3,15.58,15.24,15.51,29343,0
3069.HK,D,20230127,000000,15.6,15.73,15.43,15.55,11500,0
3069.HK,D,20230130,000000,15.55,15.55,14.96,14.96,57500,0
3069.HK,D,20230131,000000,14.96,14.96,14.4,14.54,50000,0
3069.HK,D,20230201,000000,14.6,15.1,14.6,15.02,68300,0
3069.HK,D,20230202,000000,15.2,15.62,15.2,15.3,72100,0
3069.HK,D,20230203,000000,15.3,15.4,15.01,15.01,17000,0
3069.HK,D,20230206,000000,15.01,15.01,14.23,14.27,122900,0
3069.HK,D,20230207,000000,14.45,14.68,14.27,14.4,98502,0
3069.HK,D,20230208,000000,14.63,14.63,14.38,14.4,13700,0
3069.HK,D,20230209,000000,14.4,14.52,14.28,14.52,34420,0
3069.HK,D,20230210,000000,14.5,14.5,13.99,14.11,37143,0
3069.HK,D,20230213,000000,14.01,14.24,14.01,14.21,41200,0
3069.HK,D,20230214,000000,14.22,14.22,13.96,13.96,18700,0
3069.HK,D,20230215,000000,13.96,13.96,13.54,13.54,30800,0
3069.HK,D,20230216,000000,13.6,13.94,13.49,13.59,789000,0
3069.HK,D,20230217,000000,13.4,13.65,13.4,13.61,31800,0
3069.HK,D,20230220,000000,13.55,13.93,13.49,13.9,37200,0
3069.HK,D,20230221,000000,13.9,13.9,13.55,13.57,31180,0
3069.HK,D,20230222,000000,13.4,13.55,13.36,13.36,26800,0
3069.HK,D,20230223,000000,13.6,13.6,13.45,13.53,29200,0
3069.HK,D,20230224,000000,13.45,13.45,13.28,13.28,40300,0
3069.HK,D,20230227,000000,13,13.15,12.96,13.12,270600,0
3069.HK,D,20230228,000000,13.09,13.1,12.92,13.01,208100,0
3069.HK,D,20230301,000000,13.12,13.6,13.12,13.6,46800,0
3069.HK,D,20230302,000000,13.5,13.57,13.35,13.57,42200,0
3069.HK,D,20230303,000000,13.73,13.81,13.54,13.79,686200,0
3069.HK,D,20230306,000000,13.7,13.7,13.55,13.64,163100,0
3069.HK,D,20230307,000000,13.6,13.75,13.25,13.33,91809,0
3069.HK,D,20230308,000000,13.12,13.12,12.8,12.85,75000,0
3069.HK,D,20230309,000000,12.85,12.9,12.7,12.72,12000,0
3069.HK,D,20230310,000000,12.5,12.62,12.38,12.41,83550,0
3069.HK,D,20230313,000000,12.54,12.56,12.34,12.43,95200,0
3069.HK,D,20230314,000000,12.44,12.74,12.43,12.44,18800,0
3069.HK,D,20230315,000000,12.8,12.96,12.75,12.82,31600,0
3069.HK,D,20230316,000000,12.73,12.88,12.59,12.67,33100,0
3069.HK,D,20230317,000000,12.82,12.82,12.63,12.74,9000,0
3069.HK,D,20230320,000000,12.5,12.5,12.06,12.21,24600,0
3069.HK,D,20230321,000000,12.21,12.78,12.21,12.78,24898,0
3069.HK,D,20230322,000000,12.92,12.92,12.73,12.8,359000,0
3069.HK,D,20230323,000000,12.7,12.77,12.46,12.75,645700,0
3069.HK,D,20230324,000000,12.75,12.89,12.53,12.66,20400,0
3069.HK,D,20230327,000000,12.58,12.86,12.58,12.7,72200,0
3069.HK,D,20230328,000000,12.73,12.73,12.45,12.5,50800,0
3069.HK,D,20230329,000000,12.59,12.63,12.38,12.63,605200,0
3069.HK,D,20230330,000000,12.5,12.5,12.3,12.41,115700,0
3069.HK,D,20230331,000000,12.46,12.49,12.25,12.3,236400,0
3069.HK,D,20230403,000000,12.3,12.3,12,12.18,93700,0
3069.HK,D,20230404,000000,12,12.23,11.8,12.23,149800,0
3069.HK,D,20230406,000000,12.11,12.6,12.09,12.58,31000,0
3069.HK,D,20230411,000000,12.9,13.1,12.8,13.01,56300,0
3069.HK,D,20230412,000000,13.1,13.2,13,13.18,39014,0
3069.HK,D,20230413,000000,12.95,13.67,12.87,13.67,128687,0
3069.HK,D,20230414,000000,13.9,14,13.59,13.69,87000,0
3069.HK,D,20230417,000000,13.63,13.64,13.43,13.61,399700,0
3069.HK,D,20230418,000000,13.51,13.61,13.49,13.58,2700,0
3069.HK,D,20230419,000000,13.39,13.4,13.24,13.38,70900,0
3069.HK,D,20230420,000000,13.38,13.43,13.12,13.15,82100,0
3069.HK,D,20230421,000000,13.09,13.2,12.85,12.93,48600,0
3069.HK,D,20230424,000000,13.06,13.22,12.88,13.09,29300,0
3069.HK,D,20230425,000000,13.04,13.04,12.42,12.48,329700,0
3069.HK,D,20230426,000000,12.48,12.67,12.47,12.63,146298,0
3069.HK,D,20230427,000000,12.59,12.8,12.53,12.74,16600,0
3069.HK,D,20230428,000000,12.79,12.85,12.69,12.69,86000,0
3069.HK,D,20230502,000000,12.89,12.89,12.43,12.57,59900,0
3069.HK,D,20230503,000000,12.46,12.51,12.31,12.47,91600,0
3069.HK,D,20230504,000000,12.65,12.76,12.65,12.73,58900,0
3069.HK,D,20230505,000000,12.75,12.79,12.75,12.79,4600,0
3069.HK,D,20230508,000000,12.92,12.92,12.7,12.79,12278,0
3069.HK,D,20230509,000000,12.72,12.72,12.3,12.35,66500,0
3069.HK,D,20230510,000000,12.33,12.37,12.25,12.34,31971,0
3069.HK,D,20230511,000000,12.51,12.52,12.22,12.3,27000,0
3069.HK,D,20230512,000000,12.32,12.38,12.18,12.19,5100,0
3069.HK,D,20230515,000000,12.2,12.32,12.06,12.24,90000,0
3069.HK,D,20230516,000000,12.42,12.42,12.29,12.35,56900,0
3069.HK,D,20230517,000000,12.16,12.16,11.86,11.89,59200,0
3069.HK,D,20230518,000000,11.94,11.94,11.66,11.72,67900,0
3069.HK,D,20230519,000000,11.6,11.63,11.54,11.61,43200,0
3069.HK,D,20230522,000000,11.72,11.91,11.68,11.85,32508,0
3069.HK,D,20230523,000000,11.98,12.01,11.9,11.94,7400,0
3069.HK,D,20230524,000000,11.77,11.83,11.65,11.65,22800,0
3069.HK,D,20230525,000000,11.58,11.58,11.4,11.46,15700,0
3069.HK,D,20230529,000000,11.55,11.55,11.15,11.15,33900,0
3069.HK,D,20230530,000000,11.27,11.27,11.06,11.22,19200,0
3069.HK,D,20230531,000000,11.06,11.07,10.88,10.98,56100,0
3069.HK,D,20230601,000000,11.1,11.24,11.06,11.06,22300,0
3069.HK,D,20230602,000000,11.25,11.4,11.25,11.36,6600,0
3069.HK,D,20230605,000000,11.3,11.31,11.27,11.27,5600,0
3069.HK,D,20230606,000000,11.3,11.33,11.14,11.21,960800,0
3069.HK,D,20230607,000000,11.25,11.29,11.24,11.28,42394,0
3069.HK,D,20230608,000000,11.2,11.23,11.13,11.18,42300,0
3069.HK,D,20230609,000000,11.34,11.41,11.27,11.34,32300,0
3069.HK,D,20230612,000000,11.31,11.31,11.04,11.16,920509,0
3069.HK,D,20230613,000000,11.1,11.1,10.98,11.07,925700,0
3069.HK,D,20230614,000000,11.06,11.2,10.88,10.93,97300,0
3069.HK,D,20230615,000000,10.98,11.16,10.88,11.16,212300,0
3069.HK,D,20230616,000000,11.27,11.57,11.27,11.48,529600,0
3069.HK,D,20230619,000000,11.42,11.42,11.21,11.34,97900,0
3069.HK,D,20230620,000000,11.07,11.12,10.81,10.92,117100,0
3069.HK,D,20230621,000000,10.78,10.78,10.44,10.54,154502,0
3069.HK,D,20230623,000000,10.35,10.4,10.2,10.21,244300,0
3069.HK,D,20230626,000000,10.25,10.5,10.25,10.48,33400,0
3069.HK,D,20230627,000000,10.53,10.55,10.42,10.52,41100,0
3069.HK,D,20230628,000000,10.46,10.46,10.24,10.38,103100,0
3069.HK,D,20230629,000000,10.3,10.3,10.16,10.27,68400,0
3069.HK,D,20230630,000000,10.35,10.51,10.35,10.47,100100,0
3069.HK,D,20230703,000000,10.45,10.57,10.41,10.57,39900,0
3069.HK,D,20230704,000000,10.5,11.07,10.44,11.03,230000,0
3069.HK,D,20230705,000000,11,11,10.68,10.76,34300,0
3069.HK,D,20230706,000000,10.6,10.6,10.43,10.5,93700,0
3069.HK,D,20230707,000000,10.4,10.48,10.34,10.45,55810,0
3069.HK,D,20230710,000000,10.48,10.65,10.43,10.46,12300,0
3069.HK,D,20230711,000000,10.58,10.58,10.56,10.56,12800,0
3069.HK,D,20230712,000000,10.46,10.52,10.35,10.41,54706,0
3069.HK,D,20230713,000000,10.68,11.03,10.66,10.96,75500,0
3069.HK,D,20230714,000000,11.3,11.3,10.8,10.8,42400,0
3069.HK,D,20230718,000000,10.8,10.8,10.58,10.7,25700,0
3069.HK,D,20230719,000000,10.72,10.72,10.42,10.53,52300,0
3069.HK,D,20230720,000000,10.63,10.63,10.53,10.59,116600,0
3069.HK,D,20230721,000000,10.63,10.9,10.63,10.79,9937,0
3069.HK,D,20230724,000000,10.66,10.93,10.66,10.79,54000,0
3069.HK,D,20230725,000000,11.07,11.07,10.84,11.05,44200,0
3069.HK,D,20230726,000000,11.1,11.1,11.03,11.05,10000,0
3069.HK,D,20230727,000000,11.1,11.19,11.1,11.19,37200,0
3069.HK,D,20230728,000000,11.19,11.55,11.06,11.55,48700,0
3069.HK,D,20230731,000000,11.73,11.79,11.36,11.4,218700,0
3069.HK,D,20230801,000000,11.39,11.8,11.36,11.8,464600,0
3069.HK,D,20230802,000000,11.4,11.4,10.89,10.92,107400,0
3069.HK,D,20230803,000000,10.8,11.04,10.76,10.99,63700,0
3069.HK,D,20230804,000000,11.11,11.15,10.96,11.05,59600,0
3069.HK,D,20230807,000000,11,11,10.36,10.45,363782,0
3069.HK,D,20230808,000000,10.45,10.46,10.16,10.38,545700,0
3069.HK,D,20230809,000000,10.5,10.7,10.5,10.56,483600,0
3069.HK,D,20230810,000000,10.48,10.56,10.4,10.55,32161,0
3069.HK,D,20230811,000000,10.4,10.42,10.35,10.35,173200,0
3069.HK,D,20230814,000000,10.17,10.35,10.1,10.32,131400,0
3069.HK,D,20230815,000000,10.25,10.36,10.13,10.29,44700,0
3069.HK,D,20230816,000000,10.2,10.23,10.2,10.23,77000,0
3069.HK,D,20230817,000000,10.12,10.18,9.995,10.17,108600,0
3069.HK,D,20230818,000000,10.114,10.114,9.805,9.81,877300,0
3069.HK,D,20230821,000000,9.71,9.87,9.655,9.84,208175,0
3069.HK,D,20230822,000000,9.835,9.95,9.72,9.91,48400,0
3069.HK,D,20230823,000000,9.845,9.91,9.79,9.82,71500,0
3069.HK,D,20230824,000000,10.1,10.31,9.98,10.24,88400,0
3069.HK,D,20230825,000000,10.18,10.36,10.15,10.15,24500,0
3069.HK,D,20230828,000000,10.5,10.57,10.28,10.28,47000,0
3069.HK,D,20230829,000000,10.3,10.63,10.3,10.61,42900,0
3069.HK,D,20230830,000000,10.63,10.63,10.46,10.46,373700,0
3069.HK,D,20230831,000000,10.35,10.39,10.19,10.25,46500,0
3069.HK,D,20230904,000000,10.27,10.38,10.27,10.34,30300,0
3069.HK,D,20230905,000000,10.26,10.28,10.2,10.21,13700,0
3069.HK,D,20230906,000000,10.1,10.1,9.95,10.05,92387,0
3069.HK,D,20230907,000000,10.03,10.03,9.92,9.96,18439,0
3069.HK,D,20230911,000000,10.11,10.3,10.11,10.27,57800,0
3069.HK,D,20230912,000000,10.27,10.3,10.18,10.25,7500,0
3069.HK,D,20230913,000000,10.2,10.2,10.07,10.07,32560,0
3069.HK,D,20230914,000000,10.09,10.1,10.09,10.1,1500,0
3069.HK,D,20230915,000000,10.07,10.4,10.07,10.34,33000,0
3069.HK,D,20230918,000000,10.46,10.46,10.39,10.44,98900,0
3069.HK,D,20230919,000000,10.4,10.42,10.31,10.42,60300,0
3069.HK,D,20230920,000000,10.34,10.34,10.23,10.28,87700,0
3069.HK,D,20230921,000000,10.07,10.07,9.975,9.975,100049,0
3069.HK,D,20230922,000000,9.93,10.2,9.865,10.2,36700,0
3069.HK,D,20230925,000000,10.12,10.25,10.12,10.23,31900,0
3069.HK,D,20230926,000000,10.09,10.16,10.09,10.09,18800,0
3069.HK,D,20230927,000000,10.24,10.43,10.24,10.39,50300,0
3069.HK,D,20230928,000000,10.34,10.34,10.22,10.22,13000,0
3069.HK,D,20230929,000000,10.2,10.29,10.2,10.21,25000,0
3069.HK,D,20231003,000000,9.9,9.925,9.79,9.92,54200,0
3069.HK,D,20231004,000000,9.76,9.805,9.725,9.77,36500,0
3069.HK,D,20231005,000000,9.72,9.81,9.64,9.76,39000,0
3069.HK,D,20231006,000000,9.94,10.04,9.925,10,37900,0
3069.HK,D,20231009,000000,10.12,10.23,10.11,10.11,25600,0
3069.HK,D,20231010,000000,10.22,10.22,10.05,10.05,107600,0
3069.HK,D,20231011,000000,10.3,10.59,10.3,10.51,171678,0
3069.HK,D,20231012,000000,10.66,10.77,10.58,10.77,227800,0
3069.HK,D,20231013,000000,10.74,10.74,10.51,10.58,16200,0
3069.HK,D,20231016,000000,10.7,10.7,10.37,10.39,19400,0
3069.HK,D,20231017,000000,10.45,10.46,10.44,10.46,12100,0
3069.HK,D,20231018,000000,10.3,10.32,10.13,10.17,24500,0
3069.HK,D,20231019,000000,10.1,10.1,9.995,10,70000,0
3069.HK,D,20231020,000000,9.93,9.95,9.92,9.92,10000,0
3069.HK,D,20231024,000000,9.9,10.16,9.86,10.15,390948,0
3069.HK,D,20231025,000000,10.32,10.32,10.13,10.17,114300,0
3069.HK,D,20231026,000000,10.08,10.08,9.86,9.955,226900,0
3069.HK,D,20231027,000000,10.1,10.72,10.1,10.6,92900,0
3069.HK,D,20231030,000000,10.89,11.2,10.86,11.11,302000,0
3069.HK,D,20231031,000000,11,11.19,10.87,10.95,157800,0
3069.HK,D,20231101,000000,11,11,10.7,10.95,179000,0
3069.HK,D,20231102,000000,10.95,10.97,10.93,10.94,62100,0
3069.HK,D,20231103,000000,11,11.19,10.99,11.18,102200,0
3069.HK,D,20231106,000000,11.5,11.8,11.5,11.72,321700,0
3069.HK,D,20231107,000000,11.68,11.77,11.52,11.52,49200,0
3069.HK,D,20231108,000000,11.66,11.93,11.57,11.61,107700,0
3069.HK,D,20231109,000000,11.72,11.72,11.47,11.47,65700,0
3069.HK,D,20231110,000000,11.26,11.35,11.19,11.31,321272,0
3069.HK,D,20231113,000000,11.53,11.53,11.06,11.27,261900,0
3069.HK,D,20231114,000000,11.35,11.36,11.18,11.22,20200,0
3069.HK,D,20231115,000000,11.22,11.71,11.22,11.52,180500,0
3069.HK,D,20231116,000000,11.52,11.52,11.07,11.22,52600,0
3069.HK,D,20231117,000000,11.22,11.32,11.08,11.3,100500,0
3069.HK,D,20231120,000000,11.37,11.46,11.27,11.35,60200,0
3069.HK,D,20231121,000000,11.41,11.48,11.31,11.32,65632,0
3069.HK,D,20231122,000000,11.22,11.23,11.15,11.16,53700,0
3069.HK,D,20231123,000000,11.24,11.4,11.24,11.39,11800,0
3069.HK,D,20231124,000000,11.53,11.53,11.2,11.22,35100,0
3069.HK,D,20231127,000000,11.26,11.32,11.17,11.27,52300,0
3069.HK,D,20231128,000000,11.28,11.51,11.26,11.43,29700,0
3069.HK,D,20231129,000000,11.38,11.38,11.07,11.09,121200,0
3069.HK,D,20231130,000000,11.09,11.23,11.01,11.18,15000,0
3069.HK,D,20231201,000000,11.21,11.21,11.1,11.1,30400,0
3069.HK,D,20231204,000000,10.9,10.9,10.44,10.46,129500,0
3069.HK,D,20231205,000000,10.39,10.48,10.23,10.3,127500,0
3069.HK,D,20231206,000000,10.3,10.36,10.24,10.26,32700,0
3069.HK,D,20231207,000000,10.26,10.26,10,10.12,90379,0
3069.HK,D,20231208,000000,10.18,10.18,9.935,9.995,22100,0
3069.HK,D,20231211,000000,9.995,9.995,9.755,9.95,54900,0
3069.HK,D,20231212,000000,9.95,10.08,9.9,10.07,25601,0
3069.HK,D,20231213,000000,10.02,10.14,9.95,10.02,55400,0
3069.HK,D,20231214,000000,10.2,10.41,10.2,10.21,91800,0
3069.HK,D,20231215,000000,10.35,10.46,10.33,10.33,24000,0
3069.HK,D,20231218,000000,10.33,10.33,10.06,10.07,37100,0
3069.HK,D,20231219,000000,9.9,10.02,9.9,9.975,44400,0
3069.HK,D,20231220,000000,10.05,10.05,9.93,9.93,28500,0
3069.HK,D,20231221,000000,9.755,9.81,9.64,9.765,152705,0
3069.HK,D,20231222,000000,9.8,9.8,9.59,9.62,73500,0
3069.HK,D,20231227,000000,9.695,9.905,9.68,9.905,117700,0
3069.HK,D,20231228,000000,9.98,10.27,9.98,10.21,73700,0
3069.HK,D,20231229,000000,10.21,10.36,10.21,10.32,51100,0
3069.HK,D,20240102,000000,10.13,10.13,10.04,10.06,42700,0
3069.HK,D,20240103,000000,10.12,10.12,9.93,9.95,40300,0
3069.HK,D,20240104,000000,9.95,9.965,9.91,9.965,21500,0
3069.HK,D,20240105,000000,9.86,9.86,9.595,9.61,116700,0
3069.HK,D,20240108,000000,9.61,9.61,9.34,9.36,143572,0
3069.HK,D,20240109,000000,9.6,9.755,9.56,9.575,52400,0
3069.HK,D,20240110,000000,9.79,9.82,9.71,9.76,115143,0
3069.HK,D,20240111,000000,9.83,9.93,9.77,9.77,127100,0
3069.HK,D,20240112,000000,9.77,9.77,9.53,9.565,98500,0
3069.HK,D,20240115,000000,9.565,9.715,9.565,9.585,52400,0
3069.HK,D,20240116,000000,9.61,9.61,9.44,9.46,37500,0
3069.HK,D,20240117,000000,9.305,9.305,8.94,8.985,237800,0
3069.HK,D,20240118,000000,8.98,9.095,8.93,9.095,267600,0
3069.HK,D,20240119,000000,9.015,9.03,8.71,8.74,128600,0
3069.HK,D,20240122,000000,8.7,8.7,8.28,8.335,120155,0
3069.HK,D,20240123,000000,8.475,8.71,8.475,8.61,87500,0
3069.HK,D,20240124,000000,8.76,8.82,8.48,8.775,191600,0
3069.HK,D,20240125,000000,8.69,8.92,8.69,8.88,82100,0
3069.HK,D,20240126,000000,9.02,9.05,8.12,8.365,259700,0
3069.HK,D,20240129,000000,8.365,8.6,8.295,8.31,35800,0
3069.HK,D,20240130,000000,8.2,8.205,8.085,8.1,56500,0
3069.HK,D,20240131,000000,8.1,8.1,7.78,7.8,430000,0
3069.HK,D,20240201,000000,7.86,8.115,7.86,8,29200,0
3069.HK,D,20240202,000000,8.09,8.165,7.56,7.62,136600,0
3069.HK,D,20240205,000000,7.585,7.66,7.47,7.56,123800,0
3069.HK,D,20240206,000000,7.585,8.09,7.555,8.045,242400,0
3069.HK,D,20240207,000000,8.22,8.385,8.08,8.09,178484,0
3069.HK,D,20240208,000000,8.1,8.12,7.975,8,29600,0
3069.HK,D,20240209,000000,7.86,7.91,7.825,7.905,51000,0
3069.HK,D,20240214,000000,7.61,7.84,7.59,7.84,147461,0
3069.HK,D,20240215,000000,7.735,7.94,7.7,7.92,53500,0
3069.HK,D,20240216,000000,7.875,8.34,7.875,8.335,178700,0
3069.HK,D,20240219,000000,8.335,8.335,8.1,8.145,2213200,0
3069.HK,D,20240220,000000,8.21,8.4,8.2,8.335,79900,0
3069.HK,D,20240221,000000,8.3,8.63,8.3,8.48,2231700,0
3069.HK,D,20240222,000000,8.52,8.56,8.47,8.56,27000,0
3069.HK,D,20240223,000000,8.575,8.6,8.5,8.6,85056,0
3069.HK,D,20240226,000000,8.645,8.73,8.58,8.59,36200,0
3069.HK,D,20240227,000000,8.72,8.82,8.655,8.815,14000,0
3069.HK,D,20240228,000000,8.985,9.075,8.69,8.7,641200,0
3069.HK,D,20240229,000000,8.7,8.865,8.68,8.775,63700,0
3069.HK,D,20240301,000000,8.725,8.725,8.535,8.63,200100,0
3069.HK,D,20240304,000000,8.755,8.895,8.74,8.85,13200,0
3069.HK,D,20240305,000000,8.8,8.8,8.45,8.465,100700,0
3069.HK,D,20240306,000000,8.52,8.6,8.44,8.575,50300,0
3069.HK,D,20240307,000000,8.3,8.385,8.125,8.14,110020,0
3069.HK,D,20240308,000000,8.295,8.355,8.295,8.33,56900,0
3069.HK,D,20240311,000000,8.35,8.5,8.335,8.49,103500,0
3069.HK,D,20240312,000000,8.7,8.855,8.685,8.8,46290,0
3069.HK,D,20240313,000000,8.76,9,8.725,9,49800,0
3069.HK,D,20240314,000000,9.27,9.435,8.735,8.81,204500,0
3069.HK,D,20240315,000000,8.84,8.845,8.68,8.71,37600,0
3069.HK,D,20240318,000000,8.695,8.8,8.57,8.79,51146,0
3069.HK,D,20240319,000000,8.555,8.615,8.475,8.5,46700,0
3069.HK,D,20240320,000000,8.49,8.535,8.485,8.52,25600,0
3069.HK,D,20240321,000000,8.515,8.59,8.465,8.52,89190,0
3069.HK,D,20240322,000000,8.335,8.335,8.095,8.145,61100,0
3069.HK,D,20240325,000000,8.3,8.3,8.18,8.18,11700,0
3069.HK,D,20240326,000000,8.2,8.22,8.14,8.2,163100,0
3069.HK,D,20240327,000000,8.2,8.23,8.08,8.135,24500,0
3069.HK,D,20240328,000000,8.07,8.225,8.05,8.095,378200,0
3069.HK,D,20240402,000000,8.1,8.11,8.05,8.065,143100,0
3069.HK,D,20240403,000000,8.005,8.045,7.92,7.95,81800,0
3069.HK,D,20240405,000000,7.97,7.97,7.68,7.78,53800,0
3069.HK,D,20240408,000000,7.8,7.91,7.77,7.85,117300,0
3069.HK,D,20240409,000000,7.915,8.04,7.89,8.04,57525,0
3069.HK,D,20240410,000000,8.04,8.075,8.01,8.04,60290,0
3069.HK,D,20240411,000000,7.9,7.94,7.875,7.94,21300,0
3069.HK,D,20240412,000000,7.93,7.93,7.83,7.83,52200,0
3069.HK,D,20240415,000000,7.8,7.8,7.615,7.67,213100,0
3069.HK,D,20240416,000000,7.67,7.67,7.42,7.45,175500,0
3069.HK,D,20240417,000000,7.45,7.495,7.41,7.485,50200,0
3069.HK,D,20240418,000000,7.485,7.5,7.36,7.44,58100,0
3069.HK,D,20240419,000000,7.3,7.3,7.17,7.245,2548500,0
3069.HK,D,20240422,000000,7.32,7.5,7.32,7.49,102500,0
3069.HK,D,20240423,000000,7.505,7.7,7.5,7.66,45169,0
3069.HK,D,20240424,000000,7.645,7.875,7.645,7.82,50700,0
3069.HK,D,20240425,000000,7.8,7.985,7.8,7.92,51900,0
3069.HK,D,20240426,000000,8.02,8.145,8.02,8.135,106800,0
3069.HK,D,20240429,000000,8.22,8.345,8.22,8.22,130700,0
3069.HK,D,20240430,000000,8.22,8.22,8.13,8.13,29900,0
3069.HK,D,20240502,000000,8.12,8.535,8.09,8.52,120900,0
3069.HK,D,20240503,000000,8.6,8.6,8.405,8.48,57600,0
3069.HK,D,20240506,000000,8.51,8.62,8.5,8.565,277300,0
3069.HK,D,20240507,000000,8.5,8.535,8.45,8.455,58500,0
3069.HK,D,20240508,000000,8.5,8.55,8.38,8.41,79650,0
3069.HK,D,20240509,000000,8.62,8.73,8.6,8.6,331100,0
3069.HK,D,20240510,000000,8.715,8.795,8.63,8.78,77902,0
3069.HK,D,20240513,000000,8.9,8.9,8.595,8.71,220400,0
3069.HK,D,20240514,000000,8.71,8.88,8.71,8.76,56800,0
3069.HK,D,20240516,000000,8.7,8.78,8.7,8.73,104100,0
3069.HK,D,20240517,000000,8.73,8.795,8.685,8.685,96500,0
3069.HK,D,20240520,000000,8.69,8.845,8.69,8.76,235200,0
3069.HK,D,20240521,000000,8.665,8.665,8.38,8.41,694000,0
3069.HK,D,20240522,000000,8.41,8.465,8.36,8.385,102700,0
3069.HK,D,20240523,000000,8.36,8.36,8.2,8.21,142402,0
3069.HK,D,20240524,000000,8.16,8.165,7.78,7.89,3078200,0
3069.HK,D,20240527,000000,7.89,8.02,7.705,7.975,268700,0
3069.HK,D,20240528,000000,7.975,8.185,7.97,7.985,181200,0
3069.HK,D,20240529,000000,7.9,7.9,7.77,7.82,45600,0
3069.HK,D,20240530,000000,7.83,7.83,7.75,7.76,95600,0
3069.HK,D,20240531,000000,8.04,8.04,7.81,7.81,167900,0
3069.HK,D,20240603,000000,7.77,7.875,7.77,7.78,213400,0
3069.HK,D,20240604,000000,7.78,8.04,7.78,8,160300,0
3069.HK,D,20240605,000000,8,8.175,8,8.05,57200,0
3069.HK,D,20240606,000000,8.18,8.18,7.99,8.015,87200,0
3069.HK,D,20240607,000000,8.065,8.065,8,8.01,3623,0
3069.HK,D,20240611,000000,7.895,7.895,7.82,7.855,78100,0
3069.HK,D,20240612,000000,7.78,7.99,7.78,7.9,91700,0
3069.HK,D,20240613,000000,8.03,8.11,8.015,8.065,73687,0
3069.HK,D,20240614,000000,8.04,8.04,8,8.01,24600,0
3069.HK,D,20240617,000000,7.985,8,7.97,7.985,29700,0
3069.HK,D,20240618,000000,7.95,7.95,7.83,7.855,89000,0
3069.HK,D,20240619,000000,7.92,7.985,7.92,7.96,18000,0
3069.HK,D,20240620,000000,8.005,8.005,7.75,7.75,46500,0
3069.HK,D,20240621,000000,7.71,7.71,7.675,7.675,13200,0
3069.HK,D,20240624,000000,7.72,7.72,7.6,7.67,16896,0
3069.HK,D,20240625,000000,7.685,7.7,7.67,7.695,44000,0
3069.HK,D,20240626,000000,7.73,7.815,7.73,7.815,29400,0
3069.HK,D,20240627,000000,7.815,7.815,7.58,7.585,61200,0
3069.HK,D,20240628,000000,7.585,7.59,7.5,7.515,13900,0
3069.HK,D,20240702,000000,7.5,7.565,7.455,7.47,176200,0
3069.HK,D,20240703,000000,7.5,7.555,7.47,7.555,61700,0
3069.HK,D,20240704,000000,7.58,7.58,7.44,7.47,33700,0
3069.HK,D,20240705,000000,7.4,7.68,7.4,7.65,170100,0
3069.HK,D,20240708,000000,7.545,7.545,7.36,7.38,175900,0
3069.HK,D,20240709,000000,7.38,7.38,7.3,7.36,69500,0
3069.HK,D,20240710,000000,7.41,7.41,7.27,7.295,48524,0
3069.HK,D,20240711,000000,7.49,7.54,7.49,7.54,27800,0
3069.HK,D,20240712,000000,7.75,7.76,7.67,7.745,30400,0
3069.HK,D,20240715,000000,7.78,7.78,7.56,7.565,70900,0
3069.HK,D,20240716,000000,7.565,7.585,7.545,7.57,41200,0
3069.HK,D,20240717,000000,7.645,7.825,7.645,7.805,65900,0
3069.HK,D,20240718,000000,7.805,7.835,7.77,7.83,54600,0
3069.HK,D,20240719,000000,7.7,7.7,7.63,7.635,19900,0
3069.HK,D,20240722,000000,7.675,7.845,7.675,7.815,72590,0
3069.HK,D,20240723,000000,7.85,7.85,7.665,7.67,28300,0
3069.HK,D,20240724,000000,7.7,7.715,7.545,7.555,25600,0
3069.HK,D,20240725,000000,7.565,7.58,7.465,7.465,57100,0
3069.HK,D,20240726,000000,7.545,7.61,7.525,7.55,47200,0
3069.HK,D,20240729,000000,7.59,7.59,7.49,7.49,18700,0
3069.HK,D,20240730,000000,7.51,7.51,7.35,7.35,24100,0
3069.HK,D,20240731,000000,7.36,7.74,7.36,7.73,61600,0
3069.HK,D,20240801,000000,7.73,7.73,7.63,7.645,5500,0
3069.HK,D,20240802,000000,7.725,7.725,7.6,7.6,64400,0
3069.HK,D,20240805,000000,7.6,7.72,7.52,7.585,85000,0
3069.HK,D,20240806,000000,7.76,7.88,7.72,7.875,158600,0
3069.HK,D,20240807,000000,7.9,7.94,7.89,7.895,219400,0
3069.HK,D,20240808,000000,7.895,8,7.895,7.97,19500,0
3069.HK,D,20240809,000000,8,8.075,7.965,7.97,306600,0
3069.HK,D,20240812,000000,7.98,8.095,7.96,8.02,20899,0
3069.HK,D,20240813,000000,8.02,8.04,8,8.035,51200,0
3069.HK,D,20240814,000000,8.04,8.04,7.875,7.875,193900,0
3069.HK,D,20240815,000000,7.86,7.98,7.845,7.95,18000,0
3069.HK,D,20240816,000000,8.005,8.17,8.005,8.12,38300,0
3069.HK,D,20240819,000000,8.165,8.2,8.08,8.09,64700,0
3069.HK,D,20240820,000000,8.1,8.135,8.01,8.02,74000,0
3069.HK,D,20240821,000000,8,8.095,7.93,7.975,91584,0
3069.HK,D,20240822,000000,7.915,7.925,7.785,7.925,25800,0
3069.HK,D,20240823,000000,7.81,7.81,7.66,7.675,48600,0
3069.HK,D,20240826,000000,7.705,7.885,7.705,7.855,24500,0
3069.HK,D,20240827,000000,7.855,7.905,7.855,7.905,2100,0
3069.HK,D,20240828,000000,7.9,7.92,7.855,7.86,23300,0
3069.HK,D,20240829,000000,7.93,8,7.93,8,8200,0
3069.HK,D,20240830,000000,7.88,8.1,7.88,8.025,44000,0
3069.HK,D,20240902,000000,8,8,7.845,7.865,15200,0
3069.HK,D,20240903,000000,7.955,7.98,7.885,7.89,18200,0
3069.HK,D,20240904,000000,7.83,7.85,7.755,7.85,5300,0
3069.HK,D,20240905,000000,7.9,7.9,7.9,7.9,400,0
3069.HK,D,20240909,000000,7.87,7.87,7.81,7.865,36700,0
3069.HK,D,20240910,000000,7.765,7.84,7.765,7.83,9900,0
3069.HK,D,20240911,000000,7.965,7.97,7.91,7.93,9529,0
3069.HK,D,20240912,000000,8,8.145,7.925,7.93,46200,0
3069.HK,D,20240913,000000,7.965,8.165,7.965,8.09,79607,0
3069.HK,D,20240916,000000,8,8.15,7.98,8.145,21200,0
3069.HK,D,20240917,000000,8.1,8.19,8.1,8.175,6100,0
3069.HK,D,20240919,000000,8.2,8.245,8.065,8.21,24100,0
3069.HK,D,20240920,000000,8.215,8.525,8.215,8.455,99900,0
3069.HK,D,20240923,000000,8.455,8.505,8.26,8.26,54178,0
3069.HK,D,20240924,000000,8.325,8.425,8.15,8.425,188500,0
3069.HK,D,20240925,000000,8.5,8.68,8.465,8.47,270500,0
3069.HK,D,20240926,000000,8.47,8.875,8.465,8.85,115400,0
3069.HK,D,20240927,000000,8.88,9.595,8.88,9.5,817600,0
3069.HK,D,20240930,000000,9.785,10.28,9.6,10.17,1770900,0
3069.HK,D,20241002,000000,10.18,10.76,10.14,10.76,2031700,0
3069.HK,D,20241003,000000,10.76,10.76,9.9,10.32,854268,0
3069.HK,D,20241004,000000,10.32,11.15,10.25,11.15,857500,0
3069.HK,D,20241007,000000,11.39,11.52,11.09,11.36,2860500,0
3069.HK,D,20241008,000000,11.5,11.5,10.05,10.28,2764000,0
3069.HK,D,20241009,000000,10.29,10.52,9.61,9.895,1584200,0
3069.HK,D,20241010,000000,10.1,10.3,9.99,10.03,1551671,0
3069.HK,D,20241014,000000,9.9,9.9,9.48,9.69,450500,0
3069.HK,D,20241015,000000,9.64,9.735,9.34,9.39,164800,0
3069.HK,D,20241016,000000,9.365,9.43,9.275,9.34,179500,0
3069.HK,D,20241017,000000,9.6,9.625,9.27,9.27,184800,0
3069.HK,D,20241018,000000,9.33,9.84,9.32,9.78,471500,0
3069.HK,D,20241021,000000,9.78,9.83,9.645,9.645,190300,0
3069.HK,D,20241022,000000,9.645,9.825,9.645,9.705,146600,0
3069.HK,D,20241023,000000,9.705,9.9,9.69,9.85,227852,0
3069.HK,D,20241024,000000,9.85,9.85,9.58,9.58,140600,0
3069.HK,D,20241025,000000,9.66,9.825,9.66,9.81,123900,0
3069.HK,D,20241028,000000,9.81,9.81,9.7,9.7,165300,0
3069.HK,D,20241029,000000,9.82,9.82,9.55,9.555,443300,0
3069.HK,D,20241030,000000,9.505,9.565,9.23,9.25,629300,0
3069.HK,D,20241031,000000,9.25,9.28,9.155,9.155,318400,0
3069.HK,D,20241101,000000,9.1,9.175,9.025,9.13,431600,0
3069.HK,D,20241104,000000,9.33,9.37,9.21,9.32,159400,0
3069.HK,D,20241105,000000,9.3,9.48,9.3,9.48,637100,0
3069.HK,D,20241106,000000,9.48,9.5,9.27,9.32,200800,0
3069.HK,D,20241107,000000,9.22,9.45,9.22,9.445,570600,0
3069.HK,D,20241108,000000,9.565,9.6,9.37,9.4,445800,0
3069.HK,D,20241111,000000,9.285,9.36,9.23,9.315,542300,0
3069.HK,D,20241112,000000,9.32,9.565,9.115,9.24,1587440,0
3069.HK,D,20241113,000000,9.135,9.14,8.97,9.06,679300,0
3069.HK,D,20241114,000000,8.99,9.06,8.86,8.9,373800,0
3069.HK,D,20241115,000000,8.935,8.94,8.855,8.885,81400,0
3069.HK,D,20241118,000000,8.81,8.815,8.7,8.725,44000,0
3069.HK,D,20241119,000000,8.755,8.775,8.67,8.775,18900,0
3069.HK,D,20241120,000000,8.92,9.045,8.905,8.905,136400,0
3069.HK,D,20241121,000000,9.01,9.14,9,9,78564,0
3069.HK,D,20241122,000000,9,9,8.66,8.69,51800,0
3069.HK,D,20241125,000000,8.77,8.8,8.755,8.785,99100,0
3069.HK,D,20241126,000000,8.79,8.85,8.79,8.825,84100,0
3069.HK,D,20241127,000000,8.895,9.1,8.895,9.1,77100,0
3069.HK,D,20241128,000000,9.1,9.1,8.93,8.93,30900,0
3069.HK,D,20241129,000000,9.015,9.135,8.965,9.02,68000,0
3069.HK,D,20241202,000000,9.015,9.1,9.015,9.06,8500,0
3069.HK,D,20241203,000000,9.06,9.165,9.06,9.16,32200,0
3069.HK,D,20241204,000000,9.08,9.13,9.08,9.13,15300,0
3069.HK,D,20241205,000000,8.995,9,8.9,8.955,421700,0
3069.HK,D,20241206,000000,9.035,9.23,8.995,9.15,56500,0
3069.HK,D,20241209,000000,9.37,9.4,9.19,9.4,278400,0
3069.HK,D,20241210,000000,9.63,9.63,9.2,9.2,113100,0
3069.HK,D,20241211,000000,9.2,9.265,9.15,9.17,110047,0
3069.HK,D,20241212,000000,9.15,9.215,9.125,9.18,133200,0
3069.HK,D,20241213,000000,9.18,9.18,8.965,8.965,42500,0
3069.HK,D,20241216,000000,8.965,8.965,8.75,8.775,50500,0
3069.HK,D,20241217,000000,8.775,8.8,8.71,8.755,354100,0
3069.HK,D,20241218,000000,8.755,8.79,8.755,8.79,7200,0
3069.HK,D,20241219,000000,8.79,8.79,8.615,8.685,159500,0
3069.HK,D,20241220,000000,8.685,8.7,8.585,8.62,1017272,0
3069.HK,D,20241223,000000,8.655,8.68,8.57,8.63,2014100,0
3069.HK,D,20241224,000000,8.63,8.745,8.61,8.715,1040000,0
3069.HK,D,20241227,000000,8.72,8.72,8.605,8.615,2625300,0
3069.HK,D,20241230,000000,8.635,8.79,8.615,8.67,3695900,0
3069.HK,D,20241231,000000,8.67,8.7,8.63,8.685,2031400,0
3069.HK,D,20250102,000000,8.685,8.685,8.43,8.43,232200,0
3069.HK,D,20250103,000000,8.425,8.57,8.395,8.4,117600,0
3069.HK,D,20250106,000000,8.5,8.5,8.365,8.39,112200,0
3069.HK,D,20250107,000000,8.375,8.375,8.225,8.295,263900,0
3069.HK,D,20250108,000000,8.295,8.295,8.09,8.21,100400,0
3069.HK,D,20250109,000000,8.255,8.31,8.24,8.255,65100,0
3069.HK,D,20250110,000000,8.305,8.315,8.16,8.18,80900,0
3069.HK,D,20250113,000000,8.07,8.14,8.04,8.095,399500,0
3069.HK,D,20250114,000000,8.22,8.38,8.22,8.33,73100,0
3069.HK,D,20250115,000000,8.29,8.305,8.26,8.275,9700,0
3069.HK,D,20250116,000000,8.34,8.45,8.205,8.255,143800,0
3069.HK,D,20250117,000000,8.3,8.47,8.3,8.38,170500,0
3069.HK,D,20250120,000000,8.5,8.705,8.5,8.565,204500,0
3069.HK,D,20250121,000000,8.57,8.58,8.51,8.56,44800,0
3069.HK,D,20250122,000000,8.56,8.57,8.505,8.555,297174,0
3069.HK,D,20250123,000000,8.7,8.7,8.495,8.495,159800,0
3069.HK,D,20250124,000000,8.54,8.75,8.54,8.65,160000,0
3069.HK,D,20250127,000000,8.755,8.765,8.725,8.745,59700,0
3069.HK,D,20250128,000000,8.755,8.79,8.705,8.79,29300,0
3069.HK,D,20250203,000000,8.6,8.715,8.45,8.705,133500,0
3069.HK,D,20250204,000000,8.705,8.925,8.705,8.91,54600,0
3069.HK,D,20250205,000000,8.785,8.895,8.76,8.82,53500,0
3069.HK,D,20250206,000000,8.91,9.2,8.91,9.165,437400,0
3069.HK,D,20250207,000000,9.165,9.29,9.15,9.18,318300,0
3069.HK,D,20250210,000000,9.27,9.365,9.265,9.325,240300,0
3069.HK,D,20250211,000000,9.305,9.305,9.12,9.145,194300,0
3069.HK,D,20250212,000000,9.21,9.21,9.11,9.16,411837,0
3069.HK,D,20250213,000000,9.2,9.33,9.03,9.03,221600,0
3069.HK,D,20250214,000000,9.2,9.715,9.2,9.705,2511200,0
3069.HK,D,20250217,000000,10.15,10.15,9.6,9.745,969300,0
3069.HK,D,20250218,000000,9.82,9.98,9.74,9.905,578900,0
3069.HK,D,20250219,000000,9.95,10.1,9.785,10.02,495500,0
3069.HK,D,20250220,000000,10.05,10.24,9.975,10.09,582100,0
3069.HK,D,20250221,000000,10.3,10.61,10.21,10.59,774144,0
3069.HK,D,20250224,000000,10.7,10.7,10.25,10.35,1037200,0
3069.HK,D,20250225,000000,10.18,10.45,10.02,10.32,746500,0
3069.HK,D,20250226,000000,10.32,10.69,10.28,10.6,965700,0
3069.HK,D,20250227,000000,10.6,10.81,10.38,10.63,2968500,0
3069.HK,D,20250228,000000,10.65,10.69,10.1,10.17,1785500,0
3069.HK,D,20250303,000000,10.21,10.32,9.98,10.1,1273200,0
3069.HK,D,20250304,000000,10.02,10.11,9.78,10.08,1354600,0
3069.HK,D,20250305,000000,10.21,10.35,10.12,10.32,1515000,0
3069.HK,D,20250306,000000,10.44,10.6,10.4,10.47,515700,0
3069.HK,D,20250307,000000,10.45,10.62,10.31,10.41,1720300,0
3069.HK,D,20250310,000000,10.48,10.52,10.12,10.19,1492100,0
3069.HK,D,20250311,000000,10.09,10.41,10.05,10.39,2472300,0
3069.HK,D,20250312,000000,10.42,10.43,10.17,10.22,1666529,0
3069.HK,D,20250313,000000,10.39,10.47,10.07,10.21,1863100,0
3069.HK,D,20250314,000000,10.21,10.76,10.21,10.65,1538000,0
3069.HK,D,20250317,000000,10.71,10.77,10.55,10.64,1259900,0
3069.HK,D,20250318,000000,10.84,11.05,10.84,10.91,1706300,0
3069.HK,D,20250319,000000,10.91,11.11,10.91,11.08,383000,0
3069.HK,D,20250320,000000,11.11,11.2,11.01,11.14,1122700,0
3069.HK,D,20250321,000000,11.06,11.06,10.55,10.68,1729082,0
3069.HK,D,20250324,000000,10.63,10.76,10.47,10.59,1214600,0
3069.HK,D,20250325,000000,10.62,10.62,10.35,10.42,2050500,0
3069.HK,D,20250326,000000,10.42,10.47,10.31,10.45,1023000,0
3069.HK,D,20250327,000000,10.5,11.07,10.33,11.04,2098400,0
3069.HK,D,20250328,000000,11.05,11.42,11.04,11.12,1624100,0
3069.HK,D,20250331,000000,11.08,11.33,10.9,11.2,325800,0
3069.HK,D,20250401,000000,11.2,11.92,11.2,11.61,3116400,0
3069.HK,D,20250402,000000,11.6,11.74,11.43,11.58,530200,0
3069.HK,D,20250403,000000,11.25,11.65,11.17,11.39,565000,0
3069.HK,D,20250407,000000,10.82,10.82,9.18,9.185,3000400,0
3069.HK,D,20250408,000000,9.17,9.6,9.16,9.49,2067804,0
3069.HK,D,20250409,000000,9.2,9.765,8.75,9.66,5555900,0
3069.HK,D,20250410,000000,10,10.21,9.83,9.92,613567,0
3069.HK,D,20250411,000000,9.945,10.38,9.945,10.33,1206586,0
3069.HK,D,20250414,000000,10.33,10.82,10.33,10.74,423300,0
3069.HK,D,20250415,000000,10.74,10.95,10.59,10.64,401100,0
3069.HK,D,20250416,000000,10.51,10.51,10.15,10.25,2249100,0
3069.HK,D,20250417,000000,10.24,10.45,10.24,10.42,342000,0
