<TICKER>,<PER>,<DATE>,<TIME>,<OPEN>,<HIGH>,<LOW>,<CLOSE>,<VOL>,<OPENINT>
3109.HK,D,20210210,000000,15.88,15.88,15.44,15.76,1654100,0
3109.HK,D,20210211,000000,15.78,15.8,15.65,15.79,360200,0
3109.HK,D,20210216,000000,16.12,16.5,16,16.33,929700,0
3109.HK,D,20210217,000000,16.32,16.33,16.02,16.3,443600,0
3109.HK,D,20210218,000000,16.4,16.4,15.58,15.6,1649000,0
3109.HK,D,20210219,000000,15.8,15.8,15.25,15.64,434200,0
3109.HK,D,20210222,000000,15.64,15.66,15.01,15.06,563200,0
3109.HK,D,20210223,000000,15.07,15.21,15,15.12,209400,0
3109.HK,D,20210224,000000,15.15,15.21,14.8,14.82,234500,0
3109.HK,D,20210225,000000,14.89,14.95,14.7,14.72,188600,0
3109.HK,D,20210226,000000,14.5,14.58,14.32,14.36,331500,0
3109.HK,D,20210301,000000,14.52,14.76,14.52,14.75,139800,0
3109.HK,D,20210302,000000,14.9,14.9,14.5,14.62,163100,0
3109.HK,D,20210303,000000,14.63,14.81,14.55,14.8,91900,0
3109.HK,D,20210304,000000,14.66,14.66,14.38,14.45,247300,0
3109.HK,D,20210305,000000,14.35,14.49,14.15,14.39,135500,0
3109.HK,D,20210308,000000,14.38,14.39,13.65,13.65,172700,0
3109.HK,D,20210309,000000,13.66,13.7,13.19,13.26,219300,0
3109.HK,D,20210310,000000,13.63,13.63,13.23,13.38,70200,0
3109.HK,D,20210311,000000,13.38,13.83,13.31,13.76,159000,0
3109.HK,D,20210312,000000,13.76,13.76,13.5,13.5,59600,0
3109.HK,D,20210315,000000,13.5,13.5,13.07,13.2,71300,0
3109.HK,D,20210316,000000,13.3,13.3,13.15,13.23,9900,0
3109.HK,D,20210317,000000,13.3,13.4,13.3,13.4,54300,0
3109.HK,D,20210318,000000,13.52,13.58,13.4,13.4,17900,0
3109.HK,D,20210319,000000,13.35,13.35,13.2,13.28,28900,0
3109.HK,D,20210322,000000,13.28,13.44,13.28,13.43,42300,0
3109.HK,D,20210323,000000,13.44,13.54,13.38,13.38,9600,0
3109.HK,D,20210324,000000,13.38,13.44,13.14,13.15,53900,0
3109.HK,D,20210325,000000,13.07,13.24,13.07,13.15,73700,0
3109.HK,D,20210326,000000,13.33,13.51,13.33,13.5,23400,0
3109.HK,D,20210329,000000,13.5,13.5,13.36,13.36,22900,0
3109.HK,D,20210330,000000,13.37,13.4,13.27,13.33,33200,0
3109.HK,D,20210331,000000,13.33,13.33,13.18,13.26,4800,0
3109.HK,D,20210401,000000,13.26,13.56,13.26,13.56,9300,0
3109.HK,D,20210407,000000,13.56,13.92,13.56,13.91,75300,0
3109.HK,D,20210408,000000,13.9,13.9,13.78,13.86,25200,0
3109.HK,D,20210409,000000,13.86,13.86,13.63,13.67,40600,0
3109.HK,D,20210412,000000,13.66,13.66,13.33,13.35,19900,0
3109.HK,D,20210413,000000,13.36,13.43,13.33,13.33,36600,0
3109.HK,D,20210414,000000,13.44,13.47,13.43,13.47,32100,0
3109.HK,D,20210415,000000,13.47,13.56,13.37,13.54,111100,0
3109.HK,D,20210416,000000,13.64,13.69,13.48,13.69,63900,0
3109.HK,D,20210419,000000,13.76,14.01,13.76,14.01,194800,0
3109.HK,D,20210420,000000,14.01,14.11,13.98,13.98,228100,0
3109.HK,D,20210421,000000,13.88,13.9,13.88,13.9,3100,0
3109.HK,D,20210422,000000,14,14.18,14,14.11,25800,0
3109.HK,D,20210423,000000,14.14,14.29,14.14,14.2,44400,0
3109.HK,D,20210426,000000,14.26,14.44,14.17,14.17,51100,0
3109.HK,D,20210427,000000,14.1,14.23,14.1,14.23,13600,0
3109.HK,D,20210428,000000,14.23,14.38,14.23,14.3,11300,0
3109.HK,D,20210429,000000,14.52,14.52,14.3,14.41,74300,0
3109.HK,D,20210430,000000,14.27,14.37,14.27,14.35,17300,0
3109.HK,D,20210503,000000,14.35,14.35,14.11,14.11,33600,0
3109.HK,D,20210504,000000,14.2,14.2,14.18,14.2,5300,0
3109.HK,D,20210505,000000,14.14,14.2,14.14,14.14,10500,0
3109.HK,D,20210506,000000,14.14,14.31,14.14,14.31,29200,0
3109.HK,D,20210507,000000,14.07,14.3,13.78,13.78,27900,0
3109.HK,D,20210510,000000,13.79,13.79,13.69,13.71,200,0
3109.HK,D,20210511,000000,13.67,13.77,13.57,13.73,67200,0
3109.HK,D,20210512,000000,13.85,13.98,13.73,13.98,13100,0
3109.HK,D,20210513,000000,13.98,14.03,13.85,13.85,11100,0
3109.HK,D,20210514,000000,13.97,14.27,13.95,14.26,34900,0
3109.HK,D,20210517,000000,14.4,14.61,14.4,14.47,19100,0
3109.HK,D,20210518,000000,14.44,14.52,14.38,14.46,31800,0
3109.HK,D,20210520,000000,14.5,14.6,14.49,14.51,30900,0
3109.HK,D,20210521,000000,14.61,14.62,14.31,14.31,95700,0
3109.HK,D,20210524,000000,14.48,14.52,14.48,14.52,10200,0
3109.HK,D,20210525,000000,14.53,15.15,14.53,15.15,162500,0
3109.HK,D,20210526,000000,15.18,15.18,14.98,14.99,24900,0
3109.HK,D,20210527,000000,15.08,15.42,15.08,15.37,63000,0
3109.HK,D,20210528,000000,15.4,15.56,15.2,15.22,46500,0
3109.HK,D,20210531,000000,15.22,15.9,15.22,15.9,123700,0
3109.HK,D,20210601,000000,15.85,16.07,15.72,15.96,135100,0
3109.HK,D,20210602,000000,15.88,15.88,15.6,15.6,33100,0
3109.HK,D,20210603,000000,15.6,15.76,15.4,15.4,52300,0
3109.HK,D,20210604,000000,15.4,15.76,15.4,15.6,32300,0
3109.HK,D,20210607,000000,15.74,15.8,15.6,15.62,26000,0
3109.HK,D,20210608,000000,15.62,15.82,15.48,15.49,7800,0
3109.HK,D,20210609,000000,15.55,15.7,15.55,15.59,11000,0
3109.HK,D,20210610,000000,15.69,15.9,15.69,15.88,52900,0
3109.HK,D,20210611,000000,15.88,15.9,15.68,15.77,39200,0
3109.HK,D,20210615,000000,15.7,16,15.7,15.81,14200,0
3109.HK,D,20210616,000000,15.25,15.81,15.1,15.35,68300,0
3109.HK,D,20210617,000000,15.35,16.02,15.35,16,181800,0
3109.HK,D,20210618,000000,16.07,16.25,16.05,16.2,112300,0
3109.HK,D,20210621,000000,16.13,16.43,16.11,16.41,185300,0
3109.HK,D,20210622,000000,16.43,16.5,16.27,16.3,75400,0
3109.HK,D,20210623,000000,16.49,16.75,16.4,16.59,278800,0
3109.HK,D,20210624,000000,16.6,16.6,16.19,16.33,87000,0
3109.HK,D,20210625,000000,16.7,16.7,16.35,16.62,93900,0
3109.HK,D,20210628,000000,16.92,16.99,16.85,16.93,113400,0
3109.HK,D,20210629,000000,16.9,17.03,16.75,16.95,36400,0
3109.HK,D,20210630,000000,16.99,17.38,16.99,17.22,295000,0
3109.HK,D,20210702,000000,16.8,16.8,16.58,16.64,177700,0
3109.HK,D,20210705,000000,16.84,17.17,16.84,17.1,253200,0
3109.HK,D,20210706,000000,17.06,17.2,16.47,16.71,96200,0
3109.HK,D,20210707,000000,16.59,17.12,16.47,17.11,295200,0
3109.HK,D,20210708,000000,17.2,17.45,17.2,17.34,288500,0
3109.HK,D,20210709,000000,17.39,17.5,16.6,17.04,173700,0
3109.HK,D,20210712,000000,18,18,17.1,17.35,99600,0
3109.HK,D,20210713,000000,17.64,17.64,17.11,17.26,36500,0
3109.HK,D,20210714,000000,17.05,17.13,16.79,16.79,132300,0
3109.HK,D,20210715,000000,16.87,16.95,16.7,16.95,133500,0
3109.HK,D,20210716,000000,16.98,16.99,16.51,16.51,107100,0
3109.HK,D,20210719,000000,16.5,16.5,16.27,16.36,151700,0
3109.HK,D,20210720,000000,16.34,16.52,16.29,16.52,172300,0
3109.HK,D,20210721,000000,16.74,17.08,16.74,16.99,122700,0
3109.HK,D,20210722,000000,17,17.26,16.81,17.24,109400,0
3109.HK,D,20210723,000000,17.19,17.19,16.86,16.99,160500,0
3109.HK,D,20210726,000000,16.99,16.99,16.2,16.75,214900,0
3109.HK,D,20210727,000000,17.06,17.68,16.06,16.29,748300,0
3109.HK,D,20210728,000000,16.53,16.73,15.95,16.3,488200,0
3109.HK,D,20210729,000000,16.7,17.33,16.7,17.27,287700,0
3109.HK,D,20210730,000000,17.27,17.48,17.02,17.28,298000,0
3109.HK,D,20210802,000000,17.28,17.5,17.09,17.32,216900,0
3109.HK,D,20210803,000000,17.2,17.23,16.87,16.87,53300,0
3109.HK,D,20210804,000000,16.9,17.46,16.9,17.36,146700,0
3109.HK,D,20210805,000000,17.5,17.5,17.21,17.4,101400,0
3109.HK,D,20210806,000000,17.6,17.64,17.12,17.23,87700,0
3109.HK,D,20210809,000000,17.12,17.13,16.83,17.01,156700,0
3109.HK,D,20210810,000000,17.02,17.2,17,17.09,45800,0
3109.HK,D,20210811,000000,17.36,17.36,16.94,17.03,43100,0
3109.HK,D,20210812,000000,17.15,17.32,17.11,17.11,41500,0
3109.HK,D,20210813,000000,17.11,17.19,16.68,16.77,302600,0
3109.HK,D,20210816,000000,16.77,16.9,16.69,16.69,410200,0
3109.HK,D,20210817,000000,16.77,16.77,16.26,16.27,158200,0
3109.HK,D,20210818,000000,16.19,16.39,16.19,16.25,77900,0
3109.HK,D,20210819,000000,16.25,16.69,16.25,16.64,196900,0
3109.HK,D,20210820,000000,16.6,16.75,16.3,16.48,192000,0
3109.HK,D,20210823,000000,16.55,17.1,16.53,16.97,112700,0
3109.HK,D,20210824,000000,17.08,17.26,16.98,17.2,676600,0
3109.HK,D,20210825,000000,17.1,17.1,16.61,16.75,463500,0
3109.HK,D,20210826,000000,16.75,16.75,16.19,16.21,124800,0
3109.HK,D,20210827,000000,16.18,16.21,15.97,16.07,171900,0
3109.HK,D,20210830,000000,16.07,16.34,15.83,15.92,104700,0
3109.HK,D,20210831,000000,15.92,15.92,15.48,15.7,198300,0
3109.HK,D,20210901,000000,15.7,15.7,15.28,15.46,95000,0
3109.HK,D,20210902,000000,15.46,15.46,15.2,15.33,399800,0
3109.HK,D,20210903,000000,15.3,15.42,15.14,15.3,158800,0
3109.HK,D,20210906,000000,15.3,15.73,15.28,15.71,299100,0
3109.HK,D,20210907,000000,15.7,15.73,15.6,15.72,153300,0
3109.HK,D,20210908,000000,15.65,15.65,15.28,15.35,66600,0
3109.HK,D,20210909,000000,15.34,15.4,15.18,15.24,47000,0
3109.HK,D,20210910,000000,15.28,15.65,15.22,15.65,86000,0
3109.HK,D,20210913,000000,15.51,15.51,15.14,15.17,120100,0
3109.HK,D,20210914,000000,15.1,15.34,15.1,15.22,101500,0
3109.HK,D,20210915,000000,15.08,15.1,15,15.05,53500,0
3109.HK,D,20210916,000000,14.98,15.02,14.7,14.77,171000,0
3109.HK,D,20210917,000000,14.65,14.81,14.54,14.76,74000,0
3109.HK,D,20210920,000000,14.58,14.58,14.08,14.18,125000,0
3109.HK,D,20210921,000000,14.2,14.34,14.17,14.34,17900,0
3109.HK,D,20210923,000000,14.48,14.95,14.48,14.95,104100,0
3109.HK,D,20210924,000000,15,15.14,14.9,14.91,107500,0
3109.HK,D,20210927,000000,14.97,15.18,14.78,14.88,331600,0
3109.HK,D,20210928,000000,14.85,14.9,14.67,14.67,68100,0
3109.HK,D,20210929,000000,14.5,14.7,14.5,14.58,53600,0
3109.HK,D,20210930,000000,14.65,15.3,14.65,14.89,34800,0
3109.HK,D,20211004,000000,14.64,14.71,14.58,14.65,27100,0
3109.HK,D,20211005,000000,14.41,14.58,14.41,14.58,20500,0
3109.HK,D,20211006,000000,14.5,14.54,14.5,14.54,3800,0
3109.HK,D,20211007,000000,14.76,14.76,14.69,14.74,22000,0
3109.HK,D,20211008,000000,14.9,15.09,14.83,14.85,29000,0
3109.HK,D,20211011,000000,14.92,14.93,14.6,14.61,65000,0
3109.HK,D,20211012,000000,14.7,14.7,14.2,14.22,107400,0
3109.HK,D,20211015,000000,14.5,14.79,14.5,14.72,85500,0
3109.HK,D,20211018,000000,14.8,14.8,14.49,14.57,83100,0
3109.HK,D,20211019,000000,14.6,14.84,14.6,14.82,38100,0
3109.HK,D,20211020,000000,15,15,14.8,14.9,51100,0
3109.HK,D,20211021,000000,14.9,14.95,14.71,14.79,81300,0
3109.HK,D,20211022,000000,14.84,14.94,14.79,14.9,50800,0
3109.HK,D,20211025,000000,14.9,15.02,14.8,15,140800,0
3109.HK,D,20211026,000000,15,15.15,14.97,14.97,87100,0
3109.HK,D,20211027,000000,14.95,14.95,14.77,14.84,70800,0
3109.HK,D,20211028,000000,14.88,14.88,14.77,14.87,218200,0
3109.HK,D,20211029,000000,14.87,15.32,14.87,15.3,187300,0
3109.HK,D,20211101,000000,15.3,15.47,15.09,15.4,179500,0
3109.HK,D,20211102,000000,15.53,15.53,15.21,15.29,160800,0
3109.HK,D,20211103,000000,15.29,15.43,15.15,15.3,69700,0
3109.HK,D,20211104,000000,15.44,15.57,15.43,15.46,245016,0
3109.HK,D,20211105,000000,15.43,15.51,15.31,15.31,132900,0
3109.HK,D,20211108,000000,15.3,15.39,15.2,15.34,50700,0
3109.HK,D,20211109,000000,15.43,15.64,15.43,15.6,36000,0
3109.HK,D,20211110,000000,15.59,15.68,15.39,15.66,64300,0
3109.HK,D,20211111,000000,15.61,15.77,15.55,15.7,103600,0
3109.HK,D,20211112,000000,15.63,15.85,15.63,15.82,416400,0
3109.HK,D,20211115,000000,15.82,15.82,15.7,15.74,48300,0
3109.HK,D,20211116,000000,15.66,15.75,15.62,15.67,85500,0
3109.HK,D,20211117,000000,15.66,15.8,15.55,15.78,21800,0
3109.HK,D,20211118,000000,15.61,15.7,15.52,15.58,34900,0
3109.HK,D,20211119,000000,15.6,15.96,15.6,15.93,193700,0
3109.HK,D,20211122,000000,16.06,16.33,16.06,16.28,164900,0
3109.HK,D,20211123,000000,16.26,16.27,16.14,16.23,25400,0
3109.HK,D,20211124,000000,16.2,16.28,16.13,16.18,81900,0
3109.HK,D,20211125,000000,16.15,16.15,16.07,16.12,7100,0
3109.HK,D,20211126,000000,16.01,16.01,15.84,15.95,112800,0
3109.HK,D,20211129,000000,15.96,16.18,15.96,16.14,65500,0
3109.HK,D,20211130,000000,16.15,16.24,16.07,16.18,51200,0
3109.HK,D,20211201,000000,16.19,16.19,15.98,15.98,38700,0
3109.HK,D,20211202,000000,15.97,15.98,15.7,15.7,46200,0
3109.HK,D,20211203,000000,15.71,15.8,15.67,15.77,234100,0
3109.HK,D,20211206,000000,15.77,15.77,15.38,15.38,85400,0
3109.HK,D,20211207,000000,15.44,15.45,15.1,15.2,83700,0
3109.HK,D,20211208,000000,15.34,15.59,15.34,15.59,63900,0
3109.HK,D,20211209,000000,15.58,15.78,15.57,15.76,56300,0
3109.HK,D,20211210,000000,15.62,15.73,15.58,15.59,165916,0
3109.HK,D,20211213,000000,15.61,15.83,15.61,15.74,60300,0
3109.HK,D,20211214,000000,15.77,15.78,15.74,15.74,6200,0
3109.HK,D,20211215,000000,15.74,15.74,15.54,15.54,44900,0
3109.HK,D,20211216,000000,15.46,15.61,15.46,15.59,15200,0
3109.HK,D,20211217,000000,15.47,15.5,15.18,15.18,141600,0
3109.HK,D,20211220,000000,15.12,15.15,14.79,14.79,108900,0
3109.HK,D,20211221,000000,14.95,14.99,14.82,14.96,39600,0
3109.HK,D,20211222,000000,14.96,15.1,14.96,14.99,17000,0
3109.HK,D,20211223,000000,14.9,15.04,14.9,15.02,28700,0
3109.HK,D,20211224,000000,14.98,15.02,14.8,14.84,14100,0
3109.HK,D,20211228,000000,14.85,14.99,14.85,14.98,72800,0
3109.HK,D,20211229,000000,14.98,14.98,14.73,14.76,45700,0
3109.HK,D,20211230,000000,14.86,15.1,14.85,14.97,37300,0
3109.HK,D,20211231,000000,15.11,15.21,15.11,15.21,1500,0
3109.HK,D,20220103,000000,15.5,15.5,15.2,15.32,11200,0
3109.HK,D,20220104,000000,15.15,15.15,14.82,14.83,23900,0
3109.HK,D,20220105,000000,14.86,14.86,14.5,14.58,24800,0
3109.HK,D,20220106,000000,14.2,14.49,14.2,14.49,95800,0
3109.HK,D,20220107,000000,14.48,14.48,14.21,14.21,39100,0
3109.HK,D,20220110,000000,14.5,14.5,14.15,14.39,34000,0
3109.HK,D,20220111,000000,14.4,14.4,14.06,14.08,75100,0
3109.HK,D,20220112,000000,14.27,14.44,14.2,14.41,78000,0
3109.HK,D,20220113,000000,14.28,14.34,14.14,14.16,36100,0
3109.HK,D,20220114,000000,14.22,14.42,14.22,14.38,34200,0
3109.HK,D,20220117,000000,14.48,14.73,14.48,14.72,54300,0
3109.HK,D,20220118,000000,14.73,14.88,14.73,14.75,29000,0
3109.HK,D,20220119,000000,14.68,14.68,14.54,14.56,6300,0
3109.HK,D,20220120,000000,14.56,14.56,14.35,14.35,48400,0
3109.HK,D,20220121,000000,14.3,14.42,14.19,14.2,116700,0
3109.HK,D,20220124,000000,14.2,14.45,14.2,14.4,27500,0
3109.HK,D,20220125,000000,14.29,14.29,13.97,14.02,20100,0
3109.HK,D,20220126,000000,13.97,14.05,13.93,14.02,27000,0
3109.HK,D,20220127,000000,13.9,13.9,13.58,13.58,63000,0
3109.HK,D,20220128,000000,13.66,13.66,13.35,13.35,49800,0
3109.HK,D,20220131,000000,13.46,13.52,13.46,13.47,1500,0
3109.HK,D,20220204,000000,13.65,13.7,13.61,13.68,70600,0
3109.HK,D,20220207,000000,13.67,13.75,13.45,13.47,30400,0
3109.HK,D,20220208,000000,13.47,13.47,13.07,13.18,52400,0
3109.HK,D,20220209,000000,13.2,13.26,13.13,13.22,7500,0
3109.HK,D,20220210,000000,13.14,13.14,13,13.06,44900,0
3109.HK,D,20220211,000000,13,13.06,12.86,12.86,151200,0
3109.HK,D,20220214,000000,12.86,12.97,12.8,12.89,48300,0
3109.HK,D,20220215,000000,12.9,13.21,12.9,13.21,10300,0
3109.HK,D,20220216,000000,13.27,13.27,13.19,13.22,29200,0
3109.HK,D,20220217,000000,13.22,13.45,13.22,13.35,11400,0
3109.HK,D,20220218,000000,13.22,13.25,13.21,13.24,25600,0
3109.HK,D,20220221,000000,13.2,13.29,13.15,13.15,30700,0
3109.HK,D,20220222,000000,12.98,13.02,12.86,13.02,46000,0
3109.HK,D,20220223,000000,13.22,13.61,13.22,13.61,83900,0
3109.HK,D,20220224,000000,13.52,13.58,13.3,13.4,10300,0
3109.HK,D,20220225,000000,13.6,13.84,13.57,13.74,14800,0
3109.HK,D,20220228,000000,13.74,13.85,13.66,13.85,17400,0
3109.HK,D,20220301,000000,13.78,13.78,13.65,13.65,85900,0
3109.HK,D,20220302,000000,13.52,13.57,13.51,13.52,81900,0
3109.HK,D,20220303,000000,13.45,13.47,13.35,13.35,8700,0
3109.HK,D,20220304,000000,13.41,13.41,13.18,13.18,42300,0
3109.HK,D,20220307,000000,12.93,13.03,12.79,12.79,358100,0
3109.HK,D,20220308,000000,12.8,12.88,12.48,12.48,132500,0
3109.HK,D,20220309,000000,12.65,12.65,12.06,12.41,320000,0
3109.HK,D,20220310,000000,12.65,12.66,12.65,12.66,10000,0
3109.HK,D,20220311,000000,12.43,12.82,12.4,12.81,25900,0
3109.HK,D,20220314,000000,12.59,12.59,12.17,12.18,710800,0
3109.HK,D,20220315,000000,12,12.42,11.75,11.75,241600,0
3109.HK,D,20220316,000000,11.78,12.39,11.78,12.39,141700,0
3109.HK,D,20220317,000000,12.59,12.73,12.54,12.6,171300,0
3109.HK,D,20220318,000000,12.56,12.56,12.36,12.51,190400,0
3109.HK,D,20220321,000000,12.65,12.68,12.51,12.59,46700,0
3109.HK,D,20220322,000000,12.55,12.55,12.45,12.45,22800,0
3109.HK,D,20220323,000000,12.45,12.6,12.43,12.43,135000,0
3109.HK,D,20220324,000000,12.3,12.44,12.29,12.35,117900,0
3109.HK,D,20220325,000000,12.41,12.41,12.06,12.06,25400,0
3109.HK,D,20220328,000000,12,12.02,11.87,11.87,64800,0
3109.HK,D,20220329,000000,11.94,11.95,11.76,11.76,16200,0
3109.HK,D,20220330,000000,11.95,12.16,11.95,12.16,48700,0
3109.HK,D,20220331,000000,12.09,12.09,12.02,12.02,400,0
3109.HK,D,20220401,000000,11.88,12,11.88,11.96,10084,0
3109.HK,D,20220404,000000,11.92,11.94,11.92,11.94,1900,0
3109.HK,D,20220406,000000,11.94,11.94,11.5,11.5,194500,0
3109.HK,D,20220407,000000,11.5,11.54,11.31,11.35,72300,0
3109.HK,D,20220408,000000,11.35,11.35,11.14,11.27,17300,0
3109.HK,D,20220411,000000,11.12,11.12,10.82,10.82,38000,0
3109.HK,D,20220412,000000,10.83,10.83,10.65,10.82,28200,0
3109.HK,D,20220413,000000,10.82,10.82,10.56,10.57,44200,0
3109.HK,D,20220414,000000,10.54,10.6,10.46,10.6,220100,0
3109.HK,D,20220419,000000,10.86,11,10.77,10.77,13000,0
3109.HK,D,20220420,000000,10.72,10.76,10.54,10.54,65400,0
3109.HK,D,20220421,000000,10.6,10.6,10.25,10.27,180350,0
3109.HK,D,20220422,000000,10.26,10.26,10.08,10.09,39800,0
3109.HK,D,20220425,000000,9.8,9.805,9.345,9.345,85000,0
3109.HK,D,20220426,000000,10,10,9.165,9.19,117800,0
3109.HK,D,20220427,000000,9.135,9.66,9.02,9.61,129800,0
3109.HK,D,20220428,000000,9.61,9.61,9.4,9.545,22400,0
3109.HK,D,20220429,000000,9.55,10.06,9.5,10.01,122800,0
3109.HK,D,20220503,000000,9.78,9.84,9.75,9.775,10600,0
3109.HK,D,20220504,000000,9.825,9.83,9.795,9.83,2800,0
3109.HK,D,20220505,000000,9.83,10.18,9.83,10.01,90800,0
3109.HK,D,20220506,000000,9.795,9.93,9.785,9.81,67200,0
3109.HK,D,20220510,000000,9.81,10.18,9.8,10.06,56500,0
3109.HK,D,20220511,000000,10.45,10.65,10.4,10.4,77900,0
3109.HK,D,20220512,000000,10.41,10.54,10.41,10.42,39500,0
3109.HK,D,20220513,000000,10.34,10.38,10.28,10.37,86900,0
3109.HK,D,20220516,000000,10.38,10.38,10.17,10.17,23700,0
3109.HK,D,20220517,000000,10.2,10.45,10.2,10.45,10800,0
3109.HK,D,20220518,000000,10.45,10.45,10.45,10.45,0,0
3109.HK,D,20220519,000000,10.52,10.71,10.49,10.71,22800,0
3109.HK,D,20220520,000000,10.82,10.97,10.66,10.97,28400,0
3109.HK,D,20220523,000000,10.9,11,10.82,10.96,6700,0
3109.HK,D,20220524,000000,10.86,10.86,10.4,10.49,22800,0
3109.HK,D,20220525,000000,10.51,10.52,10.43,10.51,5700,0
3109.HK,D,20220526,000000,10.27,10.43,10.27,10.38,17400,0
3109.HK,D,20220527,000000,10.5,10.5,10.25,10.31,43500,0
3109.HK,D,20220530,000000,10.32,10.49,10.31,10.49,63600,0
3109.HK,D,20220531,000000,10.45,10.87,10.44,10.86,57200,0
3109.HK,D,20220601,000000,10.76,10.76,10.68,10.71,90500,0
3109.HK,D,20220602,000000,11.28,11.29,10.92,11.28,78000,0
3109.HK,D,20220606,000000,11.7,11.94,11.37,11.75,158600,0
3109.HK,D,20220607,000000,11.73,11.73,11.53,11.65,94500,0
3109.HK,D,20220608,000000,11.6,11.74,11.44,11.61,82900,0
3109.HK,D,20220609,000000,11.39,11.39,11.2,11.29,106300,0
3109.HK,D,20220610,000000,11.18,11.5,11.18,11.46,50100,0
3109.HK,D,20220613,000000,11.24,11.24,11.11,11.21,14600,0
3109.HK,D,20220614,000000,11.01,11.07,10.74,11.06,92900,0
3109.HK,D,20220615,000000,11.18,11.18,11.03,11.04,14100,0
3109.HK,D,20220616,000000,11.27,11.35,11.09,11.11,11200,0
3109.HK,D,20220617,000000,11.24,11.41,11.24,11.4,27500,0
3109.HK,D,20220620,000000,11.42,11.47,11.39,11.41,8600,0
3109.HK,D,20220621,000000,11.3,11.44,11.24,11.26,7700,0
3109.HK,D,20220622,000000,11.26,11.28,10.98,10.99,6700,0
3109.HK,D,20220623,000000,11.3,11.3,11,11.29,12900,0
3109.HK,D,20220624,000000,11.45,11.57,11.41,11.52,34500,0
3109.HK,D,20220627,000000,11.71,11.72,11.54,11.55,76100,0
3109.HK,D,20220628,000000,11.47,11.72,11.45,11.69,7700,0
3109.HK,D,20220629,000000,11.69,11.69,11.34,11.38,33700,0
3109.HK,D,20220630,000000,11.42,11.62,11.4,11.48,29400,0
3109.HK,D,20220704,000000,11.4,11.4,11.25,11.39,18700,0
3109.HK,D,20220705,000000,11.45,11.45,11.28,11.31,6300,0
3109.HK,D,20220706,000000,11.45,11.52,11.43,11.46,26300,0
3109.HK,D,20220707,000000,11.46,11.62,11.46,11.62,13600,0
3109.HK,D,20220708,000000,11.55,11.64,11.49,11.51,15700,0
3109.HK,D,20220711,000000,11.41,11.41,11.14,11.24,59600,0
3109.HK,D,20220712,000000,11.03,11.03,10.88,10.89,33700,0
3109.HK,D,20220713,000000,10.9,10.96,10.86,10.91,77300,0
3109.HK,D,20220714,000000,10.91,11.22,10.91,11.16,34700,0
3109.HK,D,20220715,000000,11.09,11.09,11.01,11.01,31000,0
3109.HK,D,20220718,000000,10.95,11.1,10.92,11.03,62700,0
3109.HK,D,20220719,000000,11.09,11.09,10.87,10.92,3100,0
3109.HK,D,20220720,000000,10.92,11.13,10.92,11.1,2200,0
3109.HK,D,20220721,000000,11.21,11.32,11.18,11.18,289700,0
3109.HK,D,20220722,000000,11.23,11.23,11.15,11.15,3200,0
3109.HK,D,20220725,000000,11.15,11.15,11.01,11.02,3400,0
3109.HK,D,20220726,000000,11.11,11.13,11.11,11.13,15900,0
3109.HK,D,20220727,000000,11.2,11.24,11.14,11.24,1500,0
3109.HK,D,20220728,000000,11.24,11.52,11.24,11.46,3400,0
3109.HK,D,20220729,000000,11.47,11.47,11.21,11.24,211300,0
3109.HK,D,20220801,000000,11.04,11.3,11.04,11.27,1600,0
3109.HK,D,20220802,000000,11.21,11.22,11.1,11.22,5200,0
3109.HK,D,20220803,000000,11.43,11.52,11.22,11.35,23700,0
3109.HK,D,20220804,000000,11.39,11.48,11.3,11.4,79400,0
3109.HK,D,20220805,000000,11.53,11.97,11.53,11.94,159600,0
3109.HK,D,20220808,000000,11.94,11.94,11.75,11.93,107300,0
3109.HK,D,20220809,000000,11.81,12.06,11.77,12.05,334800,0
3109.HK,D,20220810,000000,11.99,12.1,11.92,11.94,139800,0
3109.HK,D,20220811,000000,12.02,12.23,12,12.22,87200,0
3109.HK,D,20220812,000000,12.17,12.22,11.86,11.88,81600,0
3109.HK,D,20220815,000000,11.88,11.9,11.75,11.78,25900,0
3109.HK,D,20220816,000000,11.8,11.8,11.63,11.65,72600,0
3109.HK,D,20220817,000000,11.65,11.71,11.65,11.69,9000,0
3109.HK,D,20220818,000000,11.7,11.76,11.7,11.75,6400,0
3109.HK,D,20220819,000000,11.68,11.68,11.31,11.31,140800,0
3109.HK,D,20220822,000000,11.21,11.36,11.19,11.27,97800,0
3109.HK,D,20220823,000000,11.25,11.27,11.25,11.25,800,0
3109.HK,D,20220824,000000,11.16,11.16,10.86,10.88,30400,0
3109.HK,D,20220825,000000,10.77,10.77,10.7,10.75,5000,0
3109.HK,D,20220826,000000,10.79,10.82,10.59,10.61,10300,0
3109.HK,D,20220829,000000,10.55,10.66,10.49,10.66,9300,0
3109.HK,D,20220830,000000,10.59,10.66,10.59,10.65,9200,0
3109.HK,D,20220831,000000,10.58,10.58,10.36,10.38,31900,0
3109.HK,D,20220901,000000,10.5,10.53,10.31,10.34,104500,0
3109.HK,D,20220902,000000,10.39,10.47,10.36,10.36,61400,0
3109.HK,D,20220905,000000,10.3,10.35,10.19,10.23,115900,0
3109.HK,D,20220906,000000,10.22,10.33,10.21,10.33,7500,0
3109.HK,D,20220907,000000,10.53,10.57,10.49,10.49,27600,0
3109.HK,D,20220908,000000,10.44,10.44,10.34,10.34,26300,0
3109.HK,D,20220909,000000,10.29,10.37,10.23,10.37,11700,0
3109.HK,D,20220913,000000,10.47,10.47,10.35,10.35,5500,0
3109.HK,D,20220914,000000,10.28,10.28,10.17,10.24,47700,0
3109.HK,D,20220915,000000,10.24,10.24,9.88,9.925,106300,0
3109.HK,D,20220916,000000,9.925,10.06,9.89,9.89,17700,0
3109.HK,D,20220919,000000,9.87,9.89,9.68,9.69,31200,0
3109.HK,D,20220920,000000,9.84,9.84,9.76,9.81,13800,0
3109.HK,D,20220921,000000,9.71,9.71,9.6,9.6,90300,0
3109.HK,D,20220922,000000,9.505,9.7,9.505,9.6,14700,0
3109.HK,D,20220923,000000,9.49,9.5,9.35,9.43,130300,0
3109.HK,D,20220926,000000,9.43,9.44,9.31,9.375,10100,0
3109.HK,D,20220927,000000,9.405,9.485,9.4,9.485,9600,0
3109.HK,D,20220928,000000,9.35,9.35,9.2,9.2,21700,0
3109.HK,D,20220929,000000,9.32,9.38,9.265,9.265,7800,0
3109.HK,D,20220930,000000,9.1,9.36,9.1,9.235,118000,0
3109.HK,D,20221003,000000,9.08,9.08,8.98,9,7500,0
3109.HK,D,20221005,000000,9.705,9.715,9.595,9.705,78300,0
3109.HK,D,20221006,000000,9.665,9.68,9.665,9.665,3200,0
3109.HK,D,20221007,000000,9.435,9.44,9.435,9.435,400,0
3109.HK,D,20221010,000000,9.435,9.435,8.725,8.755,47000,0
3109.HK,D,20221011,000000,8.845,8.845,8.6,8.61,68300,0
3109.HK,D,20221012,000000,8.545,8.94,8.46,8.845,191800,0
3109.HK,D,20221013,000000,8.995,8.995,8.915,8.915,900,0
3109.HK,D,20221014,000000,8.97,9.185,8.97,9.185,28900,0
3109.HK,D,20221017,000000,9.245,9.265,9.16,9.245,2500,0
3109.HK,D,20221018,000000,9.21,9.315,9.21,9.225,22400,0
3109.HK,D,20221019,000000,9.135,9.145,9.025,9.035,41400,0
3109.HK,D,20221020,000000,8.98,9.27,8.93,9.22,12000,0
3109.HK,D,20221021,000000,9.19,9.19,9.19,9.19,2000,0
3109.HK,D,20221024,000000,9.19,9.38,9.19,9.21,205600,0
3109.HK,D,20221025,000000,9.09,9.16,9.09,9.16,13100,0
3109.HK,D,20221026,000000,9.4,9.59,9.4,9.59,23800,0
3109.HK,D,20221027,000000,9.745,9.75,9.625,9.625,7900,0
3109.HK,D,20221028,000000,9.65,9.65,9.475,9.53,24300,0
3109.HK,D,20221031,000000,9.53,9.655,9.53,9.58,13100,0
3109.HK,D,20221101,000000,9.58,9.74,9.58,9.68,18000,0
3109.HK,D,20221102,000000,9.81,9.95,9.8,9.95,68300,0
3109.HK,D,20221103,000000,9.95,9.95,9.85,9.91,48100,0
3109.HK,D,20221104,000000,9.97,10.29,9.97,10.23,111600,0
3109.HK,D,20221107,000000,10.36,10.36,10.13,10.13,117900,0
3109.HK,D,20221108,000000,10.26,10.26,10,10.01,29600,0
3109.HK,D,20221109,000000,9.98,9.98,9.96,9.96,2000,0
3109.HK,D,20221110,000000,9.83,9.83,9.72,9.72,5000,0
3109.HK,D,20221111,000000,10.14,10.18,9.99,10.02,11100,0
3109.HK,D,20221114,000000,10,10.15,10,10.02,16000,0
3109.HK,D,20221115,000000,10.15,10.33,10.15,10.33,28800,0
3109.HK,D,20221116,000000,10.29,10.3,10.11,10.11,17500,0
3109.HK,D,20221117,000000,10,10.13,9.84,10.13,26900,0
3109.HK,D,20221118,000000,10.06,10.06,9.945,9.97,73100,0
3109.HK,D,20221121,000000,9.875,9.905,9.875,9.9,8800,0
3109.HK,D,20221122,000000,9.88,9.9,9.78,9.81,23700,0
3109.HK,D,20221123,000000,9.74,9.81,9.615,9.81,11400,0
3109.HK,D,20221124,000000,9.81,9.81,9.8,9.8,2500,0
3109.HK,D,20221125,000000,9.685,9.685,9.635,9.635,10300,0
3109.HK,D,20221128,000000,9.395,9.47,9.395,9.455,8500,0
3109.HK,D,20221129,000000,9.5,9.685,9.5,9.635,16700,0
3109.HK,D,20221130,000000,9.72,9.72,9.63,9.72,21100,0
3109.HK,D,20221201,000000,9.87,9.87,9.805,9.805,8400,0
3109.HK,D,20221202,000000,9.925,9.925,9.855,9.855,4600,0
3109.HK,D,20221205,000000,9.91,9.91,9.84,9.91,80200,0
3109.HK,D,20221206,000000,9.89,9.99,9.82,9.86,88600,0
3109.HK,D,20221207,000000,9.955,9.955,9.8,9.8,70300,0
3109.HK,D,20221208,000000,9.845,9.845,9.835,9.845,4300,0
3109.HK,D,20221209,000000,9.995,9.995,9.855,9.95,64200,0
3109.HK,D,20221212,000000,9.9,9.915,9.9,9.9,10200,0
3109.HK,D,20221213,000000,9.83,9.83,9.7,9.7,11200,0
3109.HK,D,20221214,000000,9.895,9.895,9.725,9.725,47000,0
3109.HK,D,20221215,000000,9.725,9.75,9.7,9.72,54500,0
3109.HK,D,20221216,000000,9.605,9.605,9.57,9.575,11400,0
3109.HK,D,20221219,000000,9.58,9.58,9.375,9.375,29000,0
3109.HK,D,20221220,000000,9.34,9.34,9.34,9.34,100,0
3109.HK,D,20221221,000000,9.325,9.325,9.205,9.23,3400,0
3109.HK,D,20221222,000000,9.24,9.24,9.095,9.165,21700,0
3109.HK,D,20221223,000000,9.025,9.1,9.025,9.075,22200,0
3109.HK,D,20221228,000000,9.38,9.49,9.37,9.43,94300,0
3109.HK,D,20221229,000000,9.33,9.49,9.33,9.46,19200,0
3109.HK,D,20221230,000000,9.56,9.56,9.485,9.485,3500,0
3109.HK,D,20230103,000000,9.49,9.8,9.475,9.785,39900,0
3109.HK,D,20230104,000000,9.71,9.715,9.655,9.68,41900,0
3109.HK,D,20230105,000000,9.7,9.875,9.7,9.86,34900,0
3109.HK,D,20230106,000000,9.9,10.01,9.9,9.98,90800,0
3109.HK,D,20230109,000000,10.04,10.1,10.02,10.04,54300,0
3109.HK,D,20230110,000000,10.1,10.1,10.03,10.05,81700,0
3109.HK,D,20230111,000000,10.04,10.04,9.9,9.9,5900,0
3109.HK,D,20230112,000000,9.9,9.905,9.86,9.905,22000,0
3109.HK,D,20230113,000000,10,10,9.935,9.97,5200,0
3109.HK,D,20230116,000000,10,10.26,10,10.23,55400,0
3109.HK,D,20230117,000000,10.23,10.28,10.2,10.22,49100,0
3109.HK,D,20230118,000000,10.29,10.32,10.19,10.26,86800,0
3109.HK,D,20230119,000000,10.32,10.44,10.32,10.42,77700,0
3109.HK,D,20230120,000000,10.42,10.51,10.42,10.51,31800,0
3109.HK,D,20230126,000000,10.68,10.89,10.68,10.87,25600,0
3109.HK,D,20230127,000000,10.88,10.88,10.79,10.81,104200,0
3109.HK,D,20230130,000000,10.8,10.8,10.51,10.51,76900,0
3109.HK,D,20230131,000000,10.46,10.46,10.36,10.38,38800,0
3109.HK,D,20230201,000000,10.4,10.5,10.36,10.5,60500,0
3109.HK,D,20230202,000000,10.65,10.67,10.59,10.6,34600,0
3109.HK,D,20230203,000000,10.6,10.6,10.45,10.59,41800,0
3109.HK,D,20230206,000000,10.51,10.51,10.36,10.36,36300,0
3109.HK,D,20230207,000000,10.4,10.45,10.28,10.34,41900,0
3109.HK,D,20230208,000000,10.32,10.32,10.24,10.24,93800,0
3109.HK,D,20230209,000000,10.24,10.51,10.24,10.51,12800,0
3109.HK,D,20230210,000000,10.47,10.47,10.35,10.39,53600,0
3109.HK,D,20230213,000000,10.38,10.38,10.37,10.37,154400,0
3109.HK,D,20230214,000000,10.37,10.42,10.37,10.39,6700,0
3109.HK,D,20230215,000000,10.3,10.3,10.29,10.29,9400,0
3109.HK,D,20230216,000000,10.38,10.39,10.1,10.1,113500,0
3109.HK,D,20230217,000000,10.09,10.09,9.855,9.855,19400,0
3109.HK,D,20230220,000000,9.915,10.07,9.875,10.06,50200,0
3109.HK,D,20230221,000000,9.98,10.05,9.955,9.955,15800,0
3109.HK,D,20230222,000000,9.9,9.9,9.865,9.865,27300,0
3109.HK,D,20230223,000000,9.925,9.99,9.925,9.945,3700,0
3109.HK,D,20230224,000000,9.905,9.905,9.845,9.845,84300,0
3109.HK,D,20230227,000000,9.835,9.835,9.7,9.71,24900,0
3109.HK,D,20230228,000000,9.7,9.8,9.7,9.78,16900,0
3109.HK,D,20230301,000000,9.82,9.93,9.82,9.93,9000,0
3109.HK,D,20230302,000000,9.93,9.93,9.855,9.855,12000,0
3109.HK,D,20230303,000000,9.955,10.01,9.95,9.975,35800,0
3109.HK,D,20230306,000000,9.98,9.98,9.98,9.98,800,0
3109.HK,D,20230307,000000,9.94,9.94,9.805,9.82,29500,0
3109.HK,D,20230308,000000,9.77,9.83,9.77,9.83,97300,0
3109.HK,D,20230309,000000,9.9,9.9,9.8,9.8,14600,0
3109.HK,D,20230310,000000,9.8,9.845,9.725,9.835,20200,0
3109.HK,D,20230313,000000,9.9,9.97,9.825,9.935,289900,0
3109.HK,D,20230314,000000,9.91,10.16,9.91,10.12,38000,0
3109.HK,D,20230315,000000,10.18,10.21,10.08,10.08,4000,0
3109.HK,D,20230316,000000,10,10.02,9.885,9.905,61000,0
3109.HK,D,20230317,000000,10.03,10.2,10.03,10.2,51200,0
3109.HK,D,20230320,000000,10.24,10.3,10.16,10.2,172600,0
3109.HK,D,20230321,000000,10.26,10.28,10.26,10.28,5700,0
3109.HK,D,20230322,000000,10.3,10.33,10.24,10.26,43200,0
3109.HK,D,20230323,000000,10.48,10.72,10.44,10.72,131200,0
3109.HK,D,20230324,000000,10.68,10.68,10.57,10.64,60000,0
3109.HK,D,20230327,000000,10.6,10.71,10.43,10.55,162100,0
3109.HK,D,20230328,000000,10.65,10.65,10.35,10.35,26300,0
3109.HK,D,20230329,000000,10.48,10.77,10.48,10.57,80700,0
3109.HK,D,20230330,000000,10.6,10.71,10.57,10.71,73500,0
3109.HK,D,20230331,000000,10.79,10.82,10.69,10.81,23800,0
3109.HK,D,20230403,000000,10.86,11.23,10.86,11.23,114300,0
3109.HK,D,20230404,000000,11.24,11.43,11.24,11.3,77700,0
3109.HK,D,20230406,000000,11.4,11.55,11.4,11.44,52200,0
3109.HK,D,20230411,000000,11.29,11.29,11.08,11.14,87300,0
3109.HK,D,20230412,000000,11.14,11.3,11.14,11.23,11700,0
3109.HK,D,20230413,000000,11.13,11.13,10.94,10.95,41400,0
3109.HK,D,20230414,000000,11.08,11.42,11,11.42,30600,0
3109.HK,D,20230417,000000,11.37,11.41,11.35,11.35,22400,0
3109.HK,D,20230418,000000,11.22,11.3,11.12,11.3,188400,0
3109.HK,D,20230419,000000,11.37,11.47,11.31,11.31,18100,0
3109.HK,D,20230420,000000,11.45,11.64,11.45,11.64,120600,0
3109.HK,D,20230421,000000,11.69,11.7,11.12,11.12,130200,0
3109.HK,D,20230424,000000,11,11,10.85,10.91,23600,0
3109.HK,D,20230425,000000,10.86,10.86,10.64,10.69,43800,0
3109.HK,D,20230426,000000,10.69,10.69,10.56,10.58,31800,0
3109.HK,D,20230427,000000,10.5,10.65,10.5,10.63,51800,0
3109.HK,D,20230428,000000,10.75,10.75,10.67,10.75,4500,0
3109.HK,D,20230502,000000,10.87,10.87,10.66,10.73,10400,0
3109.HK,D,20230503,000000,10.55,10.55,10.55,10.55,4000,0
3109.HK,D,20230504,000000,10.72,10.72,10.56,10.56,6900,0
3109.HK,D,20230505,000000,10.55,10.55,10.46,10.46,4600,0
3109.HK,D,20230508,000000,10.46,10.58,10.41,10.51,114400,0
3109.HK,D,20230509,000000,10.29,10.38,10.29,10.29,6500,0
3109.HK,D,20230510,000000,10.3,10.3,10.1,10.13,63300,0
3109.HK,D,20230511,000000,10.2,10.2,10.12,10.13,11300,0
3109.HK,D,20230512,000000,10.24,10.24,10.05,10.05,11500,0
3109.HK,D,20230515,000000,10,10.13,9.93,10.07,87500,0
3109.HK,D,20230516,000000,10.1,10.13,10.1,10.13,2000,0
3109.HK,D,20230517,000000,10.12,10.12,10.05,10.05,20200,0
3109.HK,D,20230518,000000,10.1,10.15,10.04,10.09,53500,0
3109.HK,D,20230519,000000,10.11,10.14,10.09,10.13,4700,0
3109.HK,D,20230522,000000,10.09,10.09,10.04,10.04,31500,0
3109.HK,D,20230523,000000,9.925,9.925,9.88,9.88,8000,0
3109.HK,D,20230524,000000,9.8,9.9,9.74,9.78,74800,0
3109.HK,D,20230525,000000,9.78,9.875,9.76,9.865,18000,0
3109.HK,D,20230529,000000,10.04,10.04,9.94,9.94,5100,0
3109.HK,D,20230530,000000,9.935,10.07,9.935,10.07,18300,0
3109.HK,D,20230531,000000,10.07,10.1,10.03,10.1,35800,0
3109.HK,D,20230601,000000,10.16,10.19,10.11,10.11,17400,0
3109.HK,D,20230602,000000,10.15,10.21,10.1,10.14,16700,0
3109.HK,D,20230605,000000,10.25,10.29,10.1,10.1,13500,0
3109.HK,D,20230606,000000,9.92,10.01,9.8,9.865,13700,0
3109.HK,D,20230607,000000,9.865,9.865,9.8,9.805,8400,0
3109.HK,D,20230608,000000,9.7,9.7,9.655,9.68,16900,0
3109.HK,D,20230609,000000,9.68,9.885,9.68,9.885,7600,0
3109.HK,D,20230612,000000,9.85,9.905,9.825,9.825,15400,0
3109.HK,D,20230613,000000,9.825,9.935,9.795,9.91,117000,0
3109.HK,D,20230614,000000,9.94,9.94,9.88,9.915,97600,0
3109.HK,D,20230615,000000,9.9,9.9,9.87,9.895,4600,0
3109.HK,D,20230616,000000,10.07,10.1,10.05,10.07,31200,0
3109.HK,D,20230619,000000,10.06,10.14,10.06,10.13,114700,0
3109.HK,D,20230620,000000,9.985,10.1,9.985,10.09,1500,0
3109.HK,D,20230621,000000,10.01,10.01,9.725,9.725,6700,0
3109.HK,D,20230623,000000,9.585,9.6,9.57,9.585,62000,0
3109.HK,D,20230626,000000,9.665,9.665,9.53,9.53,27200,0
3109.HK,D,20230627,000000,9.54,9.615,9.525,9.615,27700,0
3109.HK,D,20230628,000000,9.54,9.54,9.42,9.54,76400,0
3109.HK,D,20230629,000000,9.5,9.5,9.475,9.48,29000,0
3109.HK,D,20230630,000000,9.48,9.52,9.475,9.475,9200,0
3109.HK,D,20230703,000000,9.475,9.555,9.475,9.52,10300,0
3109.HK,D,20230704,000000,9.52,9.6,9.52,9.6,6000,0
3109.HK,D,20230705,000000,9.6,9.6,9.515,9.515,37400,0
3109.HK,D,20230706,000000,9.5,9.5,9.45,9.45,12800,0
3109.HK,D,20230707,000000,9.45,9.45,9.335,9.36,94100,0
3109.HK,D,20230710,000000,9.46,9.49,9.38,9.385,2600,0
3109.HK,D,20230711,000000,9.385,9.485,9.385,9.485,5200,0
3109.HK,D,20230712,000000,9.6,9.6,9.38,9.38,15700,0
3109.HK,D,20230713,000000,9.425,9.49,9.425,9.49,4800,0
3109.HK,D,20230714,000000,9.49,9.59,9.49,9.5,14100,0
3109.HK,D,20230718,000000,9.37,9.405,9.31,9.31,110500,0
3109.HK,D,20230719,000000,9.32,9.32,9.175,9.2,39400,0
3109.HK,D,20230720,000000,9.19,9.19,9.135,9.135,6500,0
3109.HK,D,20230721,000000,9.135,9.16,9.1,9.1,12000,0
3109.HK,D,20230724,000000,9.03,9.03,8.98,8.98,10700,0
3109.HK,D,20230725,000000,9.145,9.23,9.145,9.225,12300,0
3109.HK,D,20230726,000000,9.225,9.225,9.14,9.145,136300,0
3109.HK,D,20230727,000000,9.145,9.18,9.05,9.09,28300,0
3109.HK,D,20230728,000000,9.02,9.15,8.99,9.15,113700,0
3109.HK,D,20230731,000000,9.24,9.24,9.21,9.21,133300,0
3109.HK,D,20230801,000000,9.2,9.2,9.15,9.15,12700,0
3109.HK,D,20230802,000000,9.18,9.185,9.115,9.18,15300,0
3109.HK,D,20230803,000000,9.15,9.17,9.12,9.12,23500,0
3109.HK,D,20230804,000000,9.22,9.28,9.22,9.24,2300,0
3109.HK,D,20230807,000000,9.17,9.2,9.17,9.17,16000,0
3109.HK,D,20230808,000000,9.125,9.135,9.075,9.075,78000,0
3109.HK,D,20230809,000000,9.07,9.075,9.055,9.055,2000,0
3109.HK,D,20230810,000000,9.01,9.03,9.01,9.03,17400,0
3109.HK,D,20230811,000000,8.98,8.98,8.81,8.84,29400,0
3109.HK,D,20230814,000000,8.72,8.755,8.625,8.695,30300,0
3109.HK,D,20230815,000000,8.675,8.675,8.475,8.53,9100,0
3109.HK,D,20230816,000000,8.535,8.535,8.42,8.42,17400,0
3109.HK,D,20230817,000000,8.48,8.5,8.48,8.48,24400,0
3109.HK,D,20230818,000000,8.56,8.56,8.4,8.41,31500,0
3109.HK,D,20230821,000000,8.39,8.39,8.285,8.29,11600,0
3109.HK,D,20230822,000000,8.39,8.405,8.27,8.405,11300,0
3109.HK,D,20230823,000000,8.31,8.335,8.24,8.24,50500,0
3109.HK,D,20230824,000000,8.3,8.41,8.27,8.32,47600,0
3109.HK,D,20230825,000000,8.25,8.25,8.145,8.145,7400,0
3109.HK,D,20230828,000000,8.565,8.565,8.235,8.235,52300,0
3109.HK,D,20230829,000000,8.35,8.62,8.35,8.59,87700,0
3109.HK,D,20230830,000000,8.76,8.925,8.755,8.79,205000,0
3109.HK,D,20230831,000000,8.79,8.89,8.79,8.87,72000,0
3109.HK,D,20230904,000000,8.775,8.905,8.775,8.9,160100,0
3109.HK,D,20230905,000000,8.85,8.85,8.705,8.715,152000,0
3109.HK,D,20230906,000000,8.66,8.73,8.64,8.73,15100,0
3109.HK,D,20230907,000000,8.62,8.62,8.38,8.38,201800,0
3109.HK,D,20230911,000000,8.38,8.545,8.38,8.51,43300,0
3109.HK,D,20230912,000000,8.43,8.43,8.43,8.43,400,0
3109.HK,D,20230913,000000,8.365,8.365,8.29,8.295,9500,0
3109.HK,D,20230914,000000,8.275,8.295,8.245,8.275,96300,0
3109.HK,D,20230915,000000,8.24,8.345,8.235,8.27,40200,0
3109.HK,D,20230918,000000,8.27,8.27,8.235,8.235,1600,0
3109.HK,D,20230919,000000,8.155,8.155,8.115,8.15,8900,0
3109.HK,D,20230920,000000,8.09,8.09,8.07,8.07,53400,0
3109.HK,D,20230921,000000,8.03,8.085,8.03,8.04,38300,0
3109.HK,D,20230922,000000,8.1,8.245,8.1,8.245,20900,0
3109.HK,D,20230925,000000,8.245,8.245,8.16,8.16,51000,0
3109.HK,D,20230926,000000,8.16,8.19,8.16,8.16,500,0
3109.HK,D,20230927,000000,8.19,8.2,8.18,8.18,11300,0
3109.HK,D,20230928,000000,8.2,8.28,8.2,8.28,6900,0
3109.HK,D,20230929,000000,8.39,8.39,8.39,8.39,2000,0
3109.HK,D,20231003,000000,8.18,8.19,8.18,8.185,18400,0
3109.HK,D,20231004,000000,8.125,8.125,8.125,8.125,0,0
3109.HK,D,20231005,000000,8.125,8.125,8.125,8.125,0,0
3109.HK,D,20231006,000000,8.215,8.22,8.215,8.22,5300,0
3109.HK,D,20231009,000000,8.26,8.26,8.26,8.26,200,0
3109.HK,D,20231010,000000,8.3,8.3,8.2,8.2,37200,0
3109.HK,D,20231011,000000,8.265,8.285,8.265,8.285,95000,0
3109.HK,D,20231012,000000,8.385,8.39,8.3,8.385,900,0
3109.HK,D,20231013,000000,8.3,8.3,8.29,8.29,2600,0
3109.HK,D,20231016,000000,8.16,8.185,8.1,8.115,82000,0
3109.HK,D,20231017,000000,8.115,8.15,8.115,8.15,4000,0
3109.HK,D,20231018,000000,8.13,8.13,8.1,8.1,5400,0
3109.HK,D,20231019,000000,8.125,8.155,8.08,8.09,141900,0
3109.HK,D,20231020,000000,8.05,8.05,7.99,7.99,2700,0
3109.HK,D,20231024,000000,7.885,7.93,7.81,7.9,294500,0
3109.HK,D,20231025,000000,7.92,7.925,7.88,7.895,52900,0
3109.HK,D,20231026,000000,7.825,7.89,7.805,7.89,2500,0
3109.HK,D,20231027,000000,8.025,8.025,7.9,8.025,7900,0
3109.HK,D,20231030,000000,8.01,8.11,8.01,8.11,1200,0
3109.HK,D,20231031,000000,8.1,8.105,8.07,8.1,12000,0
3109.HK,D,20231101,000000,8.075,8.075,8.045,8.045,34100,0
3109.HK,D,20231102,000000,8.08,8.08,7.95,7.955,166400,0
3109.HK,D,20231103,000000,8.05,8.13,8.05,8.13,84400,0
3109.HK,D,20231106,000000,8.24,8.33,8.24,8.33,172200,0
3109.HK,D,20231107,000000,8.315,8.315,8.315,8.315,0,0
3109.HK,D,20231108,000000,8.31,8.44,8.31,8.385,5600,0
3109.HK,D,20231109,000000,8.305,8.305,8.29,8.305,67200,0
3109.HK,D,20231110,000000,8.275,8.285,8.24,8.26,192500,0
3109.HK,D,20231113,000000,8.26,8.315,8.255,8.315,241000,0
3109.HK,D,20231114,000000,8.3,8.395,8.3,8.375,43800,0
3109.HK,D,20231115,000000,8.455,8.455,8.42,8.42,96000,0
3109.HK,D,20231116,000000,8.415,8.415,8.195,8.2,12600,0
3109.HK,D,20231117,000000,8.27,8.27,8.27,8.27,0,0
3109.HK,D,20231120,000000,8.27,8.39,8.27,8.39,2900,0
3109.HK,D,20231121,000000,8.415,8.43,8.335,8.335,21400,0
3109.HK,D,20231122,000000,8.225,8.225,8.225,8.225,0,0
3109.HK,D,20231123,000000,8.305,8.305,8.295,8.305,1000,0
3109.HK,D,20231124,000000,8.14,8.155,8.14,8.14,300,0
3109.HK,D,20231127,000000,8.14,8.18,8.14,8.18,500,0
3109.HK,D,20231128,000000,8.18,8.18,8.16,8.18,200,0
3109.HK,D,20231129,000000,8.18,8.18,8.18,8.18,0,0
3109.HK,D,20231130,000000,8.18,8.18,8.17,8.18,50800,0
3109.HK,D,20231201,000000,8.12,8.155,8.12,8.155,7600,0
3109.HK,D,20231204,000000,8.21,8.21,8.15,8.15,3000,0
3109.HK,D,20231205,000000,8.12,8.12,7.975,7.975,55000,0
3109.HK,D,20231206,000000,7.97,8.005,7.955,8.005,12100,0
3109.HK,D,20231207,000000,7.96,7.98,7.92,7.98,18000,0
3109.HK,D,20231208,000000,8,8.15,8,8.13,141200,0
3109.HK,D,20231211,000000,8.06,8.21,8.06,8.195,6400,0
3109.HK,D,20231212,000000,8.195,8.195,8.15,8.15,1400,0
3109.HK,D,20231213,000000,8.11,8.11,8.035,8.04,11700,0
3109.HK,D,20231214,000000,8.125,8.125,8.08,8.08,3000,0
3109.HK,D,20231215,000000,8.08,8.08,8,8.005,129700,0
3109.HK,D,20231218,000000,7.92,7.97,7.92,7.92,26000,0
3109.HK,D,20231219,000000,7.92,7.935,7.9,7.925,5500,0
3109.HK,D,20231220,000000,7.91,7.91,7.865,7.865,7600,0
3109.HK,D,20231221,000000,8.005,8.005,7.965,8.005,8400,0
3109.HK,D,20231222,000000,8.01,8.01,7.895,7.915,5400,0
3109.HK,D,20231227,000000,7.8,7.82,7.8,7.805,19400,0
3109.HK,D,20231228,000000,7.95,8.045,7.95,8.045,20500,0
3109.HK,D,20231229,000000,8.1,8.1,8.085,8.095,15300,0
3109.HK,D,20240102,000000,7.89,7.89,7.89,7.89,100,0
3109.HK,D,20240103,000000,7.83,7.83,7.81,7.81,9400,0
3109.HK,D,20240104,000000,7.81,7.81,7.69,7.72,17300,0
3109.HK,D,20240105,000000,7.7,7.705,7.52,7.565,49800,0
3109.HK,D,20240108,000000,7.55,7.55,7.315,7.315,20700,0
3109.HK,D,20240109,000000,7.45,7.45,7.34,7.34,10200,0
3109.HK,D,20240110,000000,7.34,7.38,7.3,7.3,25300,0
3109.HK,D,20240111,000000,7.305,7.4,7.305,7.4,600,0
3109.HK,D,20240112,000000,7.4,7.4,7.315,7.315,9200,0
3109.HK,D,20240115,000000,7.36,7.36,7.215,7.215,14100,0
3109.HK,D,20240116,000000,7.145,7.24,7.095,7.24,79200,0
3109.HK,D,20240117,000000,7.165,7.165,7.085,7.085,36500,0
3109.HK,D,20240118,000000,7,7.115,7,7.115,11600,0
3109.HK,D,20240119,000000,7.15,7.15,7.15,7.15,0,0
3109.HK,D,20240122,000000,6.89,7.07,6.875,6.89,242100,0
3109.HK,D,20240123,000000,6.91,7.03,6.91,7.02,269700,0
3109.HK,D,20240124,000000,6.925,7.1,6.875,7.1,10500,0
3109.HK,D,20240125,000000,7.035,7.2,7.035,7.2,56200,0
3109.HK,D,20240126,000000,6.99,7.085,6.99,6.99,48000,0
3109.HK,D,20240129,000000,6.99,6.99,6.805,6.805,7300,0
3109.HK,D,20240130,000000,6.7,6.7,6.49,6.49,7600,0
3109.HK,D,20240131,000000,6.39,6.5,6.39,6.39,82900,0
3109.HK,D,20240201,000000,6.48,6.505,6.48,6.48,119200,0
3109.HK,D,20240202,000000,6.35,6.36,6.125,6.35,498800,0
3109.HK,D,20240205,000000,6.165,6.42,6.09,6.29,167500,0
3109.HK,D,20240206,000000,6.4,6.77,6.4,6.77,290100,0
3109.HK,D,20240207,000000,6.81,7,6.81,6.98,504600,0
3109.HK,D,20240208,000000,7.15,7.165,6.975,6.975,371800,0
3109.HK,D,20240209,000000,6.94,6.94,6.94,6.94,0,0
3109.HK,D,20240214,000000,6.88,6.945,6.88,6.945,51500,0
3109.HK,D,20240215,000000,6.955,6.955,6.945,6.955,400,0
3109.HK,D,20240216,000000,7.02,7.09,7.02,7.09,138300,0
3109.HK,D,20240219,000000,7.09,7.09,7.01,7.085,453900,0
3109.HK,D,20240220,000000,7.025,7.025,7.01,7.02,104600,0
3109.HK,D,20240221,000000,6.995,7.125,6.995,7.065,328700,0
3109.HK,D,20240222,000000,7.105,7.13,7.09,7.13,138800,0
3109.HK,D,20240223,000000,7.155,7.155,7.055,7.115,228800,0
3109.HK,D,20240226,000000,7.15,7.265,7.15,7.18,33100,0
3109.HK,D,20240227,000000,7.1,7.445,7.1,7.445,143400,0
3109.HK,D,20240228,000000,7.575,7.575,7.17,7.17,43200,0
3109.HK,D,20240229,000000,7.26,7.545,7.26,7.515,454200,0
3109.HK,D,20240301,000000,7.55,7.635,7.53,7.585,237600,0
3109.HK,D,20240304,000000,7.605,7.615,7.565,7.615,3300,0
3109.HK,D,20240305,000000,7.615,7.615,7.595,7.595,95900,0
3109.HK,D,20240306,000000,7.575,7.665,7.575,7.59,5500,0
3109.HK,D,20240307,000000,7.525,7.525,7.41,7.41,10600,0
3109.HK,D,20240308,000000,7.485,7.49,7.39,7.49,2900,0
3109.HK,D,20240311,000000,7.45,7.645,7.45,7.645,103200,0
3109.HK,D,20240312,000000,7.66,7.75,7.64,7.67,14100,0
3109.HK,D,20240313,000000,7.7,7.7,7.62,7.62,85000,0
3109.HK,D,20240314,000000,7.56,7.56,7.49,7.49,85200,0
3109.HK,D,20240315,000000,7.425,7.59,7.415,7.585,167500,0
3109.HK,D,20240318,000000,7.58,7.7,7.58,7.7,62900,0
3109.HK,D,20240319,000000,7.67,7.67,7.58,7.58,224100,0
3109.HK,D,20240320,000000,7.525,7.555,7.525,7.555,100,0
3109.HK,D,20240321,000000,7.695,7.705,7.52,7.52,18100,0
3109.HK,D,20240322,000000,7.445,7.445,7.325,7.325,90800,0
3109.HK,D,20240325,000000,7.27,7.275,7.26,7.26,20800,0
3109.HK,D,20240326,000000,7.145,7.17,7.145,7.145,800,0
3109.HK,D,20240327,000000,7.1,7.1,6.965,6.965,56800,0
3109.HK,D,20240328,000000,6.995,7.125,6.995,7.05,32400,0
3109.HK,D,20240402,000000,7.16,7.16,7.13,7.13,1200,0
3109.HK,D,20240403,000000,7.08,7.08,6.98,7.005,8200,0
3109.HK,D,20240405,000000,6.95,6.985,6.945,6.985,74900,0
3109.HK,D,20240408,000000,6.925,6.945,6.85,6.85,39700,0
3109.HK,D,20240409,000000,6.92,6.92,6.92,6.92,0,0
3109.HK,D,20240410,000000,6.88,6.895,6.8,6.8,33700,0
3109.HK,D,20240411,000000,6.81,6.88,6.81,6.815,314000,0
3109.HK,D,20240412,000000,6.86,6.86,6.83,6.83,15200,0
3109.HK,D,20240415,000000,6.8,6.93,6.8,6.92,6700,0
3109.HK,D,20240416,000000,6.825,6.825,6.775,6.775,10100,0
3109.HK,D,20240417,000000,6.945,6.945,6.945,6.945,0,0
3109.HK,D,20240418,000000,6.88,7,6.88,6.92,20200,0
3109.HK,D,20240419,000000,6.9,6.9,6.735,6.76,14400,0
3109.HK,D,20240422,000000,6.68,6.77,6.68,6.77,7700,0
3109.HK,D,20240423,000000,6.77,6.77,6.72,6.72,2400,0
3109.HK,D,20240424,000000,6.81,6.815,6.805,6.81,95700,0
3109.HK,D,20240425,000000,6.8,6.8,6.78,6.78,1900,0
3109.HK,D,20240426,000000,6.905,6.98,6.905,6.975,19600,0
3109.HK,D,20240429,000000,7.19,7.235,7.16,7.165,42500,0
3109.HK,D,20240430,000000,7.165,7.165,7.11,7.12,15300,0
3109.HK,D,20240502,000000,7.125,7.18,7.125,7.155,360700,0
3109.HK,D,20240503,000000,7.26,7.28,7.23,7.245,214900,0
3109.HK,D,20240506,000000,7.245,7.245,7.18,7.18,457100,0
3109.HK,D,20240507,000000,7.18,7.18,7.125,7.125,15500,0
3109.HK,D,20240508,000000,7.01,7.04,7.01,7.01,8100,0
3109.HK,D,20240509,000000,7.1,7.215,7.1,7.215,77400,0
3109.HK,D,20240510,000000,7.16,7.16,7.07,7.07,11000,0
3109.HK,D,20240513,000000,7.065,7.065,7.045,7.05,5800,0
3109.HK,D,20240514,000000,7.04,7.04,7.02,7.02,1800,0
3109.HK,D,20240516,000000,6.97,6.97,6.885,6.885,87900,0
3109.HK,D,20240517,000000,7.005,7.01,7,7.005,4700,0
3109.HK,D,20240520,000000,6.95,6.98,6.945,6.945,4200,0
3109.HK,D,20240521,000000,6.925,6.93,6.87,6.885,39100,0
3109.HK,D,20240522,000000,6.88,6.92,6.87,6.92,4200,0
3109.HK,D,20240523,000000,6.875,6.895,6.785,6.795,73700,0
3109.HK,D,20240524,000000,6.735,6.735,6.65,6.675,223900,0
3109.HK,D,20240527,000000,6.61,6.76,6.6,6.75,3900,0
3109.HK,D,20240528,000000,6.79,6.8,6.74,6.74,16000,0
3109.HK,D,20240529,000000,6.77,6.78,6.72,6.74,58100,0
3109.HK,D,20240530,000000,6.75,6.84,6.75,6.835,4700,0
3109.HK,D,20240531,000000,6.885,6.9,6.825,6.825,433400,0
3109.HK,D,20240603,000000,6.865,6.865,6.85,6.865,5000,0
3109.HK,D,20240604,000000,6.865,6.91,6.865,6.91,300,0
3109.HK,D,20240605,000000,6.91,6.91,6.91,6.91,0,0
3109.HK,D,20240606,000000,6.9,6.905,6.85,6.85,12200,0
3109.HK,D,20240607,000000,6.835,6.85,6.755,6.775,136700,0
3109.HK,D,20240611,000000,6.955,6.955,6.89,6.955,1400,0
3109.HK,D,20240612,000000,6.975,6.975,6.935,6.935,25000,0
3109.HK,D,20240613,000000,7,7.01,6.99,7,12000,0
3109.HK,D,20240614,000000,6.95,6.95,6.92,6.92,3400,0
3109.HK,D,20240617,000000,6.92,6.94,6.92,6.94,4400,0
3109.HK,D,20240618,000000,6.985,6.985,6.92,6.94,25900,0
3109.HK,D,20240619,000000,6.87,6.925,6.87,6.92,12200,0
3109.HK,D,20240620,000000,6.89,7.02,6.89,6.905,30600,0
3109.HK,D,20240621,000000,6.87,6.93,6.87,6.93,20200,0
3109.HK,D,20240624,000000,6.875,6.875,6.755,6.76,40200,0
3109.HK,D,20240625,000000,6.675,6.69,6.555,6.56,37600,0
3109.HK,D,20240626,000000,6.56,6.69,6.56,6.69,2600,0
3109.HK,D,20240627,000000,6.59,6.59,6.52,6.53,10800,0
3109.HK,D,20240628,000000,6.53,6.575,6.53,6.53,3200,0
3109.HK,D,20240702,000000,6.45,6.45,6.4,6.4,2800,0
3109.HK,D,20240703,000000,6.38,6.425,6.345,6.425,32300,0
3109.HK,D,20240704,000000,6.435,6.435,6.3,6.3,42100,0
3109.HK,D,20240705,000000,6.29,6.39,6.26,6.39,79700,0
3109.HK,D,20240708,000000,6.335,6.4,6.33,6.33,60500,0
3109.HK,D,20240709,000000,6.34,6.5,6.32,6.5,91100,0
3109.HK,D,20240710,000000,6.51,6.515,6.49,6.49,24600,0
3109.HK,D,20240711,000000,6.57,6.57,6.57,6.57,500,0
3109.HK,D,20240712,000000,6.545,6.59,6.545,6.59,76700,0
3109.HK,D,20240715,000000,6.55,6.57,6.55,6.56,10400,0
3109.HK,D,20240716,000000,6.56,6.695,6.55,6.695,12500,0
3109.HK,D,20240717,000000,6.69,6.7,6.68,6.68,30600,0
3109.HK,D,20240718,000000,6.735,6.735,6.735,6.735,100,0
3109.HK,D,20240719,000000,6.795,6.825,6.795,6.825,59500,0
3109.HK,D,20240722,000000,6.9,6.9,6.84,6.85,21900,0
3109.HK,D,20240723,000000,6.57,6.68,6.565,6.57,11500,0
3109.HK,D,20240724,000000,6.505,6.57,6.5,6.505,5300,0
3109.HK,D,20240725,000000,6.5,6.61,6.5,6.58,31400,0
3109.HK,D,20240726,000000,6.58,6.62,6.58,6.59,105400,0
3109.HK,D,20240729,000000,6.51,6.56,6.51,6.51,33100,0
3109.HK,D,20240730,000000,6.465,6.515,6.425,6.5,200600,0
3109.HK,D,20240731,000000,6.7,6.905,6.7,6.905,37100,0
3109.HK,D,20240801,000000,6.9,6.9,6.82,6.82,30600,0
3109.HK,D,20240802,000000,6.8,6.8,6.725,6.725,26700,0
3109.HK,D,20240805,000000,6.565,6.58,6.565,6.565,20800,0
3109.HK,D,20240806,000000,6.63,6.63,6.63,6.63,100,0
3109.HK,D,20240807,000000,6.59,6.62,6.56,6.56,30000,0
3109.HK,D,20240808,000000,6.535,6.65,6.535,6.595,30500,0
3109.HK,D,20240809,000000,6.595,6.6,6.575,6.575,30200,0
3109.HK,D,20240812,000000,6.55,6.55,6.54,6.55,100,0
3109.HK,D,20240813,000000,6.575,6.575,6.55,6.575,30000,0
3109.HK,D,20240814,000000,6.58,6.58,6.555,6.555,15100,0
3109.HK,D,20240815,000000,6.585,6.585,6.585,6.585,0,0
3109.HK,D,20240816,000000,6.565,6.565,6.565,6.565,1000,0
3109.HK,D,20240819,000000,6.63,6.63,6.57,6.57,105100,0
3109.HK,D,20240820,000000,6.45,6.47,6.445,6.45,40400,0
3109.HK,D,20240821,000000,6.45,6.45,6.45,6.45,0,0
3109.HK,D,20240822,000000,6.445,6.445,6.4,6.425,131600,0
3109.HK,D,20240823,000000,6.43,6.43,6.365,6.39,800,0
3109.HK,D,20240826,000000,6.4,6.42,6.39,6.405,89300,0
3109.HK,D,20240827,000000,6.31,6.33,6.31,6.31,20600,0
3109.HK,D,20240828,000000,6.28,6.285,6.28,6.285,6700,0
3109.HK,D,20240829,000000,6.25,6.39,6.25,6.39,50500,0
3109.HK,D,20240830,000000,6.45,6.585,6.45,6.535,73900,0
3109.HK,D,20240902,000000,6.4,6.4,6.28,6.29,45000,0
3109.HK,D,20240903,000000,6.355,6.355,6.335,6.335,34400,0
3109.HK,D,20240904,000000,6.3,6.3,6.28,6.29,76900,0
3109.HK,D,20240905,000000,6.375,6.375,6.29,6.305,11700,0
3109.HK,D,20240909,000000,6.25,6.25,6.14,6.155,26900,0
3109.HK,D,20240910,000000,6.08,6.19,6.08,6.19,81200,0
3109.HK,D,20240911,000000,6.19,6.22,6.19,6.22,31000,0
3109.HK,D,20240912,000000,6.255,6.255,6.175,6.175,10200,0
3109.HK,D,20240913,000000,6.195,6.2,6.13,6.155,192100,0
3109.HK,D,20240916,000000,6.15,6.15,6.135,6.135,17100,0
3109.HK,D,20240917,000000,6.16,6.17,6.16,6.17,70800,0
3109.HK,D,20240919,000000,6.075,6.135,6.015,6.135,43100,0
3109.HK,D,20240920,000000,6.135,6.135,6.045,6.075,393700,0
3109.HK,D,20240923,000000,6.12,6.12,6.035,6.04,9600,0
3109.HK,D,20240924,000000,6.045,6.32,6.02,6.32,234700,0
3109.HK,D,20240925,000000,6.5,6.5,6.31,6.31,231000,0
3109.HK,D,20240926,000000,6.31,6.665,6.285,6.66,354200,0
3109.HK,D,20240927,000000,6.725,7.19,6.7,7.19,865800,0
3109.HK,D,20240930,000000,7.705,8.735,7.43,8.735,1050900,0
3109.HK,D,20241002,000000,8.8,29.2,8.8,11.25,13375400,0
3109.HK,D,20241003,000000,12.84,15,10.5,10.82,10982400,0
3109.HK,D,20241004,000000,11.93,12.7,10.74,11.36,16591900,0
3109.HK,D,20241007,000000,11.85,14.9,11.85,12.99,42776035,0
3109.HK,D,20241008,000000,14,14.1,9.2,9.97,30359400,0
3109.HK,D,20241009,000000,10.02,10.2,8.75,9.21,14775700,0
3109.HK,D,20241010,000000,9.515,9.68,8.805,8.975,7380900,0
3109.HK,D,20241014,000000,8.515,8.7,8.085,8.615,10512400,0
3109.HK,D,20241015,000000,8.615,8.735,8.21,8.27,4475900,0
3109.HK,D,20241016,000000,8.1,8.265,8.05,8.07,3883800,0
3109.HK,D,20241017,000000,8.17,8.345,7.99,8.015,2559400,0
3109.HK,D,20241018,000000,8.015,9.475,8.015,9.215,8223900,0
3109.HK,D,20241021,000000,9.43,9.89,9.075,9.25,6066300,0
3109.HK,D,20241022,000000,9.25,9.28,9.005,9.13,2100700,0
3109.HK,D,20241023,000000,9.22,9.315,9.02,9.115,1750498,0
3109.HK,D,20241024,000000,9.115,9.16,9,9.09,858700,0
3109.HK,D,20241025,000000,9.15,9.43,9.06,9.25,1756900,0
3109.HK,D,20241028,000000,9.245,9.245,9.05,9.15,958400,0
3109.HK,D,20241029,000000,9.15,9.3,9.01,9.02,2419400,0
3109.HK,D,20241030,000000,9.02,9.045,8.75,8.845,1306700,0
3109.HK,D,20241031,000000,8.82,9.035,8.77,9.03,1230600,0
3109.HK,D,20241101,000000,9.05,9.05,8.735,8.74,1125800,0
3109.HK,D,20241104,000000,8.78,8.905,8.775,8.88,1236400,0
3109.HK,D,20241105,000000,8.955,9.335,8.86,9.32,1865000,0
3109.HK,D,20241106,000000,9.32,9.6,9.05,9.45,4023900,0
3109.HK,D,20241107,000000,9.3,9.63,9.15,9.56,6404000,0
3109.HK,D,20241108,000000,9.7,9.9,9.41,9.47,6442700,0
3109.HK,D,20241111,000000,9.295,9.86,9.295,9.82,2505300,0
3109.HK,D,20241112,000000,9.82,9.875,9.44,9.53,2235900,0
3109.HK,D,20241113,000000,9.515,9.69,9.475,9.69,888100,0
3109.HK,D,20241114,000000,9.69,9.69,9.285,9.295,1704300,0
3109.HK,D,20241115,000000,9.295,9.365,8.925,8.94,671800,0
3109.HK,D,20241118,000000,8.94,9.1,8.78,8.81,639700,0
3109.HK,D,20241119,000000,8.81,9.11,8.765,9.065,1061800,0
3109.HK,D,20241120,000000,9.065,9.16,8.98,9.12,1307600,0
3109.HK,D,20241121,000000,9.1,9.29,8.9,9.2,2064300,0
3109.HK,D,20241122,000000,9.21,9.23,8.765,8.785,1575200,0
3109.HK,D,20241125,000000,8.785,8.8,8.55,8.675,673500,0
3109.HK,D,20241126,000000,8.675,8.78,8.58,8.585,451200,0
3109.HK,D,20241127,000000,8.585,9.025,8.55,8.985,1436400,0
3109.HK,D,20241128,000000,8.89,9.08,8.89,8.9,1273700,0
3109.HK,D,20241129,000000,9.02,9.305,8.925,9.165,621700,0
3109.HK,D,20241202,000000,9.155,9.27,9.145,9.2,1406600,0
3109.HK,D,20241203,000000,9.2,9.2,9,9.06,354200,0
3109.HK,D,20241204,000000,9.2,9.295,8.99,9.01,478900,0
3109.HK,D,20241205,000000,9.015,9.1,8.985,9.07,1083000,0
3109.HK,D,20241206,000000,9.09,9.3,9,9.21,905800,0
3109.HK,D,20241209,000000,9.21,9.67,8.98,9.66,1701100,0
3109.HK,D,20241210,000000,9.94,9.94,9.23,9.27,4177900,0
3109.HK,D,20241211,000000,9.27,9.28,9.115,9.14,957200,0
3109.HK,D,20241212,000000,9.17,9.245,9.1,9.165,1053800,0
3109.HK,D,20241213,000000,9.1,9.13,8.91,8.91,2200300,0
3109.HK,D,20241216,000000,8.895,8.92,8.785,8.82,490200,0
3109.HK,D,20241217,000000,8.86,8.87,8.75,8.765,603700,0
3109.HK,D,20241218,000000,8.8,8.9,8.76,8.885,182000,0
3109.HK,D,20241219,000000,8.885,8.975,8.745,8.93,539100,0
3109.HK,D,20241220,000000,8.92,9.25,8.92,9.1,1022400,0
3109.HK,D,20241223,000000,9.1,9.22,9,9.005,273600,0
3109.HK,D,20241224,000000,9.025,9.08,8.95,9.04,242500,0
3109.HK,D,20241227,000000,9.11,9.395,9.045,9.15,1301300,0
3109.HK,D,20241230,000000,9.15,9.3,9.15,9.165,242100,0
3109.HK,D,20241231,000000,9.165,9.165,8.99,9,134900,0
3109.HK,D,20250102,000000,8.995,8.995,8.5,8.58,1046400,0
3109.HK,D,20250103,000000,8.58,8.67,8.415,8.435,485100,0
3109.HK,D,20250106,000000,8.43,8.505,8.205,8.44,1900550,0
3109.HK,D,20250107,000000,8.45,8.67,8.44,8.67,1023800,0
3109.HK,D,20250108,000000,8.67,8.765,8.41,8.66,1117600,0
3109.HK,D,20250109,000000,8.66,8.71,8.6,8.6,491500,0
3109.HK,D,20250110,000000,8.71,8.78,8.505,8.515,321100,0
3109.HK,D,20250113,000000,8.4,8.55,8.4,8.53,468100,0
3109.HK,D,20250114,000000,8.53,8.835,8.53,8.81,601100,0
3109.HK,D,20250115,000000,8.81,8.9,8.72,8.785,291200,0
3109.HK,D,20250116,000000,8.785,8.88,8.6,8.6,492300,0
3109.HK,D,20250117,000000,8.58,8.775,8.56,8.66,421700,0
3109.HK,D,20250120,000000,8.71,8.805,8.66,8.705,317800,0
3109.HK,D,20250121,000000,8.705,8.895,8.705,8.845,394400,0
3109.HK,D,20250122,000000,8.86,8.89,8.76,8.815,440800,0
3109.HK,D,20250123,000000,8.92,9.05,8.755,8.78,530200,0
3109.HK,D,20250124,000000,8.82,8.94,8.82,8.89,471000,0
3109.HK,D,20250127,000000,8.89,8.89,8.68,8.7,398100,0
3109.HK,D,20250128,000000,8.7,8.76,8.68,8.7,151100,0
3109.HK,D,20250203,000000,8.51,8.61,8.46,8.59,561700,0
3109.HK,D,20250204,000000,8.59,8.9,8.565,8.9,1992200,0
3109.HK,D,20250205,000000,8.92,9.04,8.84,8.91,903700,0
3109.HK,D,20250206,000000,8.9,9.215,8.88,9.15,1129200,0
3109.HK,D,20250207,000000,9.145,9.42,9.09,9.245,1235300,0
3109.HK,D,20250210,000000,9.325,9.395,9.235,9.375,933700,0
3109.HK,D,20250211,000000,9.385,9.385,9.2,9.205,494800,0
3109.HK,D,20250212,000000,9.21,9.435,9.205,9.4,919700,0
3109.HK,D,20250213,000000,9.46,9.46,9.075,9.085,1289300,0
3109.HK,D,20250214,000000,9.085,9.395,9.085,9.385,1592200,0
3109.HK,D,20250217,000000,9.4,9.47,9.325,9.4,1998000,0
3109.HK,D,20250218,000000,9.37,9.37,9.1,9.15,564100,0
3109.HK,D,20250219,000000,9.15,9.37,9.15,9.345,925500,0
3109.HK,D,20250220,000000,9.345,9.4,9.275,9.39,673300,0
3109.HK,D,20250221,000000,9.39,10,9.37,9.96,4029300,0
3109.HK,D,20250224,000000,10.35,10.35,9.89,10.05,3370600,0
3109.HK,D,20250225,000000,9.785,10.16,9.785,10.01,1257800,0
3109.HK,D,20250226,000000,10,10.33,9.96,10.27,2579700,0
3109.HK,D,20250227,000000,10.35,10.35,10.05,10.2,1149400,0
3109.HK,D,20250228,000000,10.2,10.21,9.715,9.77,1323300,0
3109.HK,D,20250303,000000,9.77,9.77,9.5,9.555,3664700,0
3109.HK,D,20250304,000000,9.48,9.82,9.435,9.74,1074800,0
3109.HK,D,20250305,000000,9.8,9.85,9.68,9.825,538500,0
3109.HK,D,20250306,000000,9.855,10.24,9.855,10.21,1418900,0
3109.HK,D,20250307,000000,10.2,10.21,9.985,10.07,882200,0
3109.HK,D,20250310,000000,10.08,10.08,9.86,9.97,791600,0
3109.HK,D,20250311,000000,9.9,10.08,9.85,9.995,447800,0
3109.HK,D,20250312,000000,10.17,10.17,9.865,9.885,926600,0
3109.HK,D,20250313,000000,9.885,10,9.64,9.705,572000,0
3109.HK,D,20250314,000000,9.705,9.945,9.7,9.92,609900,0
3109.HK,D,20250317,000000,9.93,9.93,9.805,9.81,389900,0
3109.HK,D,20250318,000000,9.92,10.03,9.885,9.89,395700,0
3109.HK,D,20250319,000000,9.9,9.9,9.78,9.8,289100,0
3109.HK,D,20250320,000000,9.8,9.8,9.655,9.69,596000,0
3109.HK,D,20250321,000000,9.61,9.62,9.375,9.4,764300,0
3109.HK,D,20250324,000000,9.4,9.495,9.3,9.475,460200,0
3109.HK,D,20250325,000000,9.475,9.475,9.27,9.29,693700,0
3109.HK,D,20250326,000000,9.29,9.37,9.26,9.26,722000,0
3109.HK,D,20250327,000000,9.26,9.45,9.26,9.345,641000,0
3109.HK,D,20250328,000000,9.385,9.385,9.255,9.29,78600,0
3109.HK,D,20250331,000000,9.4,9.4,9.135,9.215,381100,0
3109.HK,D,20250401,000000,9.265,9.365,9.22,9.24,179900,0
3109.HK,D,20250402,000000,9.23,9.31,9.19,9.215,225100,0
3109.HK,D,20250403,000000,9.15,9.21,8.955,9.11,437400,0
3109.HK,D,20250407,000000,8.425,8.85,7.815,8.055,5221200,0
3109.HK,D,20250408,000000,8.3,8.535,8.25,8.32,1720400,0
3109.HK,D,20250409,000000,8.17,8.88,8.17,8.805,1912200,0
3109.HK,D,20250410,000000,8.96,8.98,8.8,8.815,834400,0
3109.HK,D,20250411,000000,8.86,9.2,8.86,9.08,314900,0
3109.HK,D,20250414,000000,9.025,9.19,9.025,9.16,256100,0
3109.HK,D,20250415,000000,9.03,9.05,8.955,9.05,200500,0
3109.HK,D,20250416,000000,8.985,9.115,8.95,9.08,270800,0
3109.HK,D,20250417,000000,9.135,9.215,9.13,9.14,670300,0
