<TICKER>,<PER>,<DATE>,<TIME>,<OPEN>,<HIGH>,<LOW>,<CLOSE>,<VOL>,<OPENINT>
3174.HK,D,20210721,000000,8.21,8.21,7.72,7.73,1637200,0
3174.HK,D,20210722,000000,7.795,7.795,7.665,7.695,2127300,0
3174.HK,D,20210723,000000,7.695,7.705,7.5,7.515,801200,0
3174.HK,D,20210726,000000,7.515,7.515,6.85,6.87,1424300,0
3174.HK,D,20210727,000000,6.87,6.87,6.05,6.16,1295300,0
3174.HK,D,20210728,000000,6.16,6.64,6.16,6.615,511100,0
3174.HK,D,20210729,000000,6.88,7.16,6.88,7.14,546400,0
3174.HK,D,20210730,000000,7.2,7.2,6.815,6.995,353500,0
3174.HK,D,20210802,000000,6.92,7.015,6.77,6.995,339500,0
3174.HK,D,20210803,000000,7.015,7.195,7.005,7.135,251400,0
3174.HK,D,20210804,000000,7.195,7.305,7.135,7.27,294600,0
3174.HK,D,20210805,000000,7.27,7.325,7.12,7.12,177700,0
3174.HK,D,20210806,000000,7.115,7.115,6.905,6.935,242300,0
3174.HK,D,20210809,000000,6.9,6.975,6.805,6.92,148600,0
3174.HK,D,20210810,000000,6.91,7.14,6.91,7.14,141100,0
3174.HK,D,20210811,000000,7.065,7.13,6.89,6.89,420700,0
3174.HK,D,20210812,000000,6.89,6.89,6.615,6.64,368000,0
3174.HK,D,20210813,000000,6.64,6.75,6.61,6.69,183100,0
3174.HK,D,20210816,000000,6.64,6.69,6.55,6.56,86300,0
3174.HK,D,20210817,000000,6.56,6.59,6.32,6.395,168200,0
3174.HK,D,20210818,000000,6.4,6.435,6.34,6.345,104600,0
3174.HK,D,20210819,000000,6.39,6.43,6.255,6.27,161700,0
3174.HK,D,20210820,000000,6.27,6.27,5.69,5.8,569500,0
3174.HK,D,20210823,000000,5.8,6.06,5.8,6.01,222900,0
3174.HK,D,20210824,000000,6.215,6.365,6.215,6.365,258500,0
3174.HK,D,20210825,000000,6.49,6.585,6.315,6.335,272890,0
3174.HK,D,20210826,000000,6.335,6.355,6.11,6.18,80200,0
3174.HK,D,20210827,000000,6.18,6.2,6.07,6.08,60000,0
3174.HK,D,20210830,000000,6.08,6.3,6.08,6.3,100800,0
3174.HK,D,20210831,000000,6.315,6.365,6.18,6.365,103400,0
3174.HK,D,20210901,000000,6.39,6.485,6.31,6.45,75900,0
3174.HK,D,20210902,000000,6.545,6.615,6.43,6.435,169600,0
3174.HK,D,20210903,000000,6.435,6.58,6.435,6.53,119000,0
3174.HK,D,20210906,000000,6.535,6.7,6.535,6.7,163700,0
3174.HK,D,20210907,000000,6.7,6.71,6.63,6.695,135100,0
3174.HK,D,20210908,000000,6.695,6.7,6.6,6.625,90800,0
3174.HK,D,20210909,000000,6.565,6.625,6.455,6.46,111400,0
3174.HK,D,20210910,000000,6.46,6.55,6.46,6.53,119600,0
3174.HK,D,20210913,000000,6.5,6.5,6.39,6.445,118672,0
3174.HK,D,20210914,000000,6.49,6.595,6.475,6.5,75000,0
3174.HK,D,20210915,000000,6.4,6.505,6.365,6.38,132700,0
3174.HK,D,20210916,000000,6.33,6.33,6.2,6.25,90000,0
3174.HK,D,20210917,000000,6.325,6.695,6.325,6.695,143900,0
3174.HK,D,20210920,000000,6.695,6.695,6.395,6.52,108800,0
3174.HK,D,20210921,000000,6.55,6.575,6.445,6.515,98300,0
3174.HK,D,20210923,000000,6.525,6.57,6.49,6.505,59300,0
3174.HK,D,20210924,000000,6.505,6.6,6.395,6.405,43600,0
3174.HK,D,20210927,000000,6.3,6.545,6.3,6.395,48200,0
3174.HK,D,20210928,000000,6.34,6.405,6.28,6.375,39600,0
3174.HK,D,20210929,000000,6.33,6.33,6.2,6.24,63800,0
3174.HK,D,20210930,000000,6.24,6.33,6.24,6.31,55900,0
3174.HK,D,20211004,000000,6.15,6.15,6,6.05,187600,0
3174.HK,D,20211005,000000,6,6.11,5.95,6.065,50300,0
3174.HK,D,20211006,000000,6.06,6.06,5.89,5.9,120700,0
3174.HK,D,20211007,000000,5.945,6.08,5.945,6.065,83200,0
3174.HK,D,20211008,000000,6.175,6.215,6.01,6.01,51400,0
3174.HK,D,20211011,000000,6.13,6.2,6.12,6.13,34900,0
3174.HK,D,20211012,000000,6.135,6.135,5.99,6.01,37900,0
3174.HK,D,20211015,000000,6.01,6.055,5.98,6.01,31300,0
3174.HK,D,20211018,000000,6.01,6.06,5.955,6.06,32500,0
3174.HK,D,20211019,000000,6.065,6.18,6.065,6.155,38400,0
3174.HK,D,20211020,000000,6.245,6.305,6.2,6.3,46200,0
3174.HK,D,20211021,000000,6.27,6.27,6.15,6.17,29200,0
3174.HK,D,20211022,000000,6.19,6.21,6.155,6.21,21800,0
3174.HK,D,20211025,000000,6.21,6.3,6.175,6.205,29200,0
3174.HK,D,20211026,000000,6.15,6.16,6.08,6.095,86500,0
3174.HK,D,20211027,000000,6.02,6.02,5.875,5.89,231900,0
3174.HK,D,20211028,000000,5.9,5.9,5.775,5.82,246600,0
3174.HK,D,20211029,000000,5.765,5.82,5.745,5.795,67400,0
3174.HK,D,20211101,000000,5.75,5.75,5.56,5.56,187300,0
3174.HK,D,20211102,000000,5.69,5.71,5.515,5.515,208500,0
3174.HK,D,20211103,000000,5.605,5.63,5.53,5.53,51600,0
3174.HK,D,20211104,000000,5.53,5.53,5.465,5.53,113600,0
3174.HK,D,20211105,000000,5.48,5.545,5.45,5.48,64700,0
3174.HK,D,20211108,000000,5.48,5.48,5.26,5.31,142200,0
3174.HK,D,20211109,000000,5.31,5.505,5.31,5.505,353800,0
3174.HK,D,20211110,000000,5.505,5.73,5.47,5.73,930100,0
3174.HK,D,20211111,000000,5.77,5.77,5.61,5.65,471200,0
3174.HK,D,20211112,000000,5.67,5.755,5.66,5.675,625600,0
3174.HK,D,20211115,000000,5.715,5.84,5.715,5.76,270800,0
3174.HK,D,20211116,000000,5.785,5.995,5.785,5.915,199300,0
3174.HK,D,20211117,000000,5.955,6.01,5.925,6.01,236500,0
3174.HK,D,20211118,000000,6.01,6.01,5.85,5.86,146400,0
3174.HK,D,20211119,000000,5.82,5.87,5.8,5.84,67700,0
3174.HK,D,20211122,000000,5.83,5.83,5.7,5.72,68000,0
3174.HK,D,20211123,000000,5.65,5.65,5.585,5.595,56300,0
3174.HK,D,20211124,000000,5.6,5.615,5.53,5.59,71200,0
3174.HK,D,20211125,000000,5.555,5.675,5.555,5.65,44900,0
3174.HK,D,20211126,000000,5.695,5.695,5.575,5.58,50900,0
3174.HK,D,20211129,000000,5.695,5.705,5.57,5.605,72700,0
3174.HK,D,20211130,000000,5.62,5.62,5.485,5.55,109600,0
3174.HK,D,20211201,000000,5.5,5.54,5.45,5.45,60500,0
3174.HK,D,20211202,000000,5.4,5.425,5.325,5.35,105900,0
3174.HK,D,20211203,000000,5.37,5.405,5.34,5.39,100100,0
3174.HK,D,20211206,000000,5.32,5.32,5.06,5.06,177400,0
3174.HK,D,20211207,000000,5.085,5.155,5.085,5.155,73500,0
3174.HK,D,20211208,000000,5.265,5.33,5.265,5.28,34500,0
3174.HK,D,20211209,000000,5.35,5.51,5.34,5.51,100500,0
3174.HK,D,20211210,000000,5.51,5.51,5.355,5.365,52409,0
3174.HK,D,20211213,000000,5.365,5.4,5.28,5.28,24400,0
3174.HK,D,20211214,000000,5.25,5.25,5.21,5.21,14100,0
3174.HK,D,20211215,000000,5.21,5.21,4.764,4.822,247400,0
3174.HK,D,20211216,000000,4.85,4.99,4.818,4.988,557200,0
3174.HK,D,20211217,000000,5.04,5.05,4.83,4.878,196900,0
3174.HK,D,20211220,000000,4.876,4.936,4.744,4.782,85200,0
3174.HK,D,20211221,000000,4.808,4.84,4.75,4.84,47300,0
3174.HK,D,20211222,000000,4.868,4.868,4.822,4.83,159900,0
3174.HK,D,20211223,000000,4.844,4.868,4.796,4.796,152100,0
3174.HK,D,20211224,000000,4.816,4.816,4.76,4.762,27700,0
3174.HK,D,20211228,000000,4.764,4.764,4.63,4.708,53300,0
3174.HK,D,20211229,000000,4.66,4.666,4.574,4.582,86100,0
3174.HK,D,20211230,000000,4.582,4.624,4.564,4.612,72900,0
3174.HK,D,20211231,000000,4.774,4.81,4.764,4.792,55300,0
3174.HK,D,20220103,000000,4.792,4.792,4.612,4.63,39900,0
3174.HK,D,20220104,000000,4.59,4.6,4.444,4.446,227600,0
3174.HK,D,20220105,000000,4.4,4.4,4.288,4.288,343500,0
3174.HK,D,20220106,000000,4.28,4.28,4.09,4.244,239100,0
3174.HK,D,20220107,000000,4.274,4.324,4.244,4.324,39300,0
3174.HK,D,20220110,000000,4.324,4.6,4.324,4.574,112900,0
3174.HK,D,20220111,000000,4.574,4.658,4.548,4.62,55500,0
3174.HK,D,20220112,000000,4.696,4.744,4.678,4.738,41100,0
3174.HK,D,20220113,000000,4.772,4.772,4.616,4.616,24900,0
3174.HK,D,20220114,000000,4.574,4.632,4.54,4.632,12900,0
3174.HK,D,20220117,000000,4.622,4.674,4.59,4.608,58400,0
3174.HK,D,20220118,000000,4.724,4.724,4.59,4.59,5700,0
3174.HK,D,20220119,000000,4.58,4.592,4.484,4.52,81200,0
3174.HK,D,20220120,000000,4.572,4.642,4.566,4.638,46000,0
3174.HK,D,20220121,000000,4.642,4.642,4.544,4.568,19100,0
3174.HK,D,20220124,000000,4.568,4.568,4.488,4.488,47600,0
3174.HK,D,20220125,000000,4.38,4.4,4.282,4.302,92200,0
3174.HK,D,20220126,000000,4.29,4.29,4.13,4.132,62900,0
3174.HK,D,20220127,000000,4.1,4.11,3.906,3.98,193300,0
3174.HK,D,20220128,000000,3.98,3.98,3.836,3.848,304100,0
3174.HK,D,20220131,000000,3.848,3.956,3.848,3.95,77500,0
3174.HK,D,20220204,000000,3.99,4.034,3.972,4.034,50900,0
3174.HK,D,20220207,000000,4.08,4.134,4.048,4.09,221900,0
3174.HK,D,20220208,000000,3.86,3.978,3.82,3.966,309900,0
3174.HK,D,20220209,000000,3.926,3.95,3.908,3.95,471500,0
3174.HK,D,20220210,000000,3.99,3.99,3.9,3.942,101900,0
3174.HK,D,20220211,000000,3.94,3.94,3.786,3.834,463700,0
3174.HK,D,20220214,000000,3.834,3.834,3.788,3.788,97900,0
3174.HK,D,20220215,000000,3.788,3.954,3.788,3.954,44400,0
3174.HK,D,20220216,000000,3.998,4.02,3.984,4.02,83800,0
3174.HK,D,20220217,000000,4.052,4.08,4.04,4.072,116000,0
3174.HK,D,20220218,000000,4.03,4.05,4.03,4.04,7300,0
3174.HK,D,20220221,000000,4.012,4.02,3.986,4.02,48200,0
3174.HK,D,20220222,000000,4.022,4.022,3.896,3.9,34100,0
3174.HK,D,20220223,000000,3.99,4.022,3.988,4.02,13900,0
3174.HK,D,20220224,000000,3.974,3.974,3.848,3.858,43600,0
3174.HK,D,20220225,000000,3.968,4.048,3.968,3.998,48800,0
3174.HK,D,20220228,000000,3.944,3.962,3.934,3.962,7200,0
3174.HK,D,20220301,000000,4.03,4.062,4,4.056,47200,0
3174.HK,D,20220302,000000,4.016,4.02,3.912,3.914,231300,0
3174.HK,D,20220303,000000,3.87,3.89,3.87,3.87,3400,0
3174.HK,D,20220304,000000,3.75,3.782,3.7,3.7,54800,0
3174.HK,D,20220307,000000,3.562,3.59,3.5,3.53,155100,0
3174.HK,D,20220308,000000,3.55,3.568,3.396,3.4,102500,0
3174.HK,D,20220309,000000,3.424,3.436,3.236,3.352,167800,0
3174.HK,D,20220310,000000,3.352,3.506,3.352,3.428,194900,0
3174.HK,D,20220311,000000,3.274,3.394,3.184,3.36,138600,0
3174.HK,D,20220314,000000,3.222,3.234,2.95,2.952,202700,0
3174.HK,D,20220315,000000,2.8,3.004,2.72,2.73,98000,0
3174.HK,D,20220316,000000,2.72,3.126,2.72,3.126,240900,0
3174.HK,D,20220317,000000,3.126,3.516,3.126,3.51,380600,0
3174.HK,D,20220318,000000,3.408,3.564,3.362,3.544,674500,0
3174.HK,D,20220321,000000,3.544,3.59,3.52,3.536,696600,0
3174.HK,D,20220322,000000,3.48,3.564,3.48,3.564,33200,0
3174.HK,D,20220323,000000,3.6,3.78,3.6,3.746,154800,0
3174.HK,D,20220324,000000,3.688,3.9,3.688,3.85,93400,0
3174.HK,D,20220325,000000,3.842,3.842,3.556,3.576,183700,0
3174.HK,D,20220328,000000,3.56,3.624,3.476,3.564,96200,0
3174.HK,D,20220329,000000,3.606,3.698,3.606,3.676,128000,0
3174.HK,D,20220330,000000,3.712,3.8,3.702,3.798,61100,0
3174.HK,D,20220331,000000,3.7,3.702,3.57,3.626,43500,0
3174.HK,D,20220401,000000,3.504,3.554,3.492,3.554,46900,0
3174.HK,D,20220404,000000,3.642,3.772,3.642,3.764,83300,0
3174.HK,D,20220406,000000,3.696,3.722,3.676,3.676,26900,0
3174.HK,D,20220407,000000,3.672,3.718,3.55,3.554,140000,0
3174.HK,D,20220408,000000,3.55,3.55,3.49,3.538,39500,0
3174.HK,D,20220411,000000,3.5,3.5,3.34,3.348,62300,0
3174.HK,D,20220412,000000,3.398,3.398,3.3,3.366,29700,0
3174.HK,D,20220413,000000,3.316,3.33,3.296,3.318,58600,0
3174.HK,D,20220414,000000,3.39,3.44,3.376,3.426,22200,0
3174.HK,D,20220419,000000,3.496,3.496,3.274,3.274,72500,0
3174.HK,D,20220420,000000,3.236,3.32,3.236,3.25,11000,0
3174.HK,D,20220421,000000,3.2,3.21,3.112,3.13,12800,0
3174.HK,D,20220422,000000,3.1,3.166,3.082,3.15,21300,0
3174.HK,D,20220425,000000,3.15,3.15,2.958,2.998,23700,0
3174.HK,D,20220426,000000,3.03,3.136,3.03,3.056,2300,0
3174.HK,D,20220427,000000,3.03,3.05,2.984,3.044,73600,0
3174.HK,D,20220428,000000,3.012,3.12,3.012,3.114,6800,0
3174.HK,D,20220429,000000,3.094,3.252,3.052,3.252,58300,0
3174.HK,D,20220503,000000,3.15,3.222,3.15,3.218,10300,0
3174.HK,D,20220504,000000,3.154,3.154,3.062,3.062,48300,0
3174.HK,D,20220505,000000,3.056,3.056,3.018,3.032,42700,0
3174.HK,D,20220506,000000,2.928,2.938,2.896,2.9,72400,0
3174.HK,D,20220510,000000,2.792,2.86,2.784,2.832,69500,0
3174.HK,D,20220511,000000,2.832,3.014,2.832,2.924,122800,0
3174.HK,D,20220512,000000,2.856,2.896,2.844,2.846,18200,0
3174.HK,D,20220513,000000,2.89,2.928,2.89,2.928,3900,0
3174.HK,D,20220516,000000,2.972,2.972,2.944,2.958,1800,0
3174.HK,D,20220517,000000,2.952,3.01,2.952,3.008,21500,0
3174.HK,D,20220518,000000,3.008,3.032,2.994,3.032,4700,0
3174.HK,D,20220519,000000,2.952,2.99,2.952,2.988,11400,0
3174.HK,D,20220520,000000,3.064,3.148,3.064,3.144,59800,0
3174.HK,D,20220523,000000,3.14,3.14,3.056,3.07,15200,0
3174.HK,D,20220524,000000,2.986,2.986,2.91,2.912,49900,0
3174.HK,D,20220525,000000,2.91,2.934,2.904,2.926,18100,0
3174.HK,D,20220526,000000,2.85,2.878,2.844,2.864,38600,0
3174.HK,D,20220527,000000,2.94,2.95,2.912,2.932,44700,0
3174.HK,D,20220530,000000,2.97,3.032,2.97,3.024,31900,0
3174.HK,D,20220531,000000,3.024,3.134,3.022,3.118,78400,0
3174.HK,D,20220601,000000,3.1,3.1,3.014,3.03,29500,0
3174.HK,D,20220602,000000,3.03,3.03,2.92,2.968,7000,0
3174.HK,D,20220606,000000,3.088,3.088,3.056,3.088,19000,0
3174.HK,D,20220607,000000,3.094,3.148,3.094,3.142,12500,0
3174.HK,D,20220608,000000,3.2,3.322,3.2,3.322,94000,0
3174.HK,D,20220609,000000,3.342,3.376,3.262,3.288,148700,0
3174.HK,D,20220610,000000,3.208,3.32,3.208,3.32,174600,0
3174.HK,D,20220613,000000,3.182,3.21,3.128,3.2,118600,0
3174.HK,D,20220614,000000,3.106,3.148,3.06,3.146,81300,0
3174.HK,D,20220615,000000,3.176,3.22,3.17,3.2,18900,0
3174.HK,D,20220616,000000,3.214,3.22,3.116,3.142,62500,0
3174.HK,D,20220617,000000,3.138,3.292,3.138,3.272,33100,0
3174.HK,D,20220620,000000,3.274,3.278,3.21,3.27,67500,0
3174.HK,D,20220621,000000,3.282,3.462,3.268,3.458,506100,0
3174.HK,D,20220622,000000,3.458,3.47,3.3,3.322,309400,0
3174.HK,D,20220623,000000,3.354,3.392,3.33,3.392,52700,0
3174.HK,D,20220624,000000,3.486,3.622,3.486,3.622,376500,0
3174.HK,D,20220627,000000,3.688,3.71,3.624,3.696,467700,0
3174.HK,D,20220628,000000,3.67,3.7,3.6,3.7,60200,0
3174.HK,D,20220629,000000,3.64,3.646,3.494,3.558,192100,0
3174.HK,D,20220630,000000,3.566,3.6,3.526,3.558,86900,0
3174.HK,D,20220704,000000,3.532,3.744,3.532,3.742,246100,0
3174.HK,D,20220705,000000,3.756,3.836,3.71,3.806,224400,0
3174.HK,D,20220706,000000,3.882,3.924,3.74,3.832,226800,0
3174.HK,D,20220707,000000,3.8,3.8,3.71,3.774,329900,0
3174.HK,D,20220708,000000,3.804,3.828,3.73,3.766,139500,0
3174.HK,D,20220711,000000,3.73,3.73,3.644,3.69,138900,0
3174.HK,D,20220712,000000,3.69,3.69,3.56,3.586,394500,0
3174.HK,D,20220713,000000,3.602,3.614,3.58,3.58,17400,0
3174.HK,D,20220714,000000,3.636,3.708,3.636,3.676,168700,0
3174.HK,D,20220715,000000,3.636,3.638,3.554,3.568,294100,0
3174.HK,D,20220718,000000,3.5,3.616,3.474,3.59,42500,0
3174.HK,D,20220719,000000,3.55,3.56,3.536,3.54,79700,0
3174.HK,D,20220720,000000,3.62,3.66,3.618,3.62,81100,0
3174.HK,D,20220721,000000,3.6,3.64,3.6,3.608,26200,0
3174.HK,D,20220722,000000,3.652,3.66,3.572,3.596,68300,0
3174.HK,D,20220725,000000,3.52,3.534,3.506,3.534,27400,0
3174.HK,D,20220726,000000,3.562,3.562,3.53,3.546,30700,0
3174.HK,D,20220727,000000,3.52,3.522,3.466,3.466,51000,0
3174.HK,D,20220728,000000,3.496,3.524,3.496,3.512,9300,0
3174.HK,D,20220729,000000,3.512,3.512,3.34,3.376,82500,0
3174.HK,D,20220801,000000,3.35,3.35,3.336,3.338,17000,0
3174.HK,D,20220802,000000,3.24,3.266,3.19,3.24,157100,0
3174.HK,D,20220803,000000,3.27,3.27,3.238,3.246,11100,0
3174.HK,D,20220804,000000,3.328,3.36,3.32,3.358,22100,0
3174.HK,D,20220805,000000,3.434,3.458,3.428,3.44,34100,0
3174.HK,D,20220808,000000,3.422,3.44,3.392,3.402,55100,0
3174.HK,D,20220809,000000,3.394,3.41,3.392,3.41,34900,0
3174.HK,D,20220810,000000,3.372,3.372,3.26,3.286,139700,0
3174.HK,D,20220811,000000,3.332,3.414,3.332,3.414,393700,0
3174.HK,D,20220812,000000,3.404,3.414,3.404,3.41,1600,0
3174.HK,D,20220815,000000,3.404,3.41,3.398,3.4,13900,0
3174.HK,D,20220816,000000,3.4,3.4,3.324,3.348,27000,0
3174.HK,D,20220817,000000,3.33,3.33,3.316,3.322,33000,0
3174.HK,D,20220818,000000,3.292,3.294,3.278,3.294,6200,0
3174.HK,D,20220819,000000,3.28,3.29,3.264,3.264,12800,0
3174.HK,D,20220822,000000,3.242,3.254,3.24,3.254,9200,0
3174.HK,D,20220823,000000,3.214,3.214,3.174,3.186,42700,0
3174.HK,D,20220824,000000,3.166,3.166,3.118,3.118,14100,0
3174.HK,D,20220825,000000,3.164,3.226,3.148,3.226,21000,0
3174.HK,D,20220826,000000,3.292,3.316,3.28,3.312,22900,0
3174.HK,D,20220829,000000,3.23,3.23,3.2,3.202,16500,0
3174.HK,D,20220830,000000,3.202,3.202,3.112,3.156,8600,0
3174.HK,D,20220831,000000,3.12,3.218,3.12,3.208,184600,0
3174.HK,D,20220901,000000,3.2,3.212,3.154,3.156,48600,0
3174.HK,D,20220902,000000,3.156,3.156,3.104,3.104,69100,0
3174.HK,D,20220905,000000,3.102,3.102,2.99,3.022,25300,0
3174.HK,D,20220906,000000,3.012,3.018,2.978,3.018,37200,0
3174.HK,D,20220907,000000,2.962,2.996,2.962,2.994,82000,0
3174.HK,D,20220908,000000,3.028,3.028,2.942,2.942,55400,0
3174.HK,D,20220909,000000,2.97,3.068,2.97,3.068,74500,0
3174.HK,D,20220913,000000,2.994,2.994,2.936,2.942,684200,0
3174.HK,D,20220914,000000,2.898,2.9,2.862,2.872,294600,0
3174.HK,D,20220915,000000,2.928,2.932,2.89,2.9,100700,0
3174.HK,D,20220916,000000,2.88,2.88,2.814,2.82,134300,0
3174.HK,D,20220919,000000,2.8,2.8,2.724,2.724,57300,0
3174.HK,D,20220920,000000,2.742,2.756,2.74,2.756,41400,0
3174.HK,D,20220921,000000,2.704,2.704,2.662,2.672,82800,0
3174.HK,D,20220922,000000,2.616,2.64,2.594,2.626,90500,0
3174.HK,D,20220923,000000,2.604,2.604,2.532,2.532,98000,0
3174.HK,D,20220926,000000,2.532,2.6,2.532,2.56,26600,0
3174.HK,D,20220927,000000,2.566,2.65,2.562,2.646,53400,0
3174.HK,D,20220928,000000,2.604,2.604,2.55,2.564,49300,0
3174.HK,D,20220929,000000,2.606,2.606,2.556,2.558,12600,0
3174.HK,D,20220930,000000,2.552,2.58,2.552,2.568,8200,0
3174.HK,D,20221003,000000,2.56,2.594,2.526,2.554,24300,0
3174.HK,D,20221005,000000,2.632,2.682,2.63,2.682,30700,0
3174.HK,D,20221006,000000,2.674,2.674,2.616,2.63,29700,0
3174.HK,D,20221007,000000,2.578,2.578,2.562,2.566,7300,0
3174.HK,D,20221010,000000,2.554,2.554,2.474,2.474,82400,0
3174.HK,D,20221011,000000,2.464,2.464,2.416,2.444,50700,0
3174.HK,D,20221012,000000,2.38,2.488,2.38,2.456,117900,0
3174.HK,D,20221013,000000,2.494,2.54,2.44,2.446,25700,0
3174.HK,D,20221014,000000,2.5,2.666,2.5,2.602,45700,0
3174.HK,D,20221017,000000,2.63,2.674,2.604,2.668,74500,0
3174.HK,D,20221018,000000,2.656,2.784,2.632,2.784,52200,0
3174.HK,D,20221019,000000,2.722,2.734,2.7,2.7,46000,0
3174.HK,D,20221020,000000,2.632,2.704,2.632,2.696,6800,0
3174.HK,D,20221021,000000,2.75,2.758,2.742,2.75,5800,0
3174.HK,D,20221024,000000,2.69,2.69,2.544,2.566,79900,0
3174.HK,D,20221025,000000,2.558,2.626,2.538,2.61,113300,0
3174.HK,D,20221026,000000,2.69,2.786,2.69,2.75,85700,0
3174.HK,D,20221027,000000,2.788,2.788,2.75,2.75,149300,0
3174.HK,D,20221028,000000,2.75,2.75,2.638,2.65,44600,0
3174.HK,D,20221031,000000,2.65,2.686,2.628,2.638,5800,0
3174.HK,D,20221101,000000,2.712,2.844,2.712,2.832,195100,0
3174.HK,D,20221102,000000,2.832,3.094,2.832,3.084,188900,0
3174.HK,D,20221103,000000,2.916,2.97,2.912,2.924,130300,0
3174.HK,D,20221104,000000,3,3.144,3,3.06,108700,0
3174.HK,D,20221107,000000,3.112,3.168,3.112,3.154,135400,0
3174.HK,D,20221108,000000,3.17,3.17,3.072,3.104,136100,0
3174.HK,D,20221109,000000,3.104,3.11,3,3.016,77300,0
3174.HK,D,20221110,000000,3.016,3.036,2.978,2.998,13600,0
3174.HK,D,20221111,000000,3.216,3.232,3.1,3.122,164300,0
3174.HK,D,20221114,000000,3.222,3.362,3.222,3.338,541000,0
3174.HK,D,20221115,000000,3.326,3.392,3.326,3.392,209700,0
3174.HK,D,20221116,000000,3.392,3.48,3.37,3.426,95800,0
3174.HK,D,20221117,000000,3.372,3.372,3.27,3.364,334500,0
3174.HK,D,20221118,000000,3.376,3.418,3.368,3.368,146900,0
3174.HK,D,20221121,000000,3.368,3.368,3.266,3.31,55600,0
3174.HK,D,20221122,000000,3.308,3.308,3.14,3.188,74400,0
3174.HK,D,20221123,000000,3.114,3.146,3.066,3.128,39700,0
3174.HK,D,20221124,000000,3.134,3.158,3.134,3.15,19200,0
3174.HK,D,20221125,000000,3.106,3.106,3.076,3.09,23000,0
3174.HK,D,20221128,000000,3,3.098,2.966,3.098,510300,0
3174.HK,D,20221129,000000,3.116,3.228,3.116,3.206,118700,0
3174.HK,D,20221130,000000,3.2,3.288,3.198,3.288,192100,0
3174.HK,D,20221201,000000,3.392,3.392,3.19,3.236,89800,0
3174.HK,D,20221202,000000,3.278,3.318,3.278,3.288,53800,0
3174.HK,D,20221205,000000,3.364,3.47,3.362,3.47,324200,0
3174.HK,D,20221206,000000,3.5,3.506,3.366,3.38,94500,0
3174.HK,D,20221207,000000,3.466,3.542,3.33,3.338,370500,0
3174.HK,D,20221208,000000,3.43,3.558,3.43,3.544,159800,0
3174.HK,D,20221209,000000,3.58,3.58,3.492,3.538,96800,0
3174.HK,D,20221212,000000,3.574,3.574,3.486,3.52,52100,0
3174.HK,D,20221213,000000,3.52,3.52,3.438,3.456,49700,0
3174.HK,D,20221214,000000,3.506,3.506,3.444,3.484,31200,0
3174.HK,D,20221215,000000,3.412,3.422,3.4,3.4,30200,0
3174.HK,D,20221216,000000,3.408,3.464,3.392,3.45,332200,0
3174.HK,D,20221219,000000,3.45,3.45,3.258,3.266,85000,0
3174.HK,D,20221220,000000,3.234,3.248,3.208,3.224,30900,0
3174.HK,D,20221221,000000,3.282,3.288,3.262,3.264,15800,0
3174.HK,D,20221222,000000,3.352,3.374,3.32,3.338,5100,0
3174.HK,D,20221223,000000,3.342,3.382,3.32,3.358,34600,0
3174.HK,D,20221228,000000,3.358,3.442,3.358,3.418,49600,0
3174.HK,D,20221229,000000,3.394,3.5,3.394,3.466,16300,0
3174.HK,D,20221230,000000,3.524,3.524,3.446,3.47,18500,0
3174.HK,D,20230103,000000,3.45,3.542,3.426,3.53,521100,0
3174.HK,D,20230104,000000,3.564,3.64,3.562,3.64,133800,0
3174.HK,D,20230105,000000,3.65,3.74,3.65,3.674,197100,0
3174.HK,D,20230106,000000,3.692,3.706,3.626,3.628,27700,0
3174.HK,D,20230109,000000,3.74,3.74,3.702,3.728,71400,0
3174.HK,D,20230110,000000,3.728,3.76,3.682,3.722,73200,0
3174.HK,D,20230111,000000,3.774,3.84,3.754,3.768,150800,0
3174.HK,D,20230112,000000,3.8,3.828,3.704,3.71,61077,0
3174.HK,D,20230113,000000,3.742,3.898,3.742,3.898,138100,0
3174.HK,D,20230116,000000,3.916,4.024,3.896,3.896,251500,0
3174.HK,D,20230117,000000,3.866,3.866,3.76,3.786,145700,0
3174.HK,D,20230118,000000,3.724,3.782,3.724,3.774,129700,0
3174.HK,D,20230119,000000,3.76,3.84,3.736,3.78,20200,0
3174.HK,D,20230120,000000,3.822,3.828,3.79,3.828,15400,0
3174.HK,D,20230126,000000,3.828,3.92,3.828,3.92,101500,0
3174.HK,D,20230127,000000,3.958,3.958,3.89,3.91,52100,0
3174.HK,D,20230130,000000,3.9,3.9,3.744,3.744,90300,0
3174.HK,D,20230131,000000,3.746,3.746,3.6,3.626,74700,0
3174.HK,D,20230201,000000,3.67,3.738,3.644,3.73,14500,0
3174.HK,D,20230202,000000,3.808,3.864,3.772,3.798,67400,0
3174.HK,D,20230203,000000,3.798,3.798,3.728,3.732,27700,0
3174.HK,D,20230206,000000,3.714,3.714,3.546,3.568,68000,0
3174.HK,D,20230207,000000,3.612,3.618,3.58,3.59,43100,0
3174.HK,D,20230208,000000,3.59,3.59,3.574,3.574,48100,0
3174.HK,D,20230209,000000,3.554,3.616,3.552,3.616,33400,0
3174.HK,D,20230210,000000,3.618,3.618,3.486,3.52,50600,0
3174.HK,D,20230213,000000,3.488,3.536,3.488,3.528,60700,0
3174.HK,D,20230214,000000,3.516,3.516,3.462,3.484,17700,0
3174.HK,D,20230215,000000,3.432,3.432,3.366,3.366,69111,0
3174.HK,D,20230216,000000,3.366,3.45,3.342,3.366,48300,0
3174.HK,D,20230217,000000,3.396,3.396,3.36,3.37,11900,0
3174.HK,D,20230220,000000,3.4,3.44,3.36,3.44,112600,0
3174.HK,D,20230221,000000,3.42,3.42,3.364,3.364,71500,0
3174.HK,D,20230222,000000,3.348,3.348,3.32,3.322,43800,0
3174.HK,D,20230223,000000,3.32,3.364,3.32,3.332,9300,0
3174.HK,D,20230224,000000,3.33,3.33,3.28,3.284,46500,0
3174.HK,D,20230227,000000,3.284,3.284,3.21,3.226,104800,0
3174.HK,D,20230228,000000,3.234,3.234,3.18,3.208,14800,0
3174.HK,D,20230301,000000,3.208,3.338,3.204,3.338,50500,0
3174.HK,D,20230302,000000,3.312,3.33,3.3,3.33,13400,0
3174.HK,D,20230303,000000,3.372,3.402,3.31,3.38,314400,0
3174.HK,D,20230306,000000,3.38,3.38,3.352,3.354,134600,0
3174.HK,D,20230307,000000,3.336,3.362,3.27,3.278,148400,0
3174.HK,D,20230308,000000,3.278,3.278,3.156,3.156,79700,0
3174.HK,D,20230309,000000,3.16,3.18,3.144,3.144,26000,0
3174.HK,D,20230310,000000,3.144,3.144,3.062,3.066,87200,0
3174.HK,D,20230313,000000,3.066,3.104,3.066,3.078,14900,0
3174.HK,D,20230314,000000,3.078,3.136,3.046,3.046,23300,0
3174.HK,D,20230315,000000,3.17,3.17,3.136,3.146,12600,0
3174.HK,D,20230316,000000,3.12,3.18,3.118,3.122,30300,0
3174.HK,D,20230317,000000,3.162,3.162,3.126,3.162,5000,0
3174.HK,D,20230320,000000,3.1,3.1,3.016,3.04,20800,0
3174.HK,D,20230321,000000,3.172,3.172,3.098,3.172,30100,0
3174.HK,D,20230322,000000,3.21,3.21,3.17,3.17,68600,0
3174.HK,D,20230323,000000,3.15,3.15,3.096,3.148,112100,0
3174.HK,D,20230324,000000,3.156,3.186,3.124,3.15,20800,0
3174.HK,D,20230327,000000,3.138,3.186,3.12,3.154,25500,0
3174.HK,D,20230328,000000,3.154,3.154,3.09,3.09,11200,0
3174.HK,D,20230329,000000,3.112,3.128,3.074,3.124,420400,0
3174.HK,D,20230330,000000,3.092,3.092,3.04,3.078,19300,0
3174.HK,D,20230331,000000,3.11,3.11,3.054,3.074,228500,0
3174.HK,D,20230403,000000,3.06,3.06,2.978,3.01,132300,0
3174.HK,D,20230404,000000,2.964,3.03,2.936,3.024,110400,0
3174.HK,D,20230406,000000,3.01,3.114,3.01,3.112,77300,0
3174.HK,D,20230411,000000,3.16,3.202,3.16,3.2,33800,0
3174.HK,D,20230412,000000,3.228,3.238,3.19,3.214,44901,0
3174.HK,D,20230413,000000,3.14,3.318,3.14,3.308,131500,0
3174.HK,D,20230414,000000,3.382,3.398,3.302,3.312,45900,0
3174.HK,D,20230417,000000,3.312,3.312,3.262,3.288,82700,0
3174.HK,D,20230418,000000,3.256,3.278,3.254,3.266,35900,0
3174.HK,D,20230419,000000,3.25,3.25,3.214,3.23,8900,0
3174.HK,D,20230420,000000,3.174,3.182,3.156,3.174,1100,0
3174.HK,D,20230421,000000,3.13,3.14,3.088,3.11,98500,0
3174.HK,D,20230424,000000,3.134,3.186,3.108,3.134,130000,0
3174.HK,D,20230425,000000,3.068,3.068,2.968,2.986,212500,0
3174.HK,D,20230426,000000,3.036,3.036,3.028,3.036,1300,0
3174.HK,D,20230427,000000,3.014,3.036,3.012,3.036,15700,0
3174.HK,D,20230428,000000,3.028,3.04,3.02,3.03,33900,0
3174.HK,D,20230502,000000,3,3,2.946,2.994,29500,0
3174.HK,D,20230503,000000,2.95,2.95,2.92,2.95,3900,0
3174.HK,D,20230504,000000,3,3.018,3,3.018,76700,0
3174.HK,D,20230505,000000,3.056,3.058,3.018,3.022,5600,0
3174.HK,D,20230508,000000,3.062,3.062,3,3.024,24932,0
3174.HK,D,20230509,000000,2.956,2.956,2.918,2.918,60300,0
3174.HK,D,20230510,000000,2.91,2.916,2.9,2.916,4900,0
3174.HK,D,20230511,000000,2.972,2.972,2.91,2.928,58900,0
3174.HK,D,20230512,000000,2.926,2.926,2.888,2.888,14600,0
3174.HK,D,20230515,000000,2.888,2.922,2.874,2.922,30200,0
3174.HK,D,20230516,000000,2.958,2.958,2.934,2.938,40100,0
3174.HK,D,20230517,000000,2.89,2.89,2.838,2.84,49200,0
3174.HK,D,20230518,000000,2.84,2.84,2.794,2.794,20000,0
3174.HK,D,20230519,000000,2.76,2.762,2.738,2.762,28700,0
3174.HK,D,20230522,000000,2.762,2.83,2.762,2.814,4300,0
3174.HK,D,20230523,000000,2.854,2.854,2.848,2.848,7000,0
3174.HK,D,20230524,000000,2.812,2.812,2.782,2.782,11700,0
3174.HK,D,20230525,000000,2.782,2.782,2.72,2.736,4600,0
3174.HK,D,20230529,000000,2.736,2.762,2.654,2.654,152900,0
3174.HK,D,20230530,000000,2.654,2.692,2.636,2.676,14000,0
3174.HK,D,20230531,000000,2.676,2.676,2.6,2.622,58700,0
3174.HK,D,20230601,000000,2.66,2.68,2.642,2.642,55625,0
3174.HK,D,20230602,000000,2.702,2.74,2.68,2.73,54000,0
3174.HK,D,20230605,000000,2.72,2.72,2.692,2.708,13100,0
3174.HK,D,20230606,000000,2.69,2.71,2.682,2.684,274400,0
3174.HK,D,20230607,000000,2.7,2.702,2.696,2.7,17900,0
3174.HK,D,20230608,000000,2.682,2.682,2.682,2.682,2200,0
3174.HK,D,20230609,000000,2.728,2.728,2.728,2.728,0,0
3174.HK,D,20230612,000000,2.718,2.718,2.672,2.696,279100,0
3174.HK,D,20230613,000000,2.676,2.692,2.676,2.692,2000,0
3174.HK,D,20230614,000000,2.72,2.73,2.674,2.674,33500,0
3174.HK,D,20230615,000000,2.716,2.776,2.714,2.776,31200,0
3174.HK,D,20230616,000000,2.8,2.88,2.8,2.85,99200,0
3174.HK,D,20230619,000000,2.79,2.81,2.78,2.81,67400,0
3174.HK,D,20230620,000000,2.804,2.804,2.692,2.704,43000,0
3174.HK,D,20230621,000000,2.65,2.65,2.596,2.618,36200,0
3174.HK,D,20230623,000000,2.524,2.524,2.51,2.516,36900,0
3174.HK,D,20230626,000000,2.516,2.604,2.516,2.604,9400,0
3174.HK,D,20230627,000000,2.61,2.616,2.608,2.616,16000,0
3174.HK,D,20230628,000000,2.59,2.59,2.556,2.582,2800,0
3174.HK,D,20230629,000000,2.54,2.548,2.528,2.548,1300,0
3174.HK,D,20230630,000000,2.548,2.602,2.548,2.6,83900,0
3174.HK,D,20230703,000000,2.59,2.628,2.59,2.628,1000,0
3174.HK,D,20230704,000000,2.628,2.728,2.628,2.728,8100,0
3174.HK,D,20230705,000000,2.672,2.678,2.66,2.672,57400,0
3174.HK,D,20230706,000000,2.612,2.612,2.596,2.608,16100,0
3174.HK,D,20230707,000000,2.59,2.59,2.578,2.584,25700,0
3174.HK,D,20230710,000000,2.6,2.6,2.588,2.6,2500,0
3174.HK,D,20230711,000000,2.604,2.616,2.602,2.616,18000,0
3174.HK,D,20230712,000000,2.624,2.624,2.604,2.604,2100,0
3174.HK,D,20230713,000000,2.716,2.75,2.714,2.742,37300,0
3174.HK,D,20230714,000000,2.742,2.744,2.712,2.712,7000,0
3174.HK,D,20230718,000000,2.664,2.664,2.664,2.664,200,0
3174.HK,D,20230719,000000,2.628,2.628,2.596,2.62,39500,0
3174.HK,D,20230720,000000,2.62,2.676,2.61,2.614,55500,0
3174.HK,D,20230721,000000,2.688,2.688,2.658,2.658,5500,0
3174.HK,D,20230724,000000,2.666,2.666,2.648,2.648,100,0
3174.HK,D,20230725,000000,2.658,2.698,2.658,2.698,19600,0
3174.HK,D,20230726,000000,2.712,2.714,2.712,2.714,3200,0
3174.HK,D,20230727,000000,2.714,2.74,2.714,2.74,2000,0
3174.HK,D,20230728,000000,2.73,2.83,2.708,2.816,131500,0
3174.HK,D,20230731,000000,2.856,2.868,2.774,2.786,376000,0
3174.HK,D,20230801,000000,2.788,2.854,2.788,2.794,20000,0
3174.HK,D,20230802,000000,2.782,2.782,2.662,2.67,46000,0
3174.HK,D,20230803,000000,2.662,2.694,2.662,2.694,8400,0
3174.HK,D,20230804,000000,2.75,2.75,2.69,2.706,90800,0
3174.HK,D,20230807,000000,2.62,2.62,2.572,2.58,496500,0
3174.HK,D,20230808,000000,2.522,2.562,2.518,2.55,108500,0
3174.HK,D,20230809,000000,2.63,2.648,2.62,2.62,42200,0
3174.HK,D,20230810,000000,2.598,2.61,2.586,2.61,68500,0
3174.HK,D,20230811,000000,2.61,2.61,2.568,2.568,24500,0
3174.HK,D,20230814,000000,2.52,2.548,2.494,2.548,126300,0
3174.HK,D,20230815,000000,2.522,2.532,2.508,2.532,31000,0
3174.HK,D,20230816,000000,2.534,2.534,2.49,2.516,71965,0
3174.HK,D,20230817,000000,2.474,2.498,2.45,2.498,66600,0
3174.HK,D,20230818,000000,2.458,2.458,2.398,2.398,171900,0
3174.HK,D,20230821,000000,2.398,2.412,2.368,2.396,113500,0
3174.HK,D,20230822,000000,2.38,2.43,2.38,2.418,13500,0
3174.HK,D,20230823,000000,2.378,2.4,2.378,2.39,88000,0
3174.HK,D,20230824,000000,2.44,2.478,2.44,2.476,5300,0
3174.HK,D,20230825,000000,2.448,2.478,2.448,2.478,1800,0
3174.HK,D,20230828,000000,2.526,2.534,2.502,2.502,61700,0
3174.HK,D,20230829,000000,2.504,2.576,2.504,2.576,28600,0
3174.HK,D,20230830,000000,2.544,2.552,2.544,2.544,6500,0
3174.HK,D,20230831,000000,2.516,2.53,2.5,2.5,2400,0
3174.HK,D,20230904,000000,2.5,2.54,2.5,2.536,26600,0
3174.HK,D,20230905,000000,2.498,2.498,2.49,2.49,50700,0
3174.HK,D,20230906,000000,2.426,2.444,2.426,2.43,38300,0
3174.HK,D,20230907,000000,2.412,2.418,2.398,2.398,14400,0
3174.HK,D,20230911,000000,2.396,2.484,2.396,2.484,33000,0
3174.HK,D,20230912,000000,2.454,2.484,2.454,2.466,58500,0
3174.HK,D,20230913,000000,2.434,2.44,2.432,2.434,6000,0
3174.HK,D,20230914,000000,2.434,2.438,2.432,2.434,89300,0
3174.HK,D,20230915,000000,2.482,2.508,2.482,2.504,18100,0
3174.HK,D,20230918,000000,2.502,2.524,2.502,2.516,16400,0
3174.HK,D,20230919,000000,2.5,2.51,2.5,2.51,6100,0
3174.HK,D,20230920,000000,2.48,2.48,2.474,2.476,2300,0
3174.HK,D,20230921,000000,2.412,2.412,2.402,2.404,22300,0
3174.HK,D,20230922,000000,2.404,2.466,2.404,2.466,84432,0
3174.HK,D,20230925,000000,2.482,2.482,2.476,2.476,10100,0
3174.HK,D,20230926,000000,2.45,2.456,2.45,2.45,100,0
3174.HK,D,20230927,000000,2.498,2.51,2.498,2.51,37000,0
3174.HK,D,20230928,000000,2.498,2.498,2.466,2.466,40100,0
3174.HK,D,20230929,000000,2.484,2.508,2.466,2.486,12537,0
3174.HK,D,20231003,000000,2.4,2.4,2.38,2.392,5100,0
3174.HK,D,20231004,000000,2.38,2.38,2.358,2.358,207400,0
3174.HK,D,20231005,000000,2.37,2.37,2.37,2.37,17000,0
3174.HK,D,20231006,000000,2.412,2.422,2.412,2.422,11000,0
3174.HK,D,20231009,000000,2.452,2.452,2.452,2.452,600,0
3174.HK,D,20231010,000000,2.47,2.47,2.452,2.452,137600,0
3174.HK,D,20231011,000000,2.544,2.554,2.536,2.546,339700,0
3174.HK,D,20231012,000000,2.57,2.602,2.56,2.602,61100,0
3174.HK,D,20231013,000000,2.562,2.562,2.558,2.558,3000,0
3174.HK,D,20231016,000000,2.59,2.59,2.508,2.508,19700,0
3174.HK,D,20231017,000000,2.53,2.53,2.53,2.53,8600,0
3174.HK,D,20231018,000000,2.468,2.468,2.468,2.468,0,0
3174.HK,D,20231019,000000,2.42,2.426,2.42,2.422,7600,0
3174.HK,D,20231020,000000,2.4,2.4,2.398,2.398,6800,0
3174.HK,D,20231024,000000,2.408,2.434,2.408,2.428,18735,0
3174.HK,D,20231025,000000,2.468,2.468,2.424,2.428,3400,0
3174.HK,D,20231026,000000,2.406,2.406,2.382,2.382,600,0
3174.HK,D,20231027,000000,2.47,2.55,2.47,2.548,174200,0
3174.HK,D,20231030,000000,2.646,2.65,2.618,2.642,137700,0
3174.HK,D,20231031,000000,2.624,2.646,2.41,2.582,70200,0
3174.HK,D,20231101,000000,2.542,2.574,2.542,2.574,25100,0
3174.HK,D,20231102,000000,2.594,2.596,2.558,2.564,111200,0
3174.HK,D,20231103,000000,2.594,2.616,2.594,2.616,3400,0
3174.HK,D,20231106,000000,2.736,2.742,2.72,2.73,25400,0
3174.HK,D,20231107,000000,2.748,2.748,2.7,2.702,48700,0
3174.HK,D,20231108,000000,2.764,2.766,2.722,2.722,22200,0
3174.HK,D,20231109,000000,2.724,2.75,2.686,2.686,164400,0
3174.HK,D,20231110,000000,2.638,2.644,2.626,2.634,78000,0
3174.HK,D,20231113,000000,2.634,2.634,2.59,2.63,19900,0
3174.HK,D,20231114,000000,2.62,2.62,2.62,2.62,400,0
3174.HK,D,20231115,000000,2.4,2.716,2.4,2.716,10400,0
3174.HK,D,20231116,000000,2.652,2.652,2.61,2.644,110400,0
3174.HK,D,20231117,000000,2.62,2.658,2.62,2.654,5900,0
3174.HK,D,20231120,000000,2.672,2.678,2.672,2.678,800,0
3174.HK,D,20231121,000000,2.69,2.696,2.672,2.672,7100,0
3174.HK,D,20231122,000000,2.634,2.636,2.63,2.634,11600,0
3174.HK,D,20231123,000000,2.688,2.688,2.65,2.688,10000,0
3174.HK,D,20231124,000000,2.672,2.672,2.644,2.644,69100,0
3174.HK,D,20231127,000000,2.644,2.658,2.638,2.644,13100,0
3174.HK,D,20231128,000000,2.7,2.748,2.682,2.72,58970300,0
3174.HK,D,20231129,000000,2.72,2.72,2.63,2.63,22300,0
3174.HK,D,20231130,000000,2.64,2.656,2.64,2.646,25300,0
3174.HK,D,20231201,000000,2.646,2.646,2.618,2.618,23200,0
3174.HK,D,20231204,000000,2.55,2.55,2.456,2.456,37900,0
3174.HK,D,20231205,000000,2.456,2.47,2.418,2.418,120900,0
3174.HK,D,20231206,000000,2.43,2.43,2.412,2.412,1900,0
3174.HK,D,20231207,000000,2.392,2.392,2.334,2.368,31400,0
3174.HK,D,20231208,000000,2.384,2.384,2.35,2.352,20400,0
3174.HK,D,20231211,000000,2.322,2.33,2.288,2.324,26600,0
3174.HK,D,20231212,000000,2.356,2.356,2.356,2.356,5000,0
3174.HK,D,20231213,000000,2.342,2.342,2.332,2.342,300,0
3174.HK,D,20231214,000000,2.384,2.424,2.384,2.394,187700,0
3174.HK,D,20231215,000000,2.444,2.444,2.412,2.412,6200,0
3174.HK,D,20231218,000000,2.352,2.352,2.342,2.352,13400,0
3174.HK,D,20231219,000000,2.322,2.332,2.322,2.332,9100,0
3174.HK,D,20231220,000000,2.338,2.342,2.312,2.312,38700,0
3174.HK,D,20231221,000000,2.268,2.294,2.254,2.286,28528,0
3174.HK,D,20231222,000000,2.268,2.276,2.244,2.244,2800,0
3174.HK,D,20231227,000000,2.244,2.292,2.244,2.292,9400,0
3174.HK,D,20231228,000000,2.344,2.38,2.344,2.37,16900,0
3174.HK,D,20231229,000000,2.416,2.416,2.406,2.41,8700,0
3174.HK,D,20240102,000000,2.366,2.366,2.354,2.354,1000,0
3174.HK,D,20240103,000000,2.35,2.35,2.294,2.304,4900,0
3174.HK,D,20240104,000000,2.3,2.3,2.3,2.3,0,0
3174.HK,D,20240105,000000,2.254,2.254,2.212,2.212,29300,0
3174.HK,D,20240108,000000,2.2,2.2,2.156,2.156,9400,0
3174.HK,D,20240109,000000,2.196,2.232,2.196,2.2,11200,0
3174.HK,D,20240110,000000,2.222,2.224,2.222,2.224,5400,0
3174.HK,D,20240111,000000,2.262,2.282,2.248,2.248,28400,0
3174.HK,D,20240112,000000,2.2,2.226,2.2,2.2,1500,0
3174.HK,D,20240115,000000,2.2,2.2,2.2,2.2,2000,0
3174.HK,D,20240116,000000,2.16,2.178,2.16,2.16,226658,0
3174.HK,D,20240117,000000,2.1,2.1,2.008,2.018,70400,0
3174.HK,D,20240118,000000,2.018,2.064,2.018,2.064,16100,0
3174.HK,D,20240119,000000,1.98,2.01,1.97,1.98,11200,0
3174.HK,D,20240122,000000,1.978,1.978,1.88,1.892,44300,0
3174.HK,D,20240123,000000,1.892,1.964,1.892,1.954,209100,0
3174.HK,D,20240124,000000,1.998,1.998,1.94,1.996,295900,0
3174.HK,D,20240125,000000,2.01,2.02,2.004,2.018,11400,0
3174.HK,D,20240126,000000,2.03,2.03,1.81,1.87,95700,0
3174.HK,D,20240129,000000,1.914,1.914,1.848,1.848,231300,0
3174.HK,D,20240130,000000,1.83,1.83,1.794,1.794,34200,0
3174.HK,D,20240131,000000,1.794,1.794,1.714,1.714,26400,0
3174.HK,D,20240201,000000,1.756,1.798,1.756,1.776,60500,0
3174.HK,D,20240202,000000,1.762,1.762,1.668,1.676,55000,0
3174.HK,D,20240205,000000,1.644,1.692,1.644,1.668,16400,0
3174.HK,D,20240206,000000,1.712,1.808,1.712,1.802,72000,0
3174.HK,D,20240207,000000,1.858,1.862,1.808,1.812,117200,0
3174.HK,D,20240208,000000,1.79,1.814,1.79,1.8,143000,0
3174.HK,D,20240209,000000,1.792,1.792,1.744,1.76,150700,0
3174.HK,D,20240214,000000,1.7,1.752,1.698,1.748,25700,0
3174.HK,D,20240215,000000,1.742,1.76,1.716,1.76,26600,0
3174.HK,D,20240216,000000,1.772,1.868,1.772,1.868,64600,0
3174.HK,D,20240219,000000,1.848,1.848,1.814,1.83,65400,0
3174.HK,D,20240220,000000,1.824,1.892,1.824,1.87,100300,0
3174.HK,D,20240221,000000,1.894,1.946,1.894,1.912,223100,0
3174.HK,D,20240222,000000,1.92,1.936,1.9,1.936,65000,0
3174.HK,D,20240223,000000,1.938,1.938,1.912,1.926,110100,0
3174.HK,D,20240226,000000,1.926,1.97,1.926,1.94,25900,0
3174.HK,D,20240227,000000,1.924,1.974,1.924,1.974,31900,0
3174.HK,D,20240228,000000,1.984,2.03,1.942,1.942,101500,0
3174.HK,D,20240229,000000,1.98,1.98,1.96,1.966,3000,0
3174.HK,D,20240301,000000,1.928,1.946,1.928,1.946,92400,0
3174.HK,D,20240304,000000,1.984,2.03,1.984,2.016,54300,0
3174.HK,D,20240305,000000,2.05,2.05,1.916,1.916,43800,0
3174.HK,D,20240306,000000,1.91,1.962,1.91,1.962,80800,0
3174.HK,D,20240307,000000,1.964,1.964,1.824,1.834,57900,0
3174.HK,D,20240308,000000,1.89,1.89,1.878,1.884,36600,0
3174.HK,D,20240311,000000,1.884,1.936,1.884,1.932,89800,0
3174.HK,D,20240312,000000,1.982,2.012,1.982,2.012,164800,0
3174.HK,D,20240313,000000,2.002,2.078,1.998,2.068,121300,0
3174.HK,D,20240314,000000,2.144,2.144,1.99,2.006,493800,0
3174.HK,D,20240315,000000,2.006,2.006,1.97,1.976,42700,0
3174.HK,D,20240318,000000,1.97,1.988,1.97,1.988,300,0
3174.HK,D,20240319,000000,1.934,1.936,1.914,1.914,36000,0
3174.HK,D,20240320,000000,1.91,1.918,1.91,1.916,49700,0
3174.HK,D,20240321,000000,1.928,1.934,1.908,1.908,35200,0
3174.HK,D,20240322,000000,1.9,1.9,1.828,1.828,26300,0
3174.HK,D,20240325,000000,1.846,1.882,1.84,1.846,608200,0
3174.HK,D,20240326,000000,1.846,1.846,1.822,1.844,21500,0
3174.HK,D,20240327,000000,1.824,1.836,1.814,1.816,28300,0
3174.HK,D,20240328,000000,1.8,1.848,1.8,1.812,82800,0
3174.HK,D,20240402,000000,1.812,1.822,1.806,1.806,125800,0
3174.HK,D,20240403,000000,1.776,1.78,1.776,1.776,8800,0
3174.HK,D,20240405,000000,1.734,1.736,1.724,1.728,6500,0
3174.HK,D,20240408,000000,1.728,1.746,1.726,1.744,17700,0
3174.HK,D,20240409,000000,1.79,1.79,1.772,1.79,600,0
3174.HK,D,20240410,000000,1.792,1.806,1.778,1.782,220200,0
3174.HK,D,20240411,000000,1.752,1.77,1.75,1.77,21800,0
3174.HK,D,20240412,000000,1.754,1.754,1.754,1.754,0,0
3174.HK,D,20240415,000000,1.71,1.716,1.7,1.708,3200,0
3174.HK,D,20240416,000000,1.66,1.66,1.654,1.654,16000,0
3174.HK,D,20240417,000000,1.654,1.662,1.654,1.662,9100,0
3174.HK,D,20240418,000000,1.66,1.66,1.66,1.66,11100,0
3174.HK,D,20240419,000000,1.644,1.644,1.592,1.61,41900,0
3174.HK,D,20240422,000000,1.61,1.654,1.61,1.654,50100,0
3174.HK,D,20240423,000000,1.658,1.706,1.658,1.7,15400,0
3174.HK,D,20240424,000000,1.69,1.728,1.69,1.72,20900,0
3174.HK,D,20240425,000000,1.744,1.744,1.74,1.74,21700,0
3174.HK,D,20240426,000000,1.782,1.794,1.778,1.782,214100,0
3174.HK,D,20240429,000000,1.782,1.832,1.782,1.822,14800,0
3174.HK,D,20240430,000000,1.822,1.822,1.788,1.788,23600,0
3174.HK,D,20240502,000000,1.846,1.89,1.846,1.89,18400,0
3174.HK,D,20240503,000000,1.906,1.906,1.856,1.868,23200,0
3174.HK,D,20240506,000000,1.876,1.892,1.876,1.88,67500,0
3174.HK,D,20240507,000000,1.884,1.884,1.854,1.854,108400,0
3174.HK,D,20240508,000000,1.88,1.88,1.856,1.856,60700,0
3174.HK,D,20240509,000000,1.868,1.914,1.868,1.91,31700,0
3174.HK,D,20240510,000000,1.92,1.934,1.906,1.932,177100,0
3174.HK,D,20240513,000000,1.932,1.932,1.918,1.918,22700,0
3174.HK,D,20240514,000000,1.956,1.956,1.936,1.936,38600,0
3174.HK,D,20240516,000000,1.94,1.948,1.916,1.932,94100,0
3174.HK,D,20240517,000000,1.95,1.95,1.918,1.924,12800,0
3174.HK,D,20240520,000000,1.95,1.954,1.922,1.928,51500,0
3174.HK,D,20240521,000000,1.928,1.928,1.848,1.848,30900,0
3174.HK,D,20240522,000000,1.862,1.862,1.838,1.842,88200,0
3174.HK,D,20240523,000000,1.836,1.836,1.814,1.814,108100,0
3174.HK,D,20240524,000000,1.8,1.8,1.698,1.728,278400,0
3174.HK,D,20240527,000000,1.708,1.746,1.684,1.746,65700,0
3174.HK,D,20240528,000000,1.8,1.804,1.764,1.764,109900,0
3174.HK,D,20240529,000000,1.74,1.74,1.73,1.732,17600,0
3174.HK,D,20240530,000000,1.736,1.736,1.716,1.716,25100,0
3174.HK,D,20240531,000000,1.73,1.792,1.73,1.73,84100,0
3174.HK,D,20240603,000000,1.718,1.724,1.716,1.716,187400,0
3174.HK,D,20240604,000000,1.716,1.782,1.716,1.77,68000,0
3174.HK,D,20240605,000000,1.774,1.792,1.77,1.77,30300,0
3174.HK,D,20240606,000000,1.788,1.788,1.77,1.77,33000,0
3174.HK,D,20240607,000000,1.78,1.78,1.776,1.776,9900,0
3174.HK,D,20240611,000000,1.734,1.748,1.734,1.748,22100,0
3174.HK,D,20240612,000000,1.748,1.768,1.748,1.758,13100,0
3174.HK,D,20240613,000000,1.78,1.788,1.77,1.772,42600,0
3174.HK,D,20240614,000000,1.764,1.764,1.75,1.752,32000,0
3174.HK,D,20240617,000000,1.742,1.744,1.742,1.744,8500,0
3174.HK,D,20240618,000000,1.718,1.718,1.716,1.718,31000,0
3174.HK,D,20240619,000000,1.736,1.736,1.736,1.736,0,0
3174.HK,D,20240620,000000,1.742,1.742,1.694,1.694,66000,0
3174.HK,D,20240621,000000,1.67,1.698,1.67,1.676,222200,0
3174.HK,D,20240624,000000,1.666,1.67,1.656,1.67,19000,0
3174.HK,D,20240625,000000,1.69,1.69,1.68,1.68,900,0
3174.HK,D,20240626,000000,1.68,1.724,1.68,1.724,87900,0
3174.HK,D,20240627,000000,1.694,1.694,1.668,1.668,112800,0
3174.HK,D,20240628,000000,1.672,1.676,1.636,1.636,87500,0
3174.HK,D,20240702,000000,1.654,1.654,1.632,1.632,54100,0
3174.HK,D,20240703,000000,1.632,1.65,1.632,1.642,126000,0
3174.HK,D,20240704,000000,1.642,1.642,1.626,1.634,124500,0
3174.HK,D,20240705,000000,1.626,1.672,1.626,1.672,2500,0
3174.HK,D,20240708,000000,1.644,1.646,1.602,1.61,77200,0
3174.HK,D,20240709,000000,1.6,1.608,1.588,1.602,63400,0
3174.HK,D,20240710,000000,1.586,1.616,1.586,1.592,19900,0
3174.HK,D,20240711,000000,1.61,1.634,1.61,1.634,23600,0
3174.HK,D,20240712,000000,1.68,1.68,1.668,1.68,21900,0
3174.HK,D,20240715,000000,1.67,1.674,1.668,1.668,43300,0
3174.HK,D,20240716,000000,1.67,1.67,1.668,1.668,30000,0
3174.HK,D,20240717,000000,1.68,1.73,1.68,1.728,54900,0
3174.HK,D,20240718,000000,1.728,1.728,1.696,1.726,32100,0
3174.HK,D,20240719,000000,1.706,1.714,1.7,1.7,12800,0
3174.HK,D,20240722,000000,1.71,1.728,1.71,1.728,14100,0
3174.HK,D,20240723,000000,1.692,1.694,1.692,1.692,1000,0
3174.HK,D,20240724,000000,1.652,1.652,1.648,1.652,800,0
3174.HK,D,20240725,000000,1.65,1.654,1.63,1.632,86600,0
3174.HK,D,20240726,000000,1.652,1.652,1.652,1.652,3000,0
3174.HK,D,20240729,000000,1.652,1.652,1.644,1.644,41000,0
3174.HK,D,20240730,000000,1.612,1.612,1.612,1.612,0,0
3174.HK,D,20240731,000000,1.616,1.692,1.616,1.692,12500,0
3174.HK,D,20240801,000000,1.692,1.692,1.67,1.67,400,0
3174.HK,D,20240802,000000,1.682,1.682,1.668,1.668,2900,0
3174.HK,D,20240805,000000,1.668,1.706,1.65,1.66,115900,0
3174.HK,D,20240806,000000,1.688,1.732,1.688,1.732,71400,0
3174.HK,D,20240807,000000,1.72,1.74,1.72,1.74,47800,0
3174.HK,D,20240808,000000,1.74,1.74,1.734,1.734,8000,0
3174.HK,D,20240809,000000,1.762,1.762,1.746,1.746,2500,0
3174.HK,D,20240812,000000,1.746,1.766,1.746,1.758,500,0
3174.HK,D,20240813,000000,1.744,1.744,1.742,1.742,30200,0
3174.HK,D,20240814,000000,1.71,1.71,1.702,1.71,20600,0
3174.HK,D,20240815,000000,1.714,1.714,1.714,1.714,0,0
3174.HK,D,20240816,000000,1.72,1.758,1.72,1.744,15200,0
3174.HK,D,20240819,000000,1.762,1.762,1.738,1.738,9400,0
3174.HK,D,20240820,000000,1.732,1.734,1.732,1.732,11000,0
3174.HK,D,20240821,000000,1.73,1.73,1.724,1.724,20000,0
3174.HK,D,20240822,000000,1.72,1.72,1.678,1.69,44300,0
3174.HK,D,20240823,000000,1.682,1.682,1.646,1.65,176500,0
3174.HK,D,20240826,000000,1.67,1.68,1.67,1.68,10100,0
3174.HK,D,20240827,000000,1.688,1.69,1.688,1.69,3400,0
3174.HK,D,20240828,000000,1.704,1.704,1.69,1.69,1700,0
3174.HK,D,20240829,000000,1.686,1.718,1.686,1.718,10300,0
3174.HK,D,20240830,000000,1.732,1.748,1.73,1.73,20000,0
3174.HK,D,20240902,000000,1.702,1.704,1.702,1.702,1100,0
3174.HK,D,20240903,000000,1.716,1.72,1.704,1.704,21300,0
3174.HK,D,20240904,000000,1.686,1.7,1.686,1.7,3500,0
3174.HK,D,20240905,000000,1.708,1.714,1.708,1.712,700,0
3174.HK,D,20240909,000000,1.712,1.712,1.68,1.698,112100,0
3174.HK,D,20240910,000000,1.67,1.682,1.67,1.682,8600,0
3174.HK,D,20240911,000000,1.682,1.7,1.682,1.7,11200,0
3174.HK,D,20240912,000000,1.708,1.726,1.708,1.718,1500,0
3174.HK,D,20240913,000000,1.718,1.776,1.718,1.758,154500,0
3174.HK,D,20240916,000000,1.76,1.788,1.746,1.788,170300,0
3174.HK,D,20240917,000000,1.788,1.798,1.776,1.798,170900,0
3174.HK,D,20240919,000000,1.788,1.796,1.788,1.79,127300,0
3174.HK,D,20240920,000000,1.814,1.864,1.81,1.858,150200,0
3174.HK,D,20240923,000000,1.868,1.868,1.81,1.81,33700,0
3174.HK,D,20240924,000000,1.826,1.836,1.794,1.836,280800,0
3174.HK,D,20240925,000000,1.868,1.89,1.86,1.86,171900,0
3174.HK,D,20240926,000000,1.86,1.94,1.856,1.94,150500,0
3174.HK,D,20240927,000000,1.962,2.128,1.942,2.094,361900,0
3174.HK,D,20240930,000000,2.168,2.314,2.142,2.3,1853500,0
3174.HK,D,20241002,000000,2.3,2.482,2.3,2.478,1615800,0
3174.HK,D,20241003,000000,2.48,2.48,2.266,2.366,2400000,0
3174.HK,D,20241004,000000,2.366,2.56,2.366,2.558,777400,0
3174.HK,D,20241007,000000,2.6,2.648,2.52,2.642,2231500,0
3174.HK,D,20241008,000000,2.8,2.8,2.3,2.32,840600,0
3174.HK,D,20241009,000000,2.358,2.38,2.176,2.224,1529100,0
3174.HK,D,20241010,000000,2.256,2.294,2.22,2.226,370600,0
3174.HK,D,20241014,000000,2.196,2.196,2.1,2.15,119400,0
3174.HK,D,20241015,000000,2.146,2.148,2.06,2.062,751300,0
3174.HK,D,20241016,000000,2.05,2.074,2.04,2.052,108700,0
3174.HK,D,20241017,000000,2.1,2.112,2.028,2.028,45100,0
3174.HK,D,20241018,000000,2.046,2.16,2.04,2.144,191000,0
3174.HK,D,20241021,000000,2.144,2.148,2.102,2.102,73600,0
3174.HK,D,20241022,000000,2.126,2.146,2.116,2.116,56600,0
3174.HK,D,20241023,000000,2.114,2.14,2.11,2.138,126100,0
3174.HK,D,20241024,000000,2.116,2.116,2.072,2.072,64200,0
3174.HK,D,20241025,000000,2.088,2.14,2.08,2.124,88400,0
3174.HK,D,20241028,000000,2.12,2.13,2.106,2.106,22200,0
3174.HK,D,20241029,000000,2.136,2.136,2.064,2.07,189500,0
3174.HK,D,20241030,000000,2.074,2.074,2.002,2.026,1236200,0
3174.HK,D,20241031,000000,2.018,2.026,2.008,2.01,31900,0
3174.HK,D,20241101,000000,2.01,2.01,1.98,2.01,116900,0
3174.HK,D,20241104,000000,2.042,2.046,2.034,2.046,6700,0
3174.HK,D,20241105,000000,2.062,2.088,2.038,2.088,56500,0
3174.HK,D,20241106,000000,2.094,2.094,2.052,2.068,60900,0
3174.HK,D,20241107,000000,2.068,2.1,2.048,2.1,67900,0
3174.HK,D,20241108,000000,2.15,2.15,2.08,2.088,58200,0
3174.HK,D,20241111,000000,2.066,2.082,2.046,2.082,59600,0
3174.HK,D,20241112,000000,2.096,2.15,2.044,2.064,342500,0
3174.HK,D,20241113,000000,2.038,2.038,1.996,2.028,98500,0
3174.HK,D,20241114,000000,2.02,2.02,1.972,1.972,63900,0
3174.HK,D,20241115,000000,1.996,2,1.96,1.97,32300,0
3174.HK,D,20241118,000000,1.966,1.966,1.92,1.928,178800,0
3174.HK,D,20241119,000000,1.938,1.938,1.92,1.932,19500,0
3174.HK,D,20241120,000000,1.94,1.99,1.94,1.99,90200,0
3174.HK,D,20241121,000000,1.996,2.016,1.986,1.986,57200,0
3174.HK,D,20241122,000000,1.964,1.964,1.9,1.906,107200,0
3174.HK,D,20241125,000000,1.926,1.934,1.914,1.928,19200,0
3174.HK,D,20241126,000000,1.928,1.954,1.928,1.94,512800,0
3174.HK,D,20241127,000000,1.94,1.998,1.94,1.996,27900,0
3174.HK,D,20241128,000000,1.98,1.98,1.95,1.95,31400,0
3174.HK,D,20241129,000000,1.962,1.984,1.962,1.972,32000,0
3174.HK,D,20241202,000000,1.992,1.992,1.974,1.992,3000,0
3174.HK,D,20241203,000000,1.992,2.002,1.984,2.002,13700,0
3174.HK,D,20241204,000000,2.002,2.002,1.99,1.99,36700,0
3174.HK,D,20241205,000000,1.964,1.964,1.958,1.96,8000,0
3174.HK,D,20241206,000000,1.962,2.022,1.96,1.996,25800,0
3174.HK,D,20241209,000000,1.996,2.076,1.996,2.076,26100,0
3174.HK,D,20241210,000000,2.148,2.148,2.048,2.048,134400,0
3174.HK,D,20241211,000000,2.05,2.082,2.034,2.046,7900,0
3174.HK,D,20241212,000000,2.04,2.062,2.028,2.056,132800,0
3174.HK,D,20241213,000000,2.05,2.05,1.994,1.994,213000,0
3174.HK,D,20241216,000000,1.99,1.99,1.94,1.94,93100,0
3174.HK,D,20241217,000000,1.94,1.944,1.93,1.934,52000,0
3174.HK,D,20241218,000000,1.954,1.954,1.954,1.954,200,0
3174.HK,D,20241219,000000,1.938,1.944,1.936,1.938,36200,0
3174.HK,D,20241220,000000,1.948,1.95,1.928,1.928,2700,0
3174.HK,D,20241223,000000,1.928,1.934,1.924,1.924,9900,0
3174.HK,D,20241224,000000,1.936,1.944,1.928,1.944,1600,0
3174.HK,D,20241227,000000,1.94,1.94,1.92,1.924,163800,0
3174.HK,D,20241230,000000,1.958,1.958,1.934,1.934,19000,0
3174.HK,D,20241231,000000,1.934,1.934,1.914,1.922,151200,0
3174.HK,D,20250102,000000,1.922,1.922,1.862,1.866,148000,0
3174.HK,D,20250103,000000,1.886,1.894,1.856,1.856,15300,0
3174.HK,D,20250106,000000,1.86,1.864,1.84,1.854,58100,0
3174.HK,D,20250107,000000,1.844,1.844,1.806,1.82,370200,0
3174.HK,D,20250108,000000,1.82,1.82,1.78,1.802,11100,0
3174.HK,D,20250109,000000,1.824,1.824,1.808,1.81,107000,0
3174.HK,D,20250110,000000,1.81,1.814,1.794,1.794,4000,0
3174.HK,D,20250113,000000,1.782,1.782,1.768,1.782,175900,0
3174.HK,D,20250114,000000,1.826,1.826,1.818,1.826,3800,0
3174.HK,D,20250115,000000,1.824,1.824,1.796,1.802,315400,0
3174.HK,D,20250116,000000,1.82,1.848,1.78,1.788,280300,0
3174.HK,D,20250117,000000,1.788,1.83,1.788,1.822,43700,0
3174.HK,D,20250120,000000,1.86,1.874,1.86,1.86,74300,0
3174.HK,D,20250121,000000,1.86,1.87,1.852,1.862,6700,0
3174.HK,D,20250122,000000,1.862,1.862,1.85,1.854,3600,0
3174.HK,D,20250123,000000,1.872,1.884,1.854,1.854,38100,0
3174.HK,D,20250124,000000,1.868,1.924,1.86,1.904,185300,0
3174.HK,D,20250127,000000,1.922,1.928,1.916,1.916,30000,0
3174.HK,D,20250128,000000,1.91,1.914,1.91,1.914,6700,0
3174.HK,D,20250203,000000,1.914,1.914,1.866,1.908,293300,0
3174.HK,D,20250204,000000,1.922,1.962,1.922,1.962,90500,0
3174.HK,D,20250205,000000,1.944,1.944,1.93,1.94,28800,0
3174.HK,D,20250206,000000,1.95,2.006,1.95,2.006,78300,0
3174.HK,D,20250207,000000,2.032,2.04,2.006,2.014,282200,0
3174.HK,D,20250210,000000,2.046,2.096,2.046,2.094,209500,0
3174.HK,D,20250211,000000,2.098,2.098,2.04,2.04,171700,0
3174.HK,D,20250212,000000,2.064,2.086,2.03,2.052,111200,0
3174.HK,D,20250213,000000,2.06,2.118,2.036,2.036,156500,0
3174.HK,D,20250214,000000,2.098,2.214,2.096,2.206,383000,0
3174.HK,D,20250217,000000,2.3,2.3,2.2,2.212,292600,0
3174.HK,D,20250218,000000,2.212,2.26,2.21,2.234,198800,0
3174.HK,D,20250219,000000,2.23,2.296,2.23,2.272,146600,0
3174.HK,D,20250220,000000,2.272,2.348,2.266,2.288,98900,0
3174.HK,D,20250221,000000,2.308,2.376,2.308,2.376,451600,0
3174.HK,D,20250224,000000,2.39,2.39,2.288,2.316,354500,0
3174.HK,D,20250225,000000,2.236,2.318,2.236,2.29,253000,0
3174.HK,D,20250226,000000,2.322,2.374,2.316,2.35,153600,0
3174.HK,D,20250227,000000,2.398,2.398,2.32,2.356,348200,0
3174.HK,D,20250228,000000,2.37,2.37,2.21,2.216,150000,0
3174.HK,D,20250303,000000,2.256,2.256,2.19,2.204,91900,0
3174.HK,D,20250304,000000,2.206,2.23,2.206,2.23,30300,0
3174.HK,D,20250305,000000,2.27,2.288,2.236,2.268,83600,0
3174.HK,D,20250306,000000,2.32,2.332,2.308,2.318,275800,0
3174.HK,D,20250307,000000,2.28,2.356,2.28,2.3,229000,0
3174.HK,D,20250310,000000,2.304,2.304,2.264,2.27,28600,0
3174.HK,D,20250311,000000,2.238,2.304,2.238,2.304,127800,0
3174.HK,D,20250312,000000,2.312,2.312,2.274,2.274,7500,0
3174.HK,D,20250313,000000,2.24,2.24,2.208,2.236,175100,0
3174.HK,D,20250314,000000,2.3,2.348,2.3,2.33,149700,0
3174.HK,D,20250317,000000,2.35,2.35,2.326,2.326,59200,0
3174.HK,D,20250318,000000,2.368,2.426,2.368,2.394,367200,0
3174.HK,D,20250319,000000,2.394,2.448,2.394,2.444,277000,0
3174.HK,D,20250320,000000,2.446,2.452,2.428,2.43,332700,0
3174.HK,D,20250321,000000,2.422,2.422,2.306,2.326,380000,0
3174.HK,D,20250324,000000,2.31,2.328,2.308,2.31,278100,0
3174.HK,D,20250325,000000,2.308,2.308,2.272,2.284,258400,0
3174.HK,D,20250326,000000,2.308,2.308,2.284,2.284,6600,0
3174.HK,D,20250327,000000,2.274,2.402,2.274,2.398,104100,0
3174.HK,D,20250328,000000,2.424,2.462,2.388,2.42,62900,0
3174.HK,D,20250331,000000,2.42,2.426,2.374,2.408,154800,0
3174.HK,D,20250401,000000,2.426,2.576,2.426,2.5,654900,0
3174.HK,D,20250402,000000,2.5,2.54,2.484,2.51,63000,0
3174.HK,D,20250403,000000,2.478,2.52,2.44,2.498,9871500,0
3174.HK,D,20250407,000000,2.208,2.224,2.024,2.028,1111900,0
3174.HK,D,20250408,000000,2.114,2.114,2,2.072,309200,0
3174.HK,D,20250409,000000,2,2.14,1.942,2.108,313100,0
3174.HK,D,20250410,000000,2.2,2.236,2.168,2.184,224100,0
3174.HK,D,20250411,000000,2.18,2.28,2.18,2.268,156200,0
3174.HK,D,20250414,000000,2.328,2.35,2.312,2.34,296200,0
3174.HK,D,20250415,000000,2.354,2.354,2.31,2.324,254100,0
3174.HK,D,20250416,000000,2.292,2.292,2.234,2.258,210500,0
3174.HK,D,20250417,000000,2.264,2.292,2.262,2.28,17000,0
