<TICKER>,<PER>,<DATE>,<TIME>,<OPEN>,<HIGH>,<LOW>,<CLOSE>,<VOL>,<OPENINT>
1303.HK,D,20190111,000000,0.39,0.61,0.375,0.4,614000,0
1303.HK,D,20190114,000000,0.37,0.385,0.36,0.37,250000,0
1303.HK,D,20190115,000000,0.37,0.38,0.325,0.33,50000,0
1303.HK,D,20190116,000000,0.33,0.37,0.33,0.37,72000,0
1303.HK,D,20190117,000000,0.385,0.385,0.33,0.385,188000,0
1303.HK,D,20190118,000000,0.385,0.385,0.385,0.385,0,0
1303.HK,D,20190121,000000,0.4,0.4,0.38,0.39,12000,0
1303.HK,D,20190122,000000,0.39,0.39,0.39,0.39,0,0
1303.HK,D,20190123,000000,0.39,0.39,0.37,0.385,32000,0
1303.HK,D,20190124,000000,0.385,0.385,0.385,0.385,0,0
1303.HK,D,20190125,000000,0.405,0.405,0.385,0.405,12000,0
1303.HK,D,20190128,000000,0.43,0.43,0.43,0.43,2000,0
1303.HK,D,20190129,000000,0.4,0.4,0.4,0.4,18000,0
1303.HK,D,20190130,000000,0.39,0.39,0.37,0.39,56000,0
1303.HK,D,20190131,000000,0.39,0.39,0.39,0.39,0,0
1303.HK,D,20190201,000000,0.39,0.39,0.39,0.39,6000,0
1303.HK,D,20190204,000000,0.39,0.39,0.39,0.39,0,0
1303.HK,D,20190208,000000,0.37,0.37,0.365,0.365,50000,0
1303.HK,D,20190211,000000,0.365,0.365,0.36,0.365,16000,0
1303.HK,D,20190212,000000,0.4,0.41,0.39,0.4,1994000,0
1303.HK,D,20190213,000000,0.435,0.435,0.435,0.435,0,0
1303.HK,D,20190214,000000,0.475,0.475,0.475,0.475,0,0
1303.HK,D,20190215,000000,0.475,0.475,0.475,0.475,0,0
1303.HK,D,20190218,000000,0.475,0.475,0.475,0.475,0,0
1303.HK,D,20190219,000000,0.52,0.52,0.52,0.52,0,0
1303.HK,D,20190220,000000,0.52,0.52,0.52,0.52,22000,0
1303.HK,D,20190221,000000,0.52,0.52,0.52,0.52,0,0
1303.HK,D,20190222,000000,0.51,0.51,0.51,0.51,0,0
1303.HK,D,20190225,000000,0.5,0.5,0.5,0.5,0,0
1303.HK,D,20190226,000000,0.495,0.495,0.495,0.495,0,0
1303.HK,D,20190227,000000,0.495,0.495,0.495,0.495,0,0
1303.HK,D,20190228,000000,0.49,0.49,0.49,0.49,0,0
1303.HK,D,20190301,000000,0.54,0.54,0.54,0.54,0,0
1303.HK,D,20190304,000000,0.54,0.54,0.54,0.54,0,0
1303.HK,D,20190305,000000,0.54,0.54,0.54,0.54,0,0
1303.HK,D,20190306,000000,0.48,0.495,0.47,0.49,48000,0
1303.HK,D,20190307,000000,0.475,0.475,0.43,0.475,82000,0
1303.HK,D,20190308,000000,0.43,0.43,0.43,0.43,4000,0
1303.HK,D,20190311,000000,0.43,0.43,0.43,0.43,0,0
1303.HK,D,20190312,000000,0.43,0.43,0.43,0.43,0,0
1303.HK,D,20190313,000000,0.48,0.48,0.48,0.48,0,0
1303.HK,D,20190314,000000,0.46,0.46,0.46,0.46,0,0
1303.HK,D,20190315,000000,0.485,0.485,0.485,0.485,2000,0
1303.HK,D,20190318,000000,0.465,0.465,0.465,0.465,0,0
1303.HK,D,20190319,000000,0.455,0.465,0.455,0.455,8000,0
1303.HK,D,20190320,000000,0.47,0.49,0.43,0.47,36000,0
1303.HK,D,20190321,000000,0.495,0.495,0.495,0.495,0,0
1303.HK,D,20190322,000000,0.495,0.495,0.495,0.495,0,0
1303.HK,D,20190325,000000,0.5,0.5,0.5,0.5,0,0
1303.HK,D,20190326,000000,0.57,0.57,0.57,0.57,2000,0
1303.HK,D,20190327,000000,0.51,0.51,0.5,0.5,6000,0
1303.HK,D,20190328,000000,0.52,0.54,0.5,0.52,8000,0
1303.HK,D,20190329,000000,0.52,0.52,0.52,0.52,0,0
1303.HK,D,20190401,000000,0.51,0.51,0.51,0.51,0,0
1303.HK,D,20190402,000000,0.5,0.5,0.5,0.5,0,0
1303.HK,D,20190403,000000,0.5,0.5,0.5,0.5,0,0
1303.HK,D,20190404,000000,0.5,0.5,0.5,0.5,0,0
1303.HK,D,20190408,000000,0.49,0.49,0.49,0.49,0,0
1303.HK,D,20190409,000000,0.49,0.49,0.49,0.49,0,0
1303.HK,D,20190410,000000,0.49,0.49,0.49,0.49,0,0
1303.HK,D,20190411,000000,0.49,0.49,0.49,0.49,0,0
1303.HK,D,20190412,000000,0.49,0.49,0.49,0.49,0,0
1303.HK,D,20190415,000000,0.47,0.47,0.47,0.47,0,0
1303.HK,D,20190416,000000,0.48,0.48,0.48,0.48,20000,0
1303.HK,D,20190417,000000,0.48,0.48,0.48,0.48,0,0
1303.HK,D,20190418,000000,0.475,0.475,0.475,0.475,0,0
1303.HK,D,20190423,000000,0.54,0.54,0.47,0.54,22000,0
1303.HK,D,20190424,000000,0.51,0.51,0.51,0.51,10000,0
1303.HK,D,20190425,000000,0.45,0.46,0.43,0.46,70000,0
1303.HK,D,20190426,000000,0.5,0.5,0.455,0.5,10000,0
1303.HK,D,20190429,000000,0.5,0.5,0.5,0.5,0,0
1303.HK,D,20190430,000000,0.49,0.49,0.49,0.49,0,0
1303.HK,D,20190502,000000,0.48,0.48,0.48,0.48,0,0
1303.HK,D,20190503,000000,0.42,0.42,0.42,0.42,16000,0
1303.HK,D,20190506,000000,0.49,0.49,0.43,0.49,24000,0
1303.HK,D,20190507,000000,0.45,0.45,0.45,0.45,0,0
1303.HK,D,20190508,000000,0.45,0.45,0.45,0.45,0,0
1303.HK,D,20190509,000000,0.45,0.45,0.42,0.42,74000,0
1303.HK,D,20190510,000000,0.365,0.43,0.34,0.43,328000,0
1303.HK,D,20190514,000000,0.49,0.5,0.43,0.49,32000,0
1303.HK,D,20190515,000000,0.49,0.49,0.49,0.49,0,0
1303.HK,D,20190516,000000,0.485,0.485,0.485,0.485,0,0
1303.HK,D,20190517,000000,0.485,0.485,0.485,0.485,28000,0
1303.HK,D,20190520,000000,0.485,0.485,0.45,0.45,46000,0
1303.HK,D,20190521,000000,0.45,0.45,0.42,0.42,44000,0
1303.HK,D,20190522,000000,0.42,0.42,0.42,0.42,30000,0
1303.HK,D,20190523,000000,0.365,0.42,0.365,0.41,80000,0
1303.HK,D,20190524,000000,0.41,0.47,0.41,0.47,6000,0
1303.HK,D,20190527,000000,0.465,0.465,0.465,0.465,20000,0
1303.HK,D,20190528,000000,0.465,0.465,0.465,0.465,0,0
1303.HK,D,20190529,000000,0.465,0.465,0.465,0.465,0,0
1303.HK,D,20190530,000000,0.465,0.465,0.465,0.465,0,0
1303.HK,D,20190531,000000,0.465,0.465,0.465,0.465,0,0
1303.HK,D,20190603,000000,0.465,0.465,0.465,0.465,0,0
1303.HK,D,20190604,000000,0.46,0.46,0.46,0.46,20000,0
1303.HK,D,20190605,000000,0.455,0.455,0.455,0.455,0,0
1303.HK,D,20190606,000000,0.455,0.455,0.455,0.455,0,0
1303.HK,D,20190610,000000,0.455,0.455,0.455,0.455,0,0
1303.HK,D,20190611,000000,0.45,0.45,0.45,0.45,0,0
1303.HK,D,20190612,000000,0.45,0.45,0.45,0.45,0,0
1303.HK,D,20190613,000000,0.395,0.395,0.36,0.395,64000,0
1303.HK,D,20190614,000000,0.42,0.44,0.36,0.42,126000,0
1303.HK,D,20190617,000000,0.4,0.4,0.4,0.4,0,0
1303.HK,D,20190618,000000,0.4,0.4,0.4,0.4,0,0
1303.HK,D,20190619,000000,0.42,0.42,0.395,0.395,32000,0
1303.HK,D,20190620,000000,0.39,0.415,0.39,0.415,60000,0
1303.HK,D,20190621,000000,0.38,0.405,0.38,0.405,52000,0
1303.HK,D,20190624,000000,0.45,0.45,0.38,0.45,12000,0
1303.HK,D,20190625,000000,0.41,0.41,0.39,0.405,46000,0
1303.HK,D,20190626,000000,0.405,0.405,0.405,0.405,0,0
1303.HK,D,20190627,000000,0.4,0.4,0.4,0.4,0,0
1303.HK,D,20190628,000000,0.4,0.4,0.4,0.4,0,0
1303.HK,D,20190702,000000,0.4,0.4,0.4,0.4,0,0
1303.HK,D,20190703,000000,0.4,0.4,0.4,0.4,0,0
1303.HK,D,20190704,000000,0.4,0.4,0.4,0.4,0,0
1303.HK,D,20190705,000000,0.5,0.5,0.35,0.5,20000,0
1303.HK,D,20190708,000000,0.4,0.4,0.4,0.4,140000,0
1303.HK,D,20190709,000000,0.36,0.4,0.355,0.4,14000,0
1303.HK,D,20190710,000000,0.44,0.44,0.37,0.44,8000,0
1303.HK,D,20190711,000000,0.43,0.43,0.43,0.43,0,0
1303.HK,D,20190712,000000,0.425,0.425,0.425,0.425,0,0
1303.HK,D,20190715,000000,0.42,0.42,0.42,0.42,0,0
1303.HK,D,20190716,000000,0.42,0.42,0.42,0.42,0,0
1303.HK,D,20190717,000000,0.42,0.42,0.42,0.42,0,0
1303.HK,D,20190718,000000,0.42,0.42,0.42,0.42,0,0
1303.HK,D,20190719,000000,0.42,0.42,0.42,0.42,0,0
1303.HK,D,20190722,000000,0.42,0.42,0.42,0.42,6000,0
1303.HK,D,20190723,000000,0.42,0.42,0.42,0.42,0,0
1303.HK,D,20190724,000000,0.42,0.42,0.42,0.42,0,0
1303.HK,D,20190725,000000,0.42,0.42,0.42,0.42,0,0
1303.HK,D,20190726,000000,0.42,0.42,0.42,0.42,0,0
1303.HK,D,20190729,000000,0.42,0.42,0.42,0.42,0,0
1303.HK,D,20190730,000000,0.42,0.42,0.42,0.42,0,0
1303.HK,D,20190731,000000,0.42,0.42,0.42,0.42,0,0
1303.HK,D,20190801,000000,0.455,0.455,0.44,0.44,2000,0
1303.HK,D,20190802,000000,0.44,0.44,0.44,0.44,0,0
1303.HK,D,20190805,000000,0.44,0.44,0.44,0.44,0,0
1303.HK,D,20190806,000000,0.44,0.44,0.44,0.44,0,0
1303.HK,D,20190807,000000,0.44,0.44,0.44,0.44,0,0
1303.HK,D,20190808,000000,0.44,0.44,0.44,0.44,0,0
1303.HK,D,20190809,000000,0.44,0.44,0.44,0.44,0,0
1303.HK,D,20190812,000000,0.43,0.43,0.43,0.43,0,0
1303.HK,D,20190813,000000,0.43,0.43,0.43,0.43,0,0
1303.HK,D,20190814,000000,0.43,0.43,0.43,0.43,0,0
1303.HK,D,20190815,000000,0.43,0.43,0.43,0.43,0,0
1303.HK,D,20190816,000000,0.43,0.43,0.43,0.43,0,0
1303.HK,D,20190819,000000,0.43,0.43,0.43,0.43,0,0
1303.HK,D,20190820,000000,0.43,0.43,0.43,0.43,0,0
1303.HK,D,20190821,000000,0.43,0.43,0.43,0.43,0,0
1303.HK,D,20190822,000000,0.43,0.43,0.43,0.43,0,0
1303.HK,D,20190823,000000,0.43,0.43,0.43,0.43,0,0
1303.HK,D,20190826,000000,0.43,0.43,0.43,0.43,0,0
1303.HK,D,20190828,000000,0.43,0.43,0.43,0.43,0,0
1303.HK,D,20190829,000000,0.43,0.43,0.43,0.43,0,0
1303.HK,D,20190830,000000,0.31,0.43,0.31,0.43,290,0
1303.HK,D,20190902,000000,0.43,0.43,0.43,0.43,0,0
1303.HK,D,20190903,000000,0.42,0.42,0.42,0.42,0,0
1303.HK,D,20190904,000000,0.42,0.42,0.42,0.42,0,0
1303.HK,D,20190905,000000,0.415,0.415,0.415,0.415,0,0
1303.HK,D,20190906,000000,0.415,0.415,0.415,0.415,0,0
1303.HK,D,20190909,000000,0.415,0.415,0.415,0.415,0,0
1303.HK,D,20190910,000000,0.415,0.415,0.415,0.415,0,0
1303.HK,D,20190911,000000,0.415,0.415,0.415,0.415,0,0
1303.HK,D,20190912,000000,0.415,0.415,0.415,0.415,0,0
1303.HK,D,20190913,000000,0.415,0.415,0.415,0.415,0,0
1303.HK,D,20190916,000000,0.45,0.45,0.45,0.45,0,0
1303.HK,D,20190917,000000,0.44,0.44,0.44,0.44,0,0
1303.HK,D,20190918,000000,0.41,0.41,0.41,0.41,0,0
1303.HK,D,20190919,000000,0.41,0.41,0.41,0.41,0,0
1303.HK,D,20190920,000000,0.41,0.41,0.41,0.41,0,0
1303.HK,D,20190923,000000,0.41,0.41,0.41,0.41,0,0
1303.HK,D,20190924,000000,0.41,0.41,0.41,0.41,0,0
1303.HK,D,20190925,000000,0.46,0.46,0.405,0.46,54000,0
1303.HK,D,20190926,000000,0.45,0.45,0.45,0.45,0,0
1303.HK,D,20190927,000000,0.44,0.44,0.44,0.44,0,0
1303.HK,D,20190930,000000,0.45,0.45,0.335,0.45,28000,0
1303.HK,D,20191002,000000,0.44,0.44,0.44,0.44,0,0
1303.HK,D,20191003,000000,0.44,0.44,0.44,0.44,0,0
1303.HK,D,20191004,000000,0.44,0.44,0.44,0.44,0,0
1303.HK,D,20191008,000000,0.46,0.46,0.43,0.46,94000,0
1303.HK,D,20191009,000000,0.45,0.45,0.33,0.45,468000,0
1303.HK,D,20191010,000000,0.37,0.395,0.33,0.38,706000,0
1303.HK,D,20191011,000000,0.37,0.375,0.345,0.37,70000,0
1303.HK,D,20191014,000000,0.355,0.365,0.34,0.355,66000,0
1303.HK,D,20191015,000000,0.335,0.335,0.31,0.335,74000,0
1303.HK,D,20191016,000000,0.345,0.345,0.345,0.345,2000,0
1303.HK,D,20191017,000000,0.345,0.345,0.345,0.345,0,0
1303.HK,D,20191018,000000,0.35,0.35,0.35,0.35,2000,0
1303.HK,D,20191021,000000,0.35,0.35,0.35,0.35,0,0
1303.HK,D,20191022,000000,0.35,0.35,0.35,0.35,0,0
1303.HK,D,20191023,000000,0.35,0.35,0.35,0.35,0,0
1303.HK,D,20191024,000000,0.34,0.34,0.34,0.34,16000,0
1303.HK,D,20191025,000000,0.33,0.33,0.33,0.33,0,0
1303.HK,D,20191028,000000,0.33,0.33,0.33,0.33,12000,0
1303.HK,D,20191029,000000,0.33,0.33,0.33,0.33,0,0
1303.HK,D,20191030,000000,0.33,0.33,0.33,0.33,0,0
1303.HK,D,20191031,000000,0.33,0.33,0.33,0.33,0,0
1303.HK,D,20191101,000000,0.33,0.33,0.33,0.33,0,0
1303.HK,D,20191104,000000,0.33,0.33,0.33,0.33,0,0
1303.HK,D,20191105,000000,0.42,0.42,0.42,0.42,2000,0
1303.HK,D,20191106,000000,0.35,0.35,0.35,0.35,10000,0
1303.HK,D,20191107,000000,0.35,0.35,0.35,0.35,0,0
1303.HK,D,20191108,000000,0.36,0.36,0.355,0.355,10000,0
1303.HK,D,20191111,000000,0.35,0.35,0.35,0.35,0,0
1303.HK,D,20191112,000000,0.385,0.385,0.34,0.385,12000,0
1303.HK,D,20191113,000000,0.38,0.38,0.38,0.38,0,0
1303.HK,D,20191114,000000,0.38,0.38,0.38,0.38,0,0
1303.HK,D,20191115,000000,0.38,0.38,0.38,0.38,0,0
1303.HK,D,20191118,000000,0.38,0.38,0.38,0.38,0,0
1303.HK,D,20191119,000000,0.38,0.38,0.38,0.38,0,0
1303.HK,D,20191120,000000,0.38,0.38,0.38,0.38,0,0
1303.HK,D,20191121,000000,0.37,0.37,0.37,0.37,4000,0
1303.HK,D,20191122,000000,0.37,0.37,0.37,0.37,0,0
1303.HK,D,20191125,000000,0.37,0.37,0.37,0.37,0,0
1303.HK,D,20191126,000000,0.37,0.37,0.37,0.37,0,0
1303.HK,D,20191127,000000,0.37,0.37,0.37,0.37,0,0
1303.HK,D,20191128,000000,0.37,0.37,0.37,0.37,0,0
1303.HK,D,20191129,000000,0.335,0.335,0.335,0.335,0,0
1303.HK,D,20191202,000000,0.31,0.31,0.31,0.31,0,0
1303.HK,D,20191203,000000,0.31,0.31,0.31,0.31,30000,0
1303.HK,D,20191204,000000,0.31,0.31,0.31,0.31,0,0
1303.HK,D,20191205,000000,0.31,0.31,0.31,0.31,0,0
1303.HK,D,20191206,000000,0.3,0.3,0.3,0.3,0,0
1303.HK,D,20191209,000000,0.38,0.4,0.335,0.38,10000,0
1303.HK,D,20191210,000000,0.375,0.375,0.375,0.375,0,0
1303.HK,D,20191211,000000,0.37,0.37,0.37,0.37,0,0
1303.HK,D,20191212,000000,0.37,0.37,0.37,0.37,0,0
1303.HK,D,20191213,000000,0.365,0.365,0.365,0.365,0,0
1303.HK,D,20191216,000000,0.36,0.36,0.36,0.36,0,0
1303.HK,D,20191217,000000,0.355,0.355,0.355,0.355,0,0
1303.HK,D,20191218,000000,0.355,0.355,0.355,0.355,0,0
1303.HK,D,20191219,000000,0.35,0.35,0.35,0.35,0,0
1303.HK,D,20191220,000000,0.35,0.35,0.35,0.35,0,0
1303.HK,D,20191223,000000,0.35,0.35,0.35,0.35,0,0
1303.HK,D,20191224,000000,0.35,0.35,0.35,0.35,0,0
1303.HK,D,20191227,000000,0.345,0.345,0.345,0.345,0,0
1303.HK,D,20191230,000000,0.335,0.335,0.335,0.335,0,0
1303.HK,D,20191231,000000,0.335,0.335,0.335,0.335,0,0
1303.HK,D,20200102,000000,0.335,0.335,0.335,0.335,0,0
1303.HK,D,20200103,000000,0.39,0.39,0.385,0.385,34000,0
1303.HK,D,20200106,000000,0.385,0.385,0.385,0.385,0,0
1303.HK,D,20200107,000000,0.38,0.38,0.38,0.38,0,0
1303.HK,D,20200108,000000,0.38,0.38,0.38,0.38,0,0
1303.HK,D,20200109,000000,0.31,0.31,0.27,0.31,58000,0
1303.HK,D,20200110,000000,0.31,0.31,0.31,0.31,0,0
1303.HK,D,20200113,000000,0.305,0.31,0.305,0.31,124000,0
1303.HK,D,20200114,000000,0.31,0.31,0.31,0.31,0,0
1303.HK,D,20200115,000000,0.345,0.345,0.345,0.345,2000,0
1303.HK,D,20200116,000000,0.345,0.345,0.345,0.345,0,0
1303.HK,D,20200117,000000,0.345,0.345,0.345,0.345,0,0
1303.HK,D,20200120,000000,0.345,0.345,0.345,0.345,0,0
1303.HK,D,20200121,000000,0.34,0.34,0.34,0.34,0,0
1303.HK,D,20200122,000000,0.34,0.34,0.34,0.34,0,0
1303.HK,D,20200123,000000,0.34,0.34,0.34,0.34,0,0
1303.HK,D,20200124,000000,0.34,0.34,0.34,0.34,0,0
1303.HK,D,20200129,000000,0.34,0.34,0.34,0.34,0,0
1303.HK,D,20200130,000000,0.34,0.34,0.34,0.34,0,0
1303.HK,D,20200131,000000,0.34,0.34,0.34,0.34,0,0
1303.HK,D,20200203,000000,0.34,0.34,0.34,0.34,0,0
1303.HK,D,20200204,000000,0.34,0.34,0.34,0.34,0,0
1303.HK,D,20200205,000000,0.34,0.34,0.34,0.34,0,0
1303.HK,D,20200206,000000,0.34,0.34,0.34,0.34,0,0
1303.HK,D,20200207,000000,0.34,0.34,0.34,0.34,0,0
1303.HK,D,20200210,000000,0.34,0.34,0.34,0.34,0,0
1303.HK,D,20200211,000000,0.34,0.34,0.34,0.34,0,0
1303.HK,D,20200212,000000,0.34,0.34,0.34,0.34,0,0
1303.HK,D,20200213,000000,0.34,0.34,0.34,0.34,0,0
1303.HK,D,20200214,000000,0.34,0.34,0.34,0.34,0,0
1303.HK,D,20200217,000000,0.34,0.34,0.34,0.34,0,0
1303.HK,D,20200218,000000,0.34,0.34,0.34,0.34,0,0
1303.HK,D,20200219,000000,0.34,0.34,0.34,0.34,0,0
1303.HK,D,20200220,000000,0.34,0.34,0.34,0.34,0,0
1303.HK,D,20200221,000000,0.34,0.34,0.34,0.34,0,0
1303.HK,D,20200224,000000,0.34,0.34,0.34,0.34,0,0
1303.HK,D,20200225,000000,0.34,0.34,0.34,0.34,0,0
1303.HK,D,20200226,000000,0.34,0.34,0.34,0.34,0,0
1303.HK,D,20200227,000000,0.34,0.34,0.34,0.34,0,0
1303.HK,D,20200228,000000,0.34,0.34,0.34,0.34,0,0
1303.HK,D,20200302,000000,0.34,0.34,0.34,0.34,0,0
1303.HK,D,20200303,000000,0.34,0.34,0.34,0.34,0,0
1303.HK,D,20200304,000000,0.34,0.34,0.34,0.34,0,0
1303.HK,D,20200305,000000,0.34,0.34,0.34,0.34,0,0
1303.HK,D,20200306,000000,0.285,0.285,0.25,0.255,254000,0
1303.HK,D,20200309,000000,0.255,0.255,0.255,0.255,0,0
1303.HK,D,20200310,000000,0.3,0.3,0.295,0.3,10000,0
1303.HK,D,20200311,000000,0.335,0.335,0.335,0.335,2000,0
1303.HK,D,20200312,000000,0.335,0.335,0.335,0.335,0,0
1303.HK,D,20200313,000000,0.33,0.33,0.33,0.33,0,0
1303.HK,D,20200316,000000,0.33,0.33,0.33,0.33,0,0
1303.HK,D,20200317,000000,0.33,0.33,0.33,0.33,0,0
1303.HK,D,20200318,000000,0.33,0.33,0.33,0.33,0,0
1303.HK,D,20200319,000000,0.33,0.33,0.33,0.33,0,0
1303.HK,D,20200320,000000,0.33,0.33,0.33,0.33,0,0
1303.HK,D,20200323,000000,0.33,0.33,0.33,0.33,0,0
1303.HK,D,20200324,000000,0.33,0.33,0.295,0.33,38000,0
1303.HK,D,20200325,000000,0.285,0.285,0.285,0.285,22000,0
1303.HK,D,20200326,000000,0.33,0.33,0.33,0.33,2000,0
1303.HK,D,20200327,000000,0.3,0.3,0.3,0.3,0,0
1303.HK,D,20200330,000000,0.28,0.28,0.28,0.28,30000,0
1303.HK,D,20200331,000000,0.28,0.28,0.28,0.28,0,0
1303.HK,D,20200401,000000,0.27,0.27,0.27,0.27,0,0
1303.HK,D,20200402,000000,0.265,0.265,0.265,0.265,0,0
1303.HK,D,20200403,000000,0.265,0.265,0.265,0.265,0,0
1303.HK,D,20200406,000000,0.265,0.265,0.265,0.265,0,0
1303.HK,D,20200407,000000,0.26,0.26,0.26,0.26,8000,0
1303.HK,D,20200408,000000,0.26,0.26,0.26,0.26,0,0
1303.HK,D,20200409,000000,0.26,0.26,0.26,0.26,0,0
1303.HK,D,20200414,000000,0.26,0.26,0.26,0.26,0,0
1303.HK,D,20200415,000000,0.26,0.26,0.26,0.26,0,0
1303.HK,D,20200416,000000,0.26,0.26,0.26,0.26,0,0
1303.HK,D,20200417,000000,0.26,0.26,0.26,0.26,0,0
1303.HK,D,20200420,000000,0.245,0.245,0.22,0.245,10000,0
1303.HK,D,20200421,000000,0.245,0.245,0.245,0.245,0,0
1303.HK,D,20200422,000000,0.183,0.183,0.133,0.183,24000,0
1303.HK,D,20200423,000000,0.285,0.29,0.24,0.24,129991,0
1303.HK,D,20200424,000000,0.173,0.2,0.173,0.2,16000,0
1303.HK,D,20200427,000000,0.151,0.171,0.151,0.171,80000,0
1303.HK,D,20200428,000000,0.16,0.225,0.16,0.219,18000,0
1303.HK,D,20200429,000000,0.219,0.219,0.219,0.219,0,0
1303.HK,D,20200504,000000,0.219,0.219,0.219,0.219,0,0
1303.HK,D,20200505,000000,0.219,0.219,0.219,0.219,0,0
1303.HK,D,20200506,000000,0.219,0.219,0.219,0.219,0,0
1303.HK,D,20200507,000000,0.219,0.219,0.219,0.219,0,0
1303.HK,D,20200508,000000,0.219,0.219,0.219,0.219,0,0
1303.HK,D,20200511,000000,0.219,0.219,0.219,0.219,0,0
1303.HK,D,20200512,000000,0.219,0.219,0.219,0.219,0,0
1303.HK,D,20200513,000000,0.219,0.219,0.219,0.219,0,0
1303.HK,D,20200514,000000,0.219,0.219,0.219,0.219,0,0
1303.HK,D,20200515,000000,0.219,0.219,0.219,0.219,0,0
1303.HK,D,20200518,000000,0.219,0.219,0.219,0.219,0,0
1303.HK,D,20200519,000000,0.219,0.219,0.219,0.219,0,0
1303.HK,D,20200520,000000,0.219,0.219,0.219,0.219,0,0
1303.HK,D,20200521,000000,0.219,0.219,0.219,0.219,0,0
1303.HK,D,20200522,000000,0.219,0.219,0.219,0.219,0,0
1303.HK,D,20200525,000000,0.219,0.219,0.219,0.219,0,0
1303.HK,D,20200526,000000,0.215,0.215,0.215,0.215,0,0
1303.HK,D,20200527,000000,0.171,0.171,0.16,0.171,2000,0
1303.HK,D,20200528,000000,0.175,0.175,0.175,0.175,0,0
1303.HK,D,20200529,000000,0.175,0.175,0.175,0.175,0,0
1303.HK,D,20200601,000000,0.175,0.175,0.175,0.175,0,0
1303.HK,D,20200602,000000,0.174,0.174,0.168,0.168,6000000,0
1303.HK,D,20200603,000000,0.168,0.168,0.168,0.168,0,0
1303.HK,D,20200604,000000,0.168,0.168,0.168,0.168,0,0
1303.HK,D,20200605,000000,0.168,0.168,0.168,0.168,0,0
1303.HK,D,20200608,000000,0.15,0.15,0.148,0.15,40000,0
1303.HK,D,20200609,000000,0.135,0.26,0.135,0.26,30000,0
1303.HK,D,20200610,000000,0.186,0.195,0.186,0.186,26000,0
1303.HK,D,20200611,000000,0.186,0.186,0.186,0.186,0,0
1303.HK,D,20200612,000000,0.186,0.186,0.186,0.186,0,0
1303.HK,D,20200615,000000,0.186,0.186,0.186,0.186,0,0
1303.HK,D,20200616,000000,0.186,0.186,0.186,0.186,0,0
1303.HK,D,20200617,000000,0.186,0.186,0.186,0.186,0,0
1303.HK,D,20200618,000000,0.186,0.186,0.186,0.186,0,0
1303.HK,D,20200619,000000,0.186,0.186,0.186,0.186,0,0
1303.HK,D,20200622,000000,0.186,0.186,0.186,0.186,0,0
1303.HK,D,20200623,000000,0.186,0.186,0.186,0.186,0,0
1303.HK,D,20200624,000000,0.186,0.186,0.186,0.186,0,0
1303.HK,D,20200626,000000,0.186,0.186,0.186,0.186,0,0
1303.HK,D,20200629,000000,0.186,0.186,0.186,0.186,0,0
1303.HK,D,20200630,000000,0.186,0.186,0.186,0.186,0,0
1303.HK,D,20200702,000000,0.186,0.186,0.186,0.186,0,0
1303.HK,D,20200703,000000,0.186,0.186,0.186,0.186,0,0
1303.HK,D,20200706,000000,0.186,0.186,0.186,0.186,0,0
1303.HK,D,20200707,000000,0.186,0.186,0.186,0.186,0,0
1303.HK,D,20200708,000000,0.186,0.186,0.186,0.186,0,0
1303.HK,D,20200709,000000,0.179,0.179,0.179,0.179,0,0
1303.HK,D,20200710,000000,0.179,0.179,0.179,0.179,0,0
1303.HK,D,20200713,000000,0.178,0.178,0.178,0.178,0,0
1303.HK,D,20200714,000000,0.17,0.17,0.17,0.17,0,0
1303.HK,D,20200715,000000,0.17,0.17,0.17,0.17,0,0
1303.HK,D,20200716,000000,0.17,0.17,0.17,0.17,0,0
1303.HK,D,20200717,000000,0.17,0.17,0.17,0.17,0,0
1303.HK,D,20200720,000000,0.16,0.16,0.16,0.16,0,0
1303.HK,D,20200721,000000,0.16,0.16,0.16,0.16,14000,0
1303.HK,D,20200722,000000,0.16,0.16,0.16,0.16,0,0
1303.HK,D,20200723,000000,0.16,0.16,0.16,0.16,0,0
1303.HK,D,20200724,000000,0.16,0.16,0.16,0.16,0,0
1303.HK,D,20200727,000000,0.16,0.16,0.16,0.16,0,0
1303.HK,D,20200728,000000,0.16,0.16,0.16,0.16,0,0
1303.HK,D,20200729,000000,0.16,0.16,0.16,0.16,2000,0
1303.HK,D,20200730,000000,0.16,0.16,0.16,0.16,0,0
1303.HK,D,20200731,000000,0.16,0.16,0.16,0.16,0,0
1303.HK,D,20200803,000000,0.16,0.16,0.16,0.16,0,0
1303.HK,D,20200804,000000,0.16,0.16,0.16,0.16,0,0
1303.HK,D,20200805,000000,0.16,0.16,0.16,0.16,0,0
1303.HK,D,20200806,000000,0.156,0.156,0.156,0.156,0,0
1303.HK,D,20200807,000000,0.118,0.134,0.1,0.118,3496000,0
1303.HK,D,20200810,000000,0.122,0.122,0.11,0.122,812000,0
1303.HK,D,20200811,000000,0.122,0.122,0.099,0.099,1574000,0
1303.HK,D,20200812,000000,0.1,0.105,0.1,0.104,184000,0
1303.HK,D,20200813,000000,0.104,0.104,0.097,0.098,130000,0
1303.HK,D,20200814,000000,0.098,0.098,0.098,0.098,0,0
1303.HK,D,20200817,000000,0.09,0.098,0.089,0.09,22000,0
1303.HK,D,20200818,000000,0.09,0.09,0.09,0.09,0,0
1303.HK,D,20200819,000000,0.09,0.09,0.09,0.09,0,0
1303.HK,D,20200820,000000,0.09,0.09,0.09,0.09,0,0
1303.HK,D,20200821,000000,0.09,0.09,0.09,0.09,22000,0
1303.HK,D,20200824,000000,0.075,0.09,0.075,0.082,878000,0
1303.HK,D,20200825,000000,0.082,0.082,0.082,0.082,20000,0
1303.HK,D,20200826,000000,0.082,0.082,0.082,0.082,0,0
1303.HK,D,20200827,000000,0.082,0.082,0.082,0.082,122000,0
1303.HK,D,20200828,000000,0.082,0.082,0.082,0.082,0,0
1303.HK,D,20200831,000000,0.082,0.082,0.082,0.082,0,0
1303.HK,D,20200901,000000,0.082,0.082,0.082,0.082,0,0
1303.HK,D,20200902,000000,0.082,0.082,0.082,0.082,0,0
1303.HK,D,20200903,000000,0.082,0.082,0.082,0.082,0,0
1303.HK,D,20200904,000000,0.082,0.082,0.082,0.082,0,0
1303.HK,D,20200907,000000,0.082,0.082,0.082,0.082,0,0
1303.HK,D,20200908,000000,0.082,0.082,0.082,0.082,0,0
1303.HK,D,20200909,000000,0.082,0.082,0.082,0.082,0,0
1303.HK,D,20200910,000000,0.067,0.071,0.067,0.067,906000,0
1303.HK,D,20200911,000000,0.073,0.073,0.07,0.073,176000,0
1303.HK,D,20200914,000000,0.071,0.078,0.071,0.071,324000,0
1303.HK,D,20200915,000000,0.07,0.07,0.07,0.07,22813,0
1303.HK,D,20200916,000000,0.07,0.07,0.07,0.07,320000,0
1303.HK,D,20200917,000000,0.07,0.07,0.07,0.07,66000,0
1303.HK,D,20200918,000000,0.07,0.07,0.07,0.07,0,0
1303.HK,D,20200921,000000,0.072,0.072,0.072,0.072,0,0
1303.HK,D,20200922,000000,0.072,0.072,0.072,0.072,22000,0
1303.HK,D,20200923,000000,0.099,0.1,0.091,0.099,714000,0
1303.HK,D,20200924,000000,0.095,0.129,0.095,0.1,216000,0
1303.HK,D,20200925,000000,0.1,0.1,0.1,0.1,46000,0
1303.HK,D,20200928,000000,0.12,0.56,0.12,0.187,16866000,0
1303.HK,D,20200929,000000,0.174,0.27,0.158,0.185,3694000,0
1303.HK,D,20200930,000000,0.185,0.25,0.185,0.199,3338000,0
1303.HK,D,20201005,000000,0.244,0.244,0.175,0.23,1044000,0
1303.HK,D,20201006,000000,0.236,0.236,0.177,0.212,312000,0
1303.HK,D,20201007,000000,0.23,0.23,0.183,0.195,742000,0
1303.HK,D,20201008,000000,0.214,0.25,0.175,0.22,2586000,0
1303.HK,D,20201009,000000,0.275,0.28,0.2,0.227,252000,0
1303.HK,D,20201012,000000,0.245,0.245,0.212,0.23,184000,0
1303.HK,D,20201014,000000,0.23,0.23,0.219,0.219,574000,0
1303.HK,D,20201015,000000,0.211,0.219,0.204,0.211,146000,0
1303.HK,D,20201016,000000,0.211,0.211,0.19,0.196,174000,0
1303.HK,D,20201019,000000,0.195,0.21,0.195,0.195,64000,0
1303.HK,D,20201020,000000,0.195,0.195,0.195,0.195,0,0
1303.HK,D,20201021,000000,0.192,0.195,0.192,0.192,40000,0
1303.HK,D,20201022,000000,0.192,0.192,0.192,0.192,10000,0
1303.HK,D,20201023,000000,0.192,0.192,0.192,0.192,0,0
1303.HK,D,20201027,000000,0.192,0.192,0.192,0.192,0,0
1303.HK,D,20201028,000000,0.192,0.192,0.174,0.176,118000,0
1303.HK,D,20201029,000000,0.19,0.201,0.158,0.19,66000,0
1303.HK,D,20201030,000000,0.168,0.18,0.158,0.158,258000,0
1303.HK,D,20201102,000000,0.158,0.158,0.155,0.155,50000,0
1303.HK,D,20201103,000000,0.144,0.15,0.144,0.144,50000,0
1303.HK,D,20201104,000000,0.144,0.144,0.142,0.144,152000,0
1303.HK,D,20201105,000000,0.144,0.144,0.144,0.144,0,0
1303.HK,D,20201106,000000,0.144,0.144,0.144,0.144,0,0
1303.HK,D,20201109,000000,0.127,0.127,0.125,0.127,14000,0
1303.HK,D,20201110,000000,0.127,0.15,0.127,0.15,16000,0
1303.HK,D,20201111,000000,0.151,0.151,0.151,0.151,30000,0
1303.HK,D,20201112,000000,0.151,0.151,0.151,0.151,0,0
1303.HK,D,20201113,000000,0.15,0.15,0.15,0.15,14000,0
1303.HK,D,20201116,000000,0.145,0.145,0.141,0.141,102000,0
1303.HK,D,20201117,000000,0.142,0.142,0.142,0.142,24000,0
1303.HK,D,20201118,000000,0.142,0.142,0.142,0.142,0,0
1303.HK,D,20201119,000000,0.14,0.14,0.14,0.14,0,0
1303.HK,D,20201120,000000,0.14,0.14,0.14,0.14,0,0
1303.HK,D,20201123,000000,0.14,0.14,0.14,0.14,0,0
1303.HK,D,20201124,000000,0.14,0.14,0.14,0.14,0,0
1303.HK,D,20201125,000000,0.14,0.142,0.14,0.141,136833,0
1303.HK,D,20201126,000000,0.141,0.141,0.141,0.141,0,0
1303.HK,D,20201127,000000,0.141,0.141,0.141,0.141,0,0
1303.HK,D,20201130,000000,0.145,0.145,0.141,0.145,102000,0
1303.HK,D,20201201,000000,0.145,0.145,0.145,0.145,0,0
1303.HK,D,20201202,000000,0.145,0.145,0.145,0.145,0,0
1303.HK,D,20201203,000000,0.145,0.145,0.145,0.145,0,0
1303.HK,D,20201204,000000,0.145,0.145,0.145,0.145,0,0
1303.HK,D,20201207,000000,0.145,0.145,0.13,0.13,4000,0
1303.HK,D,20201208,000000,0.13,0.13,0.13,0.13,0,0
1303.HK,D,20201209,000000,0.13,0.13,0.13,0.13,4000,0
1303.HK,D,20201210,000000,0.13,0.13,0.13,0.13,0,0
1303.HK,D,20201211,000000,0.129,0.129,0.129,0.129,0,0
1303.HK,D,20201214,000000,0.13,0.13,0.13,0.13,20000,0
1303.HK,D,20201215,000000,0.13,0.13,0.13,0.13,84000,0
1303.HK,D,20201216,000000,0.12,0.129,0.12,0.12,200000,0
1303.HK,D,20201217,000000,0.12,0.12,0.12,0.12,0,0
1303.HK,D,20201218,000000,0.12,0.12,0.12,0.12,0,0
1303.HK,D,20201221,000000,0.138,0.14,0.138,0.14,132000,0
1303.HK,D,20201222,000000,0.14,0.14,0.14,0.14,0,0
1303.HK,D,20201223,000000,0.14,0.16,0.14,0.14,192000,0
1303.HK,D,20201224,000000,0.15,0.15,0.15,0.15,16000,0
1303.HK,D,20201228,000000,0.15,0.15,0.15,0.15,280000,0
1303.HK,D,20201229,000000,0.15,0.15,0.15,0.15,0,0
1303.HK,D,20201230,000000,0.15,0.15,0.15,0.15,0,0
1303.HK,D,20201231,000000,0.15,0.15,0.15,0.15,0,0
1303.HK,D,20210104,000000,0.15,0.15,0.15,0.15,0,0
1303.HK,D,20210105,000000,0.15,0.15,0.15,0.15,0,0
1303.HK,D,20210106,000000,0.15,0.15,0.15,0.15,0,0
1303.HK,D,20210107,000000,0.15,0.15,0.15,0.15,0,0
1303.HK,D,20210108,000000,0.15,0.15,0.15,0.15,0,0
1303.HK,D,20210111,000000,0.15,0.15,0.15,0.15,0,0
1303.HK,D,20210112,000000,0.15,0.15,0.15,0.15,0,0
1303.HK,D,20210113,000000,0.15,0.15,0.15,0.15,0,0
1303.HK,D,20210114,000000,0.15,0.15,0.15,0.15,0,0
1303.HK,D,20210115,000000,0.15,0.15,0.15,0.15,2000,0
1303.HK,D,20210118,000000,0.15,0.15,0.15,0.15,0,0
1303.HK,D,20210119,000000,0.15,0.15,0.15,0.15,0,0
1303.HK,D,20210120,000000,0.15,0.15,0.15,0.15,0,0
1303.HK,D,20210121,000000,0.15,0.15,0.15,0.15,0,0
1303.HK,D,20210122,000000,0.15,0.15,0.15,0.15,10000,0
1303.HK,D,20210125,000000,0.15,0.15,0.15,0.15,0,0
1303.HK,D,20210126,000000,0.15,0.15,0.15,0.15,0,0
1303.HK,D,20210127,000000,0.15,0.15,0.15,0.15,96000,0
1303.HK,D,20210128,000000,0.15,0.15,0.15,0.15,0,0
1303.HK,D,20210129,000000,0.15,0.15,0.15,0.15,0,0
1303.HK,D,20210201,000000,0.15,0.15,0.15,0.15,0,0
1303.HK,D,20210202,000000,0.15,0.15,0.15,0.15,0,0
1303.HK,D,20210203,000000,0.15,0.15,0.15,0.15,0,0
1303.HK,D,20210204,000000,0.15,0.15,0.15,0.15,0,0
1303.HK,D,20210205,000000,0.15,0.15,0.15,0.15,0,0
1303.HK,D,20210208,000000,0.15,0.15,0.15,0.15,0,0
1303.HK,D,20210209,000000,0.15,0.15,0.15,0.15,0,0
1303.HK,D,20210210,000000,0.15,0.15,0.15,0.15,94000,0
1303.HK,D,20210211,000000,0.15,0.15,0.15,0.15,0,0
1303.HK,D,20210216,000000,0.15,0.15,0.15,0.15,0,0
1303.HK,D,20210217,000000,0.14,0.14,0.14,0.14,80000,0
1303.HK,D,20210218,000000,0.135,0.135,0.13,0.135,46000,0
1303.HK,D,20210219,000000,0.135,0.135,0.135,0.135,96000,0
1303.HK,D,20210222,000000,0.137,0.137,0.137,0.137,0,0
1303.HK,D,20210223,000000,0.135,0.135,0.13,0.131,162000,0
1303.HK,D,20210224,000000,0.131,0.131,0.131,0.131,0,0
1303.HK,D,20210225,000000,0.131,0.131,0.131,0.131,0,0
1303.HK,D,20210226,000000,0.131,0.131,0.131,0.131,0,0
1303.HK,D,20210301,000000,0.145,0.15,0.145,0.15,164000,0
1303.HK,D,20210302,000000,0.17,0.395,0.17,0.28,11556000,0
1303.HK,D,20210303,000000,0.32,0.355,0.25,0.27,2562000,0
1303.HK,D,20210304,000000,0.32,0.32,0.25,0.25,446000,0
1303.HK,D,20210305,000000,0.25,0.25,0.25,0.25,10000,0
1303.HK,D,20210308,000000,0.24,0.24,0.203,0.216,322000,0
1303.HK,D,20210309,000000,0.195,0.2,0.185,0.2,292000,0
1303.HK,D,20210310,000000,0.2,0.2,0.2,0.2,42000,0
1303.HK,D,20210311,000000,0.185,0.195,0.185,0.195,6000,0
1303.HK,D,20210312,000000,0.196,0.196,0.195,0.195,22000,0
1303.HK,D,20210315,000000,0.195,0.21,0.185,0.195,98000,0
1303.HK,D,20210316,000000,0.18,0.195,0.18,0.195,46000,0
1303.HK,D,20210317,000000,0.195,0.195,0.195,0.195,100000,0
1303.HK,D,20210318,000000,0.195,0.195,0.195,0.195,0,0
1303.HK,D,20210319,000000,0.195,0.195,0.195,0.195,0,0
1303.HK,D,20210322,000000,0.195,0.195,0.195,0.195,0,0
1303.HK,D,20210323,000000,0.17,0.19,0.17,0.17,534000,0
1303.HK,D,20210324,000000,0.175,0.175,0.175,0.175,20000,0
1303.HK,D,20210325,000000,0.185,0.185,0.18,0.185,20000,0
1303.HK,D,20210326,000000,0.185,0.185,0.185,0.185,8000,0
1303.HK,D,20210329,000000,0.19,0.19,0.189,0.189,36000,0
1303.HK,D,20210330,000000,0.19,0.19,0.19,0.19,44000,0
1303.HK,D,20210331,000000,0.2,0.2,0.19,0.19,38000,0
1303.HK,D,20210401,000000,0.18,0.19,0.18,0.18,8000,0
1303.HK,D,20210407,000000,0.19,0.19,0.19,0.19,1000,0
1303.HK,D,20210408,000000,0.189,0.189,0.189,0.189,0,0
1303.HK,D,20210409,000000,0.21,0.21,0.199,0.21,62000,0
1303.HK,D,20210412,000000,0.22,0.29,0.22,0.28,276000,0
1303.HK,D,20210413,000000,0.28,0.29,0.255,0.29,276000,0
1303.HK,D,20210414,000000,0.295,0.295,0.29,0.295,140000,0
1303.HK,D,20210415,000000,0.31,0.32,0.29,0.3,168000,0
1303.HK,D,20210416,000000,0.295,0.31,0.231,0.3,1080000,0
1303.HK,D,20210419,000000,0.29,0.29,0.29,0.29,0,0
1303.HK,D,20210420,000000,0.25,0.265,0.25,0.265,76000,0
1303.HK,D,20210421,000000,0.265,0.265,0.265,0.265,0,0
1303.HK,D,20210422,000000,0.265,0.265,0.265,0.265,0,0
1303.HK,D,20210423,000000,0.26,0.26,0.26,0.26,0,0
1303.HK,D,20210426,000000,0.26,0.26,0.26,0.26,0,0
1303.HK,D,20210427,000000,0.26,0.26,0.26,0.26,36000,0
1303.HK,D,20210428,000000,0.26,0.26,0.26,0.26,0,0
1303.HK,D,20210429,000000,0.26,0.26,0.26,0.26,0,0
1303.HK,D,20210430,000000,0.26,0.26,0.26,0.26,0,0
1303.HK,D,20210503,000000,0.26,0.26,0.26,0.26,0,0
1303.HK,D,20210504,000000,0.26,0.26,0.26,0.26,0,0
1303.HK,D,20210505,000000,0.28,0.28,0.28,0.28,8000,0
1303.HK,D,20210506,000000,0.28,0.28,0.28,0.28,0,0
1303.HK,D,20210507,000000,0.28,0.28,0.28,0.28,0,0
1303.HK,D,20210510,000000,0.28,0.28,0.28,0.28,0,0
1303.HK,D,20210511,000000,0.275,0.275,0.275,0.275,0,0
1303.HK,D,20210512,000000,0.26,0.26,0.255,0.26,6000,0
1303.HK,D,20210513,000000,0.26,0.26,0.26,0.26,0,0
1303.HK,D,20210514,000000,0.26,0.26,0.26,0.26,0,0
1303.HK,D,20210517,000000,0.26,0.26,0.26,0.26,0,0
1303.HK,D,20210518,000000,0.26,0.26,0.26,0.26,0,0
1303.HK,D,20210520,000000,0.25,0.25,0.25,0.25,32000,0
1303.HK,D,20210521,000000,0.25,0.25,0.25,0.25,0,0
1303.HK,D,20210524,000000,0.25,0.25,0.25,0.25,0,0
1303.HK,D,20210525,000000,0.25,0.25,0.25,0.25,0,0
1303.HK,D,20210526,000000,0.25,0.25,0.25,0.25,0,0
1303.HK,D,20210527,000000,0.25,0.25,0.25,0.25,0,0
1303.HK,D,20210528,000000,0.25,0.25,0.25,0.25,0,0
1303.HK,D,20210531,000000,0.25,0.25,0.25,0.25,0,0
1303.HK,D,20210601,000000,0.25,0.25,0.25,0.25,0,0
1303.HK,D,20210602,000000,0.25,0.25,0.25,0.25,0,0
1303.HK,D,20210603,000000,0.25,0.25,0.25,0.25,0,0
1303.HK,D,20210604,000000,0.25,0.25,0.25,0.25,0,0
1303.HK,D,20210607,000000,0.24,0.24,0.24,0.24,0,0
1303.HK,D,20210608,000000,0.23,0.23,0.23,0.23,0,0
1303.HK,D,20210609,000000,0.23,0.23,0.23,0.23,0,0
1303.HK,D,20210610,000000,0.23,0.23,0.23,0.23,0,0
1303.HK,D,20210611,000000,0.23,0.23,0.23,0.23,0,0
1303.HK,D,20210615,000000,0.23,0.23,0.23,0.23,0,0
1303.HK,D,20210616,000000,0.23,0.23,0.23,0.23,0,0
1303.HK,D,20210617,000000,0.23,0.23,0.23,0.23,0,0
1303.HK,D,20210618,000000,0.23,0.23,0.23,0.23,0,0
1303.HK,D,20210621,000000,0.23,0.23,0.23,0.23,0,0
1303.HK,D,20210622,000000,0.23,0.23,0.23,0.23,0,0
1303.HK,D,20210623,000000,0.23,0.23,0.23,0.23,0,0
1303.HK,D,20210624,000000,0.23,0.23,0.23,0.23,0,0
1303.HK,D,20210625,000000,0.23,0.23,0.23,0.23,0,0
1303.HK,D,20210628,000000,0.23,0.23,0.23,0.23,0,0
1303.HK,D,20210629,000000,0.23,0.23,0.23,0.23,0,0
1303.HK,D,20210630,000000,0.23,0.23,0.23,0.23,0,0
1303.HK,D,20210702,000000,0.23,0.23,0.23,0.23,0,0
1303.HK,D,20210705,000000,0.23,0.23,0.23,0.23,0,0
1303.HK,D,20210706,000000,0.23,0.23,0.23,0.23,0,0
1303.HK,D,20210707,000000,0.23,0.23,0.23,0.23,0,0
1303.HK,D,20210708,000000,0.23,0.23,0.23,0.23,20000,0
1303.HK,D,20210709,000000,0.22,0.22,0.22,0.22,0,0
1303.HK,D,20210712,000000,0.22,0.22,0.22,0.22,130000,0
1303.HK,D,20210713,000000,0.22,0.22,0.22,0.22,0,0
1303.HK,D,20210714,000000,0.22,0.22,0.22,0.22,0,0
1303.HK,D,20210715,000000,0.22,0.22,0.22,0.22,0,0
1303.HK,D,20210716,000000,0.2,0.2,0.2,0.2,0,0
1303.HK,D,20210719,000000,0.15,0.18,0.15,0.156,212000,0
1303.HK,D,20210720,000000,0.14,0.229,0.14,0.164,244000,0
1303.HK,D,20210721,000000,0.164,0.167,0.164,0.167,12000,0
1303.HK,D,20210722,000000,0.167,0.167,0.167,0.167,0,0
1303.HK,D,20210723,000000,0.167,0.167,0.167,0.167,0,0
1303.HK,D,20210726,000000,0.167,0.167,0.167,0.167,22000,0
1303.HK,D,20210727,000000,0.167,0.167,0.167,0.167,0,0
1303.HK,D,20210728,000000,0.167,0.167,0.167,0.167,0,0
1303.HK,D,20210729,000000,0.167,0.167,0.167,0.167,0,0
1303.HK,D,20210730,000000,0.158,0.16,0.158,0.158,160000,0
1303.HK,D,20210802,000000,0.156,0.156,0.156,0.156,0,0
1303.HK,D,20210803,000000,0.153,0.2,0.14,0.179,122000,0
1303.HK,D,20210804,000000,0.179,0.179,0.179,0.179,0,0
1303.HK,D,20210805,000000,0.198,0.24,0.188,0.188,462000,0
1303.HK,D,20210806,000000,0.169,0.169,0.169,0.169,4000,0
1303.HK,D,20210809,000000,0.165,0.165,0.165,0.165,4000,0
1303.HK,D,20210810,000000,0.15,0.239,0.15,0.22,230000,0
1303.HK,D,20210811,000000,0.22,0.22,0.22,0.22,0,0
1303.HK,D,20210812,000000,0.18,0.18,0.154,0.18,30000,0
1303.HK,D,20210813,000000,0.18,0.18,0.18,0.18,0,0
1303.HK,D,20210816,000000,0.171,0.2,0.171,0.171,360000,0
1303.HK,D,20210817,000000,0.171,0.171,0.157,0.165,420000,0
1303.HK,D,20210818,000000,0.165,0.165,0.165,0.165,0,0
1303.HK,D,20210819,000000,0.165,0.165,0.165,0.165,0,0
1303.HK,D,20210820,000000,0.165,0.165,0.165,0.165,4000,0
1303.HK,D,20210823,000000,0.165,0.165,0.165,0.165,74000,0
1303.HK,D,20210824,000000,0.203,0.209,0.165,0.203,150000,0
1303.HK,D,20210825,000000,0.201,0.201,0.18,0.201,4000,0
1303.HK,D,20210826,000000,0.2,0.2,0.2,0.2,0,0
1303.HK,D,20210827,000000,0.2,0.2,0.2,0.2,0,0
1303.HK,D,20210830,000000,0.219,0.219,0.162,0.198,198000,0
1303.HK,D,20210831,000000,0.198,0.219,0.195,0.199,94000,0
1303.HK,D,20210901,000000,0.198,0.198,0.17,0.185,550000,0
1303.HK,D,20210902,000000,0.171,0.172,0.17,0.172,64000,0
1303.HK,D,20210903,000000,0.171,0.171,0.17,0.171,62000,0
1303.HK,D,20210906,000000,0.171,0.171,0.171,0.171,0,0
1303.HK,D,20210907,000000,0.171,0.171,0.171,0.171,0,0
1303.HK,D,20210908,000000,0.171,0.171,0.171,0.171,0,0
1303.HK,D,20210909,000000,0.171,0.171,0.171,0.171,0,0
1303.HK,D,20210910,000000,0.2,0.21,0.19,0.2,88000,0
1303.HK,D,20210913,000000,0.151,0.197,0.151,0.163,142000,0
1303.HK,D,20210914,000000,0.163,0.163,0.163,0.163,0,0
1303.HK,D,20210915,000000,0.163,0.163,0.163,0.163,0,0
1303.HK,D,20210916,000000,0.163,0.163,0.163,0.163,0,0
1303.HK,D,20210917,000000,0.163,0.163,0.163,0.163,0,0
1303.HK,D,20210920,000000,0.163,0.163,0.163,0.163,6000,0
1303.HK,D,20210921,000000,0.163,0.163,0.163,0.163,0,0
1303.HK,D,20210923,000000,0.162,0.162,0.162,0.162,0,0
1303.HK,D,20210924,000000,0.162,0.162,0.162,0.162,0,0
1303.HK,D,20210927,000000,0.162,0.162,0.162,0.162,0,0
1303.HK,D,20210928,000000,0.162,0.162,0.162,0.162,0,0
1303.HK,D,20210929,000000,0.185,0.185,0.162,0.162,22000,0
1303.HK,D,20210930,000000,0.162,0.162,0.162,0.162,0,0
1303.HK,D,20211004,000000,0.18,0.18,0.18,0.18,2000,0
1303.HK,D,20211005,000000,0.18,0.18,0.18,0.18,54000,0
1303.HK,D,20211006,000000,0.185,0.185,0.183,0.185,66000,0
1303.HK,D,20211007,000000,0.185,0.185,0.185,0.185,32000,0
1303.HK,D,20211008,000000,0.185,0.185,0.185,0.185,0,0
1303.HK,D,20211011,000000,0.185,0.185,0.185,0.185,0,0
1303.HK,D,20211012,000000,0.185,0.185,0.185,0.185,0,0
1303.HK,D,20211015,000000,0.18,0.18,0.18,0.18,12000,0
1303.HK,D,20211018,000000,0.18,0.19,0.18,0.19,650000,0
1303.HK,D,20211019,000000,0.191,0.21,0.191,0.208,568000,0
1303.HK,D,20211020,000000,0.208,0.215,0.208,0.215,142000,0
1303.HK,D,20211021,000000,0.215,0.219,0.205,0.205,118000,0
1303.HK,D,20211022,000000,0.2,0.208,0.198,0.198,688000,0
1303.HK,D,20211025,000000,0.204,0.204,0.17,0.204,116000,0
1303.HK,D,20211026,000000,0.219,0.219,0.177,0.208,214000,0
1303.HK,D,20211027,000000,0.18,0.181,0.18,0.181,70000,0
1303.HK,D,20211028,000000,0.181,0.194,0.161,0.171,220000,0
1303.HK,D,20211029,000000,0.162,0.167,0.162,0.167,2000,0
1303.HK,D,20211101,000000,0.145,0.167,0.145,0.167,4000,0
1303.HK,D,20211102,000000,0.147,0.153,0.147,0.153,2000,0
1303.HK,D,20211103,000000,0.15,0.152,0.15,0.152,2000,0
1303.HK,D,20211104,000000,0.145,0.164,0.145,0.164,96000,0
1303.HK,D,20211105,000000,0.164,0.164,0.164,0.164,0,0
1303.HK,D,20211108,000000,0.164,0.164,0.164,0.164,0,0
1303.HK,D,20211109,000000,0.164,0.164,0.164,0.164,0,0
1303.HK,D,20211110,000000,0.164,0.164,0.164,0.164,0,0
1303.HK,D,20211111,000000,0.164,0.164,0.164,0.164,0,0
1303.HK,D,20211112,000000,0.164,0.164,0.164,0.164,0,0
1303.HK,D,20211115,000000,0.164,0.164,0.164,0.164,0,0
1303.HK,D,20211116,000000,0.164,0.164,0.164,0.164,4000,0
1303.HK,D,20211117,000000,0.165,0.165,0.163,0.163,18000,0
1303.HK,D,20211118,000000,0.166,0.166,0.162,0.166,8000,0
1303.HK,D,20211119,000000,0.166,0.166,0.166,0.166,0,0
1303.HK,D,20211122,000000,0.169,0.169,0.169,0.169,2000,0
1303.HK,D,20211123,000000,0.169,0.169,0.169,0.169,60000,0
1303.HK,D,20211124,000000,0.169,0.169,0.169,0.169,0,0
1303.HK,D,20211125,000000,0.163,0.187,0.163,0.163,176000,0
1303.HK,D,20211126,000000,0.163,0.163,0.163,0.163,0,0
1303.HK,D,20211129,000000,0.163,0.163,0.163,0.163,0,0
1303.HK,D,20211130,000000,0.163,0.163,0.163,0.163,0,0
1303.HK,D,20211201,000000,0.16,0.187,0.15,0.16,280000,0
1303.HK,D,20211202,000000,0.16,0.16,0.16,0.16,0,0
1303.HK,D,20211203,000000,0.16,0.16,0.16,0.16,50000,0
1303.HK,D,20211206,000000,0.16,0.16,0.16,0.16,0,0
1303.HK,D,20211207,000000,0.155,0.155,0.151,0.155,402000,0
1303.HK,D,20211208,000000,0.155,0.155,0.155,0.155,0,0
1303.HK,D,20211209,000000,0.155,0.155,0.155,0.155,0,0
1303.HK,D,20211210,000000,0.155,0.155,0.155,0.155,0,0
1303.HK,D,20211213,000000,0.155,0.155,0.155,0.155,0,0
1303.HK,D,20211214,000000,0.155,0.155,0.154,0.154,36000,0
1303.HK,D,20211215,000000,0.154,0.154,0.154,0.154,44000,0
1303.HK,D,20211216,000000,0.147,0.175,0.146,0.147,26000,0
1303.HK,D,20211217,000000,0.147,0.149,0.147,0.149,20000,0
1303.HK,D,20211220,000000,0.149,0.149,0.149,0.149,80000,0
1303.HK,D,20211221,000000,0.149,0.149,0.149,0.149,0,0
1303.HK,D,20211222,000000,0.149,0.149,0.149,0.149,0,0
1303.HK,D,20211223,000000,0.149,0.149,0.149,0.149,0,0
1303.HK,D,20211224,000000,0.17,0.17,0.17,0.17,4000,0
1303.HK,D,20211228,000000,0.168,0.168,0.161,0.161,72000,0
1303.HK,D,20211229,000000,0.161,0.161,0.161,0.161,0,0
1303.HK,D,20211230,000000,0.164,0.164,0.164,0.164,10000,0
1303.HK,D,20211231,000000,0.164,0.164,0.164,0.164,0,0
1303.HK,D,20220103,000000,0.164,0.164,0.164,0.164,0,0
1303.HK,D,20220104,000000,0.164,0.164,0.164,0.164,0,0
1303.HK,D,20220105,000000,0.163,0.164,0.163,0.164,64000,0
1303.HK,D,20220106,000000,0.164,0.164,0.164,0.164,0,0
1303.HK,D,20220107,000000,0.164,0.164,0.164,0.164,0,0
1303.HK,D,20220110,000000,0.164,0.164,0.164,0.164,0,0
1303.HK,D,20220111,000000,0.164,0.164,0.164,0.164,0,0
1303.HK,D,20220112,000000,0.164,0.164,0.164,0.164,0,0
1303.HK,D,20220113,000000,0.165,0.165,0.165,0.165,0,0
1303.HK,D,20220114,000000,0.165,0.165,0.165,0.165,0,0
1303.HK,D,20220117,000000,0.165,0.165,0.165,0.165,0,0
1303.HK,D,20220118,000000,0.165,0.165,0.165,0.165,0,0
1303.HK,D,20220119,000000,0.165,0.165,0.165,0.165,0,0
1303.HK,D,20220120,000000,0.165,0.165,0.165,0.165,0,0
1303.HK,D,20220121,000000,0.165,0.165,0.165,0.165,0,0
1303.HK,D,20220124,000000,0.172,0.172,0.172,0.172,0,0
1303.HK,D,20220125,000000,0.18,0.18,0.177,0.18,294000,0
1303.HK,D,20220126,000000,0.199,0.231,0.199,0.231,622000,0
1303.HK,D,20220127,000000,0.231,0.234,0.231,0.233,1160000,0
1303.HK,D,20220128,000000,0.241,0.241,0.233,0.241,52000,0
1303.HK,D,20220131,000000,0.241,0.241,0.241,0.241,0,0
1303.HK,D,20220204,000000,0.24,0.24,0.24,0.24,2000,0
1303.HK,D,20220207,000000,0.24,0.24,0.194,0.194,258000,0
1303.HK,D,20220208,000000,0.195,0.196,0.195,0.196,2000,0
1303.HK,D,20220209,000000,0.201,0.201,0.201,0.201,0,0
1303.HK,D,20220210,000000,0.195,0.199,0.195,0.199,2000,0
1303.HK,D,20220211,000000,0.202,0.202,0.202,0.202,0,0
1303.HK,D,20220214,000000,0.205,0.33,0.205,0.275,1026000,0
1303.HK,D,20220215,000000,0.28,0.33,0.28,0.315,230000,0
1303.HK,D,20220216,000000,0.315,0.385,0.315,0.35,2022000,0
1303.HK,D,20220217,000000,0.35,0.35,0.34,0.345,166000,0
1303.HK,D,20220218,000000,0.355,0.4,0.32,0.32,334000,0
1303.HK,D,20220221,000000,0.32,0.32,0.32,0.32,4000,0
1303.HK,D,20220222,000000,0.32,0.32,0.32,0.32,14000,0
1303.HK,D,20220223,000000,0.32,0.32,0.32,0.32,150000,0
1303.HK,D,20220224,000000,0.34,0.345,0.34,0.345,152000,0
1303.HK,D,20220225,000000,0.35,0.355,0.35,0.355,60000,0
1303.HK,D,20220228,000000,0.38,0.495,0.38,0.49,650000,0
1303.HK,D,20220301,000000,0.5,0.55,0.45,0.49,1124000,0
1303.HK,D,20220302,000000,0.55,0.56,0.435,0.46,924000,0
1303.HK,D,20220303,000000,0.475,0.495,0.465,0.495,788000,0
1303.HK,D,20220304,000000,0.5,0.5,0.44,0.44,864000,0
1303.HK,D,20220307,000000,0.45,0.49,0.4,0.4,537000,0
1303.HK,D,20220308,000000,0.48,0.48,0.42,0.42,90000,0
1303.HK,D,20220309,000000,0.42,0.485,0.42,0.45,1974000,0
1303.HK,D,20220310,000000,0.49,0.49,0.41,0.48,350000,0
1303.HK,D,20220311,000000,0.48,0.48,0.48,0.48,0,0
1303.HK,D,20220314,000000,0.465,0.465,0.465,0.465,0,0
1303.HK,D,20220315,000000,0.47,0.47,0.465,0.465,6000,0
1303.HK,D,20220316,000000,0.405,0.46,0.405,0.455,144000,0
1303.HK,D,20220317,000000,0.4,0.5,0.325,0.46,225000,0
1303.HK,D,20220318,000000,0.405,0.405,0.4,0.405,18000,0
1303.HK,D,20220321,000000,0.405,0.405,0.405,0.405,0,0
1303.HK,D,20220322,000000,0.45,0.45,0.405,0.405,14000,0
1303.HK,D,20220323,000000,0.405,0.405,0.405,0.405,0,0
1303.HK,D,20220324,000000,0.41,0.46,0.41,0.44,118000,0
1303.HK,D,20220325,000000,0.44,0.44,0.44,0.44,0,0
1303.HK,D,20220328,000000,0.44,0.44,0.44,0.44,0,0
1303.HK,D,20220329,000000,0.44,0.5,0.44,0.47,16000,0
1303.HK,D,20220330,000000,0.485,0.485,0.42,0.475,58000,0
1303.HK,D,20220331,000000,0.485,0.485,0.465,0.465,58000,0
1303.HK,D,20220401,000000,0.465,0.465,0.465,0.465,0,0
1303.HK,D,20220404,000000,0.52,0.52,0.49,0.49,16000,0
1303.HK,D,20220406,000000,0.5,0.5,0.35,0.4,62000,0
1303.HK,D,20220407,000000,0.395,0.395,0.3,0.375,294000,0
1303.HK,D,20220408,000000,0.34,0.4,0.34,0.38,16000,0
1303.HK,D,20220411,000000,0.38,0.38,0.38,0.38,0,0
1303.HK,D,20220412,000000,0.35,0.35,0.35,0.35,88000,0
1303.HK,D,20220413,000000,0.35,0.35,0.35,0.35,0,0
1303.HK,D,20220414,000000,0.35,0.35,0.35,0.35,0,0
1303.HK,D,20220419,000000,0.35,0.35,0.35,0.35,0,0
1303.HK,D,20220420,000000,0.35,0.35,0.35,0.35,0,0
1303.HK,D,20220421,000000,0.35,0.35,0.35,0.35,22000,0
1303.HK,D,20220422,000000,0.35,0.35,0.35,0.35,0,0
1303.HK,D,20220425,000000,0.37,0.38,0.37,0.37,488000,0
1303.HK,D,20220426,000000,0.38,0.38,0.37,0.37,434000,0
1303.HK,D,20220427,000000,0.38,0.38,0.38,0.38,156000,0
1303.HK,D,20220428,000000,0.365,0.365,0.365,0.365,100000,0
1303.HK,D,20220429,000000,0.36,0.36,0.36,0.36,22000,0
1303.HK,D,20220503,000000,0.38,0.38,0.38,0.38,0,0
1303.HK,D,20220504,000000,0.38,0.38,0.38,0.38,0,0
1303.HK,D,20220505,000000,0.37,0.37,0.37,0.37,4000,0
1303.HK,D,20220506,000000,0.37,0.37,0.37,0.37,0,0
1303.HK,D,20220510,000000,0.375,0.375,0.365,0.375,52000,0
1303.HK,D,20220511,000000,0.375,0.375,0.375,0.375,0,0
1303.HK,D,20220512,000000,0.37,0.37,0.365,0.365,160000,0
1303.HK,D,20220513,000000,0.365,0.365,0.365,0.365,0,0
1303.HK,D,20220516,000000,0.36,0.365,0.36,0.365,220000,0
1303.HK,D,20220517,000000,0.365,0.365,0.365,0.365,0,0
1303.HK,D,20220518,000000,0.365,0.365,0.365,0.365,0,0
1303.HK,D,20220519,000000,0.365,0.365,0.365,0.365,0,0
1303.HK,D,20220520,000000,0.4,0.49,0.4,0.46,104000,0
1303.HK,D,20220523,000000,0.495,0.495,0.395,0.395,102000,0
1303.HK,D,20220524,000000,0.395,0.395,0.395,0.395,0,0
1303.HK,D,20220525,000000,0.355,0.355,0.355,0.355,2000,0
1303.HK,D,20220526,000000,0.355,0.355,0.355,0.355,0,0
1303.HK,D,20220527,000000,0.355,0.355,0.355,0.355,0,0
1303.HK,D,20220530,000000,0.35,0.35,0.35,0.35,2000,0
1303.HK,D,20220531,000000,0.35,0.35,0.35,0.35,0,0
1303.HK,D,20220601,000000,0.35,0.35,0.35,0.35,0,0
1303.HK,D,20220602,000000,0.35,0.35,0.35,0.35,0,0
1303.HK,D,20220606,000000,0.35,0.35,0.35,0.35,0,0
1303.HK,D,20220607,000000,0.3,0.3,0.25,0.3,56000,0
1303.HK,D,20220608,000000,0.3,0.3,0.3,0.3,0,0
1303.HK,D,20220609,000000,0.3,0.3,0.3,0.3,0,0
1303.HK,D,20220610,000000,0.3,0.3,0.3,0.3,0,0
1303.HK,D,20220613,000000,0.3,0.3,0.3,0.3,0,0
1303.HK,D,20220614,000000,0.29,0.29,0.29,0.29,4000,0
1303.HK,D,20220615,000000,0.29,0.29,0.29,0.29,0,0
1303.HK,D,20220616,000000,0.295,0.295,0.295,0.295,0,0
1303.HK,D,20220617,000000,0.295,0.295,0.295,0.295,0,0
1303.HK,D,20220620,000000,0.295,0.295,0.295,0.295,20000,0
1303.HK,D,20220621,000000,0.25,0.25,0.25,0.25,2000,0
1303.HK,D,20220622,000000,0.27,0.27,0.27,0.27,0,0
1303.HK,D,20220623,000000,0.3,0.3,0.3,0.3,0,0
1303.HK,D,20220624,000000,0.3,0.3,0.3,0.3,0,0
1303.HK,D,20220627,000000,0.305,0.305,0.305,0.305,0,0
1303.HK,D,20220628,000000,0.305,0.305,0.305,0.305,0,0
1303.HK,D,20220629,000000,0.3,0.305,0.3,0.3,36000,0
1303.HK,D,20220630,000000,0.3,0.3,0.3,0.3,0,0
1303.HK,D,20220704,000000,0.3,0.3,0.3,0.3,0,0
1303.HK,D,20220705,000000,0.3,0.3,0.3,0.3,0,0
1303.HK,D,20220706,000000,0.3,0.3,0.3,0.3,70000,0
1303.HK,D,20220707,000000,0.3,0.3,0.3,0.3,0,0
1303.HK,D,20220708,000000,0.3,0.3,0.3,0.3,0,0
1303.HK,D,20220711,000000,0.3,0.3,0.3,0.3,0,0
1303.HK,D,20220712,000000,0.3,0.3,0.3,0.3,0,0
1303.HK,D,20220713,000000,0.3,0.3,0.3,0.3,0,0
1303.HK,D,20220714,000000,0.3,0.3,0.3,0.3,120000,0
1303.HK,D,20220715,000000,0.3,0.3,0.3,0.3,0,0
1303.HK,D,20220718,000000,0.3,0.3,0.3,0.3,0,0
1303.HK,D,20220719,000000,0.3,0.3,0.3,0.3,0,0
1303.HK,D,20220720,000000,0.3,0.3,0.3,0.3,0,0
1303.HK,D,20220721,000000,0.3,0.3,0.3,0.3,0,0
1303.HK,D,20220722,000000,0.25,0.295,0.25,0.295,54000,0
1303.HK,D,20220725,000000,0.295,0.295,0.295,0.295,0,0
1303.HK,D,20220726,000000,0.295,0.295,0.295,0.295,0,0
1303.HK,D,20220727,000000,0.3,0.3,0.3,0.3,76000,0
1303.HK,D,20220728,000000,0.3,0.3,0.3,0.3,0,0
1303.HK,D,20220729,000000,0.3,0.3,0.3,0.3,30000,0
1303.HK,D,20220801,000000,0.3,0.3,0.3,0.3,0,0
1303.HK,D,20220802,000000,0.3,0.3,0.3,0.3,0,0
1303.HK,D,20220803,000000,0.3,0.3,0.3,0.3,0,0
1303.HK,D,20220804,000000,0.305,0.305,0.3,0.305,14364,0
1303.HK,D,20220805,000000,0.305,0.305,0.305,0.305,50,0
1303.HK,D,20220808,000000,0.305,0.305,0.305,0.305,0,0
1303.HK,D,20220809,000000,0.305,0.305,0.305,0.305,0,0
1303.HK,D,20220810,000000,0.3,0.3,0.3,0.3,0,0
1303.HK,D,20220811,000000,0.26,0.27,0.26,0.27,74000,0
1303.HK,D,20220812,000000,0.27,0.27,0.27,0.27,0,0
1303.HK,D,20220815,000000,0.28,0.95,0.28,0.4,1546000,0
1303.HK,D,20220816,000000,0.42,0.42,0.315,0.35,1122000,0
1303.HK,D,20220817,000000,0.36,0.37,0.35,0.35,72000,0
1303.HK,D,20220818,000000,0.31,0.345,0.31,0.345,8000,0
1303.HK,D,20220819,000000,0.33,0.33,0.33,0.33,82000,0
1303.HK,D,20220822,000000,0.3,0.33,0.3,0.31,116000,0
1303.HK,D,20220823,000000,0.3,0.305,0.3,0.3,436000,0
1303.HK,D,20220824,000000,0.305,0.31,0.26,0.305,32000,0
1303.HK,D,20220825,000000,0.305,0.35,0.305,0.35,64000,0
1303.HK,D,20220826,000000,0.32,0.32,0.32,0.32,30000,0
1303.HK,D,20220829,000000,0.31,0.35,0.265,0.33,72000,0
1303.HK,D,20220830,000000,0.285,0.285,0.27,0.285,94000,0
1303.HK,D,20220831,000000,0.25,0.255,0.25,0.25,34000,0
1303.HK,D,20220901,000000,0.265,0.265,0.265,0.265,0,0
1303.HK,D,20220902,000000,0.236,0.236,0.236,0.236,2000,0
1303.HK,D,20220905,000000,0.205,0.221,0.205,0.221,48000,0
1303.HK,D,20220906,000000,0.221,0.221,0.221,0.221,0,0
1303.HK,D,20220907,000000,0.24,0.24,0.24,0.24,58000,0
1303.HK,D,20220908,000000,0.24,0.24,0.24,0.24,0,0
1303.HK,D,20220909,000000,0.22,0.22,0.22,0.22,2000,0
1303.HK,D,20220913,000000,0.206,0.38,0.205,0.33,426000,0
1303.HK,D,20220914,000000,0.335,0.335,0.33,0.33,48000,0
1303.HK,D,20220915,000000,0.34,0.34,0.34,0.34,32000,0
1303.HK,D,20220916,000000,0.34,0.34,0.34,0.34,24000,0
1303.HK,D,20220919,000000,0.34,0.34,0.34,0.34,0,0
1303.HK,D,20220920,000000,0.34,0.34,0.34,0.34,18000,0
1303.HK,D,20220921,000000,0.34,0.34,0.34,0.34,0,0
1303.HK,D,20220922,000000,0.34,0.34,0.34,0.34,0,0
1303.HK,D,20220923,000000,0.34,0.34,0.31,0.31,58000,0
1303.HK,D,20220926,000000,0.31,0.31,0.31,0.31,0,0
1303.HK,D,20220927,000000,0.33,0.375,0.33,0.36,42000,0
1303.HK,D,20220928,000000,0.345,0.345,0.345,0.345,32000,0
1303.HK,D,20220929,000000,0.345,0.345,0.345,0.345,0,0
1303.HK,D,20220930,000000,0.38,0.38,0.35,0.38,24000,0
1303.HK,D,20221003,000000,0.38,0.38,0.38,0.38,0,0
1303.HK,D,20221005,000000,0.38,0.38,0.38,0.38,2000,0
1303.HK,D,20221006,000000,0.38,0.38,0.38,0.38,0,0
1303.HK,D,20221007,000000,0.35,0.35,0.35,0.35,18000,0
1303.HK,D,20221010,000000,0.35,0.35,0.35,0.35,0,0
1303.HK,D,20221011,000000,0.33,0.335,0.33,0.33,24000,0
1303.HK,D,20221012,000000,0.315,0.38,0.26,0.3,290000,0
1303.HK,D,20221013,000000,0.3,0.3,0.3,0.3,0,0
1303.HK,D,20221014,000000,0.3,0.3,0.3,0.3,0,0
1303.HK,D,20221017,000000,0.3,0.3,0.3,0.3,0,0
1303.HK,D,20221018,000000,0.3,0.3,0.3,0.3,0,0
1303.HK,D,20221019,000000,0.3,0.3,0.3,0.3,0,0
1303.HK,D,20221020,000000,0.3,0.3,0.3,0.3,0,0
1303.HK,D,20221021,000000,0.3,0.3,0.3,0.3,0,0
1303.HK,D,20221024,000000,0.3,0.3,0.3,0.3,0,0
1303.HK,D,20221025,000000,0.3,0.3,0.3,0.3,0,0
1303.HK,D,20221026,000000,0.3,0.3,0.3,0.3,0,0
1303.HK,D,20221027,000000,0.25,0.25,0.25,0.25,20000,0
1303.HK,D,20221028,000000,0.255,0.255,0.255,0.255,0,0
1303.HK,D,20221031,000000,0.255,0.255,0.255,0.255,0,0
1303.HK,D,20221101,000000,0.255,0.255,0.255,0.255,30000,0
1303.HK,D,20221102,000000,0.26,0.26,0.255,0.255,154000,0
1303.HK,D,20221103,000000,0.25,0.25,0.25,0.25,4000,0
1303.HK,D,20221104,000000,0.25,0.25,0.25,0.25,2000,0
1303.HK,D,20221107,000000,0.25,0.25,0.25,0.25,0,0
1303.HK,D,20221108,000000,0.25,0.25,0.25,0.25,0,0
1303.HK,D,20221109,000000,0.255,0.255,0.255,0.255,0,0
1303.HK,D,20221110,000000,0.255,0.255,0.255,0.255,0,0
1303.HK,D,20221111,000000,0.255,0.255,0.255,0.255,0,0
1303.HK,D,20221114,000000,0.249,0.249,0.249,0.249,2000,0
1303.HK,D,20221115,000000,0.249,0.249,0.249,0.249,0,0
1303.HK,D,20221116,000000,0.249,0.249,0.249,0.249,0,0
1303.HK,D,20221117,000000,0.249,0.249,0.249,0.249,0,0
1303.HK,D,20221118,000000,0.249,0.249,0.249,0.249,0,0
1303.HK,D,20221121,000000,0.249,0.249,0.249,0.249,0,0
1303.HK,D,20221122,000000,0.395,0.395,0.255,0.395,28000,0
1303.HK,D,20221123,000000,0.37,0.37,0.365,0.365,2000,0
1303.HK,D,20221124,000000,0.365,0.365,0.365,0.365,0,0
1303.HK,D,20221125,000000,0.355,0.355,0.355,0.355,0,0
1303.HK,D,20221128,000000,0.355,0.355,0.355,0.355,0,0
1303.HK,D,20221129,000000,0.395,0.395,0.38,0.38,2000,0
1303.HK,D,20221130,000000,0.3,0.3,0.3,0.3,20000,0
1303.HK,D,20221201,000000,0.305,0.305,0.305,0.305,26000,0
1303.HK,D,20221202,000000,0.305,0.305,0.305,0.305,0,0
1303.HK,D,20221205,000000,0.3,0.3,0.3,0.3,8000,0
1303.HK,D,20221206,000000,0.3,0.35,0.3,0.3,4000,0
1303.HK,D,20221207,000000,0.3,0.3,0.3,0.3,0,0
1303.HK,D,20221208,000000,0.3,0.3,0.3,0.3,0,0
1303.HK,D,20221209,000000,0.3,0.3,0.3,0.3,0,0
1303.HK,D,20221212,000000,0.3,0.3,0.3,0.3,82000,0
1303.HK,D,20221213,000000,0.3,0.3,0.3,0.3,0,0
1303.HK,D,20221214,000000,0.29,0.29,0.29,0.29,4000,0
1303.HK,D,20221215,000000,0.29,0.29,0.29,0.29,2000,0
1303.HK,D,20221216,000000,0.29,0.29,0.29,0.29,0,0
1303.HK,D,20221219,000000,0.29,0.29,0.29,0.29,0,0
1303.HK,D,20221220,000000,0.29,0.29,0.29,0.29,0,0
1303.HK,D,20221221,000000,0.29,0.29,0.29,0.29,4000,0
1303.HK,D,20221222,000000,0.29,0.29,0.29,0.29,0,0
1303.HK,D,20221223,000000,0.29,0.29,0.29,0.29,0,0
1303.HK,D,20221228,000000,0.29,0.29,0.29,0.29,18000,0
1303.HK,D,20221229,000000,0.29,0.29,0.29,0.29,2000,0
1303.HK,D,20221230,000000,0.29,0.29,0.29,0.29,0,0
1303.HK,D,20230103,000000,0.29,0.29,0.29,0.29,0,0
1303.HK,D,20230104,000000,0.29,0.29,0.29,0.29,0,0
1303.HK,D,20230105,000000,0.29,0.29,0.29,0.29,0,0
1303.HK,D,20230106,000000,0.29,0.29,0.29,0.29,0,0
1303.HK,D,20230109,000000,0.29,0.29,0.29,0.29,0,0
1303.HK,D,20230110,000000,0.29,0.29,0.29,0.29,0,0
1303.HK,D,20230111,000000,0.29,0.29,0.29,0.29,0,0
1303.HK,D,20230112,000000,0.29,0.29,0.29,0.29,0,0
1303.HK,D,20230113,000000,0.29,0.29,0.29,0.29,0,0
1303.HK,D,20230116,000000,0.26,0.29,0.26,0.26,22000,0
1303.HK,D,20230117,000000,0.26,0.26,0.26,0.26,0,0
1303.HK,D,20230118,000000,0.26,0.26,0.26,0.26,0,0
1303.HK,D,20230119,000000,0.26,0.26,0.26,0.26,0,0
1303.HK,D,20230120,000000,0.26,0.26,0.26,0.26,0,0
1303.HK,D,20230126,000000,0.26,0.26,0.26,0.26,0,0
1303.HK,D,20230127,000000,0.26,0.26,0.26,0.26,0,0
1303.HK,D,20230130,000000,0.26,0.26,0.26,0.26,0,0
1303.HK,D,20230131,000000,0.26,0.26,0.26,0.26,0,0
1303.HK,D,20230201,000000,0.26,0.26,0.26,0.26,0,0
1303.HK,D,20230202,000000,0.27,0.27,0.27,0.27,0,0
1303.HK,D,20230203,000000,0.27,0.27,0.27,0.27,0,0
1303.HK,D,20230206,000000,0.27,0.27,0.27,0.27,0,0
1303.HK,D,20230207,000000,0.27,0.27,0.27,0.27,0,0
1303.HK,D,20230208,000000,0.27,0.27,0.27,0.27,0,0
1303.HK,D,20230209,000000,0.27,0.27,0.27,0.27,40000,0
1303.HK,D,20230210,000000,0.27,0.27,0.27,0.27,0,0
1303.HK,D,20230213,000000,0.285,0.285,0.285,0.285,0,0
1303.HK,D,20230214,000000,0.285,0.285,0.285,0.285,0,0
1303.HK,D,20230215,000000,0.32,0.4,0.29,0.32,417986,0
1303.HK,D,20230216,000000,0.4,0.45,0.33,0.4,778000,0
1303.HK,D,20230217,000000,0.42,0.45,0.4,0.4,388000,0
1303.HK,D,20230220,000000,0.31,0.445,0.31,0.4,496000,0
1303.HK,D,20230221,000000,0.445,0.45,0.4,0.45,728000,0
1303.HK,D,20230222,000000,0.455,0.5,0.415,0.47,624000,0
1303.HK,D,20230223,000000,0.5,0.5,0.415,0.45,712000,0
1303.HK,D,20230224,000000,0.45,0.45,0.43,0.43,60000,0
1303.HK,D,20230227,000000,0.4,0.4,0.35,0.35,60000,0
1303.HK,D,20230228,000000,0.42,0.42,0.4,0.42,116000,0
1303.HK,D,20230301,000000,0.42,0.42,0.42,0.42,0,0
1303.HK,D,20230302,000000,0.37,0.39,0.37,0.39,4000,0
1303.HK,D,20230303,000000,0.4,0.4,0.36,0.365,78000,0
1303.HK,D,20230306,000000,0.365,0.365,0.365,0.365,0,0
1303.HK,D,20230307,000000,0.365,0.365,0.365,0.365,0,0
1303.HK,D,20230308,000000,0.365,0.365,0.365,0.365,0,0
1303.HK,D,20230309,000000,0.365,0.365,0.365,0.365,0,0
1303.HK,D,20230310,000000,0.365,0.365,0.365,0.365,0,0
1303.HK,D,20230313,000000,0.365,0.365,0.365,0.365,0,0
1303.HK,D,20230314,000000,0.365,0.365,0.365,0.365,0,0
1303.HK,D,20230315,000000,0.365,0.365,0.365,0.365,0,0
1303.HK,D,20230316,000000,0.365,0.365,0.365,0.365,0,0
1303.HK,D,20230317,000000,0.395,0.4,0.395,0.4,20000,0
1303.HK,D,20230320,000000,0.4,0.4,0.35,0.355,24000,0
1303.HK,D,20230321,000000,0.34,0.34,0.285,0.34,450000,0
1303.HK,D,20230322,000000,0.32,0.32,0.32,0.32,18000,0
1303.HK,D,20230323,000000,0.295,0.3,0.295,0.3,2000,0
1303.HK,D,20230324,000000,0.305,0.305,0.305,0.305,0,0
1303.HK,D,20230327,000000,0.305,0.305,0.305,0.305,0,0
1303.HK,D,20230328,000000,0.34,0.375,0.31,0.37,10000,0
1303.HK,D,20230329,000000,0.33,0.33,0.3,0.3,48000,0
1303.HK,D,20230330,000000,0.3,0.3,0.3,0.3,0,0
1303.HK,D,20230331,000000,0.3,0.3,0.3,0.3,0,0
1303.HK,D,20230403,000000,0.3,0.3,0.3,0.3,0,0
1303.HK,D,20230404,000000,0.3,0.3,0.3,0.3,0,0
1303.HK,D,20230406,000000,0.3,0.31,0.3,0.3,80000,0
1303.HK,D,20230411,000000,0.31,0.31,0.31,0.31,0,0
1303.HK,D,20230412,000000,0.31,0.31,0.31,0.31,0,0
1303.HK,D,20230413,000000,0.3,0.3,0.28,0.3,70000,0
1303.HK,D,20230414,000000,0.32,0.32,0.32,0.32,0,0
1303.HK,D,20230417,000000,0.33,0.4,0.33,0.385,54000,0
1303.HK,D,20230418,000000,0.38,0.38,0.38,0.38,2000,0
1303.HK,D,20230419,000000,0.38,0.38,0.38,0.38,0,0
1303.HK,D,20230420,000000,0.35,0.35,0.34,0.35,4000,0
1303.HK,D,20230421,000000,0.35,0.35,0.35,0.35,0,0
1303.HK,D,20230424,000000,0.35,0.35,0.35,0.35,0,0
1303.HK,D,20230425,000000,0.35,0.35,0.3,0.3,66000,0
1303.HK,D,20230426,000000,0.31,0.395,0.31,0.315,211000,0
1303.HK,D,20230427,000000,0.315,0.32,0.315,0.32,14000,0
1303.HK,D,20230428,000000,0.35,0.4,0.315,0.315,170000,0
1303.HK,D,20230502,000000,0.315,0.315,0.315,0.315,0,0
1303.HK,D,20230503,000000,0.315,0.315,0.315,0.315,0,0
1303.HK,D,20230504,000000,0.325,0.325,0.325,0.325,2000,0
1303.HK,D,20230505,000000,0.325,0.325,0.325,0.325,0,0
1303.HK,D,20230508,000000,0.31,0.35,0.295,0.33,328000,0
1303.HK,D,20230509,000000,0.3,0.305,0.295,0.295,276000,0
1303.HK,D,20230510,000000,0.29,0.29,0.29,0.29,0,0
1303.HK,D,20230511,000000,0.29,0.29,0.29,0.29,0,0
1303.HK,D,20230512,000000,0.3,0.3,0.29,0.29,100000,0
1303.HK,D,20230515,000000,0.29,0.29,0.29,0.29,0,0
1303.HK,D,20230516,000000,0.285,0.285,0.26,0.285,56000,0
1303.HK,D,20230517,000000,0.285,0.285,0.285,0.285,0,0
1303.HK,D,20230518,000000,0.255,0.26,0.25,0.255,256000,0
1303.HK,D,20230519,000000,0.255,0.255,0.255,0.255,0,0
1303.HK,D,20230522,000000,0.255,0.255,0.255,0.255,0,0
1303.HK,D,20230523,000000,0.27,0.27,0.26,0.27,10000,0
1303.HK,D,20230524,000000,0.27,0.27,0.27,0.27,0,0
1303.HK,D,20230525,000000,0.27,0.27,0.27,0.27,0,0
1303.HK,D,20230529,000000,0.3,0.3,0.285,0.285,20000,0
1303.HK,D,20230530,000000,0.285,0.285,0.285,0.285,0,0
1303.HK,D,20230531,000000,0.285,0.285,0.285,0.285,6000,0
1303.HK,D,20230601,000000,0.285,0.285,0.285,0.285,0,0
1303.HK,D,20230602,000000,0.285,0.285,0.285,0.285,30000,0
1303.HK,D,20230605,000000,0.285,0.285,0.26,0.26,66000,0
1303.HK,D,20230606,000000,0.26,0.26,0.26,0.26,40000,0
1303.HK,D,20230607,000000,0.26,0.26,0.26,0.26,0,0
1303.HK,D,20230608,000000,0.26,0.26,0.26,0.26,0,0
1303.HK,D,20230609,000000,0.26,0.26,0.26,0.26,0,0
1303.HK,D,20230612,000000,0.26,0.3,0.25,0.26,54000,0
1303.HK,D,20230613,000000,0.26,0.26,0.26,0.26,0,0
1303.HK,D,20230614,000000,0.26,0.26,0.26,0.26,4000,0
1303.HK,D,20230615,000000,0.26,0.26,0.26,0.26,0,0
1303.HK,D,20230616,000000,0.26,0.26,0.26,0.26,0,0
1303.HK,D,20230619,000000,0.255,0.265,0.255,0.265,40000,0
1303.HK,D,20230620,000000,0.265,0.265,0.265,0.265,0,0
1303.HK,D,20230621,000000,0.25,0.26,0.25,0.26,8000,0
1303.HK,D,20230623,000000,0.25,0.25,0.25,0.25,8000,0
1303.HK,D,20230626,000000,0.255,0.255,0.255,0.255,6000,0
1303.HK,D,20230627,000000,0.241,0.241,0.241,0.241,4000,0
1303.HK,D,20230628,000000,0.243,0.243,0.243,0.243,0,0
1303.HK,D,20230629,000000,0.24,0.24,0.24,0.24,10000,0
1303.HK,D,20230630,000000,0.24,0.24,0.24,0.24,0,0
1303.HK,D,20230703,000000,0.24,0.24,0.24,0.24,0,0
1303.HK,D,20230704,000000,0.24,0.24,0.24,0.24,0,0
1303.HK,D,20230705,000000,0.242,0.242,0.242,0.242,0,0
1303.HK,D,20230706,000000,0.24,0.243,0.24,0.243,16000,0
1303.HK,D,20230707,000000,0.245,0.245,0.245,0.245,22000,0
1303.HK,D,20230710,000000,0.245,0.245,0.245,0.245,0,0
1303.HK,D,20230711,000000,0.246,0.246,0.246,0.246,4000,0
1303.HK,D,20230712,000000,0.249,0.249,0.249,0.249,0,0
1303.HK,D,20230713,000000,0.249,0.249,0.249,0.249,0,0
1303.HK,D,20230714,000000,0.249,0.249,0.249,0.249,10000,0
1303.HK,D,20230718,000000,0.25,0.25,0.25,0.25,0,0
1303.HK,D,20230719,000000,0.25,0.25,0.25,0.25,0,0
1303.HK,D,20230720,000000,0.34,0.36,0.27,0.34,384000,0
1303.HK,D,20230721,000000,0.335,0.335,0.335,0.335,0,0
1303.HK,D,20230724,000000,0.335,0.335,0.335,0.335,0,0
1303.HK,D,20230725,000000,0.31,0.31,0.243,0.28,10000,0
1303.HK,D,20230726,000000,0.31,0.31,0.31,0.31,0,0
1303.HK,D,20230727,000000,0.395,0.395,0.27,0.27,166000,0
1303.HK,D,20230728,000000,0.27,0.27,0.27,0.27,0,0
1303.HK,D,20230731,000000,0.3,0.305,0.3,0.305,62000,0
1303.HK,D,20230801,000000,0.3,0.3,0.3,0.3,0,0
1303.HK,D,20230802,000000,0.27,0.3,0.27,0.3,2000,0
1303.HK,D,20230803,000000,0.3,0.3,0.3,0.3,0,0
1303.HK,D,20230804,000000,0.3,0.3,0.3,0.3,0,0
1303.HK,D,20230807,000000,0.27,0.27,0.27,0.27,38000,0
1303.HK,D,20230808,000000,0.27,0.27,0.27,0.27,0,0
1303.HK,D,20230809,000000,0.275,0.275,0.275,0.275,2000,0
1303.HK,D,20230810,000000,0.275,0.275,0.275,0.275,0,0
1303.HK,D,20230811,000000,0.275,0.275,0.275,0.275,0,0
1303.HK,D,20230814,000000,0.3,0.3,0.3,0.3,12000,0
1303.HK,D,20230815,000000,0.295,0.295,0.295,0.295,0,0
1303.HK,D,20230816,000000,0.295,0.295,0.295,0.295,0,0
1303.HK,D,20230817,000000,0.295,0.295,0.295,0.295,0,0
1303.HK,D,20230818,000000,0.25,0.27,0.25,0.27,20000,0
1303.HK,D,20230821,000000,0.255,0.255,0.25,0.25,20000,0
1303.HK,D,20230822,000000,0.255,0.26,0.255,0.255,82000,0
1303.HK,D,20230823,000000,0.255,0.255,0.255,0.255,0,0
1303.HK,D,20230824,000000,0.26,0.26,0.26,0.26,0,0
1303.HK,D,20230825,000000,0.26,0.26,0.26,0.26,10000,0
1303.HK,D,20230828,000000,0.26,0.26,0.26,0.26,0,0
1303.HK,D,20230829,000000,0.29,0.29,0.25,0.28,162000,0
1303.HK,D,20230830,000000,0.27,0.27,0.27,0.27,0,0
1303.HK,D,20230831,000000,0.27,0.27,0.27,0.27,2000,0
1303.HK,D,20230904,000000,0.28,0.28,0.25,0.25,578000,0
1303.HK,D,20230905,000000,0.25,0.25,0.25,0.25,0,0
1303.HK,D,20230906,000000,0.25,0.25,0.25,0.25,0,0
1303.HK,D,20230907,000000,0.25,0.25,0.25,0.25,0,0
1303.HK,D,20230911,000000,0.25,0.25,0.25,0.25,0,0
1303.HK,D,20230912,000000,0.25,0.25,0.25,0.25,0,0
1303.HK,D,20230913,000000,0.25,0.255,0.25,0.25,522000,0
1303.HK,D,20230914,000000,0.25,0.25,0.25,0.25,0,0
1303.HK,D,20230915,000000,0.25,0.255,0.25,0.255,56000,0
1303.HK,D,20230918,000000,0.255,0.255,0.255,0.255,0,0
1303.HK,D,20230919,000000,0.255,0.255,0.255,0.255,758000,0
1303.HK,D,20230920,000000,0.255,0.255,0.255,0.255,0,0
1303.HK,D,20230921,000000,0.255,0.255,0.255,0.255,0,0
1303.HK,D,20230922,000000,0.325,0.345,0.27,0.325,34000,0
1303.HK,D,20230925,000000,0.335,0.335,0.335,0.335,34000,0
1303.HK,D,20230926,000000,0.25,0.335,0.25,0.32,38000,0
1303.HK,D,20230927,000000,0.32,0.32,0.32,0.32,0,0
1303.HK,D,20230928,000000,0.32,0.32,0.32,0.32,0,0
1303.HK,D,20230929,000000,0.29,0.29,0.29,0.29,38000,0
1303.HK,D,20231003,000000,0.29,0.29,0.29,0.29,0,0
1303.HK,D,20231004,000000,0.29,0.29,0.29,0.29,0,0
1303.HK,D,20231005,000000,0.28,0.28,0.28,0.28,0,0
1303.HK,D,20231006,000000,0.28,0.28,0.28,0.28,0,0
1303.HK,D,20231009,000000,0.255,0.255,0.24,0.24,160000,0
1303.HK,D,20231010,000000,0.24,0.24,0.24,0.24,2000,0
1303.HK,D,20231011,000000,0.24,0.24,0.24,0.24,0,0
1303.HK,D,20231012,000000,0.23,0.275,0.23,0.275,30000,0
1303.HK,D,20231013,000000,0.275,0.275,0.275,0.275,0,0
1303.HK,D,20231016,000000,0.275,0.275,0.275,0.275,16000,0
1303.HK,D,20231017,000000,0.245,0.245,0.245,0.245,40000,0
1303.HK,D,20231018,000000,0.25,0.25,0.25,0.25,250000,0
1303.HK,D,20231019,000000,0.245,0.245,0.24,0.24,204000,0
1303.HK,D,20231020,000000,0.245,0.245,0.241,0.245,64000,0
1303.HK,D,20231024,000000,0.245,0.25,0.245,0.25,70000,0
1303.HK,D,20231025,000000,0.255,0.255,0.255,0.255,0,0
1303.HK,D,20231026,000000,0.26,0.28,0.26,0.28,64000,0
1303.HK,D,20231027,000000,0.28,0.28,0.28,0.28,10000,0
1303.HK,D,20231030,000000,0.265,0.265,0.265,0.265,122000,0
1303.HK,D,20231031,000000,0.285,0.285,0.285,0.285,0,0
1303.HK,D,20231101,000000,0.285,0.285,0.285,0.285,10000,0
1303.HK,D,20231102,000000,0.315,0.32,0.315,0.315,62000,0
1303.HK,D,20231103,000000,0.315,0.315,0.315,0.315,0,0
1303.HK,D,20231106,000000,0.315,0.315,0.315,0.315,0,0
1303.HK,D,20231107,000000,0.315,0.315,0.315,0.315,0,0
1303.HK,D,20231108,000000,0.315,0.315,0.315,0.315,0,0
1303.HK,D,20231109,000000,0.315,0.315,0.315,0.315,0,0
1303.HK,D,20231110,000000,0.315,0.315,0.315,0.315,0,0
1303.HK,D,20231113,000000,0.34,0.34,0.34,0.34,10000,0
1303.HK,D,20231114,000000,0.34,0.34,0.34,0.34,70000000,0
1303.HK,D,20231115,000000,0.34,0.34,0.34,0.34,14000,0
1303.HK,D,20231116,000000,0.335,0.34,0.335,0.335,170008000,0
1303.HK,D,20231117,000000,0.33,0.335,0.315,0.33,86000,0
1303.HK,D,20231120,000000,0.33,0.33,0.33,0.33,0,0
1303.HK,D,20231121,000000,0.35,0.38,0.315,0.315,82000,0
1303.HK,D,20231122,000000,0.35,0.35,0.3,0.315,204000,0
1303.HK,D,20231123,000000,0.315,0.315,0.315,0.315,0,0
1303.HK,D,20231124,000000,0.285,0.295,0.285,0.295,30000,0
1303.HK,D,20231127,000000,0.345,0.345,0.3,0.345,20000,0
1303.HK,D,20231128,000000,0.305,0.36,0.305,0.315,212000,0
1303.HK,D,20231129,000000,0.36,0.36,0.34,0.34,44000,0
1303.HK,D,20231130,000000,0.345,0.345,0.345,0.345,80002000,0
1303.HK,D,20231201,000000,0.33,0.33,0.33,0.33,2000,0
1303.HK,D,20231204,000000,0.325,0.325,0.325,0.325,60000,0
1303.HK,D,20231205,000000,0.295,0.3,0.295,0.295,12000,0
1303.HK,D,20231206,000000,0.3,0.355,0.29,0.29,294000,0
1303.HK,D,20231207,000000,0.295,0.295,0.295,0.295,20000,0
1303.HK,D,20231208,000000,0.285,0.29,0.285,0.285,42000,0
1303.HK,D,20231211,000000,0.285,0.285,0.285,0.285,0,0
1303.HK,D,20231212,000000,0.285,0.285,0.285,0.285,0,0
1303.HK,D,20231213,000000,0.285,0.285,0.285,0.285,0,0
1303.HK,D,20231214,000000,0.295,0.295,0.295,0.295,0,0
1303.HK,D,20231215,000000,0.3,0.3,0.3,0.3,2014,0
1303.HK,D,20231218,000000,0.305,0.305,0.305,0.305,0,0
1303.HK,D,20231219,000000,0.305,0.305,0.305,0.305,0,0
1303.HK,D,20231220,000000,0.305,0.305,0.305,0.305,0,0
1303.HK,D,20231221,000000,0.305,0.305,0.305,0.305,0,0
1303.HK,D,20231222,000000,0.305,0.305,0.305,0.305,0,0
1303.HK,D,20231227,000000,0.305,0.305,0.305,0.305,0,0
1303.HK,D,20231228,000000,0.305,0.305,0.3,0.305,10000,0
1303.HK,D,20231229,000000,0.3,0.305,0.29,0.29,142000,0
1303.HK,D,20240102,000000,0.29,0.29,0.29,0.29,72000,0
1303.HK,D,20240103,000000,0.29,0.29,0.29,0.29,48000,0
1303.HK,D,20240104,000000,0.29,0.29,0.29,0.29,0,0
1303.HK,D,20240105,000000,0.29,0.29,0.29,0.29,0,0
1303.HK,D,20240108,000000,0.29,0.29,0.29,0.29,0,0
1303.HK,D,20240109,000000,0.29,0.29,0.29,0.29,2000,0
1303.HK,D,20240110,000000,0.29,0.29,0.29,0.29,0,0
1303.HK,D,20240111,000000,0.29,0.29,0.29,0.29,0,0
1303.HK,D,20240112,000000,0.29,0.29,0.29,0.29,0,0
1303.HK,D,20240115,000000,0.29,0.29,0.29,0.29,0,0
1303.HK,D,20240116,000000,0.29,0.29,0.29,0.29,200000,0
1303.HK,D,20240117,000000,0.295,0.295,0.295,0.295,0,0
1303.HK,D,20240118,000000,0.295,0.295,0.295,0.295,0,0
1303.HK,D,20240119,000000,0.3,0.3,0.28,0.295,434000,0
1303.HK,D,20240122,000000,0.305,0.305,0.3,0.3,370000,0
1303.HK,D,20240123,000000,0.3,0.3,0.3,0.3,300000,0
1303.HK,D,20240124,000000,0.3,0.3,0.3,0.3,30000,0
1303.HK,D,20240125,000000,0.31,0.31,0.3,0.305,108000,0
1303.HK,D,20240126,000000,0.305,0.305,0.305,0.305,8000,0
1303.HK,D,20240129,000000,0.34,0.35,0.32,0.34,108000,0
1303.HK,D,20240130,000000,0.355,0.355,0.34,0.34,232000,0
1303.HK,D,20240131,000000,0.325,0.36,0.315,0.325,312000,0
1303.HK,D,20240201,000000,0.325,0.325,0.325,0.325,0,0
1303.HK,D,20240202,000000,0.31,0.31,0.31,0.31,10000,0
1303.HK,D,20240205,000000,0.3,0.32,0.3,0.32,14000,0
1303.HK,D,20240206,000000,0.335,0.335,0.335,0.335,0,0
1303.HK,D,20240207,000000,0.34,0.34,0.32,0.34,130000,0
1303.HK,D,20240208,000000,0.325,0.325,0.325,0.325,56000,0
1303.HK,D,20240209,000000,0.335,0.335,0.335,0.335,0,0
1303.HK,D,20240214,000000,0.355,0.355,0.34,0.34,160000,0
1303.HK,D,20240215,000000,0.355,0.355,0.335,0.355,366000,0
1303.HK,D,20240216,000000,0.37,0.37,0.34,0.34,86000,0
1303.HK,D,20240219,000000,0.32,0.37,0.32,0.34,416000,0
1303.HK,D,20240220,000000,0.35,0.355,0.35,0.35,114000,0
1303.HK,D,20240221,000000,0.36,0.36,0.36,0.36,24000,0
1303.HK,D,20240222,000000,0.36,0.36,0.36,0.36,0,0
1303.HK,D,20240223,000000,0.36,0.365,0.35,0.36,138000,0
1303.HK,D,20240226,000000,0.37,0.37,0.36,0.37,68000,0
1303.HK,D,20240227,000000,0.365,0.365,0.365,0.365,32000,0
1303.HK,D,20240228,000000,0.35,0.36,0.35,0.355,306000,0
1303.HK,D,20240229,000000,0.345,0.365,0.34,0.345,132000,0
1303.HK,D,20240301,000000,0.355,0.355,0.345,0.355,528000,0
1303.HK,D,20240304,000000,0.355,0.355,0.355,0.355,20000,0
1303.HK,D,20240305,000000,0.35,0.35,0.35,0.35,118000,0
1303.HK,D,20240306,000000,0.33,0.35,0.33,0.35,26000,0
1303.HK,D,20240307,000000,0.35,0.35,0.35,0.35,0,0
1303.HK,D,20240308,000000,0.35,0.35,0.35,0.35,98000,0
1303.HK,D,20240311,000000,0.355,0.355,0.355,0.355,8000,0
1303.HK,D,20240312,000000,0.36,0.36,0.36,0.36,20000,0
1303.HK,D,20240313,000000,0.37,0.37,0.36,0.365,150000,0
1303.HK,D,20240314,000000,0.365,0.365,0.365,0.365,0,0
1303.HK,D,20240315,000000,0.36,0.36,0.36,0.36,0,0
1303.HK,D,20240318,000000,0.36,0.36,0.36,0.36,30000,0
1303.HK,D,20240319,000000,0.37,0.375,0.37,0.375,40000,0
1303.HK,D,20240320,000000,0.37,0.37,0.37,0.37,20000,0
1303.HK,D,20240321,000000,0.37,0.385,0.37,0.385,70000,0
1303.HK,D,20240322,000000,0.4,0.4,0.38,0.39,366000,0
1303.HK,D,20240325,000000,0.395,0.41,0.395,0.4,1206000,0
1303.HK,D,20240326,000000,0.4,0.4,0.4,0.4,300000,0
1303.HK,D,20240327,000000,0.405,0.405,0.4,0.405,60000,0
1303.HK,D,20240328,000000,0.41,0.41,0.4,0.405,260000,0
1303.HK,D,20240402,000000,0.405,0.405,0.405,0.405,0,0
1303.HK,D,20240403,000000,0.405,0.405,0.405,0.405,0,0
1303.HK,D,20240405,000000,0.36,0.36,0.345,0.36,22000,0
1303.HK,D,20240408,000000,0.405,0.45,0.4,0.405,454000,0
1303.HK,D,20240409,000000,0.42,0.42,0.4,0.42,752000,0
1303.HK,D,20240410,000000,0.42,0.45,0.4,0.445,455981,0
1303.HK,D,20240411,000000,0.43,0.435,0.4,0.43,478000,0
1303.HK,D,20240412,000000,0.425,0.425,0.425,0.425,30000,0
1303.HK,D,20240415,000000,0.42,0.425,0.4,0.415,404000,0
1303.HK,D,20240416,000000,0.415,0.415,0.415,0.415,0,0
1303.HK,D,20240417,000000,0.415,0.415,0.415,0.415,0,0
1303.HK,D,20240418,000000,0.415,0.415,0.415,0.415,0,0
1303.HK,D,20240419,000000,0.415,0.42,0.405,0.41,258000,0
1303.HK,D,20240422,000000,0.42,0.42,0.415,0.42,218000,0
1303.HK,D,20240423,000000,0.42,0.42,0.42,0.42,30000,0
1303.HK,D,20240424,000000,0.43,0.43,0.43,0.43,2000,0
1303.HK,D,20240425,000000,0.43,0.43,0.43,0.43,0,0
1303.HK,D,20240426,000000,0.43,0.43,0.4,0.43,10000,0
1303.HK,D,20240429,000000,0.43,0.43,0.43,0.43,0,0
1303.HK,D,20240430,000000,0.425,0.425,0.425,0.425,0,0
1303.HK,D,20240502,000000,0.41,0.42,0.41,0.42,226000,0
1303.HK,D,20240503,000000,0.41,0.42,0.41,0.415,982000,0
1303.HK,D,20240506,000000,0.415,0.415,0.415,0.415,0,0
1303.HK,D,20240507,000000,0.415,0.415,0.415,0.415,0,0
1303.HK,D,20240508,000000,0.415,0.415,0.415,0.415,0,0
1303.HK,D,20240509,000000,0.42,0.42,0.41,0.415,276000,0
1303.HK,D,20240510,000000,0.405,0.41,0.4,0.41,250000,0
1303.HK,D,20240513,000000,0.41,0.42,0.41,0.42,104000,0
1303.HK,D,20240514,000000,0.38,0.42,0.34,0.42,402000,0
1303.HK,D,20240516,000000,0.42,0.42,0.415,0.42,118000,0
1303.HK,D,20240517,000000,0.4,0.42,0.4,0.42,6000,0
1303.HK,D,20240520,000000,0.45,0.45,0.44,0.45,398000,0
1303.HK,D,20240521,000000,0.43,0.43,0.4,0.43,338000,0
1303.HK,D,20240522,000000,0.45,0.49,0.42,0.49,538000,0
1303.HK,D,20240523,000000,0.495,0.495,0.43,0.475,350000,0
1303.HK,D,20240524,000000,0.42,0.44,0.4,0.42,921000,0
1303.HK,D,20240527,000000,0.415,0.495,0.405,0.495,222000,0
1303.HK,D,20240528,000000,0.5,0.5,0.42,0.43,228000,0
1303.HK,D,20240529,000000,0.49,0.49,0.43,0.49,1172000,0
1303.HK,D,20240530,000000,0.46,0.46,0.46,0.46,0,0
1303.HK,D,20240531,000000,0.53,0.53,0.49,0.53,1061000,0
1303.HK,D,20240603,000000,0.53,0.53,0.44,0.53,486000,0
1303.HK,D,20240604,000000,0.51,0.51,0.45,0.45,380000,0
1303.HK,D,20240605,000000,0.43,0.445,0.43,0.445,96000,0
1303.HK,D,20240606,000000,0.45,0.5,0.42,0.495,210000,0
1303.HK,D,20240607,000000,0.495,0.5,0.49,0.495,166000,0
1303.HK,D,20240611,000000,0.48,0.485,0.44,0.48,154000,0
1303.HK,D,20240612,000000,0.45,0.48,0.45,0.45,82000,0
1303.HK,D,20240613,000000,0.45,0.45,0.435,0.445,52000,0
1303.HK,D,20240614,000000,0.475,0.58,0.445,0.56,1080000,0
1303.HK,D,20240617,000000,0.57,0.6,0.55,0.59,1678000,0
1303.HK,D,20240618,000000,0.57,0.6,0.57,0.6,388000,0
1303.HK,D,20240619,000000,0.56,0.6,0.56,0.6,378000,0
1303.HK,D,20240620,000000,0.56,0.6,0.56,0.56,562000,0
1303.HK,D,20240621,000000,0.57,0.57,0.57,0.57,0,0
1303.HK,D,20240624,000000,0.57,0.57,0.57,0.57,0,0
1303.HK,D,20240625,000000,0.56,0.56,0.55,0.55,8000,0
1303.HK,D,20240626,000000,0.57,0.6,0.57,0.6,756000,0
1303.HK,D,20240627,000000,0.55,0.6,0.55,0.59,318000,0
1303.HK,D,20240628,000000,0.6,0.6,0.58,0.6,544000,0
1303.HK,D,20240702,000000,0.6,0.6,0.56,0.58,956000,0
1303.HK,D,20240703,000000,0.54,0.6,0.54,0.6,760000,0
1303.HK,D,20240704,000000,0.57,0.59,0.56,0.56,940000,0
1303.HK,D,20240705,000000,0.55,0.58,0.54,0.55,112000,0
1303.HK,D,20240708,000000,0.59,0.59,0.57,0.59,560000,0
1303.HK,D,20240709,000000,0.57,0.57,0.55,0.57,204000,0
1303.HK,D,20240710,000000,0.57,0.66,0.57,0.57,1920000,0
1303.HK,D,20240711,000000,0.57,0.58,0.57,0.57,872000,0
1303.HK,D,20240712,000000,0.57,0.57,0.57,0.57,0,0
1303.HK,D,20240715,000000,0.55,0.58,0.55,0.55,372000,0
1303.HK,D,20240716,000000,0.54,0.56,0.5,0.55,292000,0
1303.HK,D,20240717,000000,0.51,0.58,0.51,0.57,1394000,0
1303.HK,D,20240718,000000,0.55,0.55,0.51,0.55,806000,0
1303.HK,D,20240719,000000,0.52,0.56,0.51,0.55,800000,0
1303.HK,D,20240722,000000,0.485,0.52,0.485,0.485,566000,0
1303.HK,D,20240723,000000,0.47,0.53,0.46,0.52,344000,0
1303.HK,D,20240724,000000,0.55,0.56,0.495,0.55,696000,0
1303.HK,D,20240725,000000,0.51,0.52,0.465,0.495,1482000,0
1303.HK,D,20240726,000000,0.47,0.54,0.47,0.53,298000,0
1303.HK,D,20240729,000000,0.52,0.52,0.52,0.52,0,0
1303.HK,D,20240730,000000,0.5,0.5,0.49,0.5,16000,0
1303.HK,D,20240731,000000,0.5,0.5,0.5,0.5,10000,0
1303.HK,D,20240801,000000,0.495,0.495,0.495,0.495,0,0
1303.HK,D,20240802,000000,0.495,0.495,0.495,0.495,0,0
1303.HK,D,20240805,000000,0.51,0.52,0.5,0.51,158000,0
1303.HK,D,20240806,000000,0.51,0.51,0.51,0.51,0,0
1303.HK,D,20240807,000000,0.51,0.51,0.51,0.51,16000,0
1303.HK,D,20240808,000000,0.51,0.51,0.51,0.51,0,0
1303.HK,D,20240809,000000,0.5,0.5,0.47,0.5,278000,0
1303.HK,D,20240812,000000,0.5,0.5,0.5,0.5,0,0
1303.HK,D,20240813,000000,0.465,0.465,0.465,0.465,52000,0
1303.HK,D,20240814,000000,0.5,0.51,0.495,0.5,180000,0
1303.HK,D,20240815,000000,0.47,0.47,0.47,0.47,326000,0
1303.HK,D,20240816,000000,0.47,0.47,0.47,0.47,0,0
1303.HK,D,20240819,000000,0.47,0.47,0.47,0.47,0,0
1303.HK,D,20240820,000000,0.47,0.47,0.47,0.47,0,0
1303.HK,D,20240821,000000,0.47,0.47,0.47,0.47,0,0
1303.HK,D,20240822,000000,0.48,0.48,0.46,0.48,52000,0
1303.HK,D,20240823,000000,0.48,0.48,0.48,0.48,0,0
1303.HK,D,20240826,000000,0.48,0.48,0.48,0.48,0,0
1303.HK,D,20240827,000000,0.48,0.48,0.48,0.48,0,0
1303.HK,D,20240828,000000,0.42,0.56,0.42,0.55,566000,0
1303.HK,D,20240829,000000,0.45,0.47,0.43,0.45,142000,0
1303.HK,D,20240830,000000,0.45,0.45,0.45,0.45,0,0
1303.HK,D,20240902,000000,0.455,0.48,0.455,0.48,190000,0
1303.HK,D,20240903,000000,0.48,0.48,0.48,0.48,0,0
1303.HK,D,20240904,000000,0.48,0.48,0.4,0.45,1154000,0
1303.HK,D,20240905,000000,0.45,0.45,0.45,0.45,0,0
1303.HK,D,20240909,000000,0.45,0.45,0.45,0.45,30000,0
1303.HK,D,20240910,000000,0.45,0.45,0.45,0.45,0,0
1303.HK,D,20240911,000000,0.45,0.45,0.45,0.45,0,0
1303.HK,D,20240912,000000,0.45,0.45,0.45,0.45,0,0
1303.HK,D,20240913,000000,0.45,0.45,0.45,0.45,0,0
1303.HK,D,20240916,000000,0.415,0.49,0.415,0.49,448000,0
1303.HK,D,20240917,000000,0.485,0.485,0.485,0.485,0,0
1303.HK,D,20240919,000000,0.46,0.485,0.425,0.48,554000,0
1303.HK,D,20240920,000000,0.48,0.48,0.48,0.48,0,0
1303.HK,D,20240923,000000,0.44,0.45,0.44,0.45,14000,0
1303.HK,D,20240924,000000,0.48,0.48,0.48,0.48,14000,0
1303.HK,D,20240925,000000,0.48,0.48,0.48,0.48,0,0
1303.HK,D,20240926,000000,0.47,0.47,0.47,0.47,0,0
1303.HK,D,20240927,000000,0.47,0.47,0.47,0.47,50000,0
1303.HK,D,20240930,000000,0.465,0.5,0.465,0.5,348000,0
1303.HK,D,20241002,000000,0.46,0.55,0.46,0.55,1248000,0
1303.HK,D,20241003,000000,0.52,0.52,0.52,0.52,0,0
1303.HK,D,20241004,000000,0.47,0.49,0.455,0.46,382000,0
1303.HK,D,20241007,000000,0.46,0.46,0.46,0.46,348000,0
1303.HK,D,20241008,000000,0.455,0.455,0.45,0.45,24000,0
1303.HK,D,20241009,000000,0.44,0.445,0.44,0.44,2000,0
1303.HK,D,20241010,000000,0.44,0.44,0.4,0.44,1004000,0
1303.HK,D,20241014,000000,0.405,0.405,0.38,0.395,436000,0
1303.HK,D,20241015,000000,0.385,0.39,0.38,0.39,62000,0
1303.HK,D,20241016,000000,0.41,0.41,0.39,0.39,2000,0
1303.HK,D,20241017,000000,0.39,0.39,0.34,0.36,378000,0
1303.HK,D,20241018,000000,0.39,0.39,0.38,0.38,2000,0
1303.HK,D,20241021,000000,0.36,0.365,0.36,0.365,32000,0
1303.HK,D,20241022,000000,0.4,0.4,0.365,0.365,2000,0
1303.HK,D,20241023,000000,0.365,0.365,0.365,0.365,0,0
1303.HK,D,20241024,000000,0.4,0.4,0.36,0.4,1222000,0
1303.HK,D,20241025,000000,0.4,0.4,0.4,0.4,0,0
1303.HK,D,20241028,000000,0.4,0.4,0.4,0.4,0,0
1303.HK,D,20241029,000000,0.4,0.4,0.4,0.4,0,0
1303.HK,D,20241030,000000,0.395,0.395,0.395,0.395,12000,0
1303.HK,D,20241031,000000,0.4,0.4,0.3,0.4,1152000,0
1303.HK,D,20241101,000000,0.35,0.35,0.35,0.35,106000,0
1303.HK,D,20241104,000000,0.35,0.35,0.35,0.35,0,0
1303.HK,D,20241105,000000,0.35,0.35,0.35,0.35,0,0
1303.HK,D,20241106,000000,0.325,0.345,0.31,0.325,240000,0
1303.HK,D,20241107,000000,0.35,0.4,0.34,0.34,1402000,0
1303.HK,D,20241108,000000,0.34,0.34,0.335,0.335,432000,0
1303.HK,D,20241111,000000,0.31,0.335,0.305,0.335,972000,0
1303.HK,D,20241112,000000,0.345,0.345,0.335,0.335,2000,0
1303.HK,D,20241113,000000,0.34,0.4,0.32,0.34,1812000,0
1303.HK,D,20241114,000000,0.315,0.345,0.31,0.345,756000,0
1303.HK,D,20241115,000000,0.345,0.345,0.345,0.345,16000,0
1303.HK,D,20241118,000000,0.34,0.34,0.34,0.34,0,0
1303.HK,D,20241119,000000,0.35,0.35,0.335,0.335,1228000,0
1303.HK,D,20241120,000000,0.33,0.33,0.33,0.33,1334000,0
1303.HK,D,20241121,000000,0.365,0.37,0.365,0.365,14000,0
1303.HK,D,20241122,000000,0.35,0.35,0.32,0.35,86000,0
1303.HK,D,20241125,000000,0.325,0.5,0.315,0.325,2472000,0
1303.HK,D,20241126,000000,0.325,0.335,0.305,0.32,914000,0
1303.HK,D,20241127,000000,0.31,0.31,0.31,0.31,200000,0
1303.HK,D,20241128,000000,0.315,0.325,0.315,0.325,94000,0
1303.HK,D,20241129,000000,0.33,0.33,0.33,0.33,2000,0
1303.HK,D,20241202,000000,0.33,0.33,0.33,0.33,0,0
1303.HK,D,20241203,000000,0.33,0.33,0.33,0.33,2000,0
1303.HK,D,20241204,000000,0.33,0.33,0.33,0.33,0,0
1303.HK,D,20241205,000000,0.32,0.335,0.32,0.335,28000,0
1303.HK,D,20241206,000000,0.335,0.335,0.335,0.335,0,0
1303.HK,D,20241209,000000,0.325,0.33,0.325,0.33,20000,0
1303.HK,D,20241210,000000,0.33,0.335,0.33,0.335,102000,0
1303.HK,D,20241211,000000,0.325,0.335,0.325,0.335,10000,0
1303.HK,D,20241212,000000,0.32,0.32,0.32,0.32,4000,0
1303.HK,D,20241213,000000,0.325,0.33,0.325,0.33,14000,0
1303.HK,D,20241216,000000,0.33,0.33,0.33,0.33,0,0
1303.HK,D,20241217,000000,0.33,0.33,0.33,0.33,0,0
1303.HK,D,20241218,000000,0.31,0.31,0.31,0.31,36000,0
1303.HK,D,20241219,000000,0.33,0.33,0.33,0.33,2000,0
1303.HK,D,20241220,000000,0.335,0.335,0.335,0.335,4000,0
1303.HK,D,20241223,000000,0.34,0.365,0.34,0.34,62000,0
1303.HK,D,20241224,000000,0.34,0.34,0.34,0.34,0,0
1303.HK,D,20241227,000000,0.34,0.34,0.34,0.34,0,0
1303.HK,D,20241230,000000,0.34,0.34,0.31,0.34,504000,0
1303.HK,D,20241231,000000,0.34,0.34,0.34,0.34,0,0
1303.HK,D,20250102,000000,0.34,0.34,0.34,0.34,0,0
1303.HK,D,20250103,000000,0.34,0.34,0.34,0.34,0,0
1303.HK,D,20250106,000000,0.33,0.33,0.33,0.33,0,0
1303.HK,D,20250107,000000,0.33,0.33,0.31,0.33,60000,0
1303.HK,D,20250108,000000,0.335,0.335,0.335,0.335,0,0
1303.HK,D,20250109,000000,0.33,0.34,0.33,0.33,2000,0
1303.HK,D,20250110,000000,0.33,0.33,0.33,0.33,0,0
1303.HK,D,20250113,000000,0.335,0.335,0.31,0.335,88000,0
1303.HK,D,20250114,000000,0.34,0.34,0.34,0.34,0,0
1303.HK,D,20250115,000000,0.34,0.34,0.34,0.34,0,0
1303.HK,D,20250116,000000,0.34,0.34,0.34,0.34,0,0
1303.HK,D,20250117,000000,0.34,0.34,0.34,0.34,0,0
1303.HK,D,20250120,000000,0.34,0.34,0.34,0.34,0,0
1303.HK,D,20250121,000000,0.34,0.34,0.34,0.34,0,0
1303.HK,D,20250122,000000,0.325,0.325,0.32,0.325,106000,0
1303.HK,D,20250123,000000,0.33,0.33,0.295,0.32,278000,0
1303.HK,D,20250124,000000,0.325,0.325,0.325,0.325,2000,0
1303.HK,D,20250127,000000,0.33,0.33,0.33,0.33,2000,0
1303.HK,D,20250128,000000,0.3,0.3,0.3,0.3,180000,0
1303.HK,D,20250203,000000,0.295,0.295,0.295,0.295,22000,0
1303.HK,D,20250204,000000,0.295,0.295,0.295,0.295,0,0
1303.HK,D,20250205,000000,0.28,0.285,0.28,0.285,156000,0
1303.HK,D,20250206,000000,0.28,0.285,0.265,0.28,356000,0
1303.HK,D,20250207,000000,0.28,0.28,0.28,0.28,0,0
1303.HK,D,20250210,000000,0.265,0.285,0.265,0.285,280000,0
1303.HK,D,20250211,000000,0.265,0.265,0.25,0.265,40000,0
1303.HK,D,20250212,000000,0.275,0.275,0.26,0.265,140000,0
1303.HK,D,20250213,000000,0.275,0.275,0.27,0.27,98000,0
1303.HK,D,20250214,000000,0.265,0.265,0.26,0.265,100000,0
1303.HK,D,20250217,000000,0.265,0.265,0.265,0.265,150000,0
1303.HK,D,20250218,000000,0.265,0.265,0.265,0.265,0,0
1303.HK,D,20250219,000000,0.265,0.265,0.265,0.265,116000,0
1303.HK,D,20250220,000000,0.26,0.26,0.26,0.26,284000,0
1303.HK,D,20250221,000000,0.26,0.265,0.26,0.26,168000,0
1303.HK,D,20250224,000000,0.26,0.26,0.26,0.26,130000,0
1303.HK,D,20250225,000000,0.26,0.26,0.26,0.26,0,0
1303.HK,D,20250226,000000,0.26,0.26,0.26,0.26,0,0
1303.HK,D,20250227,000000,0.26,0.26,0.26,0.26,0,0
1303.HK,D,20250228,000000,0.26,0.26,0.26,0.26,0,0
1303.HK,D,20250303,000000,0.26,0.26,0.26,0.26,0,0
1303.HK,D,20250304,000000,0.26,0.26,0.26,0.26,100000,0
1303.HK,D,20250305,000000,0.26,0.26,0.26,0.26,0,0
1303.HK,D,20250306,000000,0.26,0.26,0.26,0.26,0,0
1303.HK,D,20250307,000000,0.26,0.26,0.26,0.26,0,0
1303.HK,D,20250310,000000,0.26,0.26,0.26,0.26,0,0
1303.HK,D,20250311,000000,0.265,0.265,0.265,0.265,0,0
1303.HK,D,20250312,000000,0.27,0.27,0.27,0.27,0,0
1303.HK,D,20250313,000000,0.275,0.275,0.275,0.275,0,0
1303.HK,D,20250314,000000,0.275,0.275,0.275,0.275,0,0
1303.HK,D,20250317,000000,0.275,0.275,0.275,0.275,0,0
1303.HK,D,20250318,000000,0.29,0.29,0.29,0.29,2000,0
1303.HK,D,20250319,000000,0.295,0.295,0.275,0.28,6000,0
1303.HK,D,20250320,000000,0.285,0.285,0.285,0.285,2000,0
1303.HK,D,20250321,000000,0.29,0.29,0.29,0.29,2000,0
1303.HK,D,20250324,000000,0.29,0.29,0.29,0.29,0,0
1303.HK,D,20250325,000000,0.29,0.29,0.29,0.29,0,0
1303.HK,D,20250326,000000,0.29,0.29,0.29,0.29,0,0
1303.HK,D,20250327,000000,0.29,0.29,0.29,0.29,0,0
1303.HK,D,20250328,000000,0.29,0.29,0.29,0.29,0,0
1303.HK,D,20250331,000000,0.25,0.27,0.25,0.27,2000,0
1303.HK,D,20250401,000000,0.25,0.26,0.25,0.26,4000,0
1303.HK,D,20250402,000000,0.265,0.265,0.265,0.265,0,0
1303.HK,D,20250403,000000,0.27,0.27,0.27,0.27,2000,0
1303.HK,D,20250407,000000,0.27,0.27,0.27,0.27,0,0
1303.HK,D,20250408,000000,0.275,0.275,0.275,0.275,2000,0
1303.HK,D,20250409,000000,0.27,0.27,0.27,0.27,0,0
1303.HK,D,20250410,000000,0.27,0.27,0.27,0.27,0,0
1303.HK,D,20250411,000000,0.27,0.27,0.27,0.27,0,0
1303.HK,D,20250414,000000,0.27,0.27,0.27,0.27,0,0
1303.HK,D,20250415,000000,0.27,0.27,0.27,0.27,0,0
1303.HK,D,20250416,000000,0.27,0.27,0.27,0.27,0,0
1303.HK,D,20250417,000000,0.275,0.275,0.275,0.275,2000,0
