<TICKER>,<PER>,<DATE>,<TIME>,<OPEN>,<HIGH>,<LOW>,<CLOSE>,<VOL>,<OPENINT>
1405.HK,D,20230328,000000,46,46.5,45.85,45.95,1662300,0
1405.HK,D,20230329,000000,45.95,52.95,45.1,46.75,594000,0
1405.HK,D,20230330,000000,48.4,51.5,48,49.2,319700,0
1405.HK,D,20230331,000000,50,58.5,49.5,56,204250,0
1405.HK,D,20230403,000000,56,56.95,52.7,55.1,108300,0
1405.HK,D,20230404,000000,55.1,60.05,55.1,56.5,89600,0
1405.HK,D,20230406,000000,56.7,57.75,55.05,55.7,55800,0
1405.HK,D,20230411,000000,55.8,62,55.7,62,56300,0
1405.HK,D,20230412,000000,62,65.3,60,63.6,51000,0
1405.HK,D,20230413,000000,63.4,63.45,56.5,59.65,51300,0
1405.HK,D,20230414,000000,58.6,59.3,53.8,56.6,192800,0
1405.HK,D,20230417,000000,55.75,56,53.5,54.95,58300,0
1405.HK,D,20230418,000000,54,54.5,52,54.2,25900,0
1405.HK,D,20230419,000000,53.8,54.75,52.45,54,79700,0
1405.HK,D,20230420,000000,53.85,53.85,52.5,52.95,25300,0
1405.HK,D,20230421,000000,52.1,53,52.1,52.1,26600,0
1405.HK,D,20230424,000000,52.1,52.1,50.35,51.25,43900,0
1405.HK,D,20230425,000000,50.625,53,50,52,209600,0
1405.HK,D,20230426,000000,52.2,52.2,50.5,51.35,75600,0
1405.HK,D,20230427,000000,50.8,50.8,50,50.45,152500,0
1405.HK,D,20230428,000000,50.45,50.45,50.45,50.45,500,0
1405.HK,D,20230502,000000,50.45,54.75,50,54.15,71100,0
1405.HK,D,20230503,000000,54.55,55.5,52,54,27800,0
1405.HK,D,20230504,000000,54,54,52,53,1900,0
1405.HK,D,20230505,000000,53.05,53.45,51.8,51.8,11100,0
1405.HK,D,20230508,000000,51.8,52.05,51,52,32800,0
1405.HK,D,20230509,000000,53.5,53.5,51,51.1,6100,0
1405.HK,D,20230510,000000,51.1,51.1,50.5,51.05,4100,0
1405.HK,D,20230511,000000,51.05,51.05,51.05,51.05,2100,0
1405.HK,D,20230512,000000,50.8,50.85,48.05,50.5,25200,0
1405.HK,D,20230515,000000,50.5,50.5,50.25,50.5,264900,0
1405.HK,D,20230516,000000,50,51,48.9,50.5,17900,0
1405.HK,D,20230517,000000,50,50,48.5,49.4,48300,0
1405.HK,D,20230518,000000,49,49.05,49,49.05,2900,0
1405.HK,D,20230519,000000,48.5,49.05,48.15,48.15,27900,0
1405.HK,D,20230522,000000,48.15,48.15,48.15,48.15,0,0
1405.HK,D,20230523,000000,47.9,47.9,45.1,45.8,87100,0
1405.HK,D,20230524,000000,45,46.35,44.8,45.35,91100,0
1405.HK,D,20230525,000000,45.5,45.7,44.1,45.65,132300,0
1405.HK,D,20230529,000000,46.1,46.5,45.95,46.2,4600,0
1405.HK,D,20230530,000000,43,46.5,43,43,110400,0
1405.HK,D,20230531,000000,43,45.75,42,43.5,76200,0
1405.HK,D,20230601,000000,43.5,44,43.5,43.95,32700,0
1405.HK,D,20230602,000000,43.5,46.4,43.5,45.9,19600,0
1405.HK,D,20230605,000000,45,47.2,45,46.7,4300,0
1405.HK,D,20230606,000000,47,47.3,46.05,47.3,8100,0
1405.HK,D,20230607,000000,46.3,47.8,46.3,46.3,6000,0
1405.HK,D,20230608,000000,46.3,46.3,46.3,46.3,1100,0
1405.HK,D,20230609,000000,47.1,47.1,47,47,6200,0
1405.HK,D,20230612,000000,46,47.8,46,47,7200,0
1405.HK,D,20230613,000000,47.5,48.4,47.05,47.05,8600,0
1405.HK,D,20230614,000000,48,48.3,47.55,48,10800,0
1405.HK,D,20230615,000000,48,48.8,48,48.7,3600,0
1405.HK,D,20230616,000000,48.7,49,47.8,47.9,20500,0
1405.HK,D,20230619,000000,47.9,47.9,46,47,1300,0
1405.HK,D,20230620,000000,47.5,47.55,47.5,47.5,500,0
1405.HK,D,20230621,000000,46.85,46.85,44.6,46.5,10400,0
1405.HK,D,20230623,000000,45.55,46.45,45.1,46.45,248600,0
1405.HK,D,20230626,000000,46.5,47.2,46.5,47.2,10500,0
1405.HK,D,20230627,000000,47.8,50.1,47.75,49.15,12800,0
1405.HK,D,20230628,000000,49.45,51.15,49.45,51.15,18100,0
1405.HK,D,20230629,000000,51.2,52,51.2,51.65,16800,0
1405.HK,D,20230630,000000,51.95,53.75,51.65,53.4,16500,0
1405.HK,D,20230703,000000,53.4,53.4,52.35,52.35,200,0
1405.HK,D,20230704,000000,53.4,55.5,53.4,55.05,10700,0
1405.HK,D,20230705,000000,53.5,54.5,53.5,54.5,3400,0
1405.HK,D,20230706,000000,53.75,54,53.5,53.75,2500,0
1405.HK,D,20230707,000000,53.6,53.9,53.15,53.5,5100,0
1405.HK,D,20230710,000000,53.5,53.55,53.1,53.5,1200,0
1405.HK,D,20230711,000000,54.5,54.95,54.35,54.5,700,0
1405.HK,D,20230712,000000,55,55.1,55,55.1,500,0
1405.HK,D,20230713,000000,55.1,55.85,54.5,54.7,10000,0
1405.HK,D,20230714,000000,54.65,54.65,54.65,54.65,200,0
1405.HK,D,20230718,000000,53.25,53.3,52.95,52.95,2300,0
1405.HK,D,20230719,000000,52.75,52.75,52.75,52.75,300,0
1405.HK,D,20230720,000000,52.5,52.5,52.5,52.5,100,0
1405.HK,D,20230721,000000,52.5,52.5,52,52,1200,0
1405.HK,D,20230724,000000,51.05,52,50.05,52,8900,0
1405.HK,D,20230725,000000,52.2,52.2,51.2,51.2,1100,0
1405.HK,D,20230726,000000,52,52,51.25,51.25,200,0
1405.HK,D,20230727,000000,51.2,51.2,49,50.5,18000,0
1405.HK,D,20230728,000000,49.75,50.25,49.5,50.05,13200,0
1405.HK,D,20230731,000000,50.05,50.05,47.95,48.9,12100,0
1405.HK,D,20230801,000000,48.9,48.9,48.85,48.9,1600,0
1405.HK,D,20230802,000000,48.9,48.95,48.9,48.9,500,0
1405.HK,D,20230803,000000,48.05,48.2,46.9,46.9,10200,0
1405.HK,D,20230804,000000,46.9,47.3,46.9,47.3,3400,0
1405.HK,D,20230807,000000,47.5,49.85,47.5,48.05,7000,0
1405.HK,D,20230808,000000,47.05,48,47,47.05,2900,0
1405.HK,D,20230809,000000,47.05,47.25,46.9,47.25,2300,0
1405.HK,D,20230810,000000,47.25,47.25,47,47,2400,0
1405.HK,D,20230811,000000,46,46.55,46,46.55,7400,0
1405.HK,D,20230814,000000,46.2,46.2,46,46.2,1600,0
1405.HK,D,20230815,000000,46.2,46.35,46.1,46.1,4400,0
1405.HK,D,20230816,000000,46.1,46.15,44.75,45.55,11700,0
1405.HK,D,20230817,000000,45.6,46.2,45.6,45.95,39300,0
1405.HK,D,20230818,000000,45,45,45,45,0,0
1405.HK,D,20230821,000000,44.8,44.85,44.2,44.5,6800,0
1405.HK,D,20230822,000000,45.5,46,44.05,45.75,9200,0
1405.HK,D,20230823,000000,46,47.5,45.25,46.4,10900,0
1405.HK,D,20230824,000000,45.55,46.45,43.8,45,52700,0
1405.HK,D,20230825,000000,46,46,43.85,45.4,8700,0
1405.HK,D,20230828,000000,44.05,45.45,42.6,43,21100,0
1405.HK,D,20230829,000000,44,44.35,43,44,18100,0
1405.HK,D,20230830,000000,45,52.85,45,52.1,46100,0
1405.HK,D,20230831,000000,52.5,52.5,49.05,49.2,12800,0
1405.HK,D,20230904,000000,50.65,51.9,49,49.35,42400,0
1405.HK,D,20230905,000000,51.3,65,51.3,58.85,302000,0
1405.HK,D,20230906,000000,58.85,66.6,58.85,63.1,129112,0
1405.HK,D,20230907,000000,61.3,62.5,58,60.25,108800,0
1405.HK,D,20230911,000000,60,69,60,63.75,132300,0
1405.HK,D,20230912,000000,63.75,65.7,60.3,64.05,61100,0
1405.HK,D,20230913,000000,64,68.3,63.15,66.5,89500,0
1405.HK,D,20230914,000000,67.9,70.7,66,70,91900,0
1405.HK,D,20230915,000000,70,72.15,66.05,69.85,33500,0
1405.HK,D,20230918,000000,69.85,69.85,62.7,64.2,80600,0
1405.HK,D,20230919,000000,68.95,69.4,63.75,65.1,70600,0
1405.HK,D,20230920,000000,65.1,67.35,63.5,64.8,48500,0
1405.HK,D,20230921,000000,66.65,66.65,64.35,64.5,26900,0
1405.HK,D,20230922,000000,66.4,66.45,63.5,64.7,42000,0
1405.HK,D,20230925,000000,64.7,65.95,61.45,61.55,29400,0
1405.HK,D,20230926,000000,62.3,65,61.25,61.85,49200,0
1405.HK,D,20230927,000000,62.95,62.95,59.9,60.5,31700,0
1405.HK,D,20230928,000000,60.5,74.85,60,67,5772413,0
1405.HK,D,20230929,000000,67,67,63.7,64.65,31400,0
1405.HK,D,20231003,000000,64.3,64.3,61.05,62.7,14000,0
1405.HK,D,20231004,000000,61.8,62.15,60.55,60.6,24700,0
1405.HK,D,20231005,000000,60.8,61.1,60.7,60.7,9400,0
1405.HK,D,20231006,000000,61,66,61,64,44100,0
1405.HK,D,20231009,000000,63.5,70,63.5,69.4,104800,0
1405.HK,D,20231010,000000,70,71,64.3,69.95,202600,0
1405.HK,D,20231011,000000,69.9,76.75,67.9,74.7,216900,0
1405.HK,D,20231012,000000,76,77.3,71.5,74,92700,0
1405.HK,D,20231013,000000,74,74,71.1,72,158600,0
1405.HK,D,20231016,000000,69.6,71.05,68.05,69.4,84904,0
1405.HK,D,20231017,000000,70.05,70.05,67.15,67.2,158606,0
1405.HK,D,20231018,000000,67,67,64.1,65.35,207400,0
1405.HK,D,20231019,000000,65.35,65.35,61.95,61.95,211700,0
1405.HK,D,20231020,000000,62.85,63.45,61.8,62,110200,0
1405.HK,D,20231024,000000,63,64.9,61.25,64.3,319000,0
1405.HK,D,20231025,000000,65.25,70,62.6,63.8,199500,0
1405.HK,D,20231026,000000,62.85,68,62.85,66,275000,0
1405.HK,D,20231027,000000,66.45,66.8,62.15,64,323100,0
1405.HK,D,20231030,000000,64.1,66.1,62.65,66.1,217400,0
1405.HK,D,20231031,000000,66.4,67.6,63.3,66.95,74800,0
1405.HK,D,20231101,000000,64.95,66.2,63.7,66.2,107700,0
1405.HK,D,20231102,000000,65.4,66,64.35,66,114400,0
1405.HK,D,20231103,000000,64.5,67.15,64.5,65,241300,0
1405.HK,D,20231106,000000,67.65,67.65,62.55,64,312033,0
1405.HK,D,20231107,000000,63,64.95,62.1,63.45,224400,0
1405.HK,D,20231108,000000,62.05,63.85,61.85,63,132132,0
1405.HK,D,20231109,000000,62.55,62.85,61.6,62.3,56600,0
1405.HK,D,20231110,000000,61.75,63.5,61.7,62.3,23300,0
1405.HK,D,20231113,000000,61.75,62.95,59.35,62.1,160600,0
1405.HK,D,20231114,000000,61.7,62.2,60.2,62,57700,0
1405.HK,D,20231115,000000,61.85,63,60.3,62.6,253200,0
1405.HK,D,20231116,000000,62,62,58.35,61.8,114900,0
1405.HK,D,20231117,000000,60.95,61,58.95,60.45,95000,0
1405.HK,D,20231120,000000,59.5,61.25,58.2,60.3,140316,0
1405.HK,D,20231121,000000,60,61.9,59.05,61.9,71700,0
1405.HK,D,20231122,000000,60.3,61.85,59.65,61,153600,0
1405.HK,D,20231123,000000,59.55,61,59.55,60.3,36800,0
1405.HK,D,20231124,000000,59.7,60,59.2,60,37600,0
1405.HK,D,20231127,000000,59.2,61.3,59.2,60,210800,0
1405.HK,D,20231128,000000,59,62,58.2,62,428100,0
1405.HK,D,20231129,000000,61.55,62.1,58.95,61.5,356900,0
1405.HK,D,20231130,000000,61.5,64.1,60,63.2,722815,0
1405.HK,D,20231201,000000,62,64.2,61.35,61.95,157000,0
1405.HK,D,20231204,000000,62.3,63.5,58.5,59.85,261800,0
1405.HK,D,20231205,000000,59.05,61,58,60.25,145800,0
1405.HK,D,20231206,000000,59.85,61.05,59,60,54400,0
1405.HK,D,20231207,000000,59.3,60.15,58.1,60,60100,0
1405.HK,D,20231208,000000,60,61.5,59.85,61,98400,0
1405.HK,D,20231211,000000,62,62,59.05,60,309900,0
1405.HK,D,20231212,000000,61.2,61.2,58.05,59.45,90300,0
1405.HK,D,20231213,000000,59.5,59.5,53,57,206000,0
1405.HK,D,20231214,000000,57.5,58.35,54.65,55,158212,0
1405.HK,D,20231215,000000,56.1,56.1,52.55,54.6,279600,0
1405.HK,D,20231218,000000,55,55,51.5,53.5,143200,0
1405.HK,D,20231219,000000,53.3,53.3,51.2,51.9,41600,0
1405.HK,D,20231220,000000,51.9,52.85,50.6,51.2,210453,0
1405.HK,D,20231221,000000,51.15,52.8,50.55,51.75,65600,0
1405.HK,D,20231222,000000,53.15,53.6,51.3,53.6,56500,0
1405.HK,D,20231227,000000,53.55,61.45,53,61.35,255100,0
1405.HK,D,20231228,000000,61.5,62,59.2,61,125200,0
1405.HK,D,20231229,000000,62.4,62.4,60.05,61.95,139700,0
1405.HK,D,20240102,000000,61.95,64.8,59.7,60.5,300500,0
1405.HK,D,20240103,000000,60.45,61.35,59.05,60,246200,0
1405.HK,D,20240104,000000,60.45,60.45,58.1,59.75,66300,0
1405.HK,D,20240105,000000,59.95,60,57.65,58.7,93000,0
1405.HK,D,20240108,000000,57.05,58.65,57.05,58.3,78200,0
1405.HK,D,20240109,000000,58.8,60.4,58.8,59.05,118500,0
1405.HK,D,20240110,000000,60,60,58.25,59.25,62100,0
1405.HK,D,20240111,000000,58.6,60,58.1,59.8,81100,0
1405.HK,D,20240112,000000,59.15,61.8,58.95,60.35,222600,0
1405.HK,D,20240115,000000,60.5,62.8,59.85,62.35,273100,0
1405.HK,D,20240116,000000,62.35,62.5,58.3,59.8,201200,0
1405.HK,D,20240117,000000,58.9,60,57.65,58.7,214900,0
1405.HK,D,20240118,000000,57.65,59.85,55.85,58.3,81800,0
1405.HK,D,20240119,000000,58.65,58.85,56.9,57.7,58360,0
1405.HK,D,20240122,000000,57.7,57.7,53.8,54,152400,0
1405.HK,D,20240123,000000,54,58,53.85,55,275200,0
1405.HK,D,20240124,000000,59.6,59.6,55,57.45,164400,0
1405.HK,D,20240125,000000,58.25,58.25,55.4,56.45,146200,0
1405.HK,D,20240126,000000,55.55,57.7,55,56,85072,0
1405.HK,D,20240129,000000,55.95,56,53.15,54,136572,0
1405.HK,D,20240130,000000,54.25,54.3,53.3,54.1,22800,0
1405.HK,D,20240131,000000,55,55,52.15,53.8,29900,0
1405.HK,D,20240201,000000,54.65,55.55,53.05,55,46400,0
1405.HK,D,20240202,000000,55,58.4,53.05,55.7,96000,0
1405.HK,D,20240205,000000,55.7,55.7,52.45,53.05,69900,0
1405.HK,D,20240206,000000,55,55,52,53.05,68300,0
1405.HK,D,20240207,000000,54.5,55.25,53,53.5,79200,0
1405.HK,D,20240208,000000,54.6,55.9,54.3,55.9,151800,0
1405.HK,D,20240209,000000,55.05,56,54.6,55.1,14400,0
1405.HK,D,20240214,000000,55.1,55.2,53.95,54.95,174500,0
1405.HK,D,20240215,000000,54.45,56,53.25,55.95,168265,0
1405.HK,D,20240216,000000,54,56.5,54,55.9,32200,0
1405.HK,D,20240219,000000,55,55.15,52.5,54.6,514092,0
1405.HK,D,20240220,000000,54,54.9,52.55,54.8,432000,0
1405.HK,D,20240221,000000,53,55,52.8,54,261700,0
1405.HK,D,20240222,000000,53.6,54.4,53,53.75,112600,0
1405.HK,D,20240223,000000,53.15,55.2,53,55.1,100600,0
1405.HK,D,20240226,000000,55.1,58.6,55.1,55.55,136600,0
1405.HK,D,20240227,000000,55.45,58.75,55.45,58.35,187100,0
1405.HK,D,20240228,000000,57.95,59.05,55.4,55.5,157600,0
1405.HK,D,20240229,000000,55.25,58.15,55.25,56.8,136141,0
1405.HK,D,20240301,000000,57.75,59.7,57,59.2,167800,0
1405.HK,D,20240304,000000,59.7,61.2,59,60.25,158200,0
1405.HK,D,20240305,000000,60,60.5,55.2,55.25,828100,0
1405.HK,D,20240306,000000,55.8,55.8,47.9,48.85,424200,0
1405.HK,D,20240307,000000,48.85,51.75,45.8,51.5,501300,0
1405.HK,D,20240308,000000,51.5,56.35,51.5,53,351900,0
1405.HK,D,20240311,000000,53,54.4,51.15,52,220300,0
1405.HK,D,20240312,000000,52,55,52,52.85,90200,0
1405.HK,D,20240313,000000,51.5,53.85,50.8,51.5,95300,0
1405.HK,D,20240314,000000,51.5,52.85,50.8,51.85,27200,0
1405.HK,D,20240315,000000,51.75,52.4,50.9,51.55,15400,0
1405.HK,D,20240318,000000,52,52.5,51.95,52,34800,0
1405.HK,D,20240319,000000,52.05,55.3,52.05,53.6,60700,0
1405.HK,D,20240320,000000,53.6,55,53.5,54.2,90900,0
1405.HK,D,20240321,000000,54.3,55.75,53.9,54.2,112800,0
1405.HK,D,20240322,000000,51.1,54,51.1,53.95,77900,0
1405.HK,D,20240325,000000,53.5,55,53.5,53.9,158400,0
1405.HK,D,20240326,000000,54.95,55,53.25,54.2,49000,0
1405.HK,D,20240327,000000,55,55,52.4,53.5,385500,0
1405.HK,D,20240328,000000,55.1,55.1,49.05,50.15,251700,0
1405.HK,D,20240402,000000,50.2,53,50.2,53,124343,0
1405.HK,D,20240403,000000,52.5,54.4,51.8,52.65,57200,0
1405.HK,D,20240405,000000,52.5,53.1,50.9,51,49970,0
1405.HK,D,20240408,000000,52,53.95,51.2,52.9,76500,0
1405.HK,D,20240409,000000,53,54.5,53,53.9,124900,0
1405.HK,D,20240410,000000,54.4,55.35,54,54.95,63000,0
1405.HK,D,20240411,000000,54.95,54.95,54,54.25,42800,0
1405.HK,D,20240412,000000,54.2,54.2,51.9,52.4,37800,0
1405.HK,D,20240415,000000,51.65,53.75,51.45,52.4,70200,0
1405.HK,D,20240416,000000,51.5,52.3,50,51.65,75200,0
1405.HK,D,20240417,000000,51.5,53.1,51.4,51.75,87200,0
1405.HK,D,20240418,000000,52.05,52.15,50,51,116300,0
1405.HK,D,20240419,000000,52.5,52.85,50.65,52.2,113700,0
1405.HK,D,20240422,000000,52.3,53.1,52.1,52.4,51200,0
1405.HK,D,20240423,000000,52.5,54.3,52.5,53.55,114775,0
1405.HK,D,20240424,000000,53.05,55.45,53.05,55.45,230448,0
1405.HK,D,20240425,000000,55,55,52.8,53.15,67800,0
1405.HK,D,20240426,000000,53.15,55.45,53.15,54.85,93200,0
1405.HK,D,20240429,000000,54.8,54.8,53.8,54.5,56800,0
1405.HK,D,20240430,000000,54.45,57.2,54,55.7,186800,0
1405.HK,D,20240502,000000,55,57.5,55,57.5,146500,0
1405.HK,D,20240503,000000,57.5,59.9,56.9,58.8,51000,0
1405.HK,D,20240506,000000,58,59.5,57.95,58.3,314092,0
1405.HK,D,20240507,000000,58.8,59.3,57,59.05,260900,0
1405.HK,D,20240508,000000,59,59.2,58.55,58.8,150100,0
1405.HK,D,20240509,000000,58.8,59.15,58.5,58.8,86500,0
1405.HK,D,20240510,000000,58.95,59.5,58.9,59,249984,0
1405.HK,D,20240513,000000,59.4,59.4,58.95,59,193300,0
1405.HK,D,20240514,000000,59.35,59.9,59,59.2,201300,0
1405.HK,D,20240516,000000,59.15,59.45,58.8,58.9,146700,0
1405.HK,D,20240517,000000,58.75,59.8,57,58,103700,0
1405.HK,D,20240520,000000,58.6,59.25,56.75,57,128500,0
1405.HK,D,20240521,000000,57,58.2,55.1,55.55,179700,0
1405.HK,D,20240522,000000,55.55,58.7,55.55,57.5,189108,0
1405.HK,D,20240523,000000,58.5,58.5,56.3,56.3,108400,0
1405.HK,D,20240524,000000,56,57.15,55.5,55.8,185100,0
1405.HK,D,20240527,000000,55.65,56.3,52,55.15,326200,0
1405.HK,D,20240528,000000,54.8,56.05,52.8,53.5,231100,0
1405.HK,D,20240529,000000,53.3,54,52.2,52.4,214400,0
1405.HK,D,20240530,000000,53.05,53.8,51.1,53.8,472100,0
1405.HK,D,20240531,000000,52.5,56.85,52.5,56.85,526500,0
1405.HK,D,20240603,000000,54.75,57.35,54.75,56,74100,0
1405.HK,D,20240604,000000,55.2,57.3,55.2,57,176600,0
1405.HK,D,20240605,000000,56.15,57.8,56,57.4,211400,0
1405.HK,D,20240606,000000,56.95,59,56.95,58.4,140800,0
1405.HK,D,20240607,000000,57.7,59.3,56.3,58.05,160200,0
1405.HK,D,20240611,000000,57,58.9,56.95,57.95,151322,0
1405.HK,D,20240612,000000,57.7,58.65,57.7,58,24500,0
1405.HK,D,20240613,000000,58.8,59.2,58.4,58.75,144700,0
1405.HK,D,20240614,000000,58.8,59.45,58.4,58.8,78800,0
1405.HK,D,20240617,000000,58.75,59.4,58.4,59.05,116300,0
1405.HK,D,20240618,000000,59.05,59.55,58.85,59.55,99200,0
1405.HK,D,20240619,000000,59.15,63,59.15,63,241100,0
1405.HK,D,20240620,000000,62.25,62.5,60.65,61.8,199100,0
1405.HK,D,20240621,000000,61,62.75,61,62.7,81900,0
1405.HK,D,20240624,000000,62.7,62.8,62.2,62.45,70500,0
1405.HK,D,20240625,000000,62.45,64.9,62.45,64.15,187100,0
1405.HK,D,20240626,000000,64.5,65,64.25,64.45,72000,0
1405.HK,D,20240627,000000,64.45,65.3,64.25,65,145200,0
1405.HK,D,20240628,000000,64.9,65.5,64.4,64.6,204292,0
1405.HK,D,20240702,000000,64.5,66.75,64.5,66.75,376550,0
1405.HK,D,20240703,000000,64.65,68.8,64.65,67.9,298800,0
1405.HK,D,20240704,000000,66.5,67.75,66.35,67.15,179500,0
1405.HK,D,20240705,000000,65.5,67.5,65.5,66.75,45700,0
1405.HK,D,20240708,000000,66.75,68.4,66.75,68.1,48000,0
1405.HK,D,20240709,000000,67.4,68.45,66.25,67.75,25900,0
1405.HK,D,20240710,000000,67.65,67.75,64.25,64.55,107800,0
1405.HK,D,20240711,000000,64.85,68,64.85,68,57500,0
1405.HK,D,20240712,000000,68,70,67.8,68.95,57500,0
1405.HK,D,20240715,000000,68.4,68.95,66.6,68.85,57700,0
1405.HK,D,20240716,000000,68.8,69.35,67.25,68,48600,0
1405.HK,D,20240717,000000,67,69.55,67,69.5,28300,0
1405.HK,D,20240718,000000,69.1,69.85,68.3,69.85,130150,0
1405.HK,D,20240719,000000,69.95,69.95,66.7,69.4,36600,0
1405.HK,D,20240722,000000,69.5,69.5,66,69.25,86200,0
1405.HK,D,20240723,000000,69.5,69.5,68.6,69.5,55200,0
1405.HK,D,20240724,000000,69.85,69.85,67.8,69.5,26700,0
1405.HK,D,20240725,000000,69.8,69.8,68.05,68.85,50900,0
1405.HK,D,20240726,000000,68.85,69.4,68.7,69.35,40200,0
1405.HK,D,20240729,000000,69.9,69.95,66.05,68,50900,0
1405.HK,D,20240730,000000,68.7,70,67.5,70,184300,0
1405.HK,D,20240731,000000,69.5,69.5,67.5,67.9,32150,0
1405.HK,D,20240801,000000,68.95,70,64.6,68.05,153100,0
1405.HK,D,20240802,000000,68.15,70,67.8,70,386200,0
1405.HK,D,20240805,000000,69,69.25,67.7,68,144300,0
1405.HK,D,20240806,000000,67.8,69,66.6,68,145200,0
1405.HK,D,20240807,000000,68,69.5,67.9,68.75,89000,0
1405.HK,D,20240808,000000,69,69.5,68,68.95,130900,0
1405.HK,D,20240809,000000,68.05,68.5,65.65,65.85,76700,0
1405.HK,D,20240812,000000,66.5,68.5,66.1,66.5,4200,0
1405.HK,D,20240813,000000,66.5,66.95,64,66,48800,0
1405.HK,D,20240814,000000,65,65.85,63.15,64,15900,0
1405.HK,D,20240815,000000,65,65.9,63.15,65,4100,0
1405.HK,D,20240816,000000,64,66.6,64,65.45,59900,0
1405.HK,D,20240819,000000,66.5,66.5,63.05,64.25,36700,0
1405.HK,D,20240820,000000,64.6,65.15,64.35,64.95,43000,0
1405.HK,D,20240821,000000,65,65.95,64.5,65,26900,0
1405.HK,D,20240822,000000,64.5,65.95,64.5,65.95,33000,0
1405.HK,D,20240823,000000,64.15,64.65,63.05,63.35,19300,0
1405.HK,D,20240826,000000,65,67.45,65,66.15,220400,0
1405.HK,D,20240827,000000,66.15,66.95,65.05,65.95,23300,0
1405.HK,D,20240828,000000,65.95,65.95,63.7,63.7,17400,0
1405.HK,D,20240829,000000,64.5,69.4,63.3,69,745900,0
1405.HK,D,20240830,000000,68.9,69,65.3,68,189600,0
1405.HK,D,20240902,000000,67.9,69.95,67.85,69.95,133700,0
1405.HK,D,20240903,000000,69.5,69.75,68.55,69.75,25800,0
1405.HK,D,20240904,000000,68.1,68.8,67.15,68.65,44700,0
1405.HK,D,20240905,000000,69.1,69.95,68.75,69.95,94247,0
1405.HK,D,20240909,000000,67.7,69.5,65.5,66.55,716006,0
1405.HK,D,20240910,000000,69,69,65.05,66.9,80800,0
1405.HK,D,20240911,000000,66.9,67.1,64.55,65.25,81800,0
1405.HK,D,20240912,000000,63.8,65,62,62.25,106800,0
1405.HK,D,20240913,000000,62.25,64.7,62.25,62.85,40500,0
1405.HK,D,20240916,000000,62.45,66,62.45,65.4,91500,0
1405.HK,D,20240917,000000,64.75,65.25,62.75,64,145500,0
1405.HK,D,20240919,000000,64,66,63.95,65.2,200500,0
1405.HK,D,20240920,000000,65.5,65.5,62,62.65,2192252,0
1405.HK,D,20240923,000000,63.45,65.3,63.2,64.9,177880,0
1405.HK,D,20240924,000000,65,68.35,64.7,67,146200,0
1405.HK,D,20240925,000000,68.5,69.5,67.85,68.2,122800,0
1405.HK,D,20240926,000000,67.3,71.75,67.3,71.6,701210,0
1405.HK,D,20240927,000000,71.6,79,70.5,76.45,586100,0
1405.HK,D,20240930,000000,76.1,79.8,76.1,78.4,422600,0
1405.HK,D,20241002,000000,77,80.5,76.45,79.9,508100,0
1405.HK,D,20241003,000000,79.9,79.9,74.15,79.3,109422,0
1405.HK,D,20241004,000000,78.45,79.95,77.15,77.9,124400,0
1405.HK,D,20241007,000000,77.9,80,76.05,79.95,173600,0
1405.HK,D,20241008,000000,79.5,80,76.35,77.3,253000,0
1405.HK,D,20241009,000000,78,79.2,74.75,79.2,203900,0
1405.HK,D,20241010,000000,79.2,79.45,76.9,77.4,181060,0
1405.HK,D,20241014,000000,77.1,78,74.55,75.65,62095,0
1405.HK,D,20241015,000000,77.95,78.5,74.3,75.3,48200,0
1405.HK,D,20241016,000000,75.2,75.3,69.2,74.55,24000,0
1405.HK,D,20241017,000000,72.55,74.55,64.9,69,10962387,0
1405.HK,D,20241018,000000,69,69.8,66,68.1,243100,0
1405.HK,D,20241021,000000,68.05,68.25,65,65,129100,0
1405.HK,D,20241022,000000,65,67.25,65,66.4,169600,0
1405.HK,D,20241023,000000,66.4,68.45,65,66.9,219960,0
1405.HK,D,20241024,000000,67,67,64.85,64.85,236600,0
1405.HK,D,20241025,000000,64.5,65.9,63.05,65.5,103700,0
1405.HK,D,20241028,000000,65.4,67.2,65,65.3,98800,0
1405.HK,D,20241029,000000,65.05,65.75,64.25,64.8,62200,0
1405.HK,D,20241030,000000,64.4,65.3,64.4,65,71100,0
1405.HK,D,20241031,000000,65.4,65.95,63.15,63.45,139000,0
1405.HK,D,20241101,000000,63.25,64.35,63.1,63.55,82698,0
1405.HK,D,20241104,000000,63.25,64,62.15,63.65,341100,0
1405.HK,D,20241105,000000,63.15,67.2,63.15,66.7,155200,0
1405.HK,D,20241106,000000,69,69,66.5,66.7,204200,0
1405.HK,D,20241107,000000,66.5,72,66.45,71.65,145050,0
1405.HK,D,20241108,000000,74.45,74.5,72.15,73.4,131700,0
1405.HK,D,20241111,000000,72.5,74.8,71.95,74.2,70800,0
1405.HK,D,20241112,000000,75,75.45,72,72.8,120500,0
1405.HK,D,20241113,000000,72.9,74.95,71.4,73,91300,0
1405.HK,D,20241114,000000,72.9,75,72.55,73,144400,0
1405.HK,D,20241115,000000,75.05,82.3,73.75,77.5,350500,0
1405.HK,D,20241118,000000,77,77.5,71.45,72,227850,0
1405.HK,D,20241119,000000,71.75,75.2,70.5,75,124800,0
1405.HK,D,20241120,000000,74,75,71.05,73.2,59700,0
1405.HK,D,20241121,000000,72.7,74.45,72.7,73.25,99100,0
1405.HK,D,20241122,000000,73.25,73.25,70.45,71.8,94600,0
1405.HK,D,20241125,000000,70,73.4,70,73,225499,0
1405.HK,D,20241126,000000,73,79.5,72.75,78,286109,0
1405.HK,D,20241127,000000,76.5,80.1,76.25,79,294700,0
1405.HK,D,20241128,000000,78.95,78.95,76.5,77.25,65400,0
1405.HK,D,20241129,000000,77,78,76.85,77.95,47350,0
1405.HK,D,20241202,000000,77.9,77.9,76,77.1,156600,0
1405.HK,D,20241203,000000,75.55,79.55,75.55,79.25,146300,0
1405.HK,D,20241204,000000,79.2,79.25,78,78.95,189000,0
1405.HK,D,20241205,000000,78.95,78.95,70.5,77,101000,0
1405.HK,D,20241206,000000,78.8,78.8,76.65,78.1,166300,0
1405.HK,D,20241209,000000,76.85,80.05,76.85,79.55,271700,0
1405.HK,D,20241210,000000,80,81.8,79.55,80.4,331400,0
1405.HK,D,20241211,000000,81,83.9,78.4,81.85,182500,0
1405.HK,D,20241212,000000,82.2,91.6,80.6,85,1845169,0
1405.HK,D,20241213,000000,84.95,85.1,80,84.2,534300,0
1405.HK,D,20241216,000000,85.1,85.1,81,81.5,253700,0
1405.HK,D,20241217,000000,81.05,81.8,79.5,81.1,277300,0
1405.HK,D,20241218,000000,79.05,83.9,79.05,81.1,392700,0
1405.HK,D,20241219,000000,79.85,82,78.6,79.35,242500,0
1405.HK,D,20241220,000000,80,81.4,79.25,79.9,102930,0
1405.HK,D,20241223,000000,81.45,81.45,79.1,79.9,191100,0
1405.HK,D,20241224,000000,79.85,79.9,78.3,79.55,61000,0
1405.HK,D,20241227,000000,79.55,80.7,78.8,79.25,146300,0
1405.HK,D,20241230,000000,79.2,79.2,77.85,79,157000,0
1405.HK,D,20241231,000000,78.95,79,77.5,78,109600,0
1405.HK,D,20250102,000000,78.3,78.3,75,75.65,155065,0
1405.HK,D,20250103,000000,76,76,73.65,73.7,112500,0
1405.HK,D,20250106,000000,73.7,74.5,71.25,72.65,329200,0
1405.HK,D,20250107,000000,73.75,74.4,72.9,74,108600,0
1405.HK,D,20250108,000000,74.25,74.25,72.15,72.95,64700,0
1405.HK,D,20250109,000000,73.9,74.5,72.15,74.1,125200,0
1405.HK,D,20250110,000000,72.4,75.05,71,71.05,111300,0
1405.HK,D,20250113,000000,72,73.2,69.7,72.6,157000,0
1405.HK,D,20250114,000000,73.9,74.8,73.25,73.8,88800,0
1405.HK,D,20250115,000000,74.95,74.95,72.2,72.6,117800,0
1405.HK,D,20250116,000000,72.3,75.25,72.3,74.5,178900,0
1405.HK,D,20250117,000000,74.55,78.3,73.05,78,374900,0
1405.HK,D,20250120,000000,78,81.2,77.5,79.4,337952,0
1405.HK,D,20250121,000000,82.9,82.9,78.1,80.2,201100,0
1405.HK,D,20250122,000000,80.2,80.2,76.05,78.6,139000,0
1405.HK,D,20250123,000000,79.95,79.95,76.2,77.55,145500,0
1405.HK,D,20250124,000000,77.5,79.5,76.9,78.95,142300,0
1405.HK,D,20250127,000000,78.95,80,78.4,79.8,129200,0
1405.HK,D,20250128,000000,80,80.15,78,79.3,28800,0
1405.HK,D,20250203,000000,79.3,82.8,78.45,82.65,322784,0
1405.HK,D,20250204,000000,82.65,84.6,81.05,83.2,121400,0
1405.HK,D,20250205,000000,83.2,83.75,79.55,80.35,258000,0
1405.HK,D,20250206,000000,79.05,80.25,77.1,78,164100,0
1405.HK,D,20250207,000000,78.2,81.05,78,80.5,249900,0
1405.HK,D,20250210,000000,80.45,80.45,77.6,78.7,334800,0
1405.HK,D,20250211,000000,77.95,80.9,77.95,79.1,122300,0
1405.HK,D,20250212,000000,80.75,80.75,77.75,78.1,158600,0
1405.HK,D,20250213,000000,80,80.35,77.5,78.75,405000,0
1405.HK,D,20250214,000000,79,83.95,79,83.8,283300,0
1405.HK,D,20250217,000000,83.85,88.6,83.85,86.2,560200,0
1405.HK,D,20250218,000000,89,92,85,92,506110,0
1405.HK,D,20250219,000000,91.95,95.2,91.15,92.6,756634,0
1405.HK,D,20250220,000000,90,92.5,89,91.45,595104,0
1405.HK,D,20250221,000000,94,95,88.5,92.55,354300,0
1405.HK,D,20250224,000000,92.55,92.95,90.4,92,510250,0
1405.HK,D,20250225,000000,92,92,89.55,90.5,159000,0
1405.HK,D,20250226,000000,95,95,89.8,93.75,304800,0
1405.HK,D,20250227,000000,93.75,99.65,93.75,97.5,544800,0
1405.HK,D,20250228,000000,98.4,99.5,95.4,99.35,992106,0
1405.HK,D,20250303,000000,99.1,99.6,97.1,98.65,204500,0
1405.HK,D,20250304,000000,97.55,99.2,97.55,98.3,348300,0
1405.HK,D,20250305,000000,98.7,104.2,97.15,104.2,436500,0
1405.HK,D,20250306,000000,101.2,105,100.8,103.1,818745,0
1405.HK,D,20250307,000000,103.8,105,101.8,104.9,238000,0
1405.HK,D,20250310,000000,104.6,105.4,103.2,105.2,104550,0
1405.HK,D,20250311,000000,105.1,105.8,101.8,105,354200,0
1405.HK,D,20250312,000000,103,108.5,101.9,103.2,639800,0
1405.HK,D,20250313,000000,100.2,106,100.2,102.6,396700,0
1405.HK,D,20250314,000000,102.6,105.9,100.7,104.7,238300,0
1405.HK,D,20250317,000000,104.7,107,102.9,105.9,268300,0
1405.HK,D,20250318,000000,105.9,106,103.5,105,162500,0
1405.HK,D,20250319,000000,105.3,106.5,104.8,105.8,164900,0
1405.HK,D,20250320,000000,104.7,106.1,101.2,102.5,194800,0
1405.HK,D,20250321,000000,105.9,107,100,102.4,520500,0
1405.HK,D,20250324,000000,102.4,104.7,100.1,103.4,258314,0
1405.HK,D,20250325,000000,102.4,107,102,106,272611,0
1405.HK,D,20250326,000000,106.4,110.1,106.4,108,399600,0
1405.HK,D,20250327,000000,106.9,116.2,106.9,114.3,556500,0
1405.HK,D,20250328,000000,118.7,125.2,100.2,102.5,1561700,0
1405.HK,D,20250331,000000,102,102,95.1,98.55,1027006,0
1405.HK,D,20250401,000000,98.8,101.9,97.75,99.55,675286,0
1405.HK,D,20250402,000000,100,106.7,99.55,103.7,1002740,0
1405.HK,D,20250403,000000,100,108,99.1,106.3,554400,0
1405.HK,D,20250407,000000,98.1,98.6,90.9,92.7,1032200,0
1405.HK,D,20250408,000000,93,95.45,90.6,94.55,576800,0
1405.HK,D,20250409,000000,94.5,95.3,89.3,93.9,702100,0
1405.HK,D,20250410,000000,95,99.25,94.7,98.1,461788,0
1405.HK,D,20250411,000000,100,100,94.85,95.5,309500,0
1405.HK,D,20250414,000000,95.5,98.5,94.75,97.25,156400,0
1405.HK,D,20250415,000000,102,104.8,99,100.2,393305,0
1405.HK,D,20250416,000000,98.25,98.95,95.05,96.7,251455,0
1405.HK,D,20250417,000000,95.7,97.15,93.65,95.1,250500,0
