<TICKER>,<PER>,<DATE>,<TIME>,<OPEN>,<HIGH>,<LOW>,<CLOSE>,<VOL>,<OPENINT>
1442.HK,D,20200121,000000,0.335,0.37,0.325,0.34,96540000,0
1442.HK,D,20200122,000000,0.345,0.365,0.33,0.34,18060000,0
1442.HK,D,20200123,000000,0.335,0.34,0.31,0.33,6290000,0
1442.HK,D,20200124,000000,0.325,0.335,0.315,0.32,1550000,0
1442.HK,D,20200129,000000,0.295,0.315,0.295,0.3,3930000,0
1442.HK,D,20200130,000000,0.3,0.3,0.275,0.285,5840000,0
1442.HK,D,20200131,000000,0.27,0.33,0.27,0.32,4100000,0
1442.HK,D,20200203,000000,0.31,0.31,0.3,0.305,2310000,0
1442.HK,D,20200204,000000,0.305,0.33,0.305,0.33,21930000,0
1442.HK,D,20200205,000000,0.33,0.335,0.325,0.33,19000000,0
1442.HK,D,20200206,000000,0.325,0.36,0.325,0.34,12040000,0
1442.HK,D,20200207,000000,0.335,0.345,0.335,0.34,1950000,0
1442.HK,D,20200210,000000,0.335,0.35,0.335,0.345,3910000,0
1442.HK,D,20200211,000000,0.345,0.345,0.34,0.34,430000,0
1442.HK,D,20200212,000000,0.34,0.38,0.34,0.36,12650000,0
1442.HK,D,20200213,000000,0.36,0.375,0.35,0.375,7300000,0
1442.HK,D,20200214,000000,0.37,0.435,0.37,0.435,27430000,0
1442.HK,D,20200217,000000,0.425,0.45,0.37,0.415,28450000,0
1442.HK,D,20200218,000000,0.41,0.43,0.38,0.42,7010000,0
1442.HK,D,20200219,000000,0.42,0.425,0.405,0.41,2030000,0
1442.HK,D,20200220,000000,0.41,0.42,0.385,0.415,2800000,0
1442.HK,D,20200221,000000,0.41,0.45,0.395,0.41,13990000,0
1442.HK,D,20200224,000000,0.41,0.41,0.38,0.38,6300000,0
1442.HK,D,20200225,000000,0.375,0.375,0.33,0.37,7570000,0
1442.HK,D,20200226,000000,0.35,0.35,0.34,0.34,4440000,0
1442.HK,D,20200227,000000,0.34,0.355,0.33,0.355,2930000,0
1442.HK,D,20200228,000000,0.35,0.35,0.32,0.33,4130000,0
1442.HK,D,20200302,000000,0.33,0.33,0.32,0.33,940000,0
1442.HK,D,20200303,000000,0.33,0.34,0.325,0.335,1085000,0
1442.HK,D,20200304,000000,0.33,0.34,0.33,0.34,1100000,0
1442.HK,D,20200305,000000,0.34,0.37,0.34,0.365,4200000,0
1442.HK,D,20200306,000000,0.36,0.36,0.345,0.36,1020000,0
1442.HK,D,20200309,000000,0.36,0.36,0.33,0.335,1630000,0
1442.HK,D,20200310,000000,0.325,0.34,0.32,0.33,660000,0
1442.HK,D,20200311,000000,0.335,0.34,0.335,0.335,980000,0
1442.HK,D,20200312,000000,0.33,0.335,0.32,0.33,1070000,0
1442.HK,D,20200313,000000,0.315,0.32,0.29,0.31,3060000,0
1442.HK,D,20200316,000000,0.29,0.3,0.29,0.29,1540000,0
1442.HK,D,20200317,000000,0.28,0.31,0.26,0.305,1690000,0
1442.HK,D,20200318,000000,0.31,0.315,0.29,0.3,1260000,0
1442.HK,D,20200319,000000,0.28,0.3,0.275,0.295,1590000,0
1442.HK,D,20200320,000000,0.3,0.3,0.29,0.3,980000,0
1442.HK,D,20200323,000000,0.29,0.29,0.29,0.29,30000,0
1442.HK,D,20200324,000000,0.285,0.29,0.28,0.29,300000,0
1442.HK,D,20200325,000000,0.3,0.3,0.275,0.29,940000,0
1442.HK,D,20200326,000000,0.275,0.295,0.27,0.295,1360000,0
1442.HK,D,20200327,000000,0.28,0.3,0.275,0.3,3370000,0
1442.HK,D,20200330,000000,0.3,0.325,0.29,0.325,910000,0
1442.HK,D,20200331,000000,0.325,0.34,0.315,0.315,1780000,0
1442.HK,D,20200401,000000,0.305,0.305,0.285,0.3,920000,0
1442.HK,D,20200402,000000,0.3,0.3,0.295,0.295,80000,0
1442.HK,D,20200403,000000,0.3,0.3,0.295,0.295,110000,0
1442.HK,D,20200406,000000,0.295,0.305,0.295,0.3,350000,0
1442.HK,D,20200407,000000,0.31,0.31,0.28,0.29,1470000,0
1442.HK,D,20200408,000000,0.29,0.295,0.285,0.295,390000,0
1442.HK,D,20200409,000000,0.29,0.295,0.29,0.29,90000,0
1442.HK,D,20200414,000000,0.29,0.3,0.29,0.295,640000,0
1442.HK,D,20200415,000000,0.3,0.3,0.295,0.3,590000,0
1442.HK,D,20200416,000000,0.3,0.3,0.295,0.3,280000,0
1442.HK,D,20200417,000000,0.3,0.32,0.3,0.315,720000,0
1442.HK,D,20200420,000000,0.315,0.32,0.31,0.32,290000,0
1442.HK,D,20200421,000000,0.315,0.315,0.3,0.3,170000,0
1442.HK,D,20200422,000000,0.3,0.3,0.29,0.29,680000,0
1442.HK,D,20200423,000000,0.295,0.295,0.285,0.285,850000,0
1442.HK,D,20200424,000000,0.29,0.29,0.275,0.28,1570000,0
1442.HK,D,20200427,000000,0.28,0.28,0.28,0.28,90000,0
1442.HK,D,20200428,000000,0.275,0.29,0.27,0.29,380000,0
1442.HK,D,20200429,000000,0.285,0.29,0.285,0.29,310000,0
1442.HK,D,20200504,000000,0.29,0.3,0.29,0.3,240000,0
1442.HK,D,20200505,000000,0.3,0.315,0.3,0.3,260000,0
1442.HK,D,20200506,000000,0.31,0.31,0.3,0.31,330000,0
1442.HK,D,20200507,000000,0.29,0.29,0.28,0.28,590000,0
1442.HK,D,20200508,000000,0.285,0.3,0.285,0.3,210000,0
1442.HK,D,20200511,000000,0.305,0.32,0.3,0.31,740000,0
1442.HK,D,20200512,000000,0.315,0.365,0.31,0.345,8460000,0
1442.HK,D,20200513,000000,0.34,0.35,0.305,0.31,4470000,0
1442.HK,D,20200514,000000,0.31,0.31,0.285,0.285,2340000,0
1442.HK,D,20200515,000000,0.295,0.305,0.285,0.29,1170000,0
1442.HK,D,20200518,000000,0.285,0.295,0.285,0.285,570000,0
1442.HK,D,20200519,000000,0.295,0.3,0.295,0.295,150000,0
1442.HK,D,20200520,000000,0.29,0.295,0.29,0.295,1840000,0
1442.HK,D,20200521,000000,0.295,0.295,0.295,0.295,210000,0
1442.HK,D,20200522,000000,0.29,0.315,0.29,0.305,1600000,0
1442.HK,D,20200525,000000,0.3,0.3,0.29,0.3,390000,0
1442.HK,D,20200526,000000,0.295,0.31,0.295,0.31,490000,0
1442.HK,D,20200527,000000,0.31,0.31,0.3,0.3,430000,0
1442.HK,D,20200528,000000,0.3,0.305,0.295,0.305,1340000,0
1442.HK,D,20200529,000000,0.305,0.315,0.295,0.305,1810000,0
1442.HK,D,20200601,000000,0.3,0.305,0.3,0.305,210000,0
1442.HK,D,20200602,000000,0.3,0.3,0.295,0.295,180000,0
1442.HK,D,20200603,000000,0.295,0.295,0.295,0.295,200000,0
1442.HK,D,20200604,000000,0.285,0.295,0.285,0.285,300000,0
1442.HK,D,20200605,000000,0.285,0.295,0.285,0.285,1250000,0
1442.HK,D,20200608,000000,0.285,0.285,0.28,0.285,640000,0
1442.HK,D,20200609,000000,0.285,0.295,0.285,0.29,1000000,0
1442.HK,D,20200610,000000,0.29,0.295,0.29,0.29,150000,0
1442.HK,D,20200611,000000,0.29,0.29,0.29,0.29,460000,0
1442.HK,D,20200612,000000,0.295,0.295,0.295,0.295,30000,0
1442.HK,D,20200615,000000,0.285,0.29,0.285,0.285,60000,0
1442.HK,D,20200616,000000,0.29,0.295,0.29,0.29,420000,0
1442.HK,D,20200617,000000,0.295,0.295,0.29,0.29,510000,0
1442.HK,D,20200618,000000,0.29,0.295,0.29,0.295,100000,0
1442.HK,D,20200619,000000,0.29,0.335,0.285,0.29,1990000,0
1442.HK,D,20200622,000000,0.29,0.295,0.29,0.29,160000,0
1442.HK,D,20200623,000000,0.29,0.295,0.285,0.285,360000,0
1442.HK,D,20200624,000000,0.285,0.29,0.28,0.29,100000,0
1442.HK,D,20200626,000000,0.29,0.29,0.275,0.285,950000,0
1442.HK,D,20200629,000000,0.285,0.285,0.28,0.28,1280000,0
1442.HK,D,20200630,000000,0.275,0.28,0.275,0.28,760000,0
1442.HK,D,20200702,000000,0.28,0.28,0.28,0.28,430000,0
1442.HK,D,20200703,000000,0.28,0.28,0.275,0.28,1140000,0
1442.HK,D,20200706,000000,0.29,0.295,0.275,0.275,2710000,0
1442.HK,D,20200707,000000,0.275,0.285,0.275,0.285,920000,0
1442.HK,D,20200708,000000,0.285,0.285,0.285,0.285,20000,0
1442.HK,D,20200709,000000,0.28,0.28,0.275,0.28,590000,0
1442.HK,D,20200710,000000,0.275,0.28,0.275,0.275,290000,0
1442.HK,D,20200713,000000,0.28,0.285,0.28,0.285,1130000,0
1442.HK,D,20200714,000000,0.285,0.29,0.285,0.29,300000,0
1442.HK,D,20200715,000000,0.29,0.3,0.29,0.3,520000,0
1442.HK,D,20200716,000000,0.31,0.31,0.295,0.3,270000,0
1442.HK,D,20200717,000000,0.305,0.305,0.305,0.305,320000,0
1442.HK,D,20200720,000000,0.31,0.31,0.295,0.305,1090000,0
1442.HK,D,20200721,000000,0.3,0.305,0.29,0.305,1170000,0
1442.HK,D,20200722,000000,0.31,0.31,0.295,0.31,50000,0
1442.HK,D,20200723,000000,0.31,0.31,0.275,0.295,3190000,0
1442.HK,D,20200724,000000,0.28,0.3,0.275,0.295,280000,0
1442.HK,D,20200727,000000,0.3,0.31,0.285,0.3,860000,0
1442.HK,D,20200728,000000,0.29,0.295,0.285,0.295,450000,0
1442.HK,D,20200729,000000,0.285,0.29,0.275,0.29,1950000,0
1442.HK,D,20200730,000000,0.29,0.305,0.29,0.305,1070000,0
1442.HK,D,20200731,000000,0.31,0.31,0.3,0.3,60000,0
1442.HK,D,20200803,000000,0.3,0.32,0.295,0.32,920000,0
1442.HK,D,20200804,000000,0.325,0.325,0.32,0.32,330000,0
1442.HK,D,20200805,000000,0.325,0.34,0.32,0.32,910000,0
1442.HK,D,20200806,000000,0.32,0.33,0.315,0.325,820000,0
1442.HK,D,20200807,000000,0.33,0.38,0.325,0.345,11840000,0
1442.HK,D,20200810,000000,0.345,0.35,0.33,0.34,2300000,0
1442.HK,D,20200811,000000,0.345,0.345,0.335,0.34,930000,0
1442.HK,D,20200812,000000,0.335,0.335,0.3,0.31,970000,0
1442.HK,D,20200813,000000,0.31,0.355,0.31,0.33,3390000,0
1442.HK,D,20200814,000000,0.33,0.33,0.33,0.33,500000,0
1442.HK,D,20200817,000000,0.325,0.335,0.325,0.335,610000,0
1442.HK,D,20200818,000000,0.33,0.33,0.325,0.33,500000,0
1442.HK,D,20200819,000000,0.325,0.33,0.32,0.33,230000,0
1442.HK,D,20200820,000000,0.33,0.345,0.315,0.345,3050000,0
1442.HK,D,20200821,000000,0.345,0.345,0.315,0.335,2070000,0
1442.HK,D,20200824,000000,0.335,0.34,0.32,0.34,610000,0
1442.HK,D,20200825,000000,0.335,0.335,0.32,0.33,2320000,0
1442.HK,D,20200826,000000,0.34,0.34,0.31,0.31,4700000,0
1442.HK,D,20200827,000000,0.315,0.32,0.3,0.32,1450000,0
1442.HK,D,20200828,000000,0.315,0.315,0.29,0.31,2120000,0
1442.HK,D,20200831,000000,0.3,0.325,0.3,0.325,200000,0
1442.HK,D,20200901,000000,0.325,0.325,0.31,0.325,60000,0
1442.HK,D,20200902,000000,0.32,0.32,0.32,0.32,20000,0
1442.HK,D,20200903,000000,0.325,0.325,0.31,0.32,150000,0
1442.HK,D,20200904,000000,0.32,0.32,0.32,0.32,320000,0
1442.HK,D,20200907,000000,0.31,0.31,0.295,0.31,490000,0
1442.HK,D,20200908,000000,0.3,0.305,0.29,0.3,280000,0
1442.HK,D,20200909,000000,0.295,0.315,0.29,0.315,330000,0
1442.HK,D,20200910,000000,0.295,0.3,0.295,0.295,70000,0
1442.HK,D,20200911,000000,0.29,0.295,0.29,0.295,360000,0
1442.HK,D,20200914,000000,0.3,0.31,0.3,0.305,210000,0
1442.HK,D,20200915,000000,0.295,0.3,0.295,0.295,150000,0
1442.HK,D,20200916,000000,0.3,0.3,0.29,0.3,40000,0
1442.HK,D,20200917,000000,0.3,0.3,0.3,0.3,0,0
1442.HK,D,20200918,000000,0.295,0.31,0.295,0.31,70000,0
1442.HK,D,20200921,000000,0.305,0.31,0.305,0.305,270000,0
1442.HK,D,20200922,000000,0.305,0.315,0.305,0.315,70000,0
1442.HK,D,20200923,000000,0.315,0.315,0.3,0.305,210000,0
1442.HK,D,20200924,000000,0.3,0.3,0.295,0.3,130000,0
1442.HK,D,20200925,000000,0.29,0.29,0.29,0.29,180000,0
1442.HK,D,20200928,000000,0.29,0.29,0.29,0.29,60000,0
1442.HK,D,20200929,000000,0.295,0.295,0.29,0.295,30000,0
1442.HK,D,20200930,000000,0.29,0.295,0.285,0.29,120000,0
1442.HK,D,20201005,000000,0.3,0.3,0.3,0.3,90000,0
1442.HK,D,20201006,000000,0.3,0.32,0.295,0.295,9590000,0
1442.HK,D,20201007,000000,0.315,0.315,0.295,0.295,320000,0
1442.HK,D,20201008,000000,0.295,0.295,0.295,0.295,20000,0
1442.HK,D,20201009,000000,0.305,0.315,0.305,0.31,770000,0
1442.HK,D,20201012,000000,0.31,0.31,0.31,0.31,0,0
1442.HK,D,20201014,000000,0.295,0.31,0.285,0.3,5260000,0
1442.HK,D,20201015,000000,0.305,0.32,0.305,0.31,1970000,0
1442.HK,D,20201016,000000,0.31,0.31,0.31,0.31,100000,0
1442.HK,D,20201019,000000,0.31,0.31,0.3,0.305,480000,0
1442.HK,D,20201020,000000,0.305,0.33,0.305,0.33,1640000,0
1442.HK,D,20201021,000000,0.325,0.33,0.315,0.32,1520000,0
1442.HK,D,20201022,000000,0.33,0.35,0.33,0.335,3750000,0
1442.HK,D,20201023,000000,0.35,0.38,0.35,0.365,12160000,0
1442.HK,D,20201027,000000,0.35,0.415,0.33,0.415,29740000,0
1442.HK,D,20201028,000000,0.435,0.45,0.4,0.4,7120000,0
1442.HK,D,20201029,000000,0.39,0.39,0.355,0.375,3250000,0
1442.HK,D,20201030,000000,0.375,0.41,0.36,0.4,1850000,0
1442.HK,D,20201102,000000,0.405,0.405,0.39,0.395,670000,0
1442.HK,D,20201103,000000,0.395,0.415,0.375,0.395,890000,0
1442.HK,D,20201104,000000,0.4,0.4,0.39,0.395,260000,0
1442.HK,D,20201105,000000,0.415,0.47,0.4,0.435,6690000,0
1442.HK,D,20201106,000000,0.445,0.445,0.43,0.43,310000,0
1442.HK,D,20201109,000000,0.43,0.445,0.41,0.42,21860000,0
1442.HK,D,20201110,000000,0.42,0.42,0.38,0.395,11050000,0
1442.HK,D,20201111,000000,0.4,0.4,0.38,0.38,2070000,0
1442.HK,D,20201112,000000,0.38,0.405,0.38,0.4,1040000,0
1442.HK,D,20201113,000000,0.4,0.405,0.4,0.405,80000,0
1442.HK,D,20201116,000000,0.405,0.42,0.405,0.41,460000,0
1442.HK,D,20201117,000000,0.425,0.46,0.42,0.45,2170000,0
1442.HK,D,20201118,000000,0.45,0.45,0.435,0.45,1070000,0
1442.HK,D,20201119,000000,0.44,0.445,0.43,0.43,1100000,0
1442.HK,D,20201120,000000,0.425,0.435,0.42,0.43,380000,0
1442.HK,D,20201123,000000,0.435,0.45,0.43,0.445,22110000,0
1442.HK,D,20201124,000000,0.46,0.47,0.435,0.45,6680000,0
1442.HK,D,20201125,000000,0.455,0.455,0.445,0.445,1740000,0
1442.HK,D,20201126,000000,0.44,0.455,0.44,0.44,1780000,0
1442.HK,D,20201127,000000,0.45,0.455,0.44,0.44,5840000,0
1442.HK,D,20201130,000000,0.45,0.45,0.445,0.45,1880000,0
1442.HK,D,20201201,000000,0.45,0.45,0.445,0.445,960000,0
1442.HK,D,20201202,000000,0.445,0.445,0.44,0.445,310000,0
1442.HK,D,20201203,000000,0.445,0.45,0.44,0.44,180000,0
1442.HK,D,20201204,000000,0.45,0.455,0.445,0.45,480000,0
1442.HK,D,20201207,000000,0.46,0.47,0.46,0.47,1780000,0
1442.HK,D,20201208,000000,0.47,0.47,0.455,0.455,1950000,0
1442.HK,D,20201209,000000,0.465,0.465,0.455,0.455,780000,0
1442.HK,D,20201210,000000,0.46,0.465,0.455,0.455,1010000,0
1442.HK,D,20201211,000000,0.45,0.45,0.45,0.45,630000,0
1442.HK,D,20201214,000000,0.45,0.45,0.43,0.43,460000,0
1442.HK,D,20201215,000000,0.43,0.45,0.425,0.44,1210000,0
1442.HK,D,20201216,000000,0.455,0.46,0.44,0.44,450000,0
1442.HK,D,20201217,000000,0.43,0.43,0.4,0.42,750000,0
1442.HK,D,20201218,000000,0.42,0.425,0.42,0.42,460000,0
1442.HK,D,20201221,000000,0.36,0.42,0.36,0.36,2960000,0
1442.HK,D,20201222,000000,0.395,0.41,0.365,0.395,1090000,0
1442.HK,D,20201223,000000,0.4,0.4,0.385,0.4,1340000,0
1442.HK,D,20201224,000000,0.385,0.39,0.34,0.385,2700000,0
1442.HK,D,20201228,000000,0.4,0.42,0.4,0.41,380000,0
1442.HK,D,20201229,000000,0.415,0.435,0.395,0.415,2570000,0
1442.HK,D,20201230,000000,0.41,0.415,0.41,0.41,1190000,0
1442.HK,D,20201231,000000,0.41,0.41,0.395,0.405,470000,0
1442.HK,D,20210104,000000,0.415,0.415,0.4,0.415,20000,0
1442.HK,D,20210105,000000,0.395,0.4,0.395,0.395,250000,0
1442.HK,D,20210106,000000,0.41,0.41,0.41,0.41,20000,0
1442.HK,D,20210107,000000,0.41,0.41,0.4,0.41,290000,0
1442.HK,D,20210108,000000,0.4,0.41,0.39,0.4,540000,0
1442.HK,D,20210111,000000,0.39,0.405,0.385,0.395,1210000,0
1442.HK,D,20210112,000000,0.4,0.4,0.38,0.4,670000,0
1442.HK,D,20210113,000000,0.385,0.39,0.385,0.39,450000,0
1442.HK,D,20210114,000000,0.39,0.39,0.39,0.39,100000,0
1442.HK,D,20210115,000000,0.39,0.39,0.375,0.385,940000,0
1442.HK,D,20210118,000000,0.385,0.39,0.38,0.38,1020000,0
1442.HK,D,20210119,000000,0.38,0.38,0.375,0.375,670000,0
1442.HK,D,20210120,000000,0.4,0.4,0.37,0.37,950000,0
1442.HK,D,20210121,000000,0.38,0.39,0.38,0.39,90000,0
1442.HK,D,20210122,000000,0.39,0.39,0.385,0.385,80000,0
1442.HK,D,20210125,000000,0.38,0.38,0.38,0.38,10000,0
1442.HK,D,20210126,000000,0.38,0.38,0.38,0.38,860000,0
1442.HK,D,20210127,000000,0.375,0.375,0.375,0.375,0,0
1442.HK,D,20210128,000000,0.375,0.375,0.375,0.375,0,0
1442.HK,D,20210129,000000,0.375,0.385,0.375,0.385,450000,0
1442.HK,D,20210201,000000,0.37,0.37,0.37,0.37,40000,0
1442.HK,D,20210202,000000,0.4,0.4,0.38,0.4,660000,0
1442.HK,D,20210203,000000,0.405,0.405,0.395,0.405,500000,0
1442.HK,D,20210204,000000,0.405,0.405,0.405,0.405,0,0
1442.HK,D,20210205,000000,0.38,0.405,0.38,0.405,20000,0
1442.HK,D,20210208,000000,0.405,0.405,0.4,0.405,50000,0
1442.HK,D,20210209,000000,0.4,0.41,0.4,0.405,520000,0
1442.HK,D,20210210,000000,0.395,0.42,0.395,0.415,730000,0
1442.HK,D,20210211,000000,0.415,0.42,0.415,0.42,50000,0
1442.HK,D,20210216,000000,0.425,0.425,0.425,0.425,20000,0
1442.HK,D,20210217,000000,0.405,0.405,0.405,0.405,0,0
1442.HK,D,20210218,000000,0.405,0.405,0.4,0.405,680000,0
1442.HK,D,20210219,000000,0.41,0.41,0.41,0.41,100000,0
1442.HK,D,20210222,000000,0.405,0.405,0.405,0.405,40000,0
1442.HK,D,20210223,000000,0.41,0.415,0.41,0.415,220000,0
1442.HK,D,20210224,000000,0.415,0.42,0.415,0.415,290000,0
1442.HK,D,20210225,000000,0.415,0.415,0.415,0.415,170000,0
1442.HK,D,20210226,000000,0.415,0.425,0.415,0.415,650000,0
1442.HK,D,20210301,000000,0.415,0.415,0.41,0.415,170000,0
1442.HK,D,20210302,000000,0.42,0.42,0.41,0.41,240000,0
1442.HK,D,20210303,000000,0.41,0.41,0.41,0.41,0,0
1442.HK,D,20210304,000000,0.41,0.41,0.41,0.41,0,0
1442.HK,D,20210305,000000,0.41,0.41,0.41,0.41,0,0
1442.HK,D,20210308,000000,0.415,0.475,0.415,0.475,3720000,0
1442.HK,D,20210309,000000,0.48,0.6,0.48,0.495,8260000,0
1442.HK,D,20210310,000000,0.52,0.65,0.5,0.61,14440000,0
1442.HK,D,20210311,000000,0.65,0.68,0.58,0.63,11280000,0
1442.HK,D,20210312,000000,0.64,0.65,0.6,0.61,1490000,0
1442.HK,D,20210315,000000,0.61,0.67,0.61,0.63,1980000,0
1442.HK,D,20210316,000000,0.65,0.65,0.63,0.63,960000,0
1442.HK,D,20210317,000000,0.63,0.74,0.63,0.69,4310000,0
1442.HK,D,20210318,000000,0.73,0.73,0.67,0.68,3868500,0
1442.HK,D,20210319,000000,0.69,0.7,0.65,0.68,1860000,0
1442.HK,D,20210322,000000,0.68,0.69,0.65,0.66,2790000,0
1442.HK,D,20210323,000000,0.65,0.67,0.6,0.65,2570000,0
1442.HK,D,20210324,000000,0.64,0.66,0.61,0.66,1530000,0
1442.HK,D,20210325,000000,0.67,0.67,0.66,0.66,90000,0
1442.HK,D,20210326,000000,0.66,0.66,0.65,0.65,410000,0
1442.HK,D,20210329,000000,0.68,0.68,0.66,0.68,320000,0
1442.HK,D,20210330,000000,0.74,0.75,0.61,0.74,3210000,0
1442.HK,D,20210331,000000,0.74,0.74,0.71,0.71,260000,0
1442.HK,D,20210401,000000,0.68,0.71,0.66,0.7,220000,0
1442.HK,D,20210407,000000,0.7,0.7,0.67,0.69,500000,0
1442.HK,D,20210408,000000,0.7,0.72,0.67,0.71,1390000,0
1442.HK,D,20210409,000000,0.67,0.72,0.67,0.7,820000,0
1442.HK,D,20210412,000000,0.7,0.7,0.68,0.7,480000,0
1442.HK,D,20210413,000000,0.71,0.71,0.7,0.71,120000,0
1442.HK,D,20210414,000000,0.71,0.71,0.7,0.7,210000,0
1442.HK,D,20210415,000000,0.7,0.79,0.7,0.74,2100000,0
1442.HK,D,20210416,000000,0.75,0.75,0.72,0.73,570000,0
1442.HK,D,20210419,000000,0.72,0.73,0.7,0.73,620000,0
1442.HK,D,20210420,000000,0.73,0.83,0.73,0.77,1220000,0
1442.HK,D,20210421,000000,0.77,0.83,0.75,0.8,1330000,0
1442.HK,D,20210422,000000,0.8,0.81,0.8,0.81,350000,0
1442.HK,D,20210423,000000,0.8,0.81,0.78,0.8,200000,0
1442.HK,D,20210426,000000,0.8,0.81,0.79,0.81,200000,0
1442.HK,D,20210427,000000,0.78,0.8,0.78,0.8,210000,0
1442.HK,D,20210428,000000,0.79,0.79,0.75,0.77,890000,0
1442.HK,D,20210429,000000,0.77,0.79,0.75,0.77,440000,0
1442.HK,D,20210430,000000,0.76,0.76,0.74,0.74,1210000,0
1442.HK,D,20210503,000000,0.7,0.75,0.67,0.75,810000,0
1442.HK,D,20210504,000000,0.76,0.76,0.75,0.75,150000,0
1442.HK,D,20210505,000000,0.75,0.75,0.75,0.75,10000,0
1442.HK,D,20210506,000000,0.75,0.75,0.73,0.73,110000,0
1442.HK,D,20210507,000000,0.69,0.73,0.68,0.73,200000,0
1442.HK,D,20210510,000000,0.71,0.75,0.71,0.71,560000,0
1442.HK,D,20210511,000000,0.69,0.8,0.67,0.78,1910000,0
1442.HK,D,20210512,000000,0.75,0.85,0.75,0.85,1810000,0
1442.HK,D,20210513,000000,0.85,0.93,0.82,0.89,1520000,0
1442.HK,D,20210514,000000,0.89,1,0.89,0.98,3490000,0
1442.HK,D,20210517,000000,1.01,1.01,0.93,0.94,1280000,0
1442.HK,D,20210518,000000,0.97,0.99,0.96,0.99,550000,0
1442.HK,D,20210520,000000,0.96,0.98,0.95,0.98,680000,0
1442.HK,D,20210521,000000,0.95,0.97,0.93,0.96,360000,0
1442.HK,D,20210524,000000,0.98,0.98,0.95,0.98,150000,0
1442.HK,D,20210525,000000,0.97,0.98,0.96,0.96,900000,0
1442.HK,D,20210526,000000,1.03,1.03,0.96,1.03,1600000,0
1442.HK,D,20210527,000000,1.01,1.01,0.99,1.01,650000,0
1442.HK,D,20210528,000000,1.01,1.02,0.98,1.02,480000,0
1442.HK,D,20210531,000000,1.01,1.03,0.99,1.01,2180000,0
1442.HK,D,20210601,000000,1.01,1.07,1.01,1.07,1010000,0
1442.HK,D,20210602,000000,1.09,1.13,1.09,1.12,1780000,0
1442.HK,D,20210603,000000,1.12,1.12,1.09,1.11,430000,0
1442.HK,D,20210604,000000,1.12,1.2,1.12,1.2,1110000,0
1442.HK,D,20210607,000000,1.18,1.18,1.06,1.17,1210000,0
1442.HK,D,20210608,000000,1.18,1.18,1.13,1.15,1030000,0
1442.HK,D,20210609,000000,1.18,1.18,1.12,1.18,230000,0
1442.HK,D,20210610,000000,1.18,1.24,1.18,1.24,1750000,0
1442.HK,D,20210611,000000,1.25,1.3,1.24,1.3,2430000,0
1442.HK,D,20210615,000000,1.3,1.3,1.24,1.28,1230000,0
1442.HK,D,20210616,000000,1.28,1.32,1.28,1.32,610000,0
1442.HK,D,20210617,000000,1.33,1.45,1.32,1.45,3010000,0
1442.HK,D,20210618,000000,1.43,1.48,1.42,1.42,10160000,0
1442.HK,D,20210621,000000,1.42,1.45,1.4,1.42,3380000,0
1442.HK,D,20210622,000000,1.46,1.46,1.34,1.4,3300000,0
1442.HK,D,20210623,000000,1.41,1.41,0.54,0.94,18590000,0
1442.HK,D,20210624,000000,1,1.36,1,1.27,10490000,0
1442.HK,D,20210625,000000,1.27,1.28,1.19,1.21,4110000,0
1442.HK,D,20210628,000000,1.2,1.35,1.2,1.35,400000,0
1442.HK,D,20210629,000000,1.37,1.4,1.35,1.38,750000,0
1442.HK,D,20210630,000000,1.5,1.5,1.41,1.45,1320000,0
1442.HK,D,20210702,000000,1.48,1.48,1.32,1.37,810000,0
1442.HK,D,20210705,000000,1.31,1.38,1.3,1.38,420000,0
1442.HK,D,20210706,000000,1.4,1.4,1.37,1.37,810000,0
1442.HK,D,20210707,000000,1.37,1.38,1.3,1.3,2341000,0
1442.HK,D,20210708,000000,1.32,1.34,1.26,1.26,65630000,0
1442.HK,D,20210709,000000,1.26,1.33,1.16,1.23,3330000,0
1442.HK,D,20210712,000000,1.22,1.22,1.17,1.19,10790000,0
1442.HK,D,20210713,000000,1.22,1.26,1.16,1.19,3430000,0
1442.HK,D,20210714,000000,1.22,1.23,1.13,1.2,3460000,0
1442.HK,D,20210715,000000,1.16,1.3,1.11,1.3,4580000,0
1442.HK,D,20210716,000000,1.2,1.31,1.18,1.28,4250000,0
1442.HK,D,20210719,000000,1.22,1.25,1.15,1.18,3100000,0
1442.HK,D,20210720,000000,1.19,1.19,1.13,1.13,2750000,0
1442.HK,D,20210721,000000,1.14,1.2,1.12,1.13,2170000,0
1442.HK,D,20210722,000000,1.17,1.21,1.15,1.16,1360000,0
1442.HK,D,20210723,000000,1.16,1.19,1.12,1.12,650000,0
1442.HK,D,20210726,000000,1.17,1.2,1.12,1.14,2450000,0
1442.HK,D,20210727,000000,1.14,1.28,1.1,1.24,2400000,0
1442.HK,D,20210728,000000,1.22,1.27,1.21,1.21,3200000,0
1442.HK,D,20210729,000000,1.22,1.25,1.22,1.24,5606000,0
1442.HK,D,20210730,000000,1.25,1.25,1.17,1.17,2860000,0
1442.HK,D,20210802,000000,1.17,1.2,1.16,1.16,1680000,0
1442.HK,D,20210803,000000,1.17,1.18,1.11,1.18,2734000,0
1442.HK,D,20210804,000000,1.13,1.18,1.12,1.14,1360000,0
1442.HK,D,20210805,000000,1.15,1.16,1.12,1.15,1900000,0
1442.HK,D,20210806,000000,1.18,1.25,1.18,1.25,1850000,0
1442.HK,D,20210809,000000,1.27,1.27,1.22,1.25,1270000,0
1442.HK,D,20210810,000000,1.24,1.24,1.2,1.22,1440000,0
1442.HK,D,20210811,000000,1.28,1.28,1.21,1.24,1310000,0
1442.HK,D,20210812,000000,1.26,1.26,1.23,1.25,1050000,0
1442.HK,D,20210813,000000,1.24,1.24,1.21,1.23,1120000,0
1442.HK,D,20210816,000000,1.19,1.19,1.18,1.19,1230000,0
1442.HK,D,20210817,000000,1.22,1.22,1.15,1.16,2300000,0
1442.HK,D,20210818,000000,1.25,1.25,1.21,1.25,270000,0
1442.HK,D,20210819,000000,1.24,1.25,1.18,1.18,1360000,0
1442.HK,D,20210820,000000,1.2,1.22,1.14,1.2,200000,0
1442.HK,D,20210823,000000,1.23,1.23,1.17,1.17,90000,0
1442.HK,D,20210824,000000,1.24,1.24,1.19,1.19,820000,0
1442.HK,D,20210825,000000,1.2,1.21,1.18,1.18,270000,0
1442.HK,D,20210826,000000,1.23,1.23,1.15,1.23,330000,0
1442.HK,D,20210827,000000,1.1,1.22,1.1,1.22,880000,0
1442.HK,D,20210830,000000,1.2,1.23,1.2,1.2,350000,0
1442.HK,D,20210831,000000,1.18,1.3,1.18,1.28,2710000,0
1442.HK,D,20210901,000000,1.29,1.29,1.24,1.27,2910000,0
1442.HK,D,20210902,000000,1.24,1.29,1.22,1.25,2240000,0
1442.HK,D,20210903,000000,1.26,1.26,1.22,1.26,1000000,0
1442.HK,D,20210906,000000,1.32,1.32,1.27,1.3,2780000,0
1442.HK,D,20210907,000000,1.3,1.42,1.3,1.4,3880000,0
1442.HK,D,20210908,000000,1.39,1.52,1.39,1.48,2800000,0
1442.HK,D,20210909,000000,1.49,1.49,1.4,1.43,960000,0
1442.HK,D,20210910,000000,1.46,1.46,1.4,1.41,2150000,0
1442.HK,D,20210913,000000,1.45,1.45,1.4,1.41,970000,0
1442.HK,D,20210914,000000,1.42,1.42,1.41,1.41,100000,0
1442.HK,D,20210915,000000,1.42,1.48,1.42,1.47,1120000,0
1442.HK,D,20210916,000000,1.47,1.48,1.44,1.47,250000,0
1442.HK,D,20210917,000000,1.5,1.64,1.5,1.61,7530000,0
1442.HK,D,20210920,000000,1.66,1.78,1.63,1.75,2750000,0
1442.HK,D,20210921,000000,1.76,1.77,1.53,1.69,1700000,0
1442.HK,D,20210923,000000,1.7,1.81,1.66,1.79,1820000,0
1442.HK,D,20210924,000000,1.8,1.8,1.75,1.76,1020027,0
1442.HK,D,20210927,000000,1.66,1.69,1.65,1.65,600000,0
1442.HK,D,20210928,000000,1.64,1.68,1.62,1.63,940000,0
1442.HK,D,20210929,000000,1.64,1.64,1.57,1.6,3720000,0
1442.HK,D,20210930,000000,1.6,1.7,1.6,1.7,410000,0
1442.HK,D,20211004,000000,1.7,1.74,1.68,1.68,840000,0
1442.HK,D,20211005,000000,1.67,1.69,1.67,1.67,100000,0
1442.HK,D,20211006,000000,1.65,1.65,1.6,1.6,760000,0
1442.HK,D,20211007,000000,1.6,1.73,1.6,1.65,1150000,0
1442.HK,D,20211008,000000,1.65,1.65,1.63,1.65,385000,0
1442.HK,D,20211011,000000,1.65,1.65,1.6,1.62,235000,0
1442.HK,D,20211012,000000,1.6,1.73,1.6,1.73,1370000,0
1442.HK,D,20211015,000000,1.67,1.71,1.67,1.67,740000,0
1442.HK,D,20211018,000000,1.67,1.7,1.67,1.69,170000,0
1442.HK,D,20211019,000000,1.69,1.69,1.66,1.66,155000,0
1442.HK,D,20211020,000000,1.67,1.68,1.6,1.63,1260000,0
1442.HK,D,20211021,000000,1.62,1.65,1.6,1.64,420000,0
1442.HK,D,20211022,000000,1.64,1.7,1.61,1.65,675000,0
1442.HK,D,20211025,000000,1.65,1.73,1.65,1.69,865000,0
1442.HK,D,20211026,000000,1.69,1.73,1.69,1.71,50000,0
1442.HK,D,20211027,000000,1.7,1.7,1.7,1.7,65000,0
1442.HK,D,20211028,000000,1.7,1.71,1.6,1.68,705000,0
1442.HK,D,20211029,000000,1.74,1.74,1.62,1.74,195000,0
1442.HK,D,20211101,000000,1.7,1.77,1.7,1.74,465000,0
1442.HK,D,20211102,000000,1.74,1.8,1.7,1.7,475000,0
1442.HK,D,20211103,000000,1.83,1.83,1.69,1.69,375000,0
1442.HK,D,20211104,000000,1.7,1.75,1.67,1.71,605000,0
1442.HK,D,20211105,000000,1.67,1.69,1.65,1.65,455000,0
1442.HK,D,20211108,000000,1.67,1.72,1.62,1.66,1335000,0
1442.HK,D,20211109,000000,1.69,1.71,1.66,1.69,340000,0
1442.HK,D,20211110,000000,1.7,1.7,1.66,1.66,390000,0
1442.HK,D,20211111,000000,1.68,1.68,1.66,1.66,335000,0
1442.HK,D,20211112,000000,1.72,1.79,1.67,1.72,830000,0
1442.HK,D,20211115,000000,1.73,1.77,1.66,1.67,715000,0
1442.HK,D,20211116,000000,1.73,1.74,1.64,1.67,870000,0
1442.HK,D,20211117,000000,1.7,1.7,1.65,1.65,560000,0
1442.HK,D,20211118,000000,1.7,1.7,1.63,1.63,560000,0
1442.HK,D,20211119,000000,1.64,1.65,1.59,1.63,725000,0
1442.HK,D,20211122,000000,1.63,1.66,1.6,1.66,590000,0
1442.HK,D,20211123,000000,1.7,1.72,1.6,1.66,620000,0
1442.HK,D,20211124,000000,1.61,1.61,1.6,1.61,145000,0
1442.HK,D,20211125,000000,1.6,1.61,1.6,1.61,215000,0
1442.HK,D,20211126,000000,1.65,1.7,1.6,1.63,770000,0
1442.HK,D,20211129,000000,1.6,1.6,1.59,1.59,130000,0
1442.HK,D,20211130,000000,1.51,1.55,1.49,1.49,555000,0
1442.HK,D,20211201,000000,1.54,1.54,1.46,1.54,1255000,0
1442.HK,D,20211202,000000,1.53,1.53,1.48,1.48,1080000,0
1442.HK,D,20211203,000000,1.49,1.49,1.49,1.49,110000,0
1442.HK,D,20211206,000000,1.54,1.54,1.49,1.5,520000,0
1442.HK,D,20211207,000000,1.51,1.51,1.48,1.48,85000,0
1442.HK,D,20211208,000000,1.48,1.52,1.48,1.51,50000,0
1442.HK,D,20211209,000000,1.51,1.52,1.5,1.52,470000,0
1442.HK,D,20211210,000000,1.52,1.52,1.46,1.51,55000,0
1442.HK,D,20211213,000000,1.56,1.6,1.56,1.59,30000,0
1442.HK,D,20211214,000000,1.63,1.65,1.6,1.63,510000,0
1442.HK,D,20211215,000000,1.66,1.66,1.6,1.64,35000,0
1442.HK,D,20211216,000000,1.64,1.64,1.64,1.64,0,0
1442.HK,D,20211217,000000,1.63,1.64,1.63,1.63,565000,0
1442.HK,D,20211220,000000,1.63,1.63,1.61,1.61,20000,0
1442.HK,D,20211221,000000,1.67,1.67,1.66,1.66,25000,0
1442.HK,D,20211222,000000,1.63,1.64,1.63,1.64,505000,0
1442.HK,D,20211223,000000,1.48,1.63,1.48,1.62,70000,0
1442.HK,D,20211224,000000,1.61,1.61,1.61,1.61,20000,0
1442.HK,D,20211228,000000,1.6,1.6,1.6,1.6,510000,0
1442.HK,D,20211229,000000,1.6,1.61,1.6,1.61,220000,0
1442.HK,D,20211230,000000,1.69,1.75,1.62,1.68,560000,0
1442.HK,D,20211231,000000,1.66,1.67,1.66,1.66,110000,0
1442.HK,D,20220103,000000,1.66,1.69,1.66,1.69,45000,0
1442.HK,D,20220104,000000,1.69,1.76,1.6,1.71,1090000,0
1442.HK,D,20220105,000000,1.66,1.68,1.66,1.66,60000,0
1442.HK,D,20220106,000000,1.66,1.73,1.66,1.72,185000,0
1442.HK,D,20220107,000000,1.72,1.72,1.65,1.68,320000,0
1442.HK,D,20220110,000000,1.68,1.71,1.65,1.71,185000,0
1442.HK,D,20220111,000000,1.71,1.71,1.63,1.68,80000,0
1442.HK,D,20220112,000000,1.68,1.68,1.68,1.68,0,0
1442.HK,D,20220113,000000,1.69,1.7,1.65,1.65,720000,0
1442.HK,D,20220114,000000,1.65,1.7,1.65,1.66,210000,0
1442.HK,D,20220117,000000,1.66,1.69,1.66,1.69,15000,0
1442.HK,D,20220118,000000,1.66,1.69,1.62,1.66,1145000,0
1442.HK,D,20220119,000000,1.65,1.67,1.63,1.67,1615000,0
1442.HK,D,20220120,000000,1.68,1.68,1.67,1.68,10000,0
1442.HK,D,20220121,000000,1.67,1.67,1.67,1.67,60000,0
1442.HK,D,20220124,000000,1.65,1.66,1.63,1.63,90000,0
1442.HK,D,20220125,000000,1.62,1.68,1.61,1.68,105000,0
1442.HK,D,20220126,000000,1.68,1.68,1.68,1.68,0,0
1442.HK,D,20220127,000000,1.66,1.66,1.61,1.65,1590000,0
1442.HK,D,20220128,000000,1.67,1.69,1.62,1.69,2000000,0
1442.HK,D,20220131,000000,1.69,1.88,1.69,1.88,1495000,0
1442.HK,D,20220204,000000,1.89,1.94,1.82,1.82,635000,0
1442.HK,D,20220207,000000,1.82,1.82,1.65,1.77,1305000,0
1442.HK,D,20220208,000000,1.72,1.93,1.66,1.89,1525000,0
1442.HK,D,20220209,000000,1.9,1.95,1.83,1.87,590000,0
1442.HK,D,20220210,000000,1.87,1.92,1.81,1.82,1705000,0
1442.HK,D,20220211,000000,1.82,1.82,1.82,1.82,90000,0
1442.HK,D,20220214,000000,1.8,1.86,1.8,1.85,270000,0
1442.HK,D,20220215,000000,1.8,1.8,1.7,1.8,2480000,0
1442.HK,D,20220216,000000,1.76,1.78,1.71,1.76,1285000,0
1442.HK,D,20220217,000000,1.71,1.79,1.71,1.75,1015000,0
1442.HK,D,20220218,000000,1.75,1.76,1.73,1.73,610000,0
1442.HK,D,20220221,000000,1.71,1.71,1.7,1.71,65000,0
1442.HK,D,20220222,000000,1.71,1.77,1.65,1.66,1425000,0
1442.HK,D,20220223,000000,1.65,1.79,1.62,1.66,3270000,0
1442.HK,D,20220224,000000,1.62,1.7,1.56,1.58,5275000,0
1442.HK,D,20220225,000000,1.68,1.68,1.55,1.62,1895000,0
1442.HK,D,20220228,000000,1.61,1.61,1.51,1.53,690000,0
1442.HK,D,20220301,000000,1.58,1.59,1.49,1.53,2235000,0
1442.HK,D,20220302,000000,1.55,1.58,1.5,1.57,950000,0
1442.HK,D,20220303,000000,1.58,1.66,1.57,1.62,1800000,0
1442.HK,D,20220304,000000,1.52,1.57,1.5,1.57,250000,0
1442.HK,D,20220307,000000,1.56,1.57,1.5,1.55,1505000,0
1442.HK,D,20220308,000000,1.51,1.51,1.4,1.43,3050000,0
1442.HK,D,20220309,000000,1.59,1.66,1.44,1.46,790000,0
1442.HK,D,20220310,000000,1.5,1.54,1.42,1.44,3030000,0
1442.HK,D,20220311,000000,1.41,1.45,1.39,1.4,1910000,0
1442.HK,D,20220314,000000,1.41,1.47,1.38,1.4,1515000,0
1442.HK,D,20220315,000000,1.44,1.48,1.42,1.42,280000,0
1442.HK,D,20220316,000000,1.55,1.55,1.46,1.46,900000,0
1442.HK,D,20220317,000000,1.42,1.55,1.41,1.42,2245000,0
1442.HK,D,20220318,000000,1.41,1.44,1.4,1.4,265000,0
1442.HK,D,20220321,000000,1.36,1.54,1.27,1.32,2790000,0
1442.HK,D,20220322,000000,1.29,1.32,1.29,1.32,155000,0
1442.HK,D,20220323,000000,1.33,1.39,1.33,1.39,40000,0
1442.HK,D,20220324,000000,1.43,1.47,1.42,1.42,275000,0
1442.HK,D,20220325,000000,1.43,1.45,1.41,1.43,35000,0
1442.HK,D,20220328,000000,1.42,1.43,1.42,1.42,50000,0
1442.HK,D,20220329,000000,1.43,1.46,1.41,1.46,95000,0
1442.HK,D,20220330,000000,1.48,1.48,1.35,1.39,870000,0
1442.HK,D,20220331,000000,1.35,1.35,1.26,1.27,960000,0
1442.HK,D,20220401,000000,1.27,1.29,1.24,1.26,295000,0
1442.HK,D,20220404,000000,1.27,1.31,1.27,1.29,780000,0
1442.HK,D,20220406,000000,1.28,1.31,1.26,1.26,685000,0
1442.HK,D,20220407,000000,1.38,1.38,1.24,1.25,2560000,0
1442.HK,D,20220408,000000,1.37,1.37,1.19,1.19,635000,0
1442.HK,D,20220411,000000,1.15,1.2,1.15,1.2,2035000,0
1442.HK,D,20220412,000000,1.19,1.24,1.19,1.23,1615000,0
1442.HK,D,20220413,000000,1.21,1.23,1.18,1.2,4490000,0
1442.HK,D,20220414,000000,1.19,1.22,1.17,1.17,2955000,0
1442.HK,D,20220419,000000,1.22,1.24,1.17,1.17,2510000,0
1442.HK,D,20220420,000000,1.19,1.21,1.15,1.19,1985000,0
1442.HK,D,20220421,000000,1.15,1.17,1.14,1.14,1025000,0
1442.HK,D,20220422,000000,1.15,1.15,1.15,1.15,1055000,0
1442.HK,D,20220425,000000,1.17,1.49,1.17,1.3,625000,0
1442.HK,D,20220426,000000,1.3,1.45,1.3,1.34,1125000,0
1442.HK,D,20220427,000000,1.34,1.34,1.3,1.3,35000,0
1442.HK,D,20220428,000000,1.21,1.34,1.2,1.3,2485000,0
1442.HK,D,20220429,000000,1.27,1.3,1.27,1.3,1060000,0
1442.HK,D,20220503,000000,1.35,1.39,1.25,1.28,725000,0
1442.HK,D,20220504,000000,1.3,1.34,1.3,1.3,3250000,0
1442.HK,D,20220505,000000,1.3,1.3,1.26,1.3,4330000,0
1442.HK,D,20220506,000000,1.28,1.29,1.25,1.29,530000,0
1442.HK,D,20220510,000000,1.2,1.25,1.2,1.2,2095000,0
1442.HK,D,20220511,000000,1.28,1.3,1.2,1.2,3905000,0
1442.HK,D,20220512,000000,1.21,1.21,1.19,1.21,1075000,0
1442.HK,D,20220513,000000,1.2,1.2,1.2,1.2,70000,0
1442.HK,D,20220516,000000,1.2,1.23,1.19,1.23,920000,0
1442.HK,D,20220517,000000,1.25,1.3,1.21,1.21,3145000,0
1442.HK,D,20220518,000000,1.19,1.2,1.12,1.2,3285000,0
1442.HK,D,20220519,000000,1.2,1.29,1.16,1.2,1350000,0
1442.HK,D,20220520,000000,1.2,1.24,1.11,1.2,1040000,0
1442.HK,D,20220523,000000,1.22,1.29,1.15,1.17,1650000,0
1442.HK,D,20220524,000000,1.16,1.18,1.15,1.17,800000,0
1442.HK,D,20220525,000000,1.17,1.17,1.17,1.17,0,0
1442.HK,D,20220526,000000,1.17,1.17,1.17,1.17,0,0
1442.HK,D,20220527,000000,1.16,1.16,1.12,1.13,25000,0
1442.HK,D,20220530,000000,1.1,1.12,1.1,1.1,70000,0
1442.HK,D,20220531,000000,1.08,1.12,1.07,1.12,130000,0
1442.HK,D,20220601,000000,1.12,1.17,1.12,1.12,135000,0
1442.HK,D,20220602,000000,1.12,1.12,1.12,1.12,0,0
1442.HK,D,20220606,000000,1.11,1.11,1.11,1.11,0,0
1442.HK,D,20220607,000000,1.11,1.11,1.11,1.11,0,0
1442.HK,D,20220608,000000,1.19,1.19,1.14,1.14,420000,0
1442.HK,D,20220609,000000,1.18,1.19,1.13,1.13,500000,0
1442.HK,D,20220610,000000,1.12,1.13,1.12,1.13,255000,0
1442.HK,D,20220613,000000,1.16,1.16,1.06,1.16,770000,0
1442.HK,D,20220614,000000,1.17,1.17,1.11,1.16,740000,0
1442.HK,D,20220615,000000,1.17,1.18,1.02,1.1,505000,0
1442.HK,D,20220616,000000,1.1,1.1,1.03,1.03,795000,0
1442.HK,D,20220617,000000,1.03,1.06,1.02,1.02,760000,0
1442.HK,D,20220620,000000,1.12,1.12,0.96,0.97,630000,0
1442.HK,D,20220621,000000,0.97,0.97,0.97,0.97,5000,0
1442.HK,D,20220622,000000,0.96,0.96,0.89,0.92,2830000,0
1442.HK,D,20220623,000000,0.9,0.9,0.85,0.87,830000,0
1442.HK,D,20220624,000000,0.87,0.89,0.84,0.85,4885000,0
1442.HK,D,20220627,000000,0.85,1.09,0.83,1.04,660000,0
1442.HK,D,20220628,000000,1.02,1.04,1.02,1.02,100000,0
1442.HK,D,20220629,000000,1.2,1.2,0.9,0.95,1280000,0
1442.HK,D,20220630,000000,1.03,1.03,0.93,1.03,3075000,0
1442.HK,D,20220704,000000,1.05,1.1,1,1.03,1865000,0
1442.HK,D,20220705,000000,1.03,1.04,0.9,0.92,740000,0
1442.HK,D,20220706,000000,0.91,1.06,0.9,1.06,550000,0
1442.HK,D,20220707,000000,1.07,1.07,0.98,1.07,115000,0
1442.HK,D,20220708,000000,0.95,1,0.95,0.99,805000,0
1442.HK,D,20220711,000000,1,1,0.92,0.95,1580000,0
1442.HK,D,20220712,000000,0.92,1,0.91,1,1905000,0
1442.HK,D,20220713,000000,0.91,0.95,0.91,0.91,1020000,0
1442.HK,D,20220714,000000,0.93,0.96,0.91,0.92,1260000,0
1442.HK,D,20220715,000000,0.88,1.05,0.88,1.04,2240000,0
1442.HK,D,20220718,000000,0.99,1.04,0.93,0.99,710000,0
1442.HK,D,20220719,000000,0.92,1,0.88,1,2265000,0
1442.HK,D,20220720,000000,0.92,0.93,0.91,0.91,970000,0
1442.HK,D,20220721,000000,0.94,0.96,0.91,0.91,580000,0
1442.HK,D,20220722,000000,0.94,0.95,0.92,0.93,1760000,0
1442.HK,D,20220725,000000,0.93,0.98,0.91,0.91,2490000,0
1442.HK,D,20220726,000000,0.91,1.02,0.89,1.02,4485000,0
1442.HK,D,20220727,000000,1.1,1.13,1.1,1.11,3055000,0
1442.HK,D,20220728,000000,1.14,1.38,1.14,1.31,3000000,0
1442.HK,D,20220729,000000,1.29,1.38,1.28,1.36,2850000,0
1442.HK,D,20220801,000000,1.35,1.35,1.26,1.26,1710000,0
1442.HK,D,20220802,000000,1.32,1.33,1.16,1.18,900000,0
1442.HK,D,20220803,000000,1.15,1.35,1.15,1.35,1195000,0
1442.HK,D,20220804,000000,1.36,1.38,1.3,1.36,1135000,0
1442.HK,D,20220805,000000,1.38,1.38,1.27,1.32,2720000,0
1442.HK,D,20220808,000000,1.33,1.34,1.3,1.33,1025000,0
1442.HK,D,20220809,000000,1.34,1.34,1.27,1.27,550000,0
1442.HK,D,20220810,000000,1.24,1.24,1.22,1.24,325000,0
1442.HK,D,20220811,000000,1.32,1.5,1.31,1.39,1380000,0
1442.HK,D,20220812,000000,1.38,1.4,1.38,1.39,65000,0
1442.HK,D,20220815,000000,1.33,1.38,1.31,1.35,455000,0
1442.HK,D,20220816,000000,1.34,1.39,1.29,1.3,2525000,0
1442.HK,D,20220817,000000,1.34,1.34,1.23,1.23,1990000,0
1442.HK,D,20220818,000000,1.27,1.31,1.23,1.28,960000,0
1442.HK,D,20220819,000000,1.28,1.28,1.28,1.28,0,0
1442.HK,D,20220822,000000,1.28,1.28,1.28,1.28,0,0
1442.HK,D,20220823,000000,1.27,1.27,1.22,1.27,10000,0
1442.HK,D,20220824,000000,1.28,1.28,1.18,1.22,290000,0
1442.HK,D,20220825,000000,1.26,1.35,1.21,1.28,1285000,0
1442.HK,D,20220826,000000,1.29,1.38,1.27,1.27,235000,0
1442.HK,D,20220829,000000,1.2,1.25,1.2,1.2,470000,0
1442.HK,D,20220830,000000,1.21,1.21,1.18,1.2,95000,0
1442.HK,D,20220831,000000,1.19,1.19,1.18,1.19,230000,0
1442.HK,D,20220901,000000,1.25,1.3,1.25,1.29,120000,0
1442.HK,D,20220902,000000,1.23,1.23,1.23,1.23,5000,0
1442.HK,D,20220905,000000,1.28,1.31,1.22,1.31,2555000,0
1442.HK,D,20220906,000000,1.32,1.37,1.29,1.29,135000,0
1442.HK,D,20220907,000000,1.24,1.24,1.2,1.2,205000,0
1442.HK,D,20220908,000000,1.25,1.35,1.21,1.3,2180000,0
1442.HK,D,20220909,000000,1.23,1.23,1.19,1.22,325000,0
1442.HK,D,20220913,000000,1.18,1.33,1.18,1.33,1975000,0
1442.HK,D,20220914,000000,1.3,1.33,1.3,1.33,885000,0
1442.HK,D,20220915,000000,1.23,1.25,1.23,1.23,110000,0
1442.HK,D,20220916,000000,1.33,1.33,1.22,1.25,400000,0
1442.HK,D,20220919,000000,1.26,1.45,1.26,1.43,4970000,0
1442.HK,D,20220920,000000,1.33,1.43,1.31,1.43,1580000,0
1442.HK,D,20220921,000000,1.33,1.34,1.28,1.29,1710000,0
1442.HK,D,20220922,000000,1.39,1.42,1.29,1.39,3000000,0
1442.HK,D,20220923,000000,1.3,1.33,1.3,1.3,125000,0
1442.HK,D,20220926,000000,1.31,1.42,1.31,1.39,1200000,0
1442.HK,D,20220927,000000,1.39,1.39,1.38,1.39,600000,0
1442.HK,D,20220928,000000,1.38,1.38,1.38,1.38,0,0
1442.HK,D,20220929,000000,1.39,1.39,1.35,1.39,1200000,0
1442.HK,D,20220930,000000,1.34,1.34,1.27,1.28,365000,0
1442.HK,D,20221003,000000,1.3,1.32,1.28,1.28,600000,0
1442.HK,D,20221005,000000,1.23,1.28,1.22,1.26,380000,0
1442.HK,D,20221006,000000,1.26,1.26,1.26,1.26,0,0
1442.HK,D,20221007,000000,1.23,1.24,1.21,1.24,250000,0
1442.HK,D,20221010,000000,1.25,1.25,1.25,1.25,10000,0
1442.HK,D,20221011,000000,1.22,1.22,1.21,1.21,90000,0
1442.HK,D,20221012,000000,1.23,1.23,1.23,1.23,100000,0
1442.HK,D,20221013,000000,1.24,1.27,1.24,1.26,160000,0
1442.HK,D,20221014,000000,1.26,1.26,1.26,1.26,0,0
1442.HK,D,20221017,000000,1.24,1.24,1.24,1.24,0,0
1442.HK,D,20221018,000000,1.24,1.24,1.24,1.24,0,0
1442.HK,D,20221019,000000,1.24,1.24,1.24,1.24,0,0
1442.HK,D,20221020,000000,1.24,1.24,1.24,1.24,0,0
1442.HK,D,20221021,000000,1.21,1.21,1.21,1.21,5000,0
1442.HK,D,20221024,000000,1.15,1.2,1.15,1.15,20000,0
1442.HK,D,20221025,000000,1.15,1.15,1.15,1.15,0,0
1442.HK,D,20221026,000000,1.15,1.15,1.15,1.15,0,0
1442.HK,D,20221027,000000,1.15,1.21,1,1.2,410000,0
1442.HK,D,20221028,000000,1.2,1.2,1.2,1.2,0,0
1442.HK,D,20221031,000000,1.15,1.15,1.06,1.15,115000,0
1442.HK,D,20221101,000000,1.15,1.15,1.15,1.15,0,0
1442.HK,D,20221102,000000,1.15,1.15,1.15,1.15,0,0
1442.HK,D,20221103,000000,1.15,1.15,1.15,1.15,0,0
1442.HK,D,20221104,000000,1.2,1.2,1.11,1.2,580000,0
1442.HK,D,20221107,000000,1.2,1.2,1.2,1.2,0,0
1442.HK,D,20221108,000000,1.2,1.2,1.2,1.2,0,0
1442.HK,D,20221109,000000,1.2,1.2,1.2,1.2,0,0
1442.HK,D,20221110,000000,1.2,1.2,1.2,1.2,0,0
1442.HK,D,20221111,000000,1.24,1.24,1.08,1.24,35000,0
1442.HK,D,20221114,000000,1.24,1.24,1.24,1.24,0,0
1442.HK,D,20221115,000000,1.33,1.34,1.17,1.17,915000,0
1442.HK,D,20221116,000000,1.17,1.26,1.1,1.17,1025000,0
1442.HK,D,20221117,000000,1.17,1.18,1.1,1.11,185000,0
1442.HK,D,20221118,000000,1.1,1.17,1.07,1.1,545000,0
1442.HK,D,20221121,000000,1.09,1.1,1.06,1.09,725000,0
1442.HK,D,20221122,000000,1.09,1.09,1.09,1.09,0,0
1442.HK,D,20221123,000000,1.09,1.09,1.09,1.09,0,0
1442.HK,D,20221124,000000,1.11,1.19,1.04,1.08,245000,0
1442.HK,D,20221125,000000,1.18,1.27,1.18,1.2,10000,0
1442.HK,D,20221128,000000,1.2,1.2,1.2,1.2,0,0
1442.HK,D,20221129,000000,1.2,1.2,1.2,1.2,0,0
1442.HK,D,20221130,000000,1.2,1.2,1.2,1.2,0,0
1442.HK,D,20221201,000000,1.1,1.17,1.1,1.17,35000,0
1442.HK,D,20221202,000000,1.2,1.2,1.2,1.2,0,0
1442.HK,D,20221205,000000,1.1,1.11,1.1,1.1,50000,0
1442.HK,D,20221206,000000,1.19,1.19,1.18,1.18,10000,0
1442.HK,D,20221207,000000,1.18,1.18,1.18,1.18,0,0
1442.HK,D,20221208,000000,1.18,1.18,1.18,1.18,0,0
1442.HK,D,20221209,000000,1.18,1.18,1.18,1.18,0,0
1442.HK,D,20221212,000000,1.15,1.15,1.01,1.15,30000,0
1442.HK,D,20221213,000000,1.15,1.15,1.15,1.15,10000,0
1442.HK,D,20221214,000000,1.05,1.25,1,1.07,395000,0
1442.HK,D,20221215,000000,1.06,1.2,1,1.06,530000,0
1442.HK,D,20221216,000000,1.06,1.06,1.06,1.06,0,0
1442.HK,D,20221219,000000,1.06,1.06,1.06,1.06,0,0
1442.HK,D,20221220,000000,1.13,1.13,1.02,1.02,335000,0
1442.HK,D,20221221,000000,1.04,1.04,1.04,1.04,10000,0
1442.HK,D,20221222,000000,1.02,1.04,1,1.04,95000,0
1442.HK,D,20221223,000000,1.04,1.04,1.04,1.04,0,0
1442.HK,D,20221228,000000,1.04,1.04,1.04,1.04,0,0
1442.HK,D,20221229,000000,0.92,1.04,0.9,1.03,530000,0
1442.HK,D,20221230,000000,0.95,1.11,0.94,1.11,205000,0
1442.HK,D,20230103,000000,1.18,1.18,1.18,1.18,5000,0
1442.HK,D,20230104,000000,1.12,1.12,1.12,1.12,30000,0
1442.HK,D,20230105,000000,1.15,1.16,1.09,1.15,3535000,0
1442.HK,D,20230106,000000,1.15,1.15,1.15,1.15,0,0
1442.HK,D,20230109,000000,1.15,1.15,1.15,1.15,0,0
1442.HK,D,20230110,000000,1.19,1.2,1.15,1.19,45000,0
1442.HK,D,20230111,000000,1.1,1.1,1.06,1.08,105000,0
1442.HK,D,20230112,000000,1.06,1.15,1.06,1.14,80000,0
1442.HK,D,20230113,000000,1.12,1.12,1.12,1.12,0,0
1442.HK,D,20230116,000000,1.15,1.15,1.11,1.15,10000,0
1442.HK,D,20230117,000000,1.11,1.11,1.11,1.11,50000,0
1442.HK,D,20230118,000000,1.09,1.14,1.09,1.14,15000,0
1442.HK,D,20230119,000000,1.13,1.13,1.13,1.13,0,0
1442.HK,D,20230120,000000,1.13,1.2,1.13,1.2,230000,0
1442.HK,D,20230126,000000,1.18,1.2,1.18,1.18,35000,0
1442.HK,D,20230127,000000,1.18,1.18,1.18,1.18,0,0
1442.HK,D,20230130,000000,1.18,1.18,1.18,1.18,0,0
1442.HK,D,20230131,000000,1.18,1.18,1.18,1.18,0,0
1442.HK,D,20230201,000000,1.18,1.26,1.17,1.26,35000,0
1442.HK,D,20230202,000000,1.17,1.18,1.17,1.17,30000,0
1442.HK,D,20230203,000000,1.17,1.17,1.17,1.17,0,0
1442.HK,D,20230206,000000,1.17,1.17,1.17,1.17,0,0
1442.HK,D,20230207,000000,1.17,1.17,1.17,1.17,0,0
1442.HK,D,20230208,000000,1.17,1.17,1.17,1.17,0,0
1442.HK,D,20230209,000000,1.17,1.17,1.17,1.17,0,0
1442.HK,D,20230210,000000,1.17,1.17,1.17,1.17,0,0
1442.HK,D,20230213,000000,1.17,1.17,1.17,1.17,0,0
1442.HK,D,20230214,000000,1.17,1.17,1.17,1.17,0,0
1442.HK,D,20230215,000000,1.17,1.17,1.17,1.17,0,0
1442.HK,D,20230216,000000,1.17,1.17,1.17,1.17,0,0
1442.HK,D,20230217,000000,1.17,1.17,1.17,1.17,0,0
1442.HK,D,20230220,000000,1.17,1.17,1.17,1.17,0,0
1442.HK,D,20230221,000000,1.17,1.17,1.17,1.17,0,0
1442.HK,D,20230222,000000,1.17,1.17,1.17,1.17,0,0
1442.HK,D,20230223,000000,1.17,1.17,1.17,1.17,0,0
1442.HK,D,20230224,000000,1.17,1.17,1.17,1.17,0,0
1442.HK,D,20230227,000000,1.15,1.15,1.15,1.15,0,0
1442.HK,D,20230228,000000,1.15,1.15,1.15,1.15,0,0
1442.HK,D,20230301,000000,1.15,1.15,1.15,1.15,0,0
1442.HK,D,20230302,000000,1.06,1.18,1.06,1.17,75000,0
1442.HK,D,20230303,000000,1.17,1.17,1.17,1.17,0,0
1442.HK,D,20230306,000000,1.08,1.08,1.08,1.08,5000,0
1442.HK,D,20230307,000000,1.09,1.09,1.09,1.09,50000,0
1442.HK,D,20230308,000000,1.08,1.08,1.08,1.08,35000,0
1442.HK,D,20230309,000000,1.08,1.08,1.07,1.08,50000,0
1442.HK,D,20230310,000000,1.14,1.14,0.95,1.07,2950000,0
1442.HK,D,20230313,000000,1.01,1.01,1,1.01,20000,0
1442.HK,D,20230314,000000,1.13,1.13,1.05,1.13,30000,0
1442.HK,D,20230315,000000,1.16,1.16,1.16,1.16,5000,0
1442.HK,D,20230316,000000,1.07,1.14,1.06,1.14,110000,0
1442.HK,D,20230317,000000,1.14,1.14,1.14,1.14,0,0
1442.HK,D,20230320,000000,1.13,1.13,1.06,1.13,15000,0
1442.HK,D,20230321,000000,1.13,1.13,1.13,1.13,0,0
1442.HK,D,20230322,000000,1.13,1.13,1.13,1.13,0,0
1442.HK,D,20230323,000000,1.13,1.13,1.13,1.13,0,0
1442.HK,D,20230324,000000,1.13,1.13,1.13,1.13,0,0
1442.HK,D,20230327,000000,1.12,1.12,1.12,1.12,0,0
1442.HK,D,20230328,000000,1.12,1.12,1.12,1.12,0,0
1442.HK,D,20230329,000000,1.11,1.11,1.11,1.11,0,0
1442.HK,D,20230330,000000,1.11,1.11,1.11,1.11,0,0
1442.HK,D,20230331,000000,1.11,1.11,1.11,1.11,0,0
1442.HK,D,20230403,000000,1.06,1.06,1.06,1.06,5000,0
1442.HK,D,20230404,000000,1.11,1.11,1.01,1.11,45000,0
1442.HK,D,20230406,000000,1.11,1.11,1.11,1.11,0,0
1442.HK,D,20230411,000000,1.03,1.13,1.02,1.12,85000,0
1442.HK,D,20230412,000000,1.05,1.13,1.05,1.13,95000,0
1442.HK,D,20230413,000000,1.13,1.13,1.13,1.13,0,0
1442.HK,D,20230414,000000,1.12,1.12,1.12,1.12,0,0
1442.HK,D,20230417,000000,1.12,1.12,1.12,1.12,0,0
1442.HK,D,20230418,000000,1.12,1.12,1.12,1.12,0,0
1442.HK,D,20230419,000000,1.12,1.12,1.06,1.12,40000,0
1442.HK,D,20230420,000000,1.04,1.11,1.02,1.08,415000,0
1442.HK,D,20230421,000000,1.04,1.38,1.01,1.38,800000,0
1442.HK,D,20230424,000000,1.36,1.39,1.16,1.33,490000,0
1442.HK,D,20230425,000000,1.23,1.23,1.09,1.09,215000,0
1442.HK,D,20230426,000000,1.04,1.18,1.04,1.16,35000,0
1442.HK,D,20230427,000000,1.28,1.28,1.15,1.28,120000,0
1442.HK,D,20230428,000000,1.28,1.28,1.28,1.28,0,0
1442.HK,D,20230502,000000,1.28,1.28,1.28,1.28,0,0
1442.HK,D,20230503,000000,1.35,1.38,1.26,1.35,70000,0
1442.HK,D,20230504,000000,1.25,1.25,1.15,1.24,130000,0
1442.HK,D,20230505,000000,1.15,1.15,1.13,1.15,10000,0
1442.HK,D,20230508,000000,1.15,1.15,1.15,1.15,0,0
1442.HK,D,20230509,000000,1.15,1.15,1.15,1.15,0,0
1442.HK,D,20230510,000000,1.15,1.15,1.15,1.15,0,0
1442.HK,D,20230511,000000,1.11,1.2,1.08,1.11,1110000,0
1442.HK,D,20230512,000000,1.06,1.12,1.02,1.06,2080000,0
1442.HK,D,20230515,000000,1.04,1.04,1,1.01,265000,0
1442.HK,D,20230516,000000,1.05,1.05,1.03,1.05,30000,0
1442.HK,D,20230517,000000,1.05,1.05,1.05,1.05,0,0
1442.HK,D,20230518,000000,1.05,1.08,1.05,1.08,40000,0
1442.HK,D,20230519,000000,1.08,1.08,1.08,1.08,0,0
1442.HK,D,20230522,000000,1.08,1.08,1.08,1.08,0,0
1442.HK,D,20230523,000000,1.08,1.08,1.08,1.08,0,0
1442.HK,D,20230524,000000,1.08,1.08,1.08,1.08,0,0
1442.HK,D,20230525,000000,1.04,1.04,1.04,1.04,0,0
1442.HK,D,20230529,000000,1.44,1.45,0.99,1.44,410000,0
1442.HK,D,20230530,000000,1.35,1.35,1.09,1.34,210000,0
1442.HK,D,20230531,000000,1.3,1.3,1.29,1.29,10000,0
1442.HK,D,20230601,000000,1.3,1.3,1.15,1.3,145000,0
1442.HK,D,20230602,000000,1.22,1.24,1.18,1.22,45000,0
1442.HK,D,20230605,000000,1.22,1.22,1.22,1.22,0,0
1442.HK,D,20230606,000000,1.21,1.21,1.21,1.21,0,0
1442.HK,D,20230607,000000,1.21,1.27,1.19,1.27,3590000,0
1442.HK,D,20230608,000000,1.25,1.3,1.1,1.3,4955000,0
1442.HK,D,20230609,000000,1.25,1.3,1.1,1.3,6010000,0
1442.HK,D,20230612,000000,1.16,1.24,1.1,1.14,3450000,0
1442.HK,D,20230613,000000,1.15,1.25,1.13,1.24,2020000,0
1442.HK,D,20230614,000000,1.29,1.29,1.14,1.29,925000,0
1442.HK,D,20230615,000000,1.18,1.25,1.15,1.15,2655000,0
1442.HK,D,20230616,000000,1.15,1.16,1.15,1.16,50000,0
1442.HK,D,20230619,000000,1.16,1.17,1.16,1.17,90000,0
1442.HK,D,20230620,000000,1.17,1.17,1.17,1.17,0,0
1442.HK,D,20230621,000000,1.17,1.17,1.17,1.17,0,0
1442.HK,D,20230623,000000,1.15,1.17,1.12,1.17,35000,0
1442.HK,D,20230626,000000,1.18,1.18,1.16,1.18,510000,0
1442.HK,D,20230627,000000,1.16,1.18,1.12,1.13,535000,0
1442.HK,D,20230628,000000,1.15,1.22,1.15,1.22,915000,0
1442.HK,D,20230629,000000,1.18,1.21,1.18,1.2,900000,0
1442.HK,D,20230630,000000,1.14,1.14,1.1,1.14,155000,0
1442.HK,D,20230703,000000,1.11,1.16,1.11,1.16,540000,0
1442.HK,D,20230704,000000,1.16,1.18,1.05,1.17,1985000,0
1442.HK,D,20230705,000000,1.11,1.15,1.05,1.15,2665000,0
1442.HK,D,20230706,000000,1.15,1.16,1.02,1.02,1405000,0
1442.HK,D,20230707,000000,1.04,1.1,1.04,1.04,2690000,0
1442.HK,D,20230710,000000,1.04,1.1,1.04,1.07,1715000,0
1442.HK,D,20230711,000000,1.06,1.08,1.04,1.06,585000,0
1442.HK,D,20230712,000000,1.07,1.07,1.07,1.07,570000,0
1442.HK,D,20230713,000000,1.06,1.07,1.06,1.07,1380000,0
1442.HK,D,20230714,000000,1.04,1.4,1,1.4,2090000,0
1442.HK,D,20230718,000000,1.33,1.33,1.12,1.14,820000,0
1442.HK,D,20230719,000000,1.14,1.23,1.14,1.23,965000,0
1442.HK,D,20230720,000000,1.15,1.2,1.15,1.18,1180000,0
1442.HK,D,20230721,000000,1.2,1.2,1.2,1.2,510000,0
1442.HK,D,20230724,000000,1.15,1.16,1.15,1.15,1330000,0
1442.HK,D,20230725,000000,1.17,1.17,1.14,1.15,1085000,0
1442.HK,D,20230726,000000,1.14,1.15,1.1,1.15,1505000,0
1442.HK,D,20230727,000000,1.2,1.2,1.12,1.2,1510000,0
1442.HK,D,20230728,000000,1.12,1.16,1.1,1.16,815000,0
1442.HK,D,20230731,000000,1.17,1.18,1.15,1.17,1525000,0
1442.HK,D,20230801,000000,1.11,1.17,1.11,1.11,890000,0
1442.HK,D,20230802,000000,1.15,1.15,1.15,1.15,1100000,0
1442.HK,D,20230803,000000,1.15,1.15,1.15,1.15,0,0
1442.HK,D,20230804,000000,1.12,1.15,1.08,1.08,1050000,0
1442.HK,D,20230807,000000,1.1,1.1,1.04,1.06,90000,0
1442.HK,D,20230808,000000,1.04,1.08,1,1.03,550000,0
1442.HK,D,20230809,000000,1,1.03,1,1.03,60000,0
1442.HK,D,20230810,000000,1.03,1.04,1.01,1.04,110000,0
1442.HK,D,20230811,000000,1.02,1.02,1.02,1.02,15000,0
1442.HK,D,20230814,000000,1.01,1.02,1,1,40000,0
1442.HK,D,20230815,000000,1,1.04,1,1.04,50000,0
1442.HK,D,20230816,000000,1.04,1.04,1.04,1.04,0,0
1442.HK,D,20230817,000000,1.04,1.04,1.04,1.04,0,0
1442.HK,D,20230818,000000,1.04,1.04,1.04,1.04,0,0
1442.HK,D,20230821,000000,1.01,1.01,0.95,1.01,280000,0
1442.HK,D,20230822,000000,1.03,1.03,1,1.03,10000,0
1442.HK,D,20230823,000000,0.95,0.97,0.9,0.95,505000,0
1442.HK,D,20230824,000000,0.96,1.01,0.96,1,90000,0
1442.HK,D,20230825,000000,1,1,1,1,0,0
1442.HK,D,20230828,000000,0.95,1.09,0.92,1.04,585000,0
1442.HK,D,20230829,000000,0.96,0.96,0.88,0.93,925000,0
1442.HK,D,20230830,000000,0.93,1.05,0.93,1.04,270000,0
1442.HK,D,20230831,000000,1.07,1.18,1.01,1.15,130000,0
1442.HK,D,20230904,000000,1.03,1.07,1.01,1.03,150000,0
1442.HK,D,20230905,000000,0.97,1.09,0.95,1.09,130000,0
1442.HK,D,20230906,000000,0.98,1.02,0.95,1.01,550000,0
1442.HK,D,20230907,000000,0.96,1.05,0.94,1.05,725000,0
1442.HK,D,20230911,000000,1.05,1.05,0.95,0.95,1250000,0
1442.HK,D,20230912,000000,0.95,1,0.95,0.98,225000,0
1442.HK,D,20230913,000000,1,1,0.95,0.96,400000,0
1442.HK,D,20230914,000000,0.95,0.97,0.94,0.94,410000,0
1442.HK,D,20230915,000000,0.99,1,0.9,0.99,950000,0
1442.HK,D,20230918,000000,0.93,0.94,0.9,0.91,890000,0
1442.HK,D,20230919,000000,1,1.03,0.9,1,525000,0
1442.HK,D,20230920,000000,0.93,0.95,0.91,0.95,425000,0
1442.HK,D,20230921,000000,1.14,1.14,0.91,1.14,1945000,0
1442.HK,D,20230922,000000,1.01,1.38,1,1.38,2185000,0
1442.HK,D,20230925,000000,1.14,1.24,1.12,1.12,460000,0
1442.HK,D,20230926,000000,1.06,1.14,1.03,1.03,1550000,0
1442.HK,D,20230927,000000,1.01,1.01,0.93,0.93,1345000,0
1442.HK,D,20230928,000000,0.93,0.97,0.93,0.97,115000,0
1442.HK,D,20230929,000000,0.96,1.15,0.93,1.14,1540000,0
1442.HK,D,20231003,000000,1.03,1.08,1.03,1.03,230000,0
1442.HK,D,20231004,000000,0.98,0.99,0.96,0.96,470000,0
1442.HK,D,20231005,000000,0.96,0.98,0.94,0.94,1400000,0
1442.HK,D,20231006,000000,0.94,0.94,0.94,0.94,10000,0
1442.HK,D,20231009,000000,0.93,0.94,0.93,0.94,40000,0
1442.HK,D,20231010,000000,0.94,0.94,0.94,0.94,0,0
1442.HK,D,20231011,000000,0.93,0.94,0.9,0.91,375000,0
1442.HK,D,20231012,000000,0.91,0.93,0.91,0.92,60000,0
1442.HK,D,20231013,000000,0.91,0.93,0.9,0.92,1480000,0
1442.HK,D,20231016,000000,0.92,0.95,0.91,0.91,250000,0
1442.HK,D,20231017,000000,0.91,0.91,0.87,0.91,775000,0
1442.HK,D,20231018,000000,0.91,0.91,0.91,0.91,0,0
1442.HK,D,20231019,000000,0.9,0.92,0.89,0.89,480000,0
1442.HK,D,20231020,000000,0.9,0.9,0.88,0.9,10000,0
1442.HK,D,20231024,000000,0.9,0.9,0.88,0.9,525000,0
1442.HK,D,20231025,000000,0.93,0.93,0.88,0.93,65000,0
1442.HK,D,20231026,000000,0.9,0.99,0.88,0.99,8040000,0
1442.HK,D,20231027,000000,0.97,1,0.96,0.97,155000,0
1442.HK,D,20231030,000000,0.96,1.08,0.96,0.96,4510000,0
1442.HK,D,20231031,000000,1.06,1.06,0.96,1.06,1020000,0
1442.HK,D,20231101,000000,1.04,1.04,0.95,0.95,2410000,0
1442.HK,D,20231102,000000,0.96,1.07,0.96,1.01,3060000,0
1442.HK,D,20231103,000000,1.04,1.06,1.01,1.04,1425000,0
1442.HK,D,20231106,000000,1.02,1.06,1,1.02,65000,0
1442.HK,D,20231107,000000,1.03,1.03,1.02,1.02,1410000,0
1442.HK,D,20231108,000000,0.96,0.97,0.95,0.96,155000,0
1442.HK,D,20231109,000000,0.95,0.95,0.95,0.95,25000,0
1442.HK,D,20231110,000000,0.99,0.99,0.99,0.99,5000,0
1442.HK,D,20231113,000000,0.99,0.99,0.99,0.99,0,0
1442.HK,D,20231114,000000,0.96,0.96,0.9,0.92,1155000,0
1442.HK,D,20231115,000000,0.92,0.92,0.9,0.92,50000,0
1442.HK,D,20231116,000000,0.92,0.92,0.92,0.92,0,0
1442.HK,D,20231117,000000,0.92,0.92,0.92,0.92,0,0
1442.HK,D,20231120,000000,0.93,0.93,0.93,0.93,50000,0
1442.HK,D,20231121,000000,0.89,0.9,0.88,0.89,240000,0
1442.HK,D,20231122,000000,0.89,0.89,0.89,0.89,30000,0
1442.HK,D,20231123,000000,0.92,0.93,0.91,0.92,55000,0
1442.HK,D,20231124,000000,0.92,0.92,0.92,0.92,10000,0
1442.HK,D,20231127,000000,1.02,1.03,0.85,1.02,1135000,0
1442.HK,D,20231128,000000,0.94,1,0.93,1,190000,0
1442.HK,D,20231129,000000,0.99,0.99,0.98,0.99,555000,0
1442.HK,D,20231130,000000,0.99,1.07,0.91,1.07,1800000,0
1442.HK,D,20231201,000000,0.96,0.96,0.91,0.93,565000,0
1442.HK,D,20231204,000000,0.9,0.91,0.89,0.9,310000,0
1442.HK,D,20231205,000000,0.89,0.9,0.88,0.9,865000,0
1442.HK,D,20231206,000000,0.88,0.89,0.88,0.88,155000,0
1442.HK,D,20231207,000000,0.89,0.89,0.89,0.89,15000,0
1442.HK,D,20231208,000000,0.89,0.9,0.85,0.89,260000,0
1442.HK,D,20231211,000000,0.83,0.86,0.81,0.86,335000,0
1442.HK,D,20231212,000000,0.81,0.83,0.81,0.81,185000,0
1442.HK,D,20231213,000000,0.81,0.81,0.77,0.81,245000,0
1442.HK,D,20231214,000000,0.81,0.81,0.81,0.81,0,0
1442.HK,D,20231215,000000,0.83,0.83,0.71,0.83,530000,0
1442.HK,D,20231218,000000,0.82,0.82,0.82,0.82,0,0
1442.HK,D,20231219,000000,0.81,0.81,0.8,0.8,15000,0
1442.HK,D,20231220,000000,0.8,0.82,0.75,0.82,175000,0
1442.HK,D,20231221,000000,0.82,0.82,0.82,0.82,0,0
1442.HK,D,20231222,000000,0.83,0.85,0.75,0.83,250000,0
1442.HK,D,20231227,000000,0.79,0.8,0.76,0.76,380000,0
1442.HK,D,20231228,000000,0.76,0.83,0.72,0.72,1195000,0
1442.HK,D,20231229,000000,0.73,0.85,0.72,0.76,3465000,0
1442.HK,D,20240102,000000,0.73,0.75,0.72,0.73,375000,0
1442.HK,D,20240103,000000,0.72,0.73,0.7,0.73,460000,0
1442.HK,D,20240104,000000,0.69,0.74,0.69,0.74,315000,0
1442.HK,D,20240105,000000,0.74,0.74,0.74,0.74,0,0
1442.HK,D,20240108,000000,0.71,0.71,0.7,0.71,230000,0
1442.HK,D,20240109,000000,0.69,0.7,0.69,0.7,170000,0
1442.HK,D,20240110,000000,0.7,0.7,0.7,0.7,250000,0
1442.HK,D,20240111,000000,0.75,0.76,0.68,0.75,55000,0
1442.HK,D,20240112,000000,0.75,0.75,0.75,0.75,0,0
1442.HK,D,20240115,000000,0.75,0.75,0.75,0.75,0,0
1442.HK,D,20240116,000000,0.71,0.73,0.71,0.73,55000,0
1442.HK,D,20240117,000000,0.69,0.69,0.59,0.69,1370000,0
1442.HK,D,20240118,000000,0.72,0.8,0.62,0.68,505000,0
1442.HK,D,20240119,000000,0.68,0.68,0.68,0.68,0,0
1442.HK,D,20240122,000000,0.69,0.69,0.62,0.62,175000,0
1442.HK,D,20240123,000000,0.62,0.63,0.44,0.44,2310000,0
1442.HK,D,20240124,000000,0.43,0.47,0.335,0.45,685000,0
1442.HK,D,20240125,000000,0.47,0.47,0.4,0.45,205000,0
1442.HK,D,20240126,000000,0.42,0.51,0.4,0.51,1565000,0
1442.HK,D,20240129,000000,0.5,0.58,0.48,0.58,780000,0
1442.HK,D,20240130,000000,0.6,0.6,0.48,0.6,1490000,0
1442.HK,D,20240131,000000,0.62,0.64,0.425,0.485,8310000,0
1442.HK,D,20240201,000000,0.425,0.49,0.375,0.49,3465000,0
1442.HK,D,20240202,000000,0.51,0.51,0.46,0.5,465000,0
1442.HK,D,20240205,000000,0.5,0.5,0.48,0.48,15000,0
1442.HK,D,20240206,000000,0.48,0.5,0.41,0.45,2915000,0
1442.HK,D,20240207,000000,0.465,0.465,0.395,0.42,2825000,0
1442.HK,D,20240208,000000,0.435,0.46,0.345,0.46,11130000,0
1442.HK,D,20240209,000000,0.46,0.465,0.42,0.46,305000,0
1442.HK,D,20240214,000000,0.445,0.45,0.44,0.45,25000,0
1442.HK,D,20240215,000000,0.49,0.49,0.41,0.43,3150000,0
1442.HK,D,20240216,000000,0.42,0.42,0.375,0.415,2975000,0
1442.HK,D,20240219,000000,0.41,0.43,0.4,0.43,265000,0
1442.HK,D,20240220,000000,0.43,0.45,0.345,0.355,5785000,0
1442.HK,D,20240221,000000,0.355,0.38,0.32,0.32,13325000,0
1442.HK,D,20240222,000000,0.32,0.355,0.32,0.35,13245000,0
1442.HK,D,20240223,000000,0.38,0.38,0.32,0.32,11910000,0
1442.HK,D,20240226,000000,0.315,0.345,0.315,0.345,8715000,0
1442.HK,D,20240227,000000,0.355,0.375,0.335,0.345,19860000,0
1442.HK,D,20240228,000000,0.33,0.34,0.33,0.335,11720000,0
1442.HK,D,20240229,000000,0.335,0.35,0.335,0.35,5420000,0
1442.HK,D,20240301,000000,0.35,0.375,0.335,0.345,13015000,0
1442.HK,D,20240304,000000,0.35,0.355,0.335,0.35,11345000,0
1442.HK,D,20240305,000000,0.34,0.34,0.325,0.335,11225000,0
1442.HK,D,20240306,000000,0.33,0.335,0.325,0.335,5950000,0
1442.HK,D,20240307,000000,0.33,0.335,0.325,0.335,6100000,0
1442.HK,D,20240308,000000,0.33,0.43,0.33,0.43,15880000,0
1442.HK,D,20240311,000000,0.43,0.45,0.38,0.395,3385000,0
1442.HK,D,20240312,000000,0.415,0.415,0.37,0.385,3245000,0
1442.HK,D,20240313,000000,0.38,0.4,0.375,0.39,10710000,0
1442.HK,D,20240314,000000,0.38,0.43,0.37,0.395,3970000,0
1442.HK,D,20240315,000000,0.38,0.415,0.37,0.395,3925000,0
1442.HK,D,20240318,000000,0.395,0.405,0.36,0.37,11065000,0
1442.HK,D,20240319,000000,0.37,0.37,0.33,0.355,4000000,0
1442.HK,D,20240320,000000,0.345,0.365,0.33,0.345,3680000,0
1442.HK,D,20240321,000000,0.345,0.41,0.335,0.395,20365000,0
1442.HK,D,20240322,000000,0.385,0.385,0.36,0.375,1280000,0
1442.HK,D,20240325,000000,0.36,0.405,0.35,0.36,3805000,0
1442.HK,D,20240326,000000,0.375,0.405,0.35,0.355,20865000,0
1442.HK,D,20240327,000000,0.35,0.35,0.345,0.345,950000,0
1442.HK,D,20240328,000000,0.345,0.345,0.335,0.345,6760000,0
1442.HK,D,20240402,000000,0.34,0.375,0.305,0.34,18325000,0
1442.HK,D,20240403,000000,0.325,0.335,0.32,0.335,2290000,0
1442.HK,D,20240405,000000,0.32,0.33,0.32,0.32,4730000,0
1442.HK,D,20240408,000000,0.325,0.35,0.32,0.33,18380000,0
1442.HK,D,20240409,000000,0.325,0.34,0.325,0.34,725000,0
1442.HK,D,20240410,000000,0.345,0.355,0.33,0.355,3615000,0
1442.HK,D,20240411,000000,0.34,0.35,0.325,0.33,20220000,0
1442.HK,D,20240412,000000,0.33,0.335,0.325,0.33,165000,0
1442.HK,D,20240415,000000,0.33,0.34,0.32,0.335,9095000,0
1442.HK,D,20240416,000000,0.33,0.35,0.33,0.335,12515000,0
1442.HK,D,20240417,000000,0.335,0.335,0.33,0.335,365000,0
1442.HK,D,20240418,000000,0.33,0.34,0.325,0.34,3870000,0
1442.HK,D,20240419,000000,0.34,0.365,0.34,0.355,12650000,0
1442.HK,D,20240422,000000,0.37,0.38,0.345,0.37,3115000,0
1442.HK,D,20240423,000000,0.395,0.395,0.35,0.36,1415000,0
1442.HK,D,20240424,000000,0.375,0.375,0.33,0.33,12140000,0
1442.HK,D,20240425,000000,0.335,0.34,0.33,0.335,2250000,0
1442.HK,D,20240426,000000,0.34,0.345,0.33,0.33,1360000,0
1442.HK,D,20240429,000000,0.33,0.345,0.33,0.335,7565000,0
1442.HK,D,20240430,000000,0.335,0.345,0.33,0.345,2585000,0
1442.HK,D,20240502,000000,0.35,0.35,0.345,0.345,1430000,0
1442.HK,D,20240503,000000,0.345,0.36,0.33,0.335,4730000,0
1442.HK,D,20240506,000000,0.33,0.35,0.33,0.345,2845000,0
1442.HK,D,20240507,000000,0.345,0.355,0.335,0.345,2750000,0
1442.HK,D,20240508,000000,0.34,0.34,0.335,0.34,5230000,0
1442.HK,D,20240509,000000,0.34,0.34,0.33,0.335,2000000,0
1442.HK,D,20240510,000000,0.33,0.34,0.325,0.34,2855000,0
1442.HK,D,20240513,000000,0.35,0.38,0.34,0.35,6590000,0
1442.HK,D,20240514,000000,0.35,0.35,0.34,0.35,3465000,0
1442.HK,D,20240516,000000,0.355,0.37,0.33,0.335,2655000,0
1442.HK,D,20240517,000000,0.335,0.335,0.325,0.335,5655000,0
1442.HK,D,20240520,000000,0.335,0.335,0.32,0.33,10300000,0
1442.HK,D,20240521,000000,0.33,0.335,0.33,0.335,860000,0
1442.HK,D,20240522,000000,0.33,0.39,0.325,0.385,9080000,0
1442.HK,D,20240523,000000,0.36,0.365,0.34,0.34,29500000,0
1442.HK,D,20240524,000000,0.335,0.345,0.335,0.335,255000,0
1442.HK,D,20240527,000000,0.35,0.375,0.33,0.37,32475000,0
1442.HK,D,20240528,000000,0.36,0.36,0.33,0.33,10955000,0
1442.HK,D,20240529,000000,0.335,0.34,0.33,0.335,11950000,0
1442.HK,D,20240530,000000,0.33,0.35,0.33,0.345,9260000,0
1442.HK,D,20240531,000000,0.345,0.345,0.345,0.345,0,0
1442.HK,D,20240603,000000,0.35,0.35,0.335,0.35,1370000,0
1442.HK,D,20240604,000000,0.34,0.345,0.335,0.335,10195000,0
1442.HK,D,20240605,000000,0.33,0.34,0.33,0.34,1185000,0
1442.HK,D,20240606,000000,0.33,0.335,0.33,0.33,930000,0
1442.HK,D,20240607,000000,0.335,0.345,0.335,0.335,6245000,0
1442.HK,D,20240611,000000,0.335,0.335,0.335,0.335,595000,0
1442.HK,D,20240612,000000,0.33,0.335,0.33,0.33,655000,0
1442.HK,D,20240613,000000,0.335,0.355,0.33,0.33,6100000,0
1442.HK,D,20240614,000000,0.34,0.34,0.33,0.34,25000,0
1442.HK,D,20240617,000000,0.34,0.34,0.34,0.34,0,0
1442.HK,D,20240618,000000,0.33,0.33,0.325,0.325,4620000,0
1442.HK,D,20240619,000000,0.33,0.33,0.325,0.325,30000,0
1442.HK,D,20240620,000000,0.325,0.335,0.325,0.335,345000,0
1442.HK,D,20240621,000000,0.335,0.34,0.335,0.34,3985000,0
1442.HK,D,20240624,000000,0.335,0.34,0.335,0.34,215000,0
1442.HK,D,20240625,000000,0.35,0.35,0.335,0.35,1220000,0
1442.HK,D,20240626,000000,0.35,0.365,0.325,0.325,9180000,0
1442.HK,D,20240627,000000,0.33,0.33,0.32,0.33,10415000,0
1442.HK,D,20240628,000000,0.32,0.33,0.3,0.33,5720000,0
1442.HK,D,20240702,000000,0.325,0.325,0.3,0.305,4415000,0
1442.HK,D,20240703,000000,0.31,0.32,0.305,0.32,11665000,0
1442.HK,D,20240704,000000,0.32,0.33,0.31,0.33,22040000,0
1442.HK,D,20240705,000000,0.345,0.345,0.32,0.335,11080000,0
1442.HK,D,20240708,000000,0.33,0.335,0.315,0.325,8940000,0
1442.HK,D,20240709,000000,0.32,0.32,0.3,0.31,19300000,0
1442.HK,D,20240710,000000,0.3,0.305,0.295,0.3,740000,0
1442.HK,D,20240711,000000,0.3,0.305,0.29,0.3,8795000,0
1442.HK,D,20240712,000000,0.3,0.31,0.285,0.285,11590000,0
1442.HK,D,20240715,000000,0.285,0.29,0.285,0.29,1125000,0
1442.HK,D,20240716,000000,0.285,0.295,0.28,0.285,8190000,0
1442.HK,D,20240717,000000,0.285,0.315,0.275,0.28,24010000,0
1442.HK,D,20240718,000000,0.3,0.305,0.27,0.28,5075000,0
1442.HK,D,20240719,000000,0.27,0.33,0.265,0.31,6105000,0
1442.HK,D,20240722,000000,0.32,0.32,0.28,0.315,13710000,0
1442.HK,D,20240723,000000,0.32,0.32,0.285,0.3,3875000,0
1442.HK,D,20240724,000000,0.3,0.31,0.26,0.27,15080000,0
1442.HK,D,20240725,000000,0.27,0.27,0.26,0.27,9625000,0
1442.HK,D,20240726,000000,0.26,0.275,0.26,0.27,5895000,0
1442.HK,D,20240729,000000,0.27,0.27,0.27,0.27,0,0
1442.HK,D,20240730,000000,0.265,0.27,0.255,0.27,4030000,0
1442.HK,D,20240731,000000,0.28,0.33,0.265,0.28,4920000,0
1442.HK,D,20240801,000000,0.285,0.29,0.25,0.27,3250000,0
1442.HK,D,20240802,000000,0.265,0.265,0.26,0.265,1365000,0
1442.HK,D,20240805,000000,0.265,0.275,0.255,0.27,3855000,0
1442.HK,D,20240806,000000,0.26,0.26,0.255,0.26,2780000,0
1442.HK,D,20240807,000000,0.255,0.27,0.255,0.27,115000,0
1442.HK,D,20240808,000000,0.27,0.27,0.27,0.27,0,0
1442.HK,D,20240809,000000,0.255,0.27,0.248,0.27,5150000,0
1442.HK,D,20240812,000000,0.255,0.26,0.25,0.255,2215000,0
1442.HK,D,20240813,000000,0.25,0.255,0.249,0.255,820000,0
1442.HK,D,20240814,000000,0.255,0.265,0.255,0.265,4205000,0
1442.HK,D,20240815,000000,0.25,0.265,0.25,0.25,1255000,0
1442.HK,D,20240816,000000,0.25,0.255,0.245,0.255,635000,0
1442.HK,D,20240819,000000,0.25,0.255,0.245,0.248,2720000,0
1442.HK,D,20240820,000000,0.255,0.255,0.255,0.255,10000,0
1442.HK,D,20240821,000000,0.26,0.26,0.255,0.26,270000,0
1442.HK,D,20240822,000000,0.255,0.26,0.25,0.255,910000,0
1442.HK,D,20240823,000000,0.255,0.255,0.255,0.255,110000,0
1442.HK,D,20240826,000000,0.25,0.255,0.25,0.255,800000,0
1442.HK,D,20240827,000000,0.25,0.255,0.25,0.25,385000,0
1442.HK,D,20240828,000000,0.25,0.255,0.245,0.248,2255000,0
1442.HK,D,20240829,000000,0.243,0.25,0.241,0.25,6680000,0
1442.HK,D,20240830,000000,0.25,0.34,0.25,0.325,1700000,0
1442.HK,D,20240902,000000,0.32,0.335,0.285,0.32,540000,0
1442.HK,D,20240903,000000,0.3,0.3,0.3,0.3,5000,0
1442.HK,D,20240904,000000,0.315,0.315,0.28,0.29,635000,0
1442.HK,D,20240905,000000,0.31,0.31,0.3,0.3,5000,0
1442.HK,D,20240909,000000,0.29,0.29,0.29,0.29,0,0
1442.HK,D,20240910,000000,0.3,0.3,0.295,0.295,5000,0
1442.HK,D,20240911,000000,0.295,0.295,0.295,0.295,0,0
1442.HK,D,20240912,000000,0.3,0.3,0.239,0.249,2395000,0
1442.HK,D,20240913,000000,0.255,0.27,0.231,0.255,8255000,0
1442.HK,D,20240916,000000,0.255,0.255,0.255,0.255,0,0
1442.HK,D,20240917,000000,0.25,0.275,0.25,0.27,625000,0
1442.HK,D,20240919,000000,0.29,0.29,0.245,0.25,2910000,0
1442.HK,D,20240920,000000,0.25,0.255,0.242,0.255,1940000,0
1442.HK,D,20240923,000000,0.255,0.255,0.245,0.255,505000,0
1442.HK,D,20240924,000000,0.238,0.247,0.235,0.238,4190000,0
1442.HK,D,20240925,000000,0.248,0.255,0.221,0.24,6260000,0
1442.HK,D,20240926,000000,0.24,0.27,0.24,0.265,1205000,0
1442.HK,D,20240927,000000,0.265,0.27,0.241,0.241,1375000,0
1442.HK,D,20240930,000000,0.241,0.248,0.225,0.225,4270000,0
1442.HK,D,20241002,000000,0.227,0.227,0.218,0.224,6325000,0
1442.HK,D,20241003,000000,0.22,0.229,0.216,0.218,1290000,0
1442.HK,D,20241004,000000,0.218,0.224,0.21,0.221,2605000,0
1442.HK,D,20241007,000000,0.221,0.234,0.213,0.229,830000,0
1442.HK,D,20241008,000000,0.23,0.23,0.216,0.22,185000,0
1442.HK,D,20241009,000000,0.211,0.22,0.21,0.218,330000,0
1442.HK,D,20241010,000000,0.226,0.226,0.218,0.221,480000,0
1442.HK,D,20241014,000000,0.221,0.225,0.215,0.22,715000,0
1442.HK,D,20241015,000000,0.216,0.219,0.215,0.218,1315000,0
1442.HK,D,20241016,000000,0.215,0.218,0.213,0.218,1025000,0
1442.HK,D,20241017,000000,0.216,0.221,0.215,0.221,1090000,0
1442.HK,D,20241018,000000,0.216,0.219,0.215,0.219,405000,0
1442.HK,D,20241021,000000,0.216,0.219,0.216,0.219,880000,0
1442.HK,D,20241022,000000,0.218,0.226,0.217,0.226,965000,0
1442.HK,D,20241023,000000,0.223,0.223,0.218,0.221,910000,0
1442.HK,D,20241024,000000,0.222,0.223,0.218,0.223,585000,0
1442.HK,D,20241025,000000,0.219,0.226,0.219,0.224,1670000,0
1442.HK,D,20241028,000000,0.22,0.234,0.22,0.229,1435000,0
1442.HK,D,20241029,000000,0.223,0.228,0.22,0.228,850000,0
1442.HK,D,20241030,000000,0.224,0.225,0.22,0.222,1495000,0
1442.HK,D,20241031,000000,0.223,0.228,0.221,0.223,1040000,0
1442.HK,D,20241101,000000,0.223,0.223,0.223,0.223,280000,0
1442.HK,D,20241104,000000,0.222,0.222,0.222,0.222,20000,0
1442.HK,D,20241105,000000,0.225,0.225,0.223,0.223,20000,0
1442.HK,D,20241106,000000,0.223,0.223,0.223,0.223,65000,0
1442.HK,D,20241107,000000,0.223,0.223,0.223,0.223,0,0
1442.HK,D,20241108,000000,0.223,0.234,0.223,0.231,40000,0
1442.HK,D,20241111,000000,0.235,0.24,0.234,0.24,350000,0
1442.HK,D,20241112,000000,0.24,0.24,0.24,0.24,55000,0
1442.HK,D,20241113,000000,0.237,0.237,0.237,0.237,40000,0
1442.HK,D,20241114,000000,0.237,0.24,0.237,0.239,165000,0
1442.HK,D,20241115,000000,0.239,0.275,0.239,0.26,1705000,0
1442.HK,D,20241118,000000,0.265,0.305,0.26,0.3,880000,0
1442.HK,D,20241119,000000,0.3,0.31,0.28,0.31,780000,0
1442.HK,D,20241120,000000,0.31,0.31,0.31,0.31,70000,0
1442.HK,D,20241121,000000,0.31,0.335,0.265,0.315,3190000,0
1442.HK,D,20241122,000000,0.29,0.31,0.29,0.31,560000,0
1442.HK,D,20241125,000000,0.315,0.32,0.31,0.32,65000,0
1442.HK,D,20241126,000000,0.31,0.31,0.31,0.31,0,0
1442.HK,D,20241127,000000,0.305,0.315,0.3,0.3,80000,0
1442.HK,D,20241128,000000,0.3,0.305,0.295,0.305,250000,0
1442.HK,D,20241129,000000,0.305,0.305,0.305,0.305,0,0
1442.HK,D,20241202,000000,0.3,0.305,0.3,0.305,65000,0
1442.HK,D,20241203,000000,0.3,0.31,0.3,0.31,295000,0
1442.HK,D,20241204,000000,0.305,0.305,0.3,0.305,100000,0
1442.HK,D,20241205,000000,0.305,0.31,0.3,0.31,190000,0
1442.HK,D,20241206,000000,0.31,0.31,0.31,0.31,5000,0
1442.HK,D,20241209,000000,0.3,0.3,0.265,0.275,85000,0
1442.HK,D,20241210,000000,0.295,0.295,0.295,0.295,5000,0
1442.HK,D,20241211,000000,0.305,0.305,0.295,0.305,220000,0
1442.HK,D,20241212,000000,0.305,0.305,0.305,0.305,0,0
1442.HK,D,20241213,000000,0.315,0.315,0.3,0.315,155000,0
1442.HK,D,20241216,000000,0.31,0.31,0.31,0.31,95000,0
1442.HK,D,20241217,000000,0.31,0.31,0.31,0.31,0,0
1442.HK,D,20241218,000000,0.31,0.31,0.31,0.31,5000,0
1442.HK,D,20241219,000000,0.31,0.31,0.31,0.31,0,0
1442.HK,D,20241220,000000,0.325,0.33,0.31,0.325,980000,0
1442.HK,D,20241223,000000,0.3,0.3,0.295,0.3,360000,0
1442.HK,D,20241224,000000,0.3,0.3,0.3,0.3,0,0
1442.HK,D,20241227,000000,0.3,0.3,0.3,0.3,0,0
1442.HK,D,20241230,000000,0.3,0.3,0.3,0.3,0,0
1442.HK,D,20241231,000000,0.3,0.3,0.3,0.3,0,0
1442.HK,D,20250102,000000,0.315,0.315,0.315,0.315,0,0
1442.HK,D,20250103,000000,0.315,0.315,0.315,0.315,0,0
1442.HK,D,20250106,000000,0.32,0.32,0.305,0.32,915000,0
1442.HK,D,20250107,000000,0.33,0.33,0.315,0.33,75000,0
1442.HK,D,20250108,000000,0.32,0.35,0.32,0.32,985000,0
1442.HK,D,20250109,000000,0.335,0.335,0.31,0.325,640000,0
1442.HK,D,20250110,000000,0.325,0.325,0.325,0.325,0,0
1442.HK,D,20250113,000000,0.305,0.31,0.305,0.31,215000,0
1442.HK,D,20250114,000000,0.305,0.305,0.305,0.305,50000,0
1442.HK,D,20250115,000000,0.32,0.32,0.32,0.32,0,0
1442.HK,D,20250116,000000,0.32,0.34,0.32,0.34,395000,0
1442.HK,D,20250117,000000,0.34,0.34,0.34,0.34,0,0
1442.HK,D,20250120,000000,0.33,0.34,0.33,0.34,700000,0
1442.HK,D,20250121,000000,0.34,0.34,0.34,0.34,500000,0
1442.HK,D,20250122,000000,0.34,0.34,0.34,0.34,0,0
1442.HK,D,20250123,000000,0.345,0.375,0.345,0.37,175000,0
1442.HK,D,20250124,000000,0.365,0.365,0.365,0.365,0,0
1442.HK,D,20250127,000000,0.37,0.37,0.36,0.37,700000,0
1442.HK,D,20250128,000000,0.36,0.48,0.36,0.42,2270000,0
1442.HK,D,20250203,000000,0.385,0.385,0.385,0.385,20000,0
1442.HK,D,20250204,000000,0.385,0.385,0.385,0.385,0,0
1442.HK,D,20250205,000000,0.385,0.385,0.385,0.385,0,0
1442.HK,D,20250206,000000,0.385,0.385,0.385,0.385,0,0
1442.HK,D,20250207,000000,0.385,0.385,0.385,0.385,50000,0
1442.HK,D,20250210,000000,0.385,0.385,0.385,0.385,0,0
1442.HK,D,20250211,000000,0.385,0.385,0.385,0.385,260000,0
1442.HK,D,20250212,000000,0.32,0.39,0.31,0.32,50000,0
1442.HK,D,20250213,000000,0.38,0.38,0.325,0.33,305000,0
1442.HK,D,20250214,000000,0.37,0.37,0.335,0.37,45000,0
1442.HK,D,20250217,000000,0.36,0.38,0.36,0.36,145000,0
1442.HK,D,20250218,000000,0.36,0.36,0.36,0.36,55000,0
1442.HK,D,20250219,000000,0.34,0.36,0.34,0.36,25000,0
1442.HK,D,20250220,000000,0.36,0.36,0.36,0.36,0,0
1442.HK,D,20250221,000000,0.36,0.36,0.36,0.36,0,0
1442.HK,D,20250224,000000,0.38,0.38,0.375,0.38,75000,0
1442.HK,D,20250225,000000,0.38,0.38,0.38,0.38,100000,0
1442.HK,D,20250226,000000,0.38,0.38,0.38,0.38,0,0
1442.HK,D,20250227,000000,0.35,0.38,0.35,0.38,95000,0
1442.HK,D,20250228,000000,0.37,0.37,0.37,0.37,85000,0
1442.HK,D,20250303,000000,0.39,0.39,0.37,0.39,65000,0
1442.HK,D,20250304,000000,0.385,0.385,0.385,0.385,0,0
1442.HK,D,20250305,000000,0.38,0.38,0.38,0.38,0,0
1442.HK,D,20250306,000000,0.38,0.38,0.38,0.38,0,0
1442.HK,D,20250307,000000,0.355,0.395,0.355,0.395,40000,0
1442.HK,D,20250310,000000,0.395,0.395,0.395,0.395,0,0
1442.HK,D,20250311,000000,0.39,0.39,0.39,0.39,0,0
1442.HK,D,20250312,000000,0.355,0.37,0.35,0.355,360000,0
1442.HK,D,20250313,000000,0.35,0.355,0.345,0.355,720000,0
1442.HK,D,20250314,000000,0.355,0.355,0.355,0.355,0,0
1442.HK,D,20250317,000000,0.355,0.355,0.355,0.355,30000,0
1442.HK,D,20250318,000000,0.375,0.375,0.33,0.375,260000,0
1442.HK,D,20250319,000000,0.375,0.395,0.36,0.395,205000,0
1442.HK,D,20250320,000000,0.395,0.395,0.395,0.395,10000,0
1442.HK,D,20250321,000000,0.395,0.395,0.395,0.395,230000,0
1442.HK,D,20250324,000000,0.4,0.4,0.395,0.395,220000,0
1442.HK,D,20250325,000000,0.395,0.395,0.395,0.395,0,0
1442.HK,D,20250326,000000,0.39,0.39,0.39,0.39,0,0
1442.HK,D,20250327,000000,0.39,0.39,0.39,0.39,0,0
1442.HK,D,20250328,000000,0.39,0.39,0.39,0.39,0,0
1442.HK,D,20250331,000000,0.38,0.38,0.38,0.38,0,0
1442.HK,D,20250401,000000,0.38,0.38,0.38,0.38,0,0
1442.HK,D,20250402,000000,0.37,0.37,0.37,0.37,0,0
1442.HK,D,20250403,000000,0.37,0.37,0.37,0.37,0,0
1442.HK,D,20250407,000000,0.34,0.34,0.335,0.335,165000,0
1442.HK,D,20250408,000000,0.335,0.335,0.335,0.335,0,0
1442.HK,D,20250409,000000,0.345,0.35,0.34,0.345,1570000,0
1442.HK,D,20250410,000000,0.345,0.345,0.345,0.345,0,0
1442.HK,D,20250411,000000,0.345,0.345,0.345,0.345,0,0
1442.HK,D,20250414,000000,0.345,0.345,0.345,0.345,0,0
1442.HK,D,20250415,000000,0.355,0.355,0.34,0.34,11000000,0
1442.HK,D,20250416,000000,0.34,0.34,0.34,0.34,315000,0
1442.HK,D,20250417,000000,0.34,0.34,0.34,0.34,0,0
