<TICKER>,<PER>,<DATE>,<TIME>,<OPEN>,<HIGH>,<LOW>,<CLOSE>,<VOL>,<OPENINT>
1715.HK,D,20180716,000000,6.875,9.125,6.875,7.875,9510000,0
1715.HK,D,20180717,000000,7.625,8.75,7.625,8.125,4976800,0
1715.HK,D,20180718,000000,8.25,9.625,7.875,8.375,5992400,0
1715.HK,D,20180719,000000,8.375,8.875,7.625,8.625,4012000,0
1715.HK,D,20180720,000000,8.625,9,8.25,8.375,2577200,0
1715.HK,D,20180723,000000,8.625,8.75,8.25,8.375,602400,0
1715.HK,D,20180724,000000,8.375,8.875,8.25,8.75,2766400,0
1715.HK,D,20180725,000000,8.75,9.125,8.5,8.5,1145600,0
1715.HK,D,20180726,000000,8.5,8.875,8.375,8.625,2487600,0
1715.HK,D,20180727,000000,8.5,9.25,8.5,8.625,2058800,0
1715.HK,D,20180730,000000,8.625,9.125,8.625,8.875,1220000,0
1715.HK,D,20180731,000000,8.875,9.375,8.75,9.25,2436800,0
1715.HK,D,20180801,000000,9.375,11.875,9.375,11.75,5807200,0
1715.HK,D,20180802,000000,12,13.25,10.5,10.5,5574400,0
1715.HK,D,20180803,000000,10.625,11.75,10.625,11.5,1748400,0
1715.HK,D,20180806,000000,11.75,12.125,10.625,11.375,2368800,0
1715.HK,D,20180807,000000,11.375,13,11.25,12.5,1834800,0
1715.HK,D,20180808,000000,12.5,13.5,11.875,12.125,3064400,0
1715.HK,D,20180809,000000,12.25,12.375,11.25,11.5,1005600,0
1715.HK,D,20180810,000000,11.5,11.625,9.5,9.5,1478400,0
1715.HK,D,20180813,000000,9.25,10.375,8.625,10,1074800,0
1715.HK,D,20180814,000000,10.125,10.375,8.875,8.875,495600,0
1715.HK,D,20180815,000000,8.875,8.875,8.25,8.375,502000,0
1715.HK,D,20180816,000000,8.25,9.375,8.125,8.625,370400,0
1715.HK,D,20180817,000000,8.875,9,8.375,8.5,123200,0
1715.HK,D,20180820,000000,8.5,8.5,8.25,8.375,78000,0
1715.HK,D,20180821,000000,8.25,9.125,8.25,8.375,308400,0
1715.HK,D,20180822,000000,8.375,8.875,8.25,8.625,1140400,0
1715.HK,D,20180823,000000,8.625,8.875,8.375,8.5,128400,0
1715.HK,D,20180824,000000,8.625,8.625,8.375,8.5,31200,0
1715.HK,D,20180827,000000,8.5,8.5,7.375,7.875,313200,0
1715.HK,D,20180828,000000,7.75,8.125,7.75,7.875,105600,0
1715.HK,D,20180829,000000,7.75,8,7.75,7.875,90000,0
1715.HK,D,20180830,000000,7.75,7.75,7.5,7.75,91200,0
1715.HK,D,20180831,000000,7.625,7.75,7.5,7.5,53600,0
1715.HK,D,20180903,000000,7.5,7.75,7.375,7.375,119600,0
1715.HK,D,20180904,000000,7.375,8,7.375,7.625,117600,0
1715.HK,D,20180905,000000,7.625,7.75,7.25,7.5,50000,0
1715.HK,D,20180906,000000,7.25,7.625,7.25,7.5,150800,0
1715.HK,D,20180907,000000,7.5,7.625,7.25,7.25,65600,0
1715.HK,D,20180910,000000,7.25,7.625,7,7,54800,0
1715.HK,D,20180911,000000,7,7.125,6.5,6.75,146800,0
1715.HK,D,20180912,000000,6.625,6.625,6.25,6.375,81600,0
1715.HK,D,20180913,000000,6.375,6.75,6.375,6.625,26800,0
1715.HK,D,20180914,000000,6.5,6.625,6.5,6.5,15200,0
1715.HK,D,20180917,000000,6.5,6.5,6.5,6.5,8400,0
1715.HK,D,20180918,000000,6.5,6.75,6.375,6.5,20800,0
1715.HK,D,20180919,000000,6.75,7.625,6.625,7.125,185600,0
1715.HK,D,20180920,000000,7.375,7.375,7,7.125,37600,0
1715.HK,D,20180921,000000,7.375,7.75,7.25,7.5,184000,0
1715.HK,D,20180924,000000,7.5,8,7.5,7.75,80400,0
1715.HK,D,20180926,000000,7.5,7.75,7.25,7.25,30400,0
1715.HK,D,20180927,000000,7.375,7.5,7.25,7.375,46400,0
1715.HK,D,20180928,000000,7.25,7.75,7.25,7.25,30400,0
1715.HK,D,20181002,000000,7.125,7.375,7,7,61200,0
1715.HK,D,20181003,000000,7,7.125,6.875,7,15200,0
1715.HK,D,20181004,000000,7,7.125,6.5,6.75,180400,0
1715.HK,D,20181005,000000,6.75,8.25,6.75,7.625,1236800,0
1715.HK,D,20181008,000000,7.75,7.875,7.25,7.375,81600,0
1715.HK,D,20181009,000000,7.125,7.375,7.125,7.125,32000,0
1715.HK,D,20181010,000000,7.25,7.25,7.125,7.125,22000,0
1715.HK,D,20181011,000000,7,7,6.625,6.875,110400,0
1715.HK,D,20181012,000000,6.75,7.25,6.75,7.25,1998400,0
1715.HK,D,20181015,000000,6.875,6.875,6.875,6.875,2000,0
1715.HK,D,20181016,000000,6.875,6.875,6.75,6.75,37200,0
1715.HK,D,20181018,000000,6.875,7,6.75,7,27200,0
1715.HK,D,20181019,000000,6.75,7,6.625,6.875,24000,0
1715.HK,D,20181022,000000,7.25,7.375,7,7.125,2040000,0
1715.HK,D,20181023,000000,7.5,7.5,7.125,7.125,78800,0
1715.HK,D,20181024,000000,7.125,7.375,7.125,7.375,4400,0
1715.HK,D,20181025,000000,6.875,7,6.75,7,33600,0
1715.HK,D,20181026,000000,6.875,7.125,6.875,7.125,48400,0
1715.HK,D,20181029,000000,7,7,6.875,7,2000,0
1715.HK,D,20181030,000000,6.75,6.875,6.75,6.75,16400,0
1715.HK,D,20181031,000000,6.75,6.875,6.75,6.875,7200,0
1715.HK,D,20181101,000000,6.75,7.25,6.75,7.125,83200,0
1715.HK,D,20181102,000000,7.125,7.125,7,7.125,22800,0
1715.HK,D,20181105,000000,7.125,7.625,7.125,7.125,76000,0
1715.HK,D,20181106,000000,7.125,7.125,6.875,7,30000,0
1715.HK,D,20181107,000000,7,8.125,7,7.375,545200,0
1715.HK,D,20181108,000000,7.375,7.625,7.25,7.375,120000,0
1715.HK,D,20181109,000000,7.25,7.375,7.125,7.25,7600,0
1715.HK,D,20181112,000000,7.125,7.25,7.125,7.25,26800,0
1715.HK,D,20181113,000000,7.25,7.625,7.25,7.5,55600,0
1715.HK,D,20181114,000000,7.5,9,7.375,9,881600,0
1715.HK,D,20181115,000000,9,9.625,8.125,8.375,362800,0
1715.HK,D,20181116,000000,8.25,8.5,8.125,8.5,63600,0
1715.HK,D,20181119,000000,8.375,8.375,8,8.25,23600,0
1715.HK,D,20181120,000000,8,8,8,8,1200,0
1715.HK,D,20181121,000000,8.25,8.25,7.625,8,280000,0
1715.HK,D,20181122,000000,7.75,8,7.75,8,22400,0
1715.HK,D,20181123,000000,8.125,8.75,8,8.5,280000,0
1715.HK,D,20181126,000000,8.5,8.5,8.125,8.125,11600,0
1715.HK,D,20181127,000000,8.125,9,8.125,9,210000,0
1715.HK,D,20181128,000000,9,9.375,8.5,8.75,240800,0
1715.HK,D,20181129,000000,8.625,8.625,8.125,8.25,205200,0
1715.HK,D,20181130,000000,8.25,8.375,8,8.375,224000,0
1715.HK,D,20181203,000000,8.25,8.25,7.75,7.875,78800,0
1715.HK,D,20181204,000000,7.875,7.875,7.375,7.5,98000,0
1715.HK,D,20181205,000000,7.375,7.5,7.125,7.375,83200,0
1715.HK,D,20181206,000000,7.375,7.375,7.125,7.25,40400,0
1715.HK,D,20181207,000000,7.25,7.25,7.25,7.25,124400,0
1715.HK,D,20181210,000000,7.25,7.25,7.25,7.25,14000,0
1715.HK,D,20181211,000000,7.125,7.25,7.125,7.25,32000,0
1715.HK,D,20181212,000000,7.125,7.125,7,7.125,28400,0
1715.HK,D,20181213,000000,7.125,7.125,7,7.125,312400,0
1715.HK,D,20181214,000000,7.125,7.125,6.875,7,24000,0
1715.HK,D,20181217,000000,7,7.25,7,7.25,157200,0
1715.HK,D,20181218,000000,7.125,7.25,7,7,26000,0
1715.HK,D,20181219,000000,7,7,7,7,4800,0
1715.HK,D,20181220,000000,7.25,7.25,6.875,7,100800,0
1715.HK,D,20181221,000000,6.875,7,6.875,6.875,19600,0
1715.HK,D,20181224,000000,6.875,6.875,6.875,6.875,3600,0
1715.HK,D,20181227,000000,6.875,6.875,6.5,6.875,95200,0
1715.HK,D,20181228,000000,6.875,6.875,6.875,6.875,0,0
1715.HK,D,20181231,000000,6.75,7,6.75,6.875,48000,0
1715.HK,D,20190102,000000,6.75,7.375,6.625,7,612800,0
1715.HK,D,20190103,000000,7.125,7.375,7,7,346000,0
1715.HK,D,20190104,000000,7.25,7.75,7.25,7.5,82000,0
1715.HK,D,20190107,000000,8,8,7.5,7.625,330400,0
1715.HK,D,20190108,000000,8.125,8.125,7.5,7.5,110000,0
1715.HK,D,20190109,000000,7.75,7.75,7.5,7.625,18400,0
1715.HK,D,20190110,000000,7.625,7.75,7.375,7.375,20000,0
1715.HK,D,20190111,000000,7.125,7.5,7.125,7.25,50000,0
1715.HK,D,20190114,000000,7.125,7.125,6.625,6.75,119200,0
1715.HK,D,20190115,000000,6.75,7.5,6.75,7.25,671800,0
1715.HK,D,20190116,000000,7.25,7.25,7.125,7.125,6800,0
1715.HK,D,20190117,000000,7.125,7.375,7,7,388400,0
1715.HK,D,20190118,000000,6.875,7.125,6.5,6.875,351200,0
1715.HK,D,20190121,000000,7,7.25,6.875,7.125,464800,0
1715.HK,D,20190122,000000,6.875,7.25,6.875,7,457600,0
1715.HK,D,20190123,000000,6.875,7.125,6.75,6.875,16000,0
1715.HK,D,20190124,000000,7.25,7.25,7,7.25,2400,0
1715.HK,D,20190125,000000,6.875,6.875,6.125,6.225,364400,0
1715.HK,D,20190128,000000,6,7,5.75,6.5,1126000,0
1715.HK,D,20190129,000000,6.75,7,6.375,6.75,321200,0
1715.HK,D,20190130,000000,6.75,6.75,6.75,6.75,0,0
1715.HK,D,20190131,000000,6.625,6.625,6.25,6.625,482400,0
1715.HK,D,20190201,000000,6.375,6.75,6.25,6.25,88400,0
1715.HK,D,20190204,000000,6.25,6.25,6.25,6.25,0,0
1715.HK,D,20190208,000000,6.375,6.625,6.375,6.5,8800,0
1715.HK,D,20190211,000000,6.5,6.625,6.5,6.625,13600,0
1715.HK,D,20190212,000000,6.625,6.625,6.625,6.625,0,0
1715.HK,D,20190213,000000,6.625,6.625,6.5,6.5,12000,0
1715.HK,D,20190214,000000,6.625,6.75,6.625,6.625,22400,0
1715.HK,D,20190215,000000,6.375,6.625,6.375,6.625,86400,0
1715.HK,D,20190218,000000,6.5,6.625,6.375,6.625,238800,0
1715.HK,D,20190219,000000,6.5,6.625,6.25,6.5,333200,0
1715.HK,D,20190220,000000,6.375,6.5,6.375,6.5,7200,0
1715.HK,D,20190221,000000,6.375,6.5,6.375,6.5,20800,0
1715.HK,D,20190222,000000,6.375,6.375,6.25,6.25,533600,0
1715.HK,D,20190225,000000,6.25,6.25,6.025,6.05,20000,0
1715.HK,D,20190226,000000,6.025,6.025,5.875,6,18800,0
1715.HK,D,20190227,000000,5.9,6.125,5.9,6.125,8400,0
1715.HK,D,20190228,000000,6.025,6.15,5.95,6.1,8800,0
1715.HK,D,20190301,000000,6.05,6.075,6,6.05,7600,0
1715.HK,D,20190304,000000,6.05,6.25,6.05,6.175,4800,0
1715.HK,D,20190305,000000,6.225,9,6.225,8.5,2576400,0
1715.HK,D,20190306,000000,8.75,10.875,8.75,10.25,1583600,0
1715.HK,D,20190307,000000,10.375,10.5,8.75,9.625,3070000,0
1715.HK,D,20190308,000000,9.5,10,9.5,9.875,169200,0
1715.HK,D,20190311,000000,10,12,10,10.5,1197200,0
1715.HK,D,20190312,000000,10.5,10.625,9.875,10.25,310000,0
1715.HK,D,20190313,000000,10.5,10.75,10,10.25,191200,0
1715.HK,D,20190314,000000,9.875,10.625,9.875,10.375,46400,0
1715.HK,D,20190315,000000,10.75,11.25,9.875,10,1424000,0
1715.HK,D,20190318,000000,9.875,10.375,9.875,10.25,41600,0
1715.HK,D,20190319,000000,10,10.375,10,10.375,89600,0
1715.HK,D,20190320,000000,10.375,10.375,10,10.125,168800,0
1715.HK,D,20190321,000000,10,10.125,9.625,9.625,1088400,0
1715.HK,D,20190322,000000,9.625,10,9.375,9.875,148000,0
1715.HK,D,20190325,000000,9.5,10.25,9.5,9.875,77600,0
1715.HK,D,20190326,000000,10.75,10.75,10,10,100000,0
1715.HK,D,20190327,000000,10,10,9.75,9.75,23600,0
1715.HK,D,20190328,000000,9.75,10.125,9.75,10,16400,0
1715.HK,D,20190329,000000,9.75,10,9.625,9.625,32000,0
1715.HK,D,20190401,000000,9.625,10.625,9.625,10,58400,0
1715.HK,D,20190402,000000,9.875,10.125,9.875,9.875,14000,0
1715.HK,D,20190403,000000,10,10.25,9.875,10.125,770800,0
1715.HK,D,20190404,000000,10.25,10.375,9.875,10.25,978400,0
1715.HK,D,20190408,000000,10.625,12,10,10.875,1766400,0
1715.HK,D,20190409,000000,10.75,10.75,10.125,10.25,464000,0
1715.HK,D,20190410,000000,10.375,10.375,10,10.25,102000,0
1715.HK,D,20190411,000000,10.125,10.5,10.125,10.375,120400,0
1715.HK,D,20190412,000000,10.25,11.125,10.125,10.75,1699600,0
1715.HK,D,20190415,000000,11.25,11.75,10.75,11.25,591200,0
1715.HK,D,20190416,000000,11.25,12.75,11.125,11.25,731600,0
1715.HK,D,20190417,000000,11.25,11.75,10.75,10.875,985200,0
1715.HK,D,20190418,000000,10.875,11.125,10.625,10.625,638400,0
1715.HK,D,20190423,000000,10.625,11.125,10.5,10.5,68800,0
1715.HK,D,20190424,000000,10.75,10.75,10.375,10.625,1316800,0
1715.HK,D,20190425,000000,10.625,10.75,10.625,10.75,520400,0
1715.HK,D,20190426,000000,10.75,11.125,10.75,11.125,272800,0
1715.HK,D,20190429,000000,11,11.375,10.625,10.75,132400,0
1715.HK,D,20190430,000000,10.875,10.875,10.375,10.625,337600,0
1715.HK,D,20190502,000000,10.375,10.75,10.25,10.5,762000,0
1715.HK,D,20190503,000000,10.5,10.75,10.375,10.375,512000,0
1715.HK,D,20190506,000000,10.25,10.25,9.75,10,932400,0
1715.HK,D,20190507,000000,10,10.375,9.875,10.25,86000,0
1715.HK,D,20190508,000000,9.875,10.125,9.875,10,12800,0
1715.HK,D,20190509,000000,10,10,9.75,9.875,86400,0
1715.HK,D,20190510,000000,9.875,10,9.875,10,130000,0
1715.HK,D,20190514,000000,9.875,10.25,9.875,9.875,12000,0
1715.HK,D,20190515,000000,10.125,10.125,9.875,10.125,20000,0
1715.HK,D,20190516,000000,9.875,10.25,9.875,10.125,226400,0
1715.HK,D,20190517,000000,10.125,10.25,10,10.125,87200,0
1715.HK,D,20190520,000000,10.375,10.375,9.875,10,818000,0
1715.HK,D,20190521,000000,9.875,10.75,9.875,10.125,212400,0
1715.HK,D,20190522,000000,10,10.375,9.875,10,94400,0
1715.HK,D,20190523,000000,9.875,10,9.875,10,554800,0
1715.HK,D,20190524,000000,10,10.125,9.875,10.125,15600,0
1715.HK,D,20190527,000000,10.5,10.5,10,10.5,73600,0
1715.HK,D,20190528,000000,10.5,11.375,10.5,11.25,189200,0
1715.HK,D,20190529,000000,11.25,12.125,11.125,11.75,435200,0
1715.HK,D,20190530,000000,11.75,11.75,11.125,11.5,228000,0
1715.HK,D,20190531,000000,11.75,12.125,11.5,11.875,84400,0
1715.HK,D,20190603,000000,11.875,12.25,10.75,11.25,573600,0
1715.HK,D,20190604,000000,11.625,11.875,11.5,11.75,349200,0
1715.HK,D,20190605,000000,12,12,11.75,12,21600,0
1715.HK,D,20190606,000000,11.625,12.125,11.625,12,10000,0
1715.HK,D,20190610,000000,12,12,11.75,11.75,90400,0
1715.HK,D,20190611,000000,11.75,11.875,11.5,11.875,110800,0
1715.HK,D,20190612,000000,11.75,12,11.625,12,35200,0
1715.HK,D,20190613,000000,11.75,12,11.75,11.75,33200,0
1715.HK,D,20190614,000000,11.5,12.125,11.5,12,45200,0
1715.HK,D,20190617,000000,12,12,11.875,12,20400,0
1715.HK,D,20190618,000000,12,12,12,12,5200,0
1715.HK,D,20190619,000000,11.75,12,11.75,12,16000,0
1715.HK,D,20190620,000000,12,12.25,12,12,5600,0
1715.HK,D,20190621,000000,12,12,12,12,8000,0
1715.HK,D,20190624,000000,11.5,12,11.25,11.5,8000,0
1715.HK,D,20190625,000000,11.5,11.875,11.5,11.5,4400,0
1715.HK,D,20190626,000000,12.125,12.125,11.25,11.5,20000,0
1715.HK,D,20190627,000000,11.5,11.5,11.375,11.5,3600,0
1715.HK,D,20190628,000000,11.5,11.625,11.5,11.5,514000,0
1715.HK,D,20190702,000000,11.5,12,11.5,11.75,140800,0
1715.HK,D,20190703,000000,11.875,11.875,11.5,11.875,691600,0
1715.HK,D,20190704,000000,11.875,12.125,11.875,11.875,20800,0
1715.HK,D,20190705,000000,12,12,11.5,12,4000,0
1715.HK,D,20190708,000000,11.5,11.625,11.5,11.625,8800,0
1715.HK,D,20190709,000000,11.5,11.5,11.375,11.5,12400,0
1715.HK,D,20190710,000000,11.375,11.5,11.25,11.5,15600,0
1715.HK,D,20190711,000000,11.25,11.375,11.25,11.25,54000,0
1715.HK,D,20190712,000000,11,11.875,11,11.25,102000,0
1715.HK,D,20190715,000000,11.25,11.25,11,11,1600,0
1715.HK,D,20190716,000000,11.125,11.25,11,11.125,610400,0
1715.HK,D,20190717,000000,11.125,11.375,11.125,11.125,48800,0
1715.HK,D,20190718,000000,11.125,11.125,11.125,11.125,0,0
1715.HK,D,20190719,000000,10.625,11,9.875,10.25,110000,0
1715.HK,D,20190722,000000,10.25,10.25,9.625,9.625,124000,0
1715.HK,D,20190723,000000,9.625,10.25,9.625,9.875,564000,0
1715.HK,D,20190724,000000,9.875,10.25,9.75,9.875,30800,0
1715.HK,D,20190725,000000,9.875,9.875,9.5,9.625,179200,0
1715.HK,D,20190726,000000,9.875,10,9.75,9.75,102400,0
1715.HK,D,20190729,000000,9.625,9.75,9.5,9.75,25200,0
1715.HK,D,20190730,000000,10.375,10.375,10,10,17200,0
1715.HK,D,20190731,000000,10,10,10,10,0,0
1715.HK,D,20190801,000000,10,10,10,10,0,0
1715.HK,D,20190802,000000,9.5,10,9.5,10,36400,0
1715.HK,D,20190805,000000,10,10,9.5,9.5,6400,0
1715.HK,D,20190806,000000,9.75,9.75,7.625,8.75,772400,0
1715.HK,D,20190807,000000,8.75,9.375,8.625,8.75,136000,0
1715.HK,D,20190808,000000,9.25,9.25,8.875,8.875,66400,0
1715.HK,D,20190809,000000,9,9.375,8.75,9,193200,0
1715.HK,D,20190812,000000,9,9,8.5,9,49200,0
1715.HK,D,20190813,000000,8.5,8.5,8.5,8.5,3200,0
1715.HK,D,20190814,000000,8.5,8.75,8.375,8.625,42000,0
1715.HK,D,20190815,000000,8.625,9,8.25,8.625,192400,0
1715.HK,D,20190816,000000,8.75,8.75,8.75,8.75,8000,0
1715.HK,D,20190819,000000,9,9.375,9,9,62800,0
1715.HK,D,20190820,000000,9.25,9.5,8.875,9,104800,0
1715.HK,D,20190821,000000,9.25,9.25,9,9.25,4000,0
1715.HK,D,20190822,000000,9,9.25,9,9.25,4800,0
1715.HK,D,20190823,000000,9,9,9,9,4000,0
1715.HK,D,20190826,000000,8.75,8.75,8.75,8.75,800,0
1715.HK,D,20190828,000000,9.25,9.25,9,9.125,1090800,0
1715.HK,D,20190829,000000,9.125,9.125,9.125,9.125,3200,0
1715.HK,D,20190830,000000,8.875,8.875,8.625,8.875,12800,0
1715.HK,D,20190902,000000,9,9,8.875,8.875,1124400,0
1715.HK,D,20190903,000000,8.75,8.75,8.75,8.75,2000,0
1715.HK,D,20190904,000000,8.75,8.75,8.75,8.75,8000,0
1715.HK,D,20190905,000000,8.75,8.75,8.75,8.75,0,0
1715.HK,D,20190906,000000,8.75,9,8.75,8.875,8000,0
1715.HK,D,20190909,000000,9,9,9,9,12000,0
1715.HK,D,20190910,000000,9,9,8.75,8.75,4000,0
1715.HK,D,20190911,000000,8.625,8.625,7.625,7.75,268400,0
1715.HK,D,20190912,000000,8.5,8.75,8.25,8.5,5600,0
1715.HK,D,20190913,000000,8.5,8.5,8.5,8.5,0,0
1715.HK,D,20190916,000000,8.5,8.5,8.5,8.5,8000,0
1715.HK,D,20190917,000000,8.5,8.5,8.25,8.5,1600,0
1715.HK,D,20190918,000000,8.25,8.5,8.25,8.25,172400,0
1715.HK,D,20190919,000000,8.375,8.375,8.375,8.375,28000,0
1715.HK,D,20190920,000000,8.5,8.625,8.5,8.5,104800,0
1715.HK,D,20190923,000000,8.5,8.5,8.5,8.5,10800,0
1715.HK,D,20190924,000000,8.875,9.75,8.75,8.875,1398000,0
1715.HK,D,20190925,000000,8.875,9.375,8.875,9,126000,0
1715.HK,D,20190926,000000,9,9.75,9,9.625,218400,0
1715.HK,D,20190927,000000,9.75,10.625,9.5,9.625,639600,0
1715.HK,D,20190930,000000,9.875,10,9.625,9.875,232400,0
1715.HK,D,20191002,000000,9.875,10,9.25,9.375,17600,0
1715.HK,D,20191003,000000,9.625,10.125,9.625,9.625,41600,0
1715.HK,D,20191004,000000,9.25,9.25,8.875,8.875,47200,0
1715.HK,D,20191008,000000,8.25,8.5,7.75,8.5,27200,0
1715.HK,D,20191009,000000,8.25,8.375,7.875,7.875,124000,0
1715.HK,D,20191010,000000,7.75,8.125,7.75,7.875,36000,0
1715.HK,D,20191011,000000,8.5,8.75,8.125,8.5,390800,0
1715.HK,D,20191014,000000,8.625,8.625,8.625,8.625,2800,0
1715.HK,D,20191015,000000,8,8.625,7.875,8.5,117200,0
1715.HK,D,20191016,000000,7.875,8.25,7.875,8.125,6400,0
1715.HK,D,20191017,000000,8.125,8.125,8.125,8.125,0,0
1715.HK,D,20191018,000000,8,8,7.875,8,318800,0
1715.HK,D,20191021,000000,8,8.125,8,8.125,8400,0
1715.HK,D,20191022,000000,8.25,8.25,8,8.125,31600,0
1715.HK,D,20191023,000000,8,8.125,8,8.125,7200,0
1715.HK,D,20191024,000000,8,8.25,8,8,25600,0
1715.HK,D,20191025,000000,8.125,8.125,8,8,298000,0
1715.HK,D,20191028,000000,8.125,8.125,7.5,7.5,118400,0
1715.HK,D,20191029,000000,7.5,8.5,6.875,8.25,400400,0
1715.HK,D,20191030,000000,8.5,8.5,7.75,7.75,17200,0
1715.HK,D,20191031,000000,7.625,8,7.5,7.875,19600,0
1715.HK,D,20191101,000000,7.875,7.875,7.875,7.875,0,0
1715.HK,D,20191104,000000,7.875,7.875,7.5,7.5,19200,0
1715.HK,D,20191105,000000,6.875,7.375,6.375,6.875,232800,0
1715.HK,D,20191106,000000,6.875,7.125,6.75,6.75,17200,0
1715.HK,D,20191107,000000,7,7.25,6.875,7.125,24800,0
1715.HK,D,20191108,000000,6.875,6.875,6.875,6.875,168000,0
1715.HK,D,20191111,000000,7.125,7.125,6.75,7,5200,0
1715.HK,D,20191112,000000,7,7.125,7,7,144000,0
1715.HK,D,20191113,000000,7.25,7.25,7.125,7.125,2000,0
1715.HK,D,20191114,000000,6.75,6.75,6.75,6.75,2800,0
1715.HK,D,20191115,000000,6.75,6.875,6.625,6.75,1159200,0
1715.HK,D,20191118,000000,6.625,6.625,6.625,6.625,4000,0
1715.HK,D,20191119,000000,6.625,6.625,6.625,6.625,0,0
1715.HK,D,20191120,000000,6.75,7,6.75,6.875,252000,0
1715.HK,D,20191121,000000,6.875,6.875,6.875,6.875,42000,0
1715.HK,D,20191122,000000,6.875,7.375,6.875,6.875,36000,0
1715.HK,D,20191125,000000,7.125,7.25,6.75,6.75,89200,0
1715.HK,D,20191126,000000,7,7.125,6.75,6.875,69200,0
1715.HK,D,20191127,000000,6.875,6.875,6.875,6.875,0,0
1715.HK,D,20191128,000000,7,7,6.75,7,51200,0
1715.HK,D,20191129,000000,6.875,6.875,6.75,6.875,1000800,0
1715.HK,D,20191202,000000,6.875,6.875,6.875,6.875,0,0
1715.HK,D,20191203,000000,6.75,6.75,6.75,6.75,68000,0
1715.HK,D,20191204,000000,6.75,6.75,6.5,6.75,1924000,0
1715.HK,D,20191205,000000,6.75,6.75,6.75,6.75,0,0
1715.HK,D,20191206,000000,6.75,6.75,6.625,6.75,664000,0
1715.HK,D,20191209,000000,6.5,6.75,6.375,6.625,1485600,0
1715.HK,D,20191210,000000,6.75,6.875,6.625,6.75,12800,0
1715.HK,D,20191211,000000,6.75,7.125,6.75,7,585600,0
1715.HK,D,20191212,000000,7,7.375,6.875,7.375,1387600,0
1715.HK,D,20191213,000000,7.375,7.5,7.125,7.25,15600,0
1715.HK,D,20191216,000000,7,7.375,7,7.375,1411600,0
1715.HK,D,20191217,000000,7.25,7.375,7,7.25,40800,0
1715.HK,D,20191218,000000,7.25,7.25,6.875,6.875,40800,0
1715.HK,D,20191219,000000,7,7.125,7,7.125,57600,0
1715.HK,D,20191220,000000,7.125,7.25,7,7.25,56400,0
1715.HK,D,20191223,000000,7.25,7.25,6.875,7.125,75600,0
1715.HK,D,20191224,000000,7,7,7,7,45200,0
1715.HK,D,20191227,000000,7,7.125,7,7.125,5200,0
1715.HK,D,20191230,000000,7,7,6.875,7,24000,0
1715.HK,D,20191231,000000,7,7,7,7,20000,0
1715.HK,D,20200102,000000,6.875,6.875,6.875,6.875,5600,0
1715.HK,D,20200103,000000,7,7.125,6.875,7.125,220400,0
1715.HK,D,20200106,000000,7,7.125,7,7.125,2400,0
1715.HK,D,20200107,000000,7.125,7.125,6.75,6.75,42000,0
1715.HK,D,20200108,000000,6.625,6.875,6.625,6.75,270800,0
1715.HK,D,20200109,000000,6.625,6.875,6.625,6.625,15600,0
1715.HK,D,20200110,000000,6.625,6.75,6.625,6.625,4000,0
1715.HK,D,20200113,000000,6.625,7,6.625,6.75,10000,0
1715.HK,D,20200114,000000,6.75,6.875,6.75,6.875,164000,0
1715.HK,D,20200115,000000,7,7,6.75,6.875,388400,0
1715.HK,D,20200116,000000,6.875,7.125,6.875,6.875,441600,0
1715.HK,D,20200117,000000,6.875,7.125,6.75,7.125,714800,0
1715.HK,D,20200120,000000,7.125,7.25,7.125,7.125,76400,0
1715.HK,D,20200121,000000,7.125,7.125,6.875,6.875,34800,0
1715.HK,D,20200122,000000,9.5,9.5,7.125,7.375,1358400,0
1715.HK,D,20200123,000000,7.375,7.5,6.75,7.25,109200,0
1715.HK,D,20200124,000000,6.875,7,6.875,7,46400,0
1715.HK,D,20200129,000000,6.5,6.875,6.375,6.75,57600,0
1715.HK,D,20200130,000000,6.5,7,6.5,6.875,46800,0
1715.HK,D,20200131,000000,7,7,6.75,6.75,397600,0
1715.HK,D,20200203,000000,6.75,6.75,6.5,6.75,710400,0
1715.HK,D,20200204,000000,6.625,6.875,6.5,6.75,1161200,0
1715.HK,D,20200205,000000,6.625,6.625,6.5,6.5,59200,0
1715.HK,D,20200206,000000,6.375,6.5,6.375,6.375,30000,0
1715.HK,D,20200207,000000,6.5,6.5,6.25,6.25,41200,0
1715.HK,D,20200210,000000,6.25,6.5,6.25,6.25,52800,0
1715.HK,D,20200211,000000,6.25,6.875,6.25,6.625,33200,0
1715.HK,D,20200212,000000,6.5,6.625,6.375,6.625,898000,0
1715.HK,D,20200213,000000,6.5,6.625,6.5,6.5,43200,0
1715.HK,D,20200214,000000,6.5,6.5,6.375,6.5,40800,0
1715.HK,D,20200217,000000,6.5,6.5,6.125,6.25,51600,0
1715.HK,D,20200218,000000,6,6.375,6,6.375,10000,0
1715.HK,D,20200219,000000,6.25,6.25,6.125,6.25,15200,0
1715.HK,D,20200220,000000,6.5,6.5,6.175,6.5,1680000,0
1715.HK,D,20200221,000000,6.625,6.75,6.5,6.5,37200,0
1715.HK,D,20200224,000000,6.5,6.5,6.375,6.5,2400,0
1715.HK,D,20200225,000000,6.25,6.25,6.225,6.25,352800,0
1715.HK,D,20200226,000000,6.25,6.375,6.25,6.375,18400,0
1715.HK,D,20200227,000000,6.25,6.25,6.175,6.25,14000,0
1715.HK,D,20200228,000000,6,6.25,5.975,6,64000,0
1715.HK,D,20200302,000000,6.175,7.25,6.175,6.625,580800,0
1715.HK,D,20200303,000000,6.625,6.625,6.625,6.625,0,0
1715.HK,D,20200304,000000,6.25,6.5,6.25,6.5,37200,0
1715.HK,D,20200305,000000,6.625,6.625,6.25,6.625,49200,0
1715.HK,D,20200306,000000,6.25,6.25,6.25,6.25,112400,0
1715.HK,D,20200309,000000,5.75,6.1,5.75,5.95,18400,0
1715.HK,D,20200310,000000,5.975,6.625,5.975,6.25,60400,0
1715.HK,D,20200311,000000,6.25,6.25,6.25,6.25,0,0
1715.HK,D,20200312,000000,6.5,6.5,6.25,6.5,48000,0
1715.HK,D,20200313,000000,6.5,6.5,5.875,6.5,21600,0
1715.HK,D,20200316,000000,6.375,6.375,6.25,6.25,37200,0
1715.HK,D,20200317,000000,6.25,6.25,6.25,6.25,0,0
1715.HK,D,20200318,000000,6.25,6.25,6.25,6.25,0,0
1715.HK,D,20200319,000000,5.75,6.625,5.75,6.625,108800,0
1715.HK,D,20200320,000000,6.5,6.5,6.25,6.25,23200,0
1715.HK,D,20200323,000000,6.25,6.25,6.25,6.25,0,0
1715.HK,D,20200324,000000,5.9,6.225,5.9,6.225,5200,0
1715.HK,D,20200325,000000,6.25,6.5,6.2,6.25,66800,0
1715.HK,D,20200326,000000,6.025,6.375,6,6.375,46400,0
1715.HK,D,20200327,000000,6.375,6.375,6.25,6.375,81600,0
1715.HK,D,20200330,000000,6.625,6.625,6.25,6.625,170800,0
1715.HK,D,20200331,000000,6.75,6.75,6.25,6.625,71600,0
1715.HK,D,20200401,000000,6.25,6.375,6.25,6.25,15600,0
1715.HK,D,20200402,000000,6.375,6.375,6.375,6.375,800,0
1715.HK,D,20200403,000000,6.25,7.25,6.225,6.875,981600,0
1715.HK,D,20200406,000000,7.5,8.125,6.875,7.5,153600,0
1715.HK,D,20200407,000000,8.5,8.5,7.125,8,59600,0
1715.HK,D,20200408,000000,7.75,8.25,7.625,8.125,214800,0
1715.HK,D,20200409,000000,8,8.125,7.75,8,216800,0
1715.HK,D,20200414,000000,8.25,8.375,7.875,8.125,238400,0
1715.HK,D,20200415,000000,8,8.375,7.75,8.125,235600,0
1715.HK,D,20200416,000000,8,8,7.5,7.75,19200,0
1715.HK,D,20200417,000000,7.5,7.625,7.5,7.625,43200,0
1715.HK,D,20200420,000000,7.25,7.625,7.25,7.5,59600,0
1715.HK,D,20200421,000000,7.5,7.5,7.125,7.5,5600,0
1715.HK,D,20200422,000000,7.5,7.5,7.5,7.5,0,0
1715.HK,D,20200423,000000,7.375,7.5,7,7.5,93600,0
1715.HK,D,20200424,000000,7.25,7.5,7.125,7.375,130800,0
1715.HK,D,20200427,000000,7,7.375,7,7,34800,0
1715.HK,D,20200428,000000,7.125,7.25,5.725,5.825,215200,0
1715.HK,D,20200429,000000,6.225,7,6.075,7,79600,0
1715.HK,D,20200504,000000,6.75,7.25,6.2,6.875,208800,0
1715.HK,D,20200505,000000,6.625,6.875,6.05,6.225,123200,0
1715.HK,D,20200506,000000,6.125,6.375,6.125,6.225,8800,0
1715.HK,D,20200507,000000,6.375,6.375,6.1,6.375,10000,0
1715.HK,D,20200508,000000,6.2,6.375,6.2,6.25,6400,0
1715.HK,D,20200511,000000,6.2,6.375,6.2,6.375,2000,0
1715.HK,D,20200512,000000,6.25,6.25,6.05,6.05,24400,0
1715.HK,D,20200513,000000,6.5,6.5,5.55,6.5,100000,0
1715.HK,D,20200514,000000,6.625,6.75,6.25,6.5,133200,0
1715.HK,D,20200515,000000,6.625,6.625,6.5,6.625,161600,0
1715.HK,D,20200518,000000,6.25,6.375,6.25,6.25,37200,0
1715.HK,D,20200519,000000,6.25,6.375,6.1,6.375,9200,0
1715.HK,D,20200520,000000,6.25,6.25,6.25,6.25,0,0
1715.HK,D,20200521,000000,6.225,6.225,6.2,6.225,14000,0
1715.HK,D,20200522,000000,5.9,5.9,5.75,5.85,36400,0
1715.HK,D,20200525,000000,5.875,5.9,5.875,5.9,7200,0
1715.HK,D,20200526,000000,5.9,5.9,5.9,5.9,0,0
1715.HK,D,20200527,000000,6.075,6.1,5.525,6.075,90000,0
1715.HK,D,20200528,000000,6.075,6.075,6,6.075,5200,0
1715.HK,D,20200529,000000,6.075,6.175,6.075,6.075,400,0
1715.HK,D,20200601,000000,6.075,6.075,6.075,6.075,0,0
1715.HK,D,20200602,000000,5.95,5.95,5.75,5.95,84000,0
1715.HK,D,20200603,000000,5.825,5.85,5.825,5.825,54400,0
1715.HK,D,20200604,000000,5.75,5.825,5.75,5.825,1600,0
1715.HK,D,20200605,000000,5.75,5.75,5.75,5.75,1200,0
1715.HK,D,20200608,000000,5.75,5.75,5.75,5.75,0,0
1715.HK,D,20200609,000000,5.6,5.825,5.5,5.825,97200,0
1715.HK,D,20200610,000000,5.725,5.825,5.725,5.725,400,0
1715.HK,D,20200611,000000,5.8,5.8,5.7,5.75,30000,0
1715.HK,D,20200612,000000,5.5,5.575,5.5,5.575,2000,0
1715.HK,D,20200615,000000,5.75,5.75,5.25,5.75,60000,0
1715.HK,D,20200616,000000,5.75,5.75,5.65,5.75,3200,0
1715.HK,D,20200617,000000,5.725,5.725,5.725,5.725,0,0
1715.HK,D,20200618,000000,5.425,5.625,5.425,5.625,7200,0
1715.HK,D,20200619,000000,6.15,6.175,5.675,6.15,23200,0
1715.HK,D,20200622,000000,6.25,6.25,6,6,576400,0
1715.HK,D,20200623,000000,6.125,6.125,5.75,6.125,23600,0
1715.HK,D,20200624,000000,5.875,6.05,5.75,5.875,30000,0
1715.HK,D,20200626,000000,6,6.2,6,6.2,99600,0
1715.HK,D,20200629,000000,6.25,6.375,6.125,6.375,97600,0
1715.HK,D,20200630,000000,6.375,7.5,6.15,6.25,60800,0
1715.HK,D,20200702,000000,6.225,6.225,6.125,6.225,62800,0
1715.HK,D,20200703,000000,6.25,6.25,6.25,6.25,116400,0
1715.HK,D,20200706,000000,6.075,6.075,5.975,5.975,57600,0
1715.HK,D,20200707,000000,5.975,6.375,5.975,6.375,1600,0
1715.HK,D,20200708,000000,6.175,6.175,6.175,6.175,0,0
1715.HK,D,20200709,000000,5.875,6.075,5.8,5.875,3200,0
1715.HK,D,20200710,000000,5.825,5.975,5.825,5.825,48000,0
1715.HK,D,20200713,000000,5.825,5.825,5.625,5.675,74800,0
1715.HK,D,20200714,000000,5.675,5.675,5.675,5.675,0,0
1715.HK,D,20200715,000000,5.725,5.775,5.4,5.725,11600,0
1715.HK,D,20200716,000000,5.75,5.75,5.725,5.75,124400,0
1715.HK,D,20200717,000000,5.7,5.7,5.7,5.7,15200,0
1715.HK,D,20200720,000000,5.625,5.675,5.4,5.525,110000,0
1715.HK,D,20200721,000000,5.475,5.65,5.45,5.475,106400,0
1715.HK,D,20200722,000000,5.35,5.55,5.325,5.35,18800,0
1715.HK,D,20200723,000000,5.5,5.5,5.475,5.5,80800,0
1715.HK,D,20200724,000000,5.5,5.5,5.5,5.5,0,0
1715.HK,D,20200727,000000,5.375,5.375,5.25,5.25,103200,0
1715.HK,D,20200728,000000,5.2,5.225,5,5.2,58000,0
1715.HK,D,20200729,000000,4.85,5.475,4.825,4.85,43200,0
1715.HK,D,20200730,000000,4.75,4.825,4.65,4.75,70000,0
1715.HK,D,20200731,000000,4.725,4.75,4.65,4.725,15200,0
1715.HK,D,20200803,000000,4.725,4.725,4.725,4.725,4000,0
1715.HK,D,20200804,000000,4.5,4.775,4.5,4.775,72000,0
1715.HK,D,20200805,000000,4.65,4.65,4.575,4.65,54000,0
1715.HK,D,20200806,000000,4.525,4.575,4.25,4.525,48800,0
1715.HK,D,20200807,000000,4.75,5.1,4.5,5.1,58800,0
1715.HK,D,20200810,000000,5.125,5.125,4.5,4.5,32400,0
1715.HK,D,20200811,000000,4.25,4.5,4.1,4.5,118800,0
1715.HK,D,20200812,000000,4.45,5.075,4.45,4.45,3075600,0
1715.HK,D,20200813,000000,4.475,4.675,4.45,4.675,23600,0
1715.HK,D,20200814,000000,4.7,4.7,4.4,4.525,11200,0
1715.HK,D,20200817,000000,4.7,4.7,4.7,4.7,800,0
1715.HK,D,20200818,000000,4.65,4.975,4.525,4.725,30400,0
1715.HK,D,20200819,000000,4.6,4.625,4.6,4.625,12000,0
1715.HK,D,20200820,000000,4.625,4.625,4.625,4.625,0,0
1715.HK,D,20200821,000000,4.475,4.475,4.475,4.475,1200,0
1715.HK,D,20200824,000000,4.45,4.725,4.25,4.55,56400,0
1715.HK,D,20200825,000000,4.375,4.45,4.375,4.45,1200,0
1715.HK,D,20200826,000000,4.6,4.6,4.475,4.475,162000,0
1715.HK,D,20200827,000000,4.475,4.475,4.475,4.475,0,0
1715.HK,D,20200828,000000,4.475,4.475,4.475,4.475,0,0
1715.HK,D,20200831,000000,4.475,4.475,4.475,4.475,0,0
1715.HK,D,20200901,000000,4.475,4.475,4.475,4.475,0,0
1715.HK,D,20200902,000000,4.15,4.175,4.15,4.15,3200,0
1715.HK,D,20200903,000000,4.25,4.25,4.25,4.25,28400,0
1715.HK,D,20200904,000000,4.125,4.125,4,4.125,9600,0
1715.HK,D,20200907,000000,4.125,4.125,4.125,4.125,0,0
1715.HK,D,20200908,000000,4.125,4.125,4.125,4.125,0,0
1715.HK,D,20200909,000000,4.025,4.1,3.85,4.025,3200,0
1715.HK,D,20200910,000000,4.025,4.025,4.025,4.025,0,0
1715.HK,D,20200911,000000,3.975,3.975,3.575,3.975,2000,0
1715.HK,D,20200914,000000,3.95,3.95,3.95,3.95,800,0
1715.HK,D,20200915,000000,3.9,3.925,3.775,3.9,67600,0
1715.HK,D,20200916,000000,3.525,3.7,3.525,3.625,36000,0
1715.HK,D,20200917,000000,3.75,3.75,3.75,3.75,67200,0
1715.HK,D,20200918,000000,3.75,3.75,3.75,3.75,0,0
1715.HK,D,20200921,000000,3.65,3.65,3.65,3.65,67200,0
1715.HK,D,20200922,000000,3.65,3.65,3.65,3.65,0,0
1715.HK,D,20200923,000000,4.225,4.25,3.7,4.225,20400,0
1715.HK,D,20200924,000000,4.225,4.225,4.225,4.225,0,0
1715.HK,D,20200925,000000,4.25,4.25,4.25,4.25,48400,0
1715.HK,D,20200928,000000,4.175,4.25,3.625,4.175,276400,0
1715.HK,D,20200929,000000,3.8,4.25,3.775,4.225,1600,0
1715.HK,D,20200930,000000,4.2,4.2,4.2,4.2,16000,0
1715.HK,D,20201005,000000,4.225,4.225,4.225,4.225,87200,0
1715.HK,D,20201006,000000,4.225,4.225,4.225,4.225,0,0
1715.HK,D,20201007,000000,4.125,4.125,4.125,4.125,3200,0
1715.HK,D,20201008,000000,3.675,3.8,3.625,3.775,24400,0
1715.HK,D,20201009,000000,3.775,3.775,3.775,3.775,0,0
1715.HK,D,20201012,000000,3.775,3.775,3.775,3.775,0,0
1715.HK,D,20201014,000000,3.75,3.8,3.75,3.75,44000,0
1715.HK,D,20201015,000000,3.425,3.575,3.4,3.55,8400,0
1715.HK,D,20201016,000000,3.225,3.625,3.225,3.625,4800,0
1715.HK,D,20201019,000000,3.2,3.45,3.125,3.45,14000,0
1715.HK,D,20201020,000000,3.175,3.225,3.15,3.175,9600,0
1715.HK,D,20201021,000000,3.125,3.15,3.125,3.15,8000,0
1715.HK,D,20201022,000000,3.175,3.175,3.075,3.1,14800,0
1715.HK,D,20201023,000000,3.75,3.75,3.25,3.75,518000,0
1715.HK,D,20201027,000000,3.775,3.775,3.725,3.775,4400,0
1715.HK,D,20201028,000000,3.775,4.225,3.775,3.8,10800,0
1715.HK,D,20201029,000000,3.8,3.8,3.8,3.8,0,0
1715.HK,D,20201030,000000,3.975,3.975,3.45,3.975,1200,0
1715.HK,D,20201102,000000,3.8,3.85,3.8,3.8,36800,0
1715.HK,D,20201103,000000,3.8,3.8,3.8,3.8,0,0
1715.HK,D,20201104,000000,3.775,3.775,3.4,3.775,6000,0
1715.HK,D,20201105,000000,3.475,3.975,3.475,3.925,14400,0
1715.HK,D,20201106,000000,3.95,3.95,3.85,3.95,4000,0
1715.HK,D,20201109,000000,3.95,3.95,3.95,3.95,0,0
1715.HK,D,20201110,000000,3.95,3.95,3.95,3.95,0,0
1715.HK,D,20201111,000000,3.925,3.925,3.925,3.925,0,0
1715.HK,D,20201112,000000,3.625,3.775,3.575,3.775,9600,0
1715.HK,D,20201113,000000,3.6,3.75,3.575,3.725,3200,0
1715.HK,D,20201116,000000,3.725,3.725,3.625,3.725,800,0
1715.HK,D,20201117,000000,3.75,3.75,3.75,3.75,0,0
1715.HK,D,20201118,000000,3.725,3.75,3.725,3.725,1354400,0
1715.HK,D,20201119,000000,3.725,3.725,3.725,3.725,125200,0
1715.HK,D,20201120,000000,3.725,3.725,3.725,3.725,0,0
1715.HK,D,20201123,000000,3.725,3.725,3.725,3.725,0,0
1715.HK,D,20201124,000000,3.725,3.725,3.725,3.725,0,0
1715.HK,D,20201125,000000,3.725,3.725,3.725,3.725,0,0
1715.HK,D,20201126,000000,3.725,3.725,3.725,3.725,0,0
1715.HK,D,20201127,000000,3.725,3.725,3.725,3.725,0,0
1715.HK,D,20201130,000000,3.675,3.675,3.675,3.675,0,0
1715.HK,D,20201201,000000,3.85,3.85,3.3,3.7,14000,0
1715.HK,D,20201202,000000,3.7,3.7,3.7,3.7,0,0
1715.HK,D,20201203,000000,3.7,3.7,3.7,3.7,0,0
1715.HK,D,20201204,000000,3.7,3.7,3.7,3.7,0,0
1715.HK,D,20201207,000000,3.7,3.7,3.7,3.7,0,0
1715.HK,D,20201208,000000,3.7,3.7,3.7,3.7,0,0
1715.HK,D,20201209,000000,3.7,3.7,3.7,3.7,0,0
1715.HK,D,20201210,000000,3.7,3.7,3.7,3.7,0,0
1715.HK,D,20201211,000000,3.7,3.7,3.7,3.7,0,0
1715.HK,D,20201214,000000,3.7,3.7,3.7,3.7,0,0
1715.HK,D,20201215,000000,3.7,3.7,3.7,3.7,0,0
1715.HK,D,20201216,000000,3.7,3.7,3.7,3.7,0,0
1715.HK,D,20201217,000000,4.975,5.1,3.9,4.975,637600,0
1715.HK,D,20201218,000000,5.25,5.25,4.25,5.05,149200,0
1715.HK,D,20201221,000000,5.1,5.1,5,5.1,8800,0
1715.HK,D,20201222,000000,4.975,5.125,4.75,4.975,45200,0
1715.HK,D,20201223,000000,5.05,5.075,4.575,5.05,3600,0
1715.HK,D,20201224,000000,4.6,4.875,4.05,4.875,197200,0
1715.HK,D,20201228,000000,4.8,4.8,4.8,4.8,0,0
1715.HK,D,20201229,000000,4.75,4.75,4.75,4.75,16400,0
1715.HK,D,20201230,000000,4.875,4.875,4.875,4.875,102400,0
1715.HK,D,20201231,000000,4.95,5,4.6,4.75,48400,0
1715.HK,D,20210104,000000,4.625,4.625,4.525,4.625,4800,0
1715.HK,D,20210105,000000,4.875,5.025,4.875,4.875,800,0
1715.HK,D,20210106,000000,4.8,4.8,4.525,4.8,13600,0
1715.HK,D,20210107,000000,4.8,4.8,4.8,4.8,0,0
1715.HK,D,20210108,000000,4.8,4.8,4.8,4.8,400,0
1715.HK,D,20210111,000000,4.575,4.95,4.525,4.825,40000,0
1715.HK,D,20210112,000000,4.625,4.975,4.625,4.875,4400,0
1715.HK,D,20210113,000000,4.7,5.1,4.7,5.05,456000,0
1715.HK,D,20210114,000000,4.975,5.05,4.85,4.975,20800,0
1715.HK,D,20210115,000000,4.775,4.9,4.45,4.85,48800,0
1715.HK,D,20210118,000000,4.6,4.875,4.6,4.85,69280,0
1715.HK,D,20210119,000000,4.4,4.825,4.4,4.825,1120,0
1715.HK,D,20210120,000000,4.725,4.725,4.525,4.725,6800,0
1715.HK,D,20210121,000000,4.7,4.7,4.7,4.7,0,0
1715.HK,D,20210122,000000,4.75,5.025,4.575,4.95,40400,0
1715.HK,D,20210125,000000,4.9,4.925,4.75,4.9,56400,0
1715.HK,D,20210126,000000,5.025,5.125,4.85,5.125,210400,0
1715.HK,D,20210127,000000,4.95,5.25,4.925,5.25,20400,0
1715.HK,D,20210128,000000,5.25,6.125,5.25,5.5,84400,0
1715.HK,D,20210129,000000,5.75,6,5.75,6,65200,0
1715.HK,D,20210201,000000,6.25,6.75,6.025,6.225,301600,0
1715.HK,D,20210202,000000,6.25,6.25,5.75,5.75,118400,0
1715.HK,D,20210203,000000,5.875,5.925,5.5,5.825,317600,0
1715.HK,D,20210204,000000,6,6,5.5,5.65,115200,0
1715.HK,D,20210205,000000,5.65,5.65,5,5.35,79200,0
1715.HK,D,20210208,000000,5.375,5.375,3.775,4,429600,0
1715.HK,D,20210209,000000,4,4.325,3.95,4.125,74800,0
1715.HK,D,20210210,000000,4.075,4.25,4.05,4.225,26400,0
1715.HK,D,20210211,000000,4.25,4.475,4.25,4.3,40800,0
1715.HK,D,20210216,000000,4.625,4.8,4.375,4.575,70800,0
1715.HK,D,20210217,000000,4.575,4.825,4.575,4.675,21200,0
1715.HK,D,20210218,000000,4.55,4.55,4.025,4.4,138000,0
1715.HK,D,20210219,000000,4.4,4.625,4.325,4.525,74000,0
1715.HK,D,20210222,000000,4.5,4.65,4.5,4.65,32000,0
1715.HK,D,20210223,000000,4.725,5.375,4.65,5.15,156000,0
1715.HK,D,20210224,000000,5.175,5.35,5,5.35,116400,0
1715.HK,D,20210225,000000,5.05,5.4,5,5.325,310400,0
1715.HK,D,20210226,000000,5.475,5.475,4.95,5.075,230000,0
1715.HK,D,20210301,000000,5,5.1,5,5.1,30000,0
1715.HK,D,20210302,000000,5.125,5.125,5,5.075,121600,0
1715.HK,D,20210303,000000,5.075,5.1,4.9,5.05,74000,0
1715.HK,D,20210304,000000,5.55,5.575,5.05,5.05,64000,0
1715.HK,D,20210305,000000,5.05,5.25,5.05,5.15,29200,0
1715.HK,D,20210308,000000,4.575,4.975,4.55,4.975,20000,0
1715.HK,D,20210309,000000,4.725,4.825,4.725,4.8,6000,0
1715.HK,D,20210310,000000,4.925,5.55,4.925,5,94800,0
1715.HK,D,20210311,000000,5,5.25,4.95,5.225,38400,0
1715.HK,D,20210312,000000,5.15,5.15,5,5,7200,0
1715.HK,D,20210315,000000,5,5,5,5,0,0
1715.HK,D,20210316,000000,4.975,5.125,4.725,5.125,79200,0
1715.HK,D,20210317,000000,5,5,5,5,0,0
1715.HK,D,20210318,000000,4.775,4.85,4.775,4.775,14000,0
1715.HK,D,20210319,000000,4.9,4.9,4.9,4.9,400,0
1715.HK,D,20210322,000000,4.9,4.9,4.9,4.9,0,0
1715.HK,D,20210323,000000,4.925,5.05,4.9,4.925,11600,0
1715.HK,D,20210324,000000,4.8,4.925,4.8,4.8,800,0
1715.HK,D,20210325,000000,4.9,5.05,4.825,5.05,15200,0
1715.HK,D,20210326,000000,5.025,5.025,4.9,4.9,1200,0
1715.HK,D,20210329,000000,4.975,5.1,4.7,4.975,7600,0
1715.HK,D,20210330,000000,4.9,5,4.75,4.9,7200,0
1715.HK,D,20210331,000000,4.925,4.95,4.925,4.925,4400,0
1715.HK,D,20210401,000000,4.925,4.925,4.925,4.925,12000,0
1715.HK,D,20210407,000000,4.875,5.375,4.85,4.95,56800,0
1715.HK,D,20210408,000000,5.025,5.025,4.875,5.025,2800,0
1715.HK,D,20210409,000000,5.025,5.025,4.975,4.975,5200,0
1715.HK,D,20210412,000000,5.075,5.125,4.8,5.075,42000,0
1715.HK,D,20210413,000000,5,5,5,5,0,0
1715.HK,D,20210414,000000,5,5,5,5,400,0
1715.HK,D,20210415,000000,4.975,4.975,4.975,4.975,0,0
1715.HK,D,20210416,000000,4.825,4.9,4.8,4.825,18800,0
1715.HK,D,20210419,000000,4.825,4.825,4.75,4.75,8800,0
1715.HK,D,20210420,000000,4.8,4.8,4.75,4.75,3600,0
1715.HK,D,20210421,000000,4.75,4.775,4.75,4.75,11600,0
1715.HK,D,20210422,000000,4.75,4.8,4.75,4.75,28000,0
1715.HK,D,20210423,000000,4.775,4.775,4.75,4.75,18400,0
1715.HK,D,20210426,000000,4.625,4.675,4.625,4.675,4400,0
1715.HK,D,20210427,000000,4.75,4.825,4.675,4.75,146800,0
1715.HK,D,20210428,000000,4.85,4.9,4.525,4.775,43600,0
1715.HK,D,20210429,000000,4.85,4.95,4.625,4.75,26000,0
1715.HK,D,20210430,000000,4.975,4.975,4.725,4.85,4000,0
1715.HK,D,20210503,000000,4.85,4.85,4.85,4.85,0,0
1715.HK,D,20210504,000000,4.85,4.85,4.55,4.85,56000,0
1715.HK,D,20210505,000000,4.925,5.025,4.9,4.9,20800,0
1715.HK,D,20210506,000000,4.775,4.775,4.75,4.75,33600,0
1715.HK,D,20210507,000000,4.75,4.85,4.75,4.85,31200,0
1715.HK,D,20210510,000000,4.875,4.875,4.825,4.875,20400,0
1715.HK,D,20210511,000000,5,5.075,4.825,5,17200,0
1715.HK,D,20210512,000000,5.075,5.125,4.9,5,24400,0
1715.HK,D,20210513,000000,5.05,5.1,5,5,3600,0
1715.HK,D,20210514,000000,5.05,5.05,5.025,5.025,14000,0
1715.HK,D,20210517,000000,5.025,5.025,4.95,4.95,16000,0
1715.HK,D,20210518,000000,4.95,5,4.775,4.825,44800,0
1715.HK,D,20210520,000000,5,5,4.8,4.975,60400,0
1715.HK,D,20210521,000000,4.925,4.925,4.925,4.925,0,0
1715.HK,D,20210524,000000,4.925,4.925,4.925,4.925,0,0
1715.HK,D,20210525,000000,4.925,4.925,4.925,4.925,2400,0
1715.HK,D,20210526,000000,4.925,4.925,4.925,4.925,0,0
1715.HK,D,20210527,000000,4.925,4.925,4.925,4.925,0,0
1715.HK,D,20210528,000000,4.925,4.925,4.925,4.925,0,0
1715.HK,D,20210531,000000,4.875,4.9,4.75,4.875,122800,0
1715.HK,D,20210601,000000,4.875,5,4.725,4.825,143200,0
1715.HK,D,20210602,000000,4.775,4.775,4.475,4.575,128000,0
1715.HK,D,20210603,000000,4.6,4.775,4.575,4.575,62800,0
1715.HK,D,20210604,000000,4.65,4.75,4.6,4.6,23600,0
1715.HK,D,20210607,000000,4.55,4.7,4.525,4.625,16800,0
1715.HK,D,20210608,000000,4.6,4.6,4.6,4.6,0,0
1715.HK,D,20210609,000000,4.6,4.6,4.6,4.6,0,0
1715.HK,D,20210610,000000,4.55,4.575,4.525,4.55,2400,0
1715.HK,D,20210611,000000,4.5,4.55,4.5,4.5,4400,0
1715.HK,D,20210615,000000,4.45,4.45,4.45,4.45,0,0
1715.HK,D,20210616,000000,4.575,4.6,4.5,4.6,24000,0
1715.HK,D,20210617,000000,4.575,4.575,4.575,4.575,0,0
1715.HK,D,20210618,000000,4.625,4.625,4.45,4.45,54400,0
1715.HK,D,20210621,000000,4.3,4.525,4.225,4.5,22000,0
1715.HK,D,20210622,000000,4.475,4.475,4.475,4.475,0,0
1715.HK,D,20210623,000000,4.475,4.575,4.475,4.575,800,0
1715.HK,D,20210624,000000,4.325,4.325,4.325,4.325,2000,0
1715.HK,D,20210625,000000,4.3,4.425,4.25,4.4,11600,0
1715.HK,D,20210628,000000,4.625,4.625,4.4,4.4,56400,0
1715.HK,D,20210629,000000,4.475,4.6,4.425,4.6,57600,0
1715.HK,D,20210630,000000,4.625,5.1,4.55,4.55,170800,0
1715.HK,D,20210702,000000,4.575,4.575,4.575,4.575,2000,0
1715.HK,D,20210705,000000,4.35,4.625,4.275,4.6,23200,0
1715.HK,D,20210706,000000,4.6,4.6,4.55,4.55,46800,0
1715.HK,D,20210707,000000,4.55,4.55,4.55,4.55,0,0
1715.HK,D,20210708,000000,4.325,4.425,4.275,4.325,63200,0
1715.HK,D,20210709,000000,4.325,4.475,4.3,4.45,10400,0
1715.HK,D,20210712,000000,4.45,4.5,4.225,4.3,36000,0
1715.HK,D,20210713,000000,4.25,4.25,4.25,4.25,5200,0
1715.HK,D,20210714,000000,4.25,4.25,4.25,4.25,0,0
1715.HK,D,20210715,000000,4.2,4.2,4.2,4.2,0,0
1715.HK,D,20210716,000000,4.275,4.35,4.125,4.275,20800,0
1715.HK,D,20210719,000000,4.05,4.225,4,4.125,20400,0
1715.HK,D,20210720,000000,3.975,4.225,3.875,4.225,57600,0
1715.HK,D,20210721,000000,4.2,4.2,4.2,4.2,16000,0
1715.HK,D,20210722,000000,4.2,4.2,4.2,4.2,800,0
1715.HK,D,20210723,000000,4,4.05,3.95,4.05,26000,0
1715.HK,D,20210726,000000,4.05,4.05,4.05,4.05,0,0
1715.HK,D,20210727,000000,4.45,4.45,3.65,3.75,148000,0
1715.HK,D,20210728,000000,3.725,3.725,3.5,3.575,34000,0
1715.HK,D,20210729,000000,3.55,3.575,3.55,3.55,12400,0
1715.HK,D,20210730,000000,3.55,3.55,3.55,3.55,0,0
1715.HK,D,20210802,000000,3.55,3.55,3.55,3.55,0,0
1715.HK,D,20210803,000000,3.575,3.575,3.575,3.575,0,0
1715.HK,D,20210804,000000,3.675,3.675,3.675,3.675,27200,0
1715.HK,D,20210805,000000,3.65,3.7,3.65,3.65,30400,0
1715.HK,D,20210806,000000,3.95,4.05,3.9,4.05,80000,0
1715.HK,D,20210809,000000,4.05,4.05,3.95,4,106400,0
1715.HK,D,20210810,000000,3.975,4.325,3.975,4.225,21200,0
1715.HK,D,20210811,000000,4.225,4.225,4.225,4.225,0,0
1715.HK,D,20210812,000000,4.225,4.225,4.225,4.225,0,0
1715.HK,D,20210813,000000,4.35,4.375,4.325,4.35,23600,0
1715.HK,D,20210816,000000,4.375,4.375,4,4.125,22800,0
1715.HK,D,20210817,000000,4.125,4.125,4.125,4.125,11200,0
1715.HK,D,20210818,000000,4.25,4.25,4.25,4.25,6800,0
1715.HK,D,20210819,000000,4.25,4.25,4.225,4.225,2400,0
1715.HK,D,20210820,000000,4.225,4.225,4.225,4.225,0,0
1715.HK,D,20210823,000000,3.825,3.825,3.775,3.825,16000,0
1715.HK,D,20210824,000000,4.2,4.2,3.95,3.95,6800,0
1715.HK,D,20210825,000000,3.95,4.35,3,4,113200,0
1715.HK,D,20210826,000000,4,4,4,4,0,0
1715.HK,D,20210827,000000,4,4,4,4,0,0
1715.HK,D,20210830,000000,3.75,4.125,3.65,3.75,12800,0
1715.HK,D,20210831,000000,3.975,3.975,3.975,3.975,1200,0
1715.HK,D,20210901,000000,3.7,3.975,3.65,3.7,14800,0
1715.HK,D,20210902,000000,4.1,4.1,3.875,3.875,101600,0
1715.HK,D,20210903,000000,4,4,3.95,4,22800,0
1715.HK,D,20210906,000000,4.2,4.225,4.075,4.2,42800,0
1715.HK,D,20210907,000000,4.225,4.225,4.15,4.15,59600,0
1715.HK,D,20210908,000000,4.15,4.15,4.1,4.1,23600,0
1715.HK,D,20210909,000000,4.025,4.125,4.025,4.125,22000,0
1715.HK,D,20210910,000000,4,4.125,3.875,4,49600,0
1715.HK,D,20210913,000000,4,4,4,4,0,0
1715.HK,D,20210914,000000,4,4,4,4,0,0
1715.HK,D,20210915,000000,3.875,3.875,3.875,3.875,38000,0
1715.HK,D,20210916,000000,3.875,3.875,3.875,3.875,0,0
1715.HK,D,20210917,000000,3.875,3.875,3.875,3.875,7200,0
1715.HK,D,20210920,000000,3.875,3.875,3.875,3.875,1200,0
1715.HK,D,20210921,000000,3.875,3.875,3.875,3.875,0,0
1715.HK,D,20210923,000000,4,4.225,4,4.125,23600,0
1715.HK,D,20210924,000000,4,4,4,4,51600,0
1715.HK,D,20210927,000000,4,4.225,4,4.2,125200,0
1715.HK,D,20210928,000000,4.15,4.2,4.15,4.15,8000,0
1715.HK,D,20210929,000000,4.15,4.15,4.125,4.15,25200,0
1715.HK,D,20210930,000000,4.35,4.35,4.1,4.1,48400,0
1715.HK,D,20211004,000000,3.625,3.875,3.625,3.75,94400,0
1715.HK,D,20211005,000000,3.75,3.75,3.75,3.75,7600,0
1715.HK,D,20211006,000000,3.575,3.575,3.525,3.525,70800,0
1715.HK,D,20211007,000000,3.525,3.55,3.525,3.525,5200,0
1715.HK,D,20211008,000000,3.625,3.65,3.525,3.525,10000,0
1715.HK,D,20211011,000000,3.525,3.65,3.525,3.65,18800,0
1715.HK,D,20211012,000000,3.65,3.65,3.65,3.65,2800,0
1715.HK,D,20211015,000000,3.65,3.65,3.65,3.65,400,0
1715.HK,D,20211018,000000,3.65,3.65,3.625,3.625,6400,0
1715.HK,D,20211019,000000,3.65,4.05,3.65,3.975,69600,0
1715.HK,D,20211020,000000,3.975,4.125,3.975,3.975,63200,0
1715.HK,D,20211021,000000,4.025,4.025,4.025,4.025,0,0
1715.HK,D,20211022,000000,4.025,4.025,4.025,4.025,0,0
1715.HK,D,20211025,000000,4.025,4.025,4.025,4.025,0,0
1715.HK,D,20211026,000000,4,4.225,4,4.2,192800,0
1715.HK,D,20211027,000000,4.2,4.2,4.2,4.2,0,0
1715.HK,D,20211028,000000,4.25,4.4,4.25,4.25,35200,0
1715.HK,D,20211029,000000,4.275,4.3,4.25,4.3,65600,0
1715.HK,D,20211101,000000,4.3,4.3,4.3,4.3,1200,0
1715.HK,D,20211102,000000,4,4.1,4,4.1,8800,0
1715.HK,D,20211103,000000,4.175,4.325,4.175,4.175,7200,0
1715.HK,D,20211104,000000,4.175,4.175,4.175,4.175,2800,0
1715.HK,D,20211105,000000,4.175,4.175,4.175,4.175,0,0
1715.HK,D,20211108,000000,4.175,4.175,4.175,4.175,0,0
1715.HK,D,20211109,000000,3.95,4.175,3.925,3.95,2000,0
1715.HK,D,20211110,000000,4,4,4,4,0,0
1715.HK,D,20211111,000000,4.05,4.075,4.05,4.075,10000,0
1715.HK,D,20211112,000000,4.075,4.15,3.925,4.15,24400,0
1715.HK,D,20211115,000000,4.175,4.35,4.175,4.225,15600,0
1715.HK,D,20211116,000000,4.325,4.375,4.15,4.325,2400,0
1715.HK,D,20211117,000000,4.25,4.25,4.25,4.25,6400,0
1715.HK,D,20211118,000000,4.125,4.125,4.075,4.075,10000,0
1715.HK,D,20211119,000000,4.125,4.125,4.025,4.025,14000,0
1715.HK,D,20211122,000000,4.1,4.1,4.075,4.075,2800,0
1715.HK,D,20211123,000000,4.075,4.075,4.075,4.075,0,0
1715.HK,D,20211124,000000,4.075,4.075,4.075,4.075,0,0
1715.HK,D,20211125,000000,4.05,4.05,4.05,4.05,0,0
1715.HK,D,20211126,000000,4.075,4.075,4.025,4.025,50800,0
1715.HK,D,20211129,000000,4.05,4.075,4,4.05,26800,0
1715.HK,D,20211130,000000,3.95,4,3.95,3.95,36400,0
1715.HK,D,20211201,000000,3.95,3.95,3.95,3.95,0,0
1715.HK,D,20211202,000000,3.775,3.775,3.75,3.775,10000,0
1715.HK,D,20211203,000000,3.875,3.875,3.625,3.625,70000,0
1715.HK,D,20211206,000000,3.6,3.85,3.5,3.825,24400,0
1715.HK,D,20211207,000000,3.825,3.825,3.6,3.825,4800,0
1715.HK,D,20211208,000000,3.775,3.875,3.775,3.775,8400,0
1715.HK,D,20211209,000000,3.775,3.775,3.775,3.775,0,0
1715.HK,D,20211210,000000,3.85,3.875,3.825,3.85,7200,0
1715.HK,D,20211213,000000,3.85,3.85,3.85,3.85,0,0
1715.HK,D,20211214,000000,3.825,3.825,3.825,3.825,0,0
1715.HK,D,20211215,000000,3.55,3.825,3.525,3.55,21600,0
1715.HK,D,20211216,000000,3.55,3.55,3.325,3.55,13600,0
1715.HK,D,20211217,000000,3.575,3.575,3.325,3.35,19200,0
1715.HK,D,20211220,000000,3.4,3.525,3.35,3.35,6400,0
1715.HK,D,20211221,000000,3.325,3.325,3.15,3.15,6800,0
1715.HK,D,20211222,000000,3.175,3.175,3,3.1,16800,0
1715.HK,D,20211223,000000,3.225,3.325,3.1,3.225,32000,0
1715.HK,D,20211224,000000,3.225,3.225,3.225,3.225,800,0
1715.HK,D,20211228,000000,3.65,3.65,3.475,3.65,40800,0
1715.HK,D,20211229,000000,3.625,3.75,3.525,3.75,31200,0
1715.HK,D,20211230,000000,3.85,4.375,3.85,4.375,114800,0
1715.HK,D,20211231,000000,4.375,5.475,4.375,5.25,82400,0
1715.HK,D,20220103,000000,5.25,5.275,4.025,4.45,61200,0
1715.HK,D,20220104,000000,4.55,4.55,4.175,4.55,14800,0
1715.HK,D,20220105,000000,4.125,4.925,4.125,4.5,118800,0
1715.HK,D,20220106,000000,4.525,4.525,4.125,4.3,40000,0
1715.HK,D,20220107,000000,4.25,4.25,4.25,4.25,0,0
1715.HK,D,20220110,000000,4.25,4.25,4.125,4.125,11600,0
1715.HK,D,20220111,000000,4.125,4.125,3.975,4.125,18400,0
1715.HK,D,20220112,000000,4.25,4.25,4.25,4.25,1600,0
1715.HK,D,20220113,000000,4.3,4.475,4.225,4.3,24000,0
1715.HK,D,20220114,000000,4.3,4.3,4.3,4.3,0,0
1715.HK,D,20220117,000000,4.3,4.625,4.3,4.6,8800,0
1715.HK,D,20220118,000000,4.5,4.5,4.5,4.5,1200,0
1715.HK,D,20220119,000000,4.5,4.75,4.175,4.25,1600,0
1715.HK,D,20220120,000000,4.575,4.625,4.575,4.575,8400,0
1715.HK,D,20220121,000000,4.1,4.475,4.075,4.1,26400,0
1715.HK,D,20220124,000000,3.625,3.875,3.525,3.725,86400,0
1715.HK,D,20220125,000000,3.65,3.675,3.65,3.675,7600,0
1715.HK,D,20220126,000000,3.85,3.85,3.4,3.575,14800,0
1715.HK,D,20220127,000000,3.6,3.6,3.6,3.6,0,0
1715.HK,D,20220128,000000,3.825,3.825,3.6,3.6,400,0
1715.HK,D,20220131,000000,3.6,3.6,3.5,3.575,4000,0
1715.HK,D,20220204,000000,3.6,3.6,3.6,3.6,2000,0
1715.HK,D,20220207,000000,3.55,3.55,3.55,3.55,0,0
1715.HK,D,20220208,000000,3.55,3.55,3.55,3.55,0,0
1715.HK,D,20220209,000000,3.55,3.55,3.55,3.55,0,0
1715.HK,D,20220210,000000,3.55,3.55,3.55,3.55,5600,0
1715.HK,D,20220211,000000,3.55,3.55,3.55,3.55,0,0
1715.HK,D,20220214,000000,3.55,3.8,3.275,3.725,17200,0
1715.HK,D,20220215,000000,3.725,3.725,3.65,3.65,12400,0
1715.HK,D,20220216,000000,3.6,3.6,3.6,3.6,0,0
1715.HK,D,20220217,000000,3.575,3.575,3.575,3.575,2400,0
1715.HK,D,20220218,000000,3.525,3.525,3.525,3.525,0,0
1715.HK,D,20220221,000000,3.425,3.425,3.425,3.425,4800,0
1715.HK,D,20220222,000000,4,4.125,4,4,8400,0
1715.HK,D,20220223,000000,3.95,3.95,3.95,3.95,0,0
1715.HK,D,20220224,000000,3.925,3.925,3.925,3.925,0,0
1715.HK,D,20220225,000000,3.85,3.85,3.85,3.85,0,0
1715.HK,D,20220228,000000,3.85,3.85,3.825,3.825,2000,0
1715.HK,D,20220301,000000,3.45,3.625,3.35,3.45,8800,0
1715.HK,D,20220302,000000,3.575,3.675,3.275,3.275,3600,0
1715.HK,D,20220303,000000,3.2,3.25,3.075,3.25,121600,0
1715.HK,D,20220304,000000,3.25,3.25,3.25,3.25,400,0
1715.HK,D,20220307,000000,3.2,3.2,3.2,3.2,0,0
1715.HK,D,20220308,000000,3.2,3.2,3.2,3.2,800,0
1715.HK,D,20220309,000000,3.2,3.2,3.2,3.2,0,0
1715.HK,D,20220310,000000,3.2,3.2,3.2,3.2,0,0
1715.HK,D,20220311,000000,3.2,3.2,3.2,3.2,0,0
1715.HK,D,20220314,000000,3.2,3.2,3.2,3.2,0,0
1715.HK,D,20220315,000000,3.2,3.2,3.2,3.2,0,0
1715.HK,D,20220316,000000,2.75,3.025,2.575,2.75,26400,0
1715.HK,D,20220317,000000,2.8,2.8,2.8,2.8,0,0
1715.HK,D,20220318,000000,3.125,3.125,3.125,3.125,1600,0
1715.HK,D,20220321,000000,2.85,3.05,2.675,2.9,140400,0
1715.HK,D,20220322,000000,2.95,3,2.9,2.95,2000,0
1715.HK,D,20220323,000000,3,3,2.975,2.975,6400,0
1715.HK,D,20220324,000000,2.95,2.95,2.95,2.95,0,0
1715.HK,D,20220325,000000,2.525,2.7,2.525,2.525,10400,0
1715.HK,D,20220328,000000,2.55,2.55,2.55,2.55,0,0
1715.HK,D,20220329,000000,2.575,2.575,2.575,2.575,0,0
1715.HK,D,20220330,000000,2.575,2.575,2.575,2.575,0,0
1715.HK,D,20220331,000000,2.65,2.75,2.65,2.75,2800,0
1715.HK,D,20220401,000000,2.775,2.775,2.775,2.775,0,0
1715.HK,D,20220404,000000,2.775,2.775,2.775,2.775,0,0
1715.HK,D,20220406,000000,2.8,2.8,2.8,2.8,0,0
1715.HK,D,20220407,000000,2.425,2.8,2.375,2.425,64400,0
1715.HK,D,20220408,000000,2.5,2.525,2.375,2.375,22800,0
1715.HK,D,20220411,000000,2.3,2.375,2.075,2.375,35600,0
1715.HK,D,20220412,000000,2.375,2.4,2.375,2.4,800,0
1715.HK,D,20220413,000000,2.325,2.375,2.325,2.325,1600,0
1715.HK,D,20220414,000000,2.3,2.3,2.3,2.3,6000,0
1715.HK,D,20220419,000000,2.2,2.2,2.2,2.2,6800,0
1715.HK,D,20220420,000000,2.2,2.2,2.2,2.2,0,0
1715.HK,D,20220421,000000,2.225,2.225,2.225,2.225,4800,0
1715.HK,D,20220422,000000,1.925,2.225,1.925,1.925,30800,0
1715.HK,D,20220425,000000,1.7,1.9,1.575,1.7,48400,0
1715.HK,D,20220426,000000,2.025,2.025,1.95,2.025,15200,0
1715.HK,D,20220427,000000,2.025,2.025,1.65,2,2000,0
1715.HK,D,20220428,000000,2,2,2,2,0,0
1715.HK,D,20220429,000000,2,2,2,2,0,0
1715.HK,D,20220503,000000,2,2,2,2,0,0
1715.HK,D,20220504,000000,2.025,2.025,2,2,400,0
1715.HK,D,20220505,000000,1.65,2,1.65,1.775,13600,0
1715.HK,D,20220506,000000,1.775,1.775,1.775,1.775,0,0
1715.HK,D,20220510,000000,1.875,1.875,1.85,1.875,1600,0
1715.HK,D,20220511,000000,2.175,2.2,2.025,2.175,11600,0
1715.HK,D,20220512,000000,2.125,2.125,1.925,1.925,10400,0
1715.HK,D,20220513,000000,2,2.225,2,2.225,37600,0
1715.HK,D,20220516,000000,2.125,2.5,2.125,2.5,50400,0
1715.HK,D,20220517,000000,2.75,2.875,2.35,2.875,23600,0
1715.HK,D,20220518,000000,2.4,3.1,2.4,2.95,48000,0
1715.HK,D,20220519,000000,3.05,3.275,2.8,3.275,22800,0
1715.HK,D,20220520,000000,3,3.4,2.975,3.375,55200,0
1715.HK,D,20220523,000000,3.475,3.625,3.075,3.625,132000,0
1715.HK,D,20220524,000000,3.625,3.75,3.225,3.75,141600,0
1715.HK,D,20220525,000000,3.75,3.75,3.25,3.75,64400,0
1715.HK,D,20220526,000000,3.75,3.85,3.75,3.825,17600,0
1715.HK,D,20220527,000000,3.825,3.875,3.8,3.875,35200,0
1715.HK,D,20220530,000000,3.925,3.95,3.875,3.925,16800,0
1715.HK,D,20220531,000000,3.9,3.925,3.5,3.65,36400,0
1715.HK,D,20220601,000000,3.85,3.85,3.55,3.825,16000,0
1715.HK,D,20220602,000000,3.8,3.8,3.425,3.8,21200,0
1715.HK,D,20220606,000000,4.225,4.225,3.4,3.4,37200,0
1715.HK,D,20220607,000000,3.725,3.75,2.85,3.375,168400,0
1715.HK,D,20220608,000000,3.45,3.625,3.175,3.55,4000,0
1715.HK,D,20220609,000000,3.55,3.55,2.9,2.9,168400,0
1715.HK,D,20220610,000000,2.85,3.375,2.625,3.375,44800,0
1715.HK,D,20220613,000000,3.75,3.75,3.125,3.35,26000,0
1715.HK,D,20220614,000000,2.95,3.375,2.825,3.25,82000,0
1715.HK,D,20220615,000000,3.375,3.375,2.75,3.35,157600,0
1715.HK,D,20220616,000000,3.375,3.375,3.1,3.375,39200,0
1715.HK,D,20220617,000000,3.125,3.375,3.05,3.375,114000,0
1715.HK,D,20220620,000000,3.225,3.375,3.175,3.375,31200,0
1715.HK,D,20220621,000000,3.475,3.475,3.25,3.375,52000,0
1715.HK,D,20220622,000000,3.35,3.375,3.3,3.375,16800,0
1715.HK,D,20220623,000000,3.325,3.375,3.325,3.375,4800,0
1715.HK,D,20220624,000000,3.375,3.375,3.375,3.375,0,0
1715.HK,D,20220627,000000,3.375,3.375,3.375,3.375,400,0
1715.HK,D,20220628,000000,3.4,3.4,3.275,3.4,8400,0
1715.HK,D,20220629,000000,3.375,3.375,3.375,3.375,2800,0
1715.HK,D,20220630,000000,3.375,3.375,3.375,3.375,5600,0
1715.HK,D,20220704,000000,3.375,3.375,3.25,3.375,4400,0
1715.HK,D,20220705,000000,3.375,3.375,3.25,3.375,10000,0
1715.HK,D,20220706,000000,2.925,3.375,2.925,2.925,358000,0
1715.HK,D,20220707,000000,3.05,3.375,3,3.25,225200,0
1715.HK,D,20220708,000000,3.1,3.1,2.875,2.875,233600,0
1715.HK,D,20220711,000000,2.9,3.025,2.825,3.025,34000,0
1715.HK,D,20220712,000000,2.875,2.925,2.8,2.8,49200,0
1715.HK,D,20220713,000000,2.8,2.8,2.65,2.75,28000,0
1715.HK,D,20220714,000000,2.725,3.025,2.5,2.5,127200,0
1715.HK,D,20220715,000000,2.825,2.975,2.5,2.5,222800,0
1715.HK,D,20220718,000000,2.5,2.75,2.5,2.5,61600,0
1715.HK,D,20220719,000000,2.525,2.675,2.5,2.575,50800,0
1715.HK,D,20220720,000000,2.5,2.725,2.5,2.625,15600,0
1715.HK,D,20220721,000000,2.525,2.575,2.475,2.575,70400,0
1715.HK,D,20220722,000000,2.5,2.5,2.5,2.5,0,0
1715.HK,D,20220725,000000,2.5,2.5,2.475,2.5,27200,0
1715.HK,D,20220726,000000,2.6,2.6,2.6,2.6,1200,0
1715.HK,D,20220727,000000,2.5,2.625,2.5,2.6,16800,0
1715.HK,D,20220728,000000,2.5,2.55,2.5,2.55,17200,0
1715.HK,D,20220729,000000,2.625,2.625,2.575,2.575,400,0
1715.HK,D,20220801,000000,2.5,2.5,2.5,2.5,1600,0
1715.HK,D,20220802,000000,2.5,2.55,2.475,2.525,28800,0
1715.HK,D,20220803,000000,2.55,2.55,2.55,2.55,4000,0
1715.HK,D,20220804,000000,2.5,2.575,2.5,2.575,24400,0
1715.HK,D,20220805,000000,2.625,2.625,2.475,2.5,79200,0
1715.HK,D,20220808,000000,2.5,2.5,2.5,2.5,42800,0
1715.HK,D,20220809,000000,2.5,2.625,2.5,2.625,28000,0
1715.HK,D,20220810,000000,2.5,2.625,2.425,2.575,49600,0
1715.HK,D,20220811,000000,2.5,2.5,2.475,2.5,25600,0
1715.HK,D,20220812,000000,2.5,2.625,2.475,2.625,43200,0
1715.HK,D,20220815,000000,2.5,2.5,2.5,2.5,21200,0
1715.HK,D,20220816,000000,2.625,2.625,2.6,2.625,8400,0
1715.HK,D,20220817,000000,2.625,2.65,2.625,2.65,6400,0
1715.HK,D,20220818,000000,2.525,2.725,2.525,2.625,12800,0
1715.HK,D,20220819,000000,2.6,2.775,2.6,2.6,11200,0
1715.HK,D,20220822,000000,2.8,2.8,2.8,2.8,400,0
1715.HK,D,20220823,000000,2.775,2.775,2.775,2.775,0,0
1715.HK,D,20220824,000000,2.75,2.75,2.675,2.675,1200,0
1715.HK,D,20220825,000000,2.625,2.625,2.625,2.625,2800,0
1715.HK,D,20220826,000000,2.625,2.625,2.625,2.625,7200,0
1715.HK,D,20220829,000000,2.875,2.875,2.875,2.875,400,0
1715.HK,D,20220830,000000,2.9,2.9,2.825,2.9,20400,0
1715.HK,D,20220831,000000,2.9,2.9,2.9,2.9,0,0
1715.HK,D,20220901,000000,2.9,2.9,2.9,2.9,0,0
1715.HK,D,20220902,000000,2.95,3,2.575,2.95,15200,0
1715.HK,D,20220905,000000,3.075,3.075,3.075,3.075,1200,0
1715.HK,D,20220906,000000,3,3,3,3,0,0
1715.HK,D,20220907,000000,2.875,3.05,2.75,3.05,6800,0
1715.HK,D,20220908,000000,3.025,3.025,3.025,3.025,0,0
1715.HK,D,20220909,000000,3.075,3.075,2.875,3.075,1200,0
1715.HK,D,20220913,000000,3.025,3.025,3.025,3.025,0,0
1715.HK,D,20220914,000000,2.75,2.75,2.675,2.7,2800,0
1715.HK,D,20220915,000000,2.7,2.875,2.7,2.7,3600,0
1715.HK,D,20220916,000000,3.1,3.1,2.625,3.1,1600,0
1715.HK,D,20220919,000000,2.825,2.875,2.675,2.825,20400,0
1715.HK,D,20220920,000000,2.725,2.825,2.65,2.725,4400,0
1715.HK,D,20220921,000000,2.725,2.725,2.725,2.725,0,0
1715.HK,D,20220922,000000,2.75,2.75,2.75,2.75,6400,0
1715.HK,D,20220923,000000,2.8,3,2.8,2.8,16800,0
1715.HK,D,20220926,000000,2.9,2.975,2.875,2.9,800,0
1715.HK,D,20220927,000000,2.925,2.925,2.925,2.925,0,0
1715.HK,D,20220928,000000,2.95,2.95,2.875,2.875,25600,0
1715.HK,D,20220929,000000,2.875,2.875,2.875,2.875,0,0
1715.HK,D,20220930,000000,2.975,2.975,2.975,2.975,400,0
1715.HK,D,20221003,000000,3.075,3.075,2.675,3.075,1200,0
1715.HK,D,20221005,000000,3.1,3.125,3.075,3.1,50000,0
1715.HK,D,20221006,000000,3.3,3.3,3,3.3,23600,0
1715.HK,D,20221007,000000,3.3,3.3,3.3,3.3,0,0
1715.HK,D,20221010,000000,3.3,3.3,2.8,3.25,4400,0
1715.HK,D,20221011,000000,3.25,3.25,3.25,3.25,0,0
1715.HK,D,20221012,000000,3.25,3.25,3.25,3.25,0,0
1715.HK,D,20221013,000000,3.025,3.125,2.875,3.125,22000,0
1715.HK,D,20221014,000000,3.125,3.125,3.125,3.125,4000,0
1715.HK,D,20221017,000000,3.125,3.15,3.025,3.125,30000,0
1715.HK,D,20221018,000000,3.1,3.1,3.1,3.1,0,0
1715.HK,D,20221019,000000,3.1,3.1,3.1,3.1,0,0
1715.HK,D,20221020,000000,2.95,3,2.875,2.95,23200,0
1715.HK,D,20221021,000000,2.85,3.1,2.85,2.85,7600,0
1715.HK,D,20221024,000000,2.9,3.4,2.85,3.4,74400,0
1715.HK,D,20221025,000000,3.025,3.325,3.025,3.225,4800,0
1715.HK,D,20221026,000000,3.225,3.225,3.225,3.225,0,0
1715.HK,D,20221027,000000,3.625,3.625,2.925,3.225,6400,0
1715.HK,D,20221028,000000,3.2,3.2,3.15,3.2,4400,0
1715.HK,D,20221031,000000,3.2,3.2,3.2,3.2,0,0
1715.HK,D,20221101,000000,3.2,3.2,3.2,3.2,0,0
1715.HK,D,20221102,000000,3.2,3.2,3.2,3.2,400,0
1715.HK,D,20221103,000000,3.375,3.375,2.875,3.225,8400,0
1715.HK,D,20221104,000000,3.325,3.325,3.325,3.325,800,0
1715.HK,D,20221107,000000,3.25,3.25,2.925,2.975,23600,0
1715.HK,D,20221108,000000,3.15,3.15,3.05,3.125,22800,0
1715.HK,D,20221109,000000,3.225,3.225,3.025,3.225,800,0
1715.HK,D,20221110,000000,3.125,3.125,3.125,3.125,0,0
1715.HK,D,20221111,000000,3.25,3.25,3.25,3.25,6800,0
1715.HK,D,20221114,000000,3.225,3.225,3.225,3.225,400,0
1715.HK,D,20221115,000000,2.975,3.15,2.975,3.15,2000,0
1715.HK,D,20221116,000000,2.975,2.975,2.975,2.975,800,0
1715.HK,D,20221117,000000,2.975,2.975,2.975,2.975,0,0
1715.HK,D,20221118,000000,2.825,3.075,2.825,3.025,2800,0
1715.HK,D,20221121,000000,3.025,3.025,3.025,3.025,0,0
1715.HK,D,20221122,000000,3.025,3.025,3.025,3.025,2800,0
1715.HK,D,20221123,000000,2.875,2.875,2.825,2.875,2400,0
1715.HK,D,20221124,000000,2.875,2.875,2.875,2.875,0,0
1715.HK,D,20221125,000000,2.875,2.875,2.875,2.875,0,0
1715.HK,D,20221128,000000,2.875,2.875,2.875,2.875,0,0
1715.HK,D,20221129,000000,2.875,2.875,2.875,2.875,3600,0
1715.HK,D,20221130,000000,2.875,2.875,2.875,2.875,0,0
1715.HK,D,20221201,000000,3.025,3.05,3.025,3.025,400,0
1715.HK,D,20221202,000000,3,3,3,3,0,0
1715.HK,D,20221205,000000,3,3,3,3,0,0
1715.HK,D,20221206,000000,2.925,2.925,2.925,2.925,0,0
1715.HK,D,20221207,000000,2.725,2.725,2.65,2.65,4400,0
1715.HK,D,20221208,000000,2.7,2.7,2.7,2.7,0,0
1715.HK,D,20221209,000000,2.7,2.725,2.7,2.7,5600,0
1715.HK,D,20221212,000000,2.7,2.7,2.55,2.575,14000,0
1715.HK,D,20221213,000000,2.5,2.575,2.5,2.5,6400,0
1715.HK,D,20221214,000000,2.5,2.7,2.45,2.5,6400,0
1715.HK,D,20221215,000000,2.75,2.75,2.55,2.75,8000,0
1715.HK,D,20221216,000000,2.6,2.725,2.5,2.6,7200,0
1715.HK,D,20221219,000000,2.5,2.675,2.5,2.5,20400,0
1715.HK,D,20221220,000000,2.5,2.55,2.5,2.5,6400,0
1715.HK,D,20221221,000000,2.5,2.675,2.4,2.5,6400,0
1715.HK,D,20221222,000000,2.5,2.575,2.5,2.5,6800,0
1715.HK,D,20221223,000000,2.5,2.5,2.5,2.5,0,0
1715.HK,D,20221228,000000,2.5,2.5,2.5,2.5,0,0
1715.HK,D,20221229,000000,2.5,2.5,2.5,2.5,0,0
1715.HK,D,20221230,000000,2.5,2.5,2.5,2.5,0,0
1715.HK,D,20230103,000000,2.5,2.5,2.5,2.5,0,0
1715.HK,D,20230104,000000,2.5,2.5,2.475,2.5,800,0
1715.HK,D,20230105,000000,2.5,2.5,2.5,2.5,0,0
1715.HK,D,20230106,000000,2.5,2.5,2.5,2.5,0,0
1715.HK,D,20230109,000000,2.5,2.5,2.5,2.5,3600,0
1715.HK,D,20230110,000000,2.5,2.5,2.5,2.5,0,0
1715.HK,D,20230111,000000,2.5,2.5,2.5,2.5,400,0
1715.HK,D,20230112,000000,2.5,2.5,2.4,2.45,31200,0
1715.HK,D,20230113,000000,2.45,2.45,2.45,2.45,0,0
1715.HK,D,20230116,000000,2.425,2.425,2.425,2.425,4400,0
1715.HK,D,20230117,000000,2.5,2.5,2.5,2.5,400,0
1715.HK,D,20230118,000000,2.725,2.875,2.525,2.575,10800,0
1715.HK,D,20230119,000000,2.575,2.575,2.575,2.575,0,0
1715.HK,D,20230120,000000,2.85,4.25,2.775,3.375,16796400,0
1715.HK,D,20230126,000000,3.375,3.4,2.5,2.725,183200,0
1715.HK,D,20230127,000000,2.975,2.975,2.75,2.75,38000,0
1715.HK,D,20230130,000000,2.625,2.75,2.5,2.55,36000,0
1715.HK,D,20230131,000000,2.525,2.85,2.45,2.5,8400,0
1715.HK,D,20230201,000000,2.4,2.75,2.275,2.55,11200,0
1715.HK,D,20230202,000000,2.55,2.625,2.45,2.6,8000,0
1715.HK,D,20230203,000000,2.5,2.575,2.475,2.5,4000,0
1715.HK,D,20230206,000000,2.5,2.5,2.45,2.5,4000,0
1715.HK,D,20230207,000000,2.475,2.525,2.475,2.525,6000,0
1715.HK,D,20230208,000000,2.5,2.625,2.5,2.6,13600,0
1715.HK,D,20230209,000000,2.85,3,2.7,2.925,52400,0
1715.HK,D,20230210,000000,2.925,2.925,2.925,2.925,0,0
1715.HK,D,20230213,000000,2.675,2.725,2.675,2.7,3200,0
1715.HK,D,20230214,000000,2.625,2.625,2.625,2.625,400,0
1715.HK,D,20230215,000000,2.625,2.625,2.55,2.575,2800,0
1715.HK,D,20230216,000000,2.9,3.325,2.825,3,122400,0
1715.HK,D,20230217,000000,3.05,3.25,2.975,2.975,17600,0
1715.HK,D,20230220,000000,2.925,2.95,2.75,2.925,22800,0
1715.HK,D,20230221,000000,2.925,2.925,2.925,2.925,3600,0
1715.HK,D,20230222,000000,2.9,2.9,2.875,2.875,12000,0
1715.HK,D,20230223,000000,2.8,2.825,2.8,2.825,1600,0
1715.HK,D,20230224,000000,3,3,2.85,3,6800,0
1715.HK,D,20230227,000000,3,3,3,3,0,0
1715.HK,D,20230228,000000,2.8,3.225,2.775,2.8,4400,0
1715.HK,D,20230301,000000,3.225,3.55,3,3.2,30000,0
1715.HK,D,20230302,000000,3.475,3.5,3.475,3.5,18400,0
1715.HK,D,20230303,000000,3.4,3.4,3.4,3.4,18400,0
1715.HK,D,20230306,000000,3.325,3.625,3.3,3.55,45200,0
1715.HK,D,20230307,000000,3.575,3.575,3.45,3.5,24400,0
1715.HK,D,20230308,000000,3.475,3.5,3.125,3.3,42400,0
1715.HK,D,20230309,000000,3.125,3.175,2.875,3.025,31200,0
1715.HK,D,20230310,000000,3.025,3.025,3.025,3.025,0,0
1715.HK,D,20230313,000000,3.35,3.45,3.025,3.35,3600,0
1715.HK,D,20230314,000000,3.35,3.5,3.125,3.45,48800,0
1715.HK,D,20230315,000000,3.225,3.275,3.225,3.225,41200,0
1715.HK,D,20230316,000000,3.225,3.475,3.225,3.425,23600,0
1715.HK,D,20230317,000000,3.5,3.625,3.45,3.625,55200,0
1715.HK,D,20230320,000000,3.4,3.4,3.325,3.4,4000,0
1715.HK,D,20230321,000000,3.4,3.4,3.4,3.4,1600,0
1715.HK,D,20230322,000000,3.4,3.4,3.4,3.4,0,0
1715.HK,D,20230323,000000,3.7,3.7,3.625,3.625,1200,0
1715.HK,D,20230324,000000,3.625,3.625,3.625,3.625,1200,0
1715.HK,D,20230327,000000,3.6,3.625,3.6,3.6,1600,0
1715.HK,D,20230328,000000,3.6,3.6,3.6,3.6,5200,0
1715.HK,D,20230329,000000,3.6,3.675,3.275,3.575,153600,0
1715.HK,D,20230330,000000,3.575,3.575,3,3.35,88400,0
1715.HK,D,20230331,000000,3.6,3.6,3.6,3.6,400,0
1715.HK,D,20230403,000000,3.6,3.6,3.6,3.6,0,0
1715.HK,D,20230404,000000,3.55,3.55,3.475,3.5,6000,0
1715.HK,D,20230406,000000,3.475,3.475,3.475,3.475,24800,0
1715.HK,D,20230411,000000,3.375,3.4,3.325,3.375,22000,0
1715.HK,D,20230412,000000,3.375,3.375,3.325,3.325,10800,0
1715.HK,D,20230413,000000,3.325,3.35,3.325,3.325,17600,0
1715.HK,D,20230414,000000,3.325,3.325,3.3,3.3,11600,0
1715.HK,D,20230417,000000,3.325,3.7,3.325,3.375,85200,0
1715.HK,D,20230418,000000,3.5,3.5,3.25,3.25,119200,0
1715.HK,D,20230419,000000,3.275,3.3,3.125,3.175,110400,0
1715.HK,D,20230420,000000,3.175,3.175,2.5,2.5,163200,0
1715.HK,D,20230421,000000,2.675,3,2.625,2.65,118000,0
1715.HK,D,20230424,000000,2.75,2.9,2.425,2.625,389200,0
1715.HK,D,20230425,000000,2.625,2.625,2.475,2.6,165600,0
1715.HK,D,20230426,000000,2.325,2.625,2.325,2.625,6800,0
1715.HK,D,20230427,000000,2.6,2.725,2.6,2.625,76000,0
1715.HK,D,20230428,000000,2.6,2.675,2.55,2.6,63600,0
1715.HK,D,20230502,000000,2.6,2.6,2.6,2.6,1600,0
1715.HK,D,20230503,000000,2.65,2.65,2.65,2.65,916400,0
1715.HK,D,20230504,000000,2.65,2.65,2.575,2.575,107200,0
1715.HK,D,20230505,000000,2.575,2.6,2.55,2.6,46800,0
1715.HK,D,20230508,000000,2.5,2.55,2.5,2.5,9200,0
1715.HK,D,20230509,000000,2.525,2.525,2.525,2.525,800,0
1715.HK,D,20230510,000000,2.475,2.475,2.475,2.475,2000,0
1715.HK,D,20230511,000000,2.5,2.5,2.5,2.5,0,0
1715.HK,D,20230512,000000,2.375,2.725,2.375,2.375,77600,0
1715.HK,D,20230516,000000,2.625,2.925,2.4,2.4,214000,0
1715.HK,D,20230517,000000,2.725,2.9,2.425,2.425,134400,0
1715.HK,D,20230518,000000,2.525,2.725,2.425,2.425,193200,0
1715.HK,D,20230519,000000,2.775,5,2.775,3.725,923200,0
1715.HK,D,20230522,000000,3.975,4,3.85,3.95,250400,0
1715.HK,D,20230523,000000,4,4,3.775,3.975,114400,0
1715.HK,D,20230524,000000,3.975,4,3.75,4,89200,0
1715.HK,D,20230525,000000,3.975,4,3.8,3.95,88400,0
1715.HK,D,20230529,000000,3.95,3.95,3.8,3.925,55200,0
1715.HK,D,20230530,000000,3.95,4.225,3.875,4.1,553200,0
1715.HK,D,20230531,000000,4.175,4.175,3.975,4.075,24400,0
1715.HK,D,20230601,000000,4.075,4.625,4.075,4.45,844000,0
1715.HK,D,20230602,000000,4.45,4.825,4.325,4.4,359200,0
1715.HK,D,20230605,000000,4.4,4.475,4.125,4.4,117600,0
1715.HK,D,20230606,000000,4.4,4.45,4.4,4.425,5600,0
1715.HK,D,20230607,000000,4.35,4.4,4.075,4.175,209600,0
1715.HK,D,20230608,000000,4.175,4.6,4,4.2,201200,0
1715.HK,D,20230609,000000,4.05,4.2,4.05,4.2,45200,0
1715.HK,D,20230612,000000,4.05,4.225,4.05,4.05,17200,0
1715.HK,D,20230613,000000,4.05,4.225,3.975,4.075,47600,0
1715.HK,D,20230614,000000,4.2,4.2,4,4.125,3600,0
1715.HK,D,20230615,000000,4.3,4.3,4.175,4.175,9200,0
1715.HK,D,20230616,000000,4.2,4.275,4.175,4.175,60800,0
1715.HK,D,20230619,000000,4.125,4.175,4.05,4.05,18400,0
1715.HK,D,20230620,000000,4.05,4.1,3.8,3.9,66400,0
1715.HK,D,20230621,000000,3.775,3.85,3.2,3.6,78400,0
1715.HK,D,20230623,000000,3.85,3.85,3.25,3.55,77600,0
1715.HK,D,20230626,000000,3.75,3.75,3.175,3.275,208400,0
1715.HK,D,20230627,000000,3.475,3.475,2.975,3.075,254800,0
1715.HK,D,20230628,000000,3.075,3.225,2.825,2.975,364000,0
1715.HK,D,20230629,000000,2.875,3.65,2.8,2.925,1150800,0
1715.HK,D,20230630,000000,2.95,3.125,2.825,2.925,113600,0
1715.HK,D,20230703,000000,2.85,2.975,2.75,2.9,218400,0
1715.HK,D,20230704,000000,2.875,2.95,2.825,2.825,60400,0
1715.HK,D,20230705,000000,2.9,3,2.75,2.825,137600,0
1715.HK,D,20230706,000000,2.875,2.975,2.825,2.875,43600,0
1715.HK,D,20230707,000000,2.9,3.175,2.825,2.9,164400,0
1715.HK,D,20230710,000000,2.9,3.1,2.5,2.5,661200,0
1715.HK,D,20230711,000000,2.725,2.875,2.5,2.625,1001200,0
1715.HK,D,20230712,000000,2.7,2.7,2.5,2.6,194000,0
1715.HK,D,20230713,000000,2.6,2.675,2.5,2.5,387600,0
1715.HK,D,20230714,000000,2.5,2.55,2.475,2.475,182400,0
1715.HK,D,20230718,000000,2.45,2.675,2.325,2.45,370800,0
1715.HK,D,20230719,000000,2.575,2.575,2.375,2.5,268000,0
1715.HK,D,20230720,000000,2.6,2.6,2.4,2.45,284400,0
1715.HK,D,20230721,000000,2.55,2.55,2.425,2.475,131200,0
1715.HK,D,20230724,000000,2.825,2.975,2.5,2.55,1360000,0
1715.HK,D,20230725,000000,2.55,2.75,2.525,2.525,548000,0
1715.HK,D,20230726,000000,2.55,2.55,2.5,2.5,174000,0
1715.HK,D,20230727,000000,2.5,2.525,2.425,2.5,195200,0
1715.HK,D,20230728,000000,2.5,2.6,2.4,2.475,197600,0
1715.HK,D,20230731,000000,2.475,2.575,2.425,2.5,181600,0
1715.HK,D,20230801,000000,2.525,2.525,2.4,2.45,271200,0
1715.HK,D,20230802,000000,2.45,2.625,2.4,2.4,505600,0
1715.HK,D,20230803,000000,2.35,2.5,2.35,2.45,187600,0
1715.HK,D,20230804,000000,2.525,2.55,2.425,2.5,558800,0
1715.HK,D,20230807,000000,2.425,2.5,2.4,2.475,77600,0
1715.HK,D,20230808,000000,2.4,2.45,2.4,2.425,163200,0
1715.HK,D,20230809,000000,2.4,2.45,2.4,2.425,38400,0
1715.HK,D,20230810,000000,2.425,2.425,2.375,2.4,126800,0
1715.HK,D,20230811,000000,2.375,2.425,2.25,2.275,463200,0
1715.HK,D,20230814,000000,2.25,2.375,2.2,2.35,110000,0
1715.HK,D,20230815,000000,2.325,2.325,2.2,2.25,140400,0
1715.HK,D,20230816,000000,2.225,2.375,2.125,2.25,264400,0
1715.HK,D,20230817,000000,2.175,2.25,2.05,2.1,190400,0
1715.HK,D,20230818,000000,2.15,2.275,2.1,2.275,126000,0
1715.HK,D,20230821,000000,2.275,2.275,2.075,2.15,230800,0
1715.HK,D,20230822,000000,2.25,2.325,2.075,2.2,672400,0
1715.HK,D,20230823,000000,2.225,2.25,2.025,2.075,151600,0
1715.HK,D,20230824,000000,2.1,2.125,2.05,2.1,41600,0
1715.HK,D,20230825,000000,2.1,2.125,2.075,2.125,50000,0
1715.HK,D,20230828,000000,2.075,2.1,2,2.1,184800,0
1715.HK,D,20230829,000000,2.1,2.1,2.025,2.075,58000,0
1715.HK,D,20230830,000000,2.125,2.225,2.025,2.025,76800,0
1715.HK,D,20230831,000000,2.1,2.1,2.025,2.075,14000,0
1715.HK,D,20230904,000000,2.075,2.075,1.775,1.8,224400,0
1715.HK,D,20230905,000000,1.8,1.975,1.775,1.9,250400,0
1715.HK,D,20230906,000000,1.825,1.9,1.825,1.9,15600,0
1715.HK,D,20230907,000000,1.8,1.875,1.775,1.85,108800,0
1715.HK,D,20230911,000000,1.8,1.85,1.8,1.85,22000,0
1715.HK,D,20230912,000000,1.825,1.825,1.775,1.825,39600,0
1715.HK,D,20230913,000000,1.825,1.825,1.775,1.825,7200,0
1715.HK,D,20230914,000000,1.825,1.825,1.775,1.825,37200,0
1715.HK,D,20230915,000000,1.75,1.825,1.5,1.825,176400,0
1715.HK,D,20230918,000000,1.6,1.85,1.6,1.825,19200,0
1715.HK,D,20230919,000000,1.825,1.825,1.675,1.825,8800,0
1715.HK,D,20230920,000000,1.575,1.825,1.575,1.825,36800,0
1715.HK,D,20230921,000000,1.825,1.875,1.8,1.825,8800,0
1715.HK,D,20230922,000000,1.6,1.925,1.6,1.875,7200,0
1715.HK,D,20230925,000000,1.725,1.875,1.7,1.825,22400,0
1715.HK,D,20230926,000000,1.65,1.825,1.65,1.825,8000,0
1715.HK,D,20230927,000000,1.8,1.8,1.8,1.8,0,0
1715.HK,D,20230928,000000,1.75,1.825,1.65,1.825,16800,0
1715.HK,D,20230929,000000,1.9,1.9,1.7,1.9,33200,0
1715.HK,D,20231003,000000,1.875,1.9,1.875,1.875,16000,0
1715.HK,D,20231004,000000,1.65,1.9,1.65,1.9,29600,0
1715.HK,D,20231005,000000,1.9,1.9,1.9,1.9,0,0
1715.HK,D,20231006,000000,1.975,2.125,1.85,2.05,12000,0
1715.HK,D,20231009,000000,1.875,2.1,1.875,2.1,2400,0
1715.HK,D,20231010,000000,1.875,2.1,1.775,1.975,64400,0
1715.HK,D,20231011,000000,1.975,1.975,1.725,1.85,67600,0
1715.HK,D,20231012,000000,1.85,1.9,1.65,1.825,11600,0
1715.HK,D,20231013,000000,1.875,1.875,1.775,1.85,192400,0
1715.HK,D,20231016,000000,1.9,1.9,1.775,1.825,8800,0
1715.HK,D,20231017,000000,1.9,1.925,1.775,1.925,50800,0
1715.HK,D,20231018,000000,1.95,1.95,1.775,1.85,40800,0
1715.HK,D,20231019,000000,1.85,1.9,1.775,1.85,44800,0
1715.HK,D,20231020,000000,1.8,1.8,1.675,1.725,3263200,0
1715.HK,D,20231024,000000,1.725,1.9,1.55,1.825,3277200,0
1715.HK,D,20231025,000000,1.925,2.35,1.85,2.15,3585600,0
1715.HK,D,20231026,000000,2.15,2.325,2.075,2.225,172400,0
1715.HK,D,20231027,000000,2.175,2.2,2.075,2.15,1974800,0
1715.HK,D,20231030,000000,2.15,2.15,2,2,35600,0
1715.HK,D,20231031,000000,1.975,2.075,1.7,2,3178800,0
1715.HK,D,20231101,000000,2,2.025,2,2.025,8800,0
1715.HK,D,20231102,000000,1.95,2.025,1.85,2,20800,0
1715.HK,D,20231103,000000,2.075,2.075,1.875,2,119600,0
1715.HK,D,20231106,000000,2,2.025,1.85,1.85,238800,0
1715.HK,D,20231107,000000,1.85,1.95,1.7,1.925,191200,0
1715.HK,D,20231108,000000,1.9,1.925,1.8,1.9,74000,0
1715.HK,D,20231109,000000,1.775,1.95,1.775,1.925,140800,0
1715.HK,D,20231110,000000,1.925,1.975,1.775,1.95,150000,0
1715.HK,D,20231113,000000,1.85,1.95,1.775,1.875,26000,0
1715.HK,D,20231114,000000,1.9,1.9,1.725,1.85,113600,0
1715.HK,D,20231115,000000,1.775,1.9,1.75,1.875,26000,0
1715.HK,D,20231116,000000,1.925,1.925,1.8,1.9,2000,0
1715.HK,D,20231117,000000,1.775,1.875,1.75,1.85,31200,0
1715.HK,D,20231120,000000,1.775,1.825,1.725,1.825,80000,0
1715.HK,D,20231121,000000,1.75,1.85,1.725,1.8,48800,0
1715.HK,D,20231122,000000,1.725,1.8,1.625,1.75,132000,0
1715.HK,D,20231123,000000,1.825,1.825,1.675,1.775,85600,0
1715.HK,D,20231124,000000,1.825,1.825,1.7,1.8,12400,0
1715.HK,D,20231127,000000,1.85,1.85,1.675,1.775,22800,0
1715.HK,D,20231128,000000,1.775,1.85,1.65,1.775,13200,0
1715.HK,D,20231129,000000,1.8,1.8,1.675,1.8,33200,0
1715.HK,D,20231130,000000,1.85,1.85,1.675,1.75,9600,0
1715.HK,D,20231201,000000,1.825,1.85,1.7,1.775,11600,0
1715.HK,D,20231204,000000,1.8,1.8,1.6,1.75,24000,0
1715.HK,D,20231205,000000,1.675,1.725,1.6,1.725,49200,0
1715.HK,D,20231206,000000,1.675,1.7,1.6,1.65,55600,0
1715.HK,D,20231207,000000,1.65,1.7,1.575,1.65,12400,0
1715.HK,D,20231208,000000,1.575,1.75,1.45,1.75,103600,0
1715.HK,D,20231211,000000,1.6,1.75,1.6,1.725,16400,0
1715.HK,D,20231212,000000,1.775,1.8,1.6,1.7,22000,0
1715.HK,D,20231213,000000,1.625,1.7,1.525,1.625,168800,0
1715.HK,D,20231214,000000,1.625,1.625,1.45,1.575,46800,0
1715.HK,D,20231215,000000,1.575,1.625,1.475,1.625,105200,0
1715.HK,D,20231218,000000,1.625,1.625,1.525,1.6,5600,0
1715.HK,D,20231219,000000,1.575,1.575,1.5,1.575,1600,0
1715.HK,D,20231220,000000,1.5,1.575,1.275,1.575,154800,0
1715.HK,D,20231221,000000,1.525,1.55,1.425,1.525,10000,0
1715.HK,D,20231222,000000,1.4,1.525,1.4,1.475,96800,0
1715.HK,D,20231227,000000,1.475,1.625,1.475,1.575,100400,0
1715.HK,D,20231228,000000,1.625,1.625,1.5,1.575,2800,0
1715.HK,D,20231229,000000,1.6,1.6,1.5,1.575,6400,0
1715.HK,D,20240102,000000,1.55,1.625,1.525,1.6,8000,0
1715.HK,D,20240103,000000,1.4,1.6,1.4,1.575,800,0
1715.HK,D,20240104,000000,1.475,1.575,1.475,1.55,11600,0
1715.HK,D,20240105,000000,1.5,1.575,1.5,1.575,4000,0
1715.HK,D,20240108,000000,1.425,1.5,1.375,1.425,23600,0
1715.HK,D,20240109,000000,1.425,1.475,1.3,1.425,59200,0
1715.HK,D,20240110,000000,1.525,1.55,1.375,1.475,74800,0
1715.HK,D,20240111,000000,1.4,1.475,1.4,1.4,1200,0
1715.HK,D,20240112,000000,1.475,1.475,1.375,1.375,3600,0
1715.HK,D,20240115,000000,1.35,1.425,1.3,1.375,11200,0
1715.HK,D,20240116,000000,1.3,1.35,1.25,1.35,47600,0
1715.HK,D,20240117,000000,1.275,1.325,1.125,1.325,34400,0
1715.HK,D,20240118,000000,1.35,1.35,1.2,1.2,20000,0
1715.HK,D,20240119,000000,1.275,1.275,1.175,1.2,800,0
1715.HK,D,20240122,000000,1.175,1.175,1,1,69600,0
1715.HK,D,20240123,000000,1.025,1.125,1.025,1.025,13600,0
1715.HK,D,20240124,000000,1.2,1.2,0.975,1.075,47600,0
1715.HK,D,20240125,000000,1.025,1.175,1,1.125,106400,0
1715.HK,D,20240126,000000,1.05,1.125,1.025,1.05,24400,0
1715.HK,D,20240129,000000,1.175,1.175,1.025,1.025,14800,0
1715.HK,D,20240130,000000,1.025,1.175,0.975,1.1,16800,0
1715.HK,D,20240131,000000,1.1,1.1,0.975,1.1,10400,0
1715.HK,D,20240201,000000,1,1.1,1,1.025,24800,0
1715.HK,D,20240202,000000,1.075,1.175,0.975,1,11600,0
1715.HK,D,20240205,000000,0.975,1.025,0.975,0.975,31600,0
1715.HK,D,20240206,000000,1,1.025,0.9,0.95,28000,0
1715.HK,D,20240207,000000,1.025,1.025,0.9,0.95,24800,0
1715.HK,D,20240208,000000,0.95,0.95,0.9,0.95,11600,0
1715.HK,D,20240209,000000,1,1.15,0.9,1,98400,0
1715.HK,D,20240214,000000,1,1,0.9,0.925,58400,0
1715.HK,D,20240215,000000,0.95,0.95,0.8,0.925,5600,0
1715.HK,D,20240216,000000,1.025,1.025,0.8,0.85,46400,0
1715.HK,D,20240219,000000,0.85,1.025,0.825,0.875,39200,0
1715.HK,D,20240220,000000,0.825,1.05,0.8,0.95,119600,0
1715.HK,D,20240221,000000,0.95,1,0.775,0.9,172400,0
1715.HK,D,20240222,000000,0.825,0.85,0.775,0.8,211200,0
1715.HK,D,20240223,000000,0.7,0.775,0.65,0.7,520000,0
1715.HK,D,20240226,000000,0.675,0.675,0.575,0.625,610800,0
1715.HK,D,20240227,000000,0.625,0.675,0.6,0.65,148000,0
1715.HK,D,20240228,000000,0.65,0.65,0.5,0.5,928000,0
1715.HK,D,20240229,000000,0.5,0.65,0.5,0.6,3094000,0
1715.HK,D,20240301,000000,0.625,0.775,0.625,0.775,10326000,0
1715.HK,D,20240304,000000,0.775,0.85,0.725,0.725,561200,0
1715.HK,D,20240305,000000,0.675,0.725,0.625,0.675,2876800,0
1715.HK,D,20240306,000000,0.675,0.75,0.675,0.675,72000,0
1715.HK,D,20240307,000000,0.65,0.7,0.6,0.675,173600,0
1715.HK,D,20240308,000000,0.7,0.7,0.675,0.675,10000,0
1715.HK,D,20240311,000000,0.775,0.775,0.7,0.725,54800,0
1715.HK,D,20240312,000000,0.675,0.725,0.65,0.725,56400,0
1715.HK,D,20240313,000000,0.65,0.775,0.65,0.7,227600,0
1715.HK,D,20240314,000000,0.675,0.75,0.675,0.75,109600,0
1715.HK,D,20240315,000000,0.675,0.7,0.675,0.675,38800,0
1715.HK,D,20240318,000000,0.7,0.725,0.65,0.7,183600,0
1715.HK,D,20240319,000000,0.725,0.75,0.675,0.725,162400,0
1715.HK,D,20240320,000000,0.725,0.925,0.725,0.775,1025600,0
1715.HK,D,20240321,000000,0.675,0.925,0.675,0.8,317200,0
1715.HK,D,20240322,000000,0.75,0.875,0.75,0.85,57600,0
1715.HK,D,20240325,000000,0.775,0.8,0.75,0.75,143200,0
1715.HK,D,20240326,000000,0.75,0.75,0.7,0.75,195600,0
1715.HK,D,20240327,000000,0.75,0.75,0.65,0.75,177600,0
1715.HK,D,20240328,000000,0.7,0.825,0.675,0.725,74000,0
1715.HK,D,20240402,000000,0.8,0.8,0.8,0.8,2400,0
1715.HK,D,20240403,000000,0.78,0.78,0.78,0.78,2000,0
1715.HK,D,20240405,000000,0.77,0.77,0.77,0.77,0,0
1715.HK,D,20240408,000000,0.6,0.65,0.59,0.61,59600,0
1715.HK,D,20240409,000000,0.6,0.7,0.56,0.7,132400,0
1715.HK,D,20240410,000000,0.56,0.7,0.56,0.7,2000,0
1715.HK,D,20240411,000000,0.56,0.7,0.56,0.7,4800,0
1715.HK,D,20240412,000000,0.56,0.69,0.56,0.69,10000,0
1715.HK,D,20240416,000000,0.7,0.7,0.6,0.62,4800,0
1715.HK,D,20240417,000000,0.57,0.63,0.57,0.63,20000,0
1715.HK,D,20240418,000000,0.61,0.64,0.61,0.64,55600,0
1715.HK,D,20240419,000000,0.54,0.63,0.54,0.63,67200,0
1715.HK,D,20240422,000000,0.63,0.63,0.63,0.63,0,0
1715.HK,D,20240423,000000,0.56,0.64,0.56,0.63,106400,0
1715.HK,D,20240424,000000,0.62,0.62,0.62,0.62,10000,0
1715.HK,D,20240425,000000,0.63,0.64,0.56,0.59,130000,0
1715.HK,D,20240426,000000,0.6,0.6,0.6,0.6,44000,0
1715.HK,D,20240429,000000,0.59,0.6,0.56,0.57,158000,0
1715.HK,D,20240430,000000,0.57,0.57,0.57,0.57,0,0
1715.HK,D,20240502,000000,0.56,0.58,0.56,0.58,40000,0
1715.HK,D,20240503,000000,0.6,0.64,0.6,0.6,48000,0
1715.HK,D,20240506,000000,0.64,0.64,0.62,0.62,20000,0
1715.HK,D,20240507,000000,0.62,0.62,0.62,0.62,0,0
1715.HK,D,20240508,000000,0.62,0.62,0.62,0.62,59200,0
1715.HK,D,20240509,000000,0.64,0.64,0.62,0.62,40000,0
1715.HK,D,20240510,000000,0.62,0.62,0.6,0.61,90000,0
1715.HK,D,20240513,000000,0.58,0.58,0.55,0.56,90000,0
1715.HK,D,20240514,000000,0.56,0.56,0.56,0.56,0,0
1715.HK,D,20240516,000000,0.55,0.55,0.55,0.55,78400,0
1715.HK,D,20240517,000000,0.5,0.54,0.5,0.54,20400,0
1715.HK,D,20240520,000000,0.54,0.57,0.54,0.57,20000,0
1715.HK,D,20240521,000000,0.57,0.57,0.57,0.57,16000,0
1715.HK,D,20240522,000000,0.63,0.63,0.58,0.63,1064000,0
1715.HK,D,20240523,000000,0.63,0.64,0.61,0.61,67200,0
1715.HK,D,20240524,000000,0.6,0.6,0.56,0.6,48400,0
1715.HK,D,20240527,000000,0.62,0.63,0.61,0.61,160000,0
1715.HK,D,20240528,000000,0.62,0.65,0.58,0.58,434000,0
1715.HK,D,20240529,000000,0.64,0.67,0.61,0.61,912000,0
1715.HK,D,20240530,000000,0.66,0.66,0.64,0.64,214000,0
1715.HK,D,20240531,000000,0.64,0.64,0.64,0.64,0,0
1715.HK,D,20240603,000000,0.66,0.69,0.66,0.69,48000,0
1715.HK,D,20240604,000000,0.68,0.69,0.66,0.69,110000,0
1715.HK,D,20240605,000000,0.69,0.69,0.69,0.69,0,0
1715.HK,D,20240606,000000,0.68,0.68,0.68,0.68,0,0
1715.HK,D,20240607,000000,0.63,0.68,0.63,0.68,2000,0
1715.HK,D,20240611,000000,0.65,0.65,0.64,0.64,66000,0
1715.HK,D,20240612,000000,0.65,0.65,0.63,0.63,46000,0
1715.HK,D,20240613,000000,0.62,0.62,0.55,0.6,160000,0
1715.HK,D,20240614,000000,0.59,0.59,0.55,0.56,160000,0
1715.HK,D,20240617,000000,0.56,0.56,0.56,0.56,0,0
1715.HK,D,20240618,000000,0.52,0.57,0.52,0.55,75600,0
1715.HK,D,20240619,000000,0.55,0.55,0.55,0.55,0,0
1715.HK,D,20240620,000000,0.6,0.6,0.6,0.6,80000,0
1715.HK,D,20240621,000000,0.6,0.6,0.55,0.6,660000,0
1715.HK,D,20240624,000000,0.59,0.59,0.59,0.59,0,0
1715.HK,D,20240625,000000,0.57,0.58,0.57,0.58,30400,0
1715.HK,D,20240626,000000,0.58,0.58,0.58,0.58,0,0
1715.HK,D,20240627,000000,0.58,0.58,0.58,0.58,0,0
1715.HK,D,20240628,000000,0.49,0.58,0.49,0.58,1200,0
1715.HK,D,20240702,000000,0.57,0.59,0.57,0.59,50000,0
1715.HK,D,20240703,000000,0.62,0.62,0.62,0.62,0,0
1715.HK,D,20240704,000000,0.68,0.68,0.63,0.68,100000,0
1715.HK,D,20240705,000000,0.68,0.75,0.68,0.75,400000,0
1715.HK,D,20240708,000000,0.77,0.86,0.76,0.83,1346800,0
1715.HK,D,20240709,000000,0.74,0.82,0.74,0.77,106800,0
1715.HK,D,20240710,000000,0.85,0.85,0.78,0.85,270000,0
1715.HK,D,20240711,000000,0.85,0.85,0.85,0.85,0,0
1715.HK,D,20240712,000000,0.81,0.81,0.75,0.75,334000,0
1715.HK,D,20240715,000000,0.73,0.73,0.67,0.73,238800,0
1715.HK,D,20240716,000000,0.73,0.73,0.73,0.73,0,0
1715.HK,D,20240717,000000,0.73,0.73,0.73,0.73,0,0
1715.HK,D,20240718,000000,0.81,0.81,0.63,0.71,254000,0
1715.HK,D,20240719,000000,0.67,0.7,0.57,0.66,320000,0
1715.HK,D,20240722,000000,0.62,0.62,0.56,0.62,210000,0
1715.HK,D,20240723,000000,0.67,0.67,0.67,0.67,10000,0
1715.HK,D,20240724,000000,0.65,0.65,0.59,0.64,990000,0
1715.HK,D,20240725,000000,0.64,0.64,0.64,0.64,50000,0
1715.HK,D,20240726,000000,0.64,0.64,0.64,0.64,0,0
1715.HK,D,20240729,000000,0.64,0.64,0.64,0.64,0,0
1715.HK,D,20240730,000000,0.68,0.7,0.58,0.68,170000,0
1715.HK,D,20240731,000000,0.68,0.72,0.68,0.72,30000,0
1715.HK,D,20240801,000000,0.72,0.75,0.72,0.74,100000,0
1715.HK,D,20240802,000000,0.71,0.74,0.7,0.74,1020000,0
1715.HK,D,20240805,000000,0.8,0.8,0.8,0.8,10000,0
1715.HK,D,20240806,000000,0.79,0.79,0.79,0.79,0,0
1715.HK,D,20240807,000000,0.79,0.79,0.79,0.79,0,0
1715.HK,D,20240808,000000,0.79,0.79,0.79,0.79,0,0
1715.HK,D,20240809,000000,0.79,0.79,0.79,0.79,0,0
1715.HK,D,20240812,000000,0.74,0.79,0.74,0.79,400,0
1715.HK,D,20240813,000000,0.77,0.77,0.61,0.77,20000,0
1715.HK,D,20240814,000000,0.77,0.77,0.77,0.77,0,0
1715.HK,D,20240815,000000,0.77,0.77,0.77,0.77,0,0
1715.HK,D,20240816,000000,0.77,0.77,0.77,0.77,0,0
1715.HK,D,20240819,000000,0.81,0.82,0.75,0.81,90000,0
1715.HK,D,20240820,000000,0.8,0.8,0.8,0.8,12400,0
1715.HK,D,20240821,000000,0.8,0.83,0.77,0.77,192000,0
1715.HK,D,20240822,000000,0.76,0.77,0.76,0.76,10000,0
1715.HK,D,20240823,000000,0.76,0.76,0.75,0.76,100000,0
1715.HK,D,20240826,000000,0.76,0.82,0.76,0.78,84000,0
1715.HK,D,20240827,000000,0.78,0.88,0.78,0.88,370000,0
1715.HK,D,20240828,000000,0.9,0.9,0.88,0.89,176000,0
1715.HK,D,20240829,000000,0.89,1.03,0.82,1.03,364000,0
1715.HK,D,20240830,000000,0.89,1.2,0.89,1.07,370000,0
1715.HK,D,20240902,000000,1.04,1.2,0.95,1.2,348800,0
1715.HK,D,20240903,000000,1.08,1.19,1.08,1.19,101200,0
1715.HK,D,20240904,000000,1.07,1.3,1.07,1.3,450000,0
1715.HK,D,20240905,000000,1.16,1.43,1.15,1.29,528400,0
1715.HK,D,20240909,000000,1.24,1.29,1.24,1.29,4000,0
1715.HK,D,20240910,000000,1.28,1.3,1.15,1.24,1670000,0
1715.HK,D,20240911,000000,1.14,1.28,1.12,1.22,2016800,0
1715.HK,D,20240912,000000,1.22,1.22,1.07,1.07,1060000,0
1715.HK,D,20240913,000000,1.17,1.17,1.17,1.17,10000,0
1715.HK,D,20240916,000000,1.17,1.17,1.07,1.07,140400,0
1715.HK,D,20240917,000000,1.06,1.07,1.06,1.06,50000,0
1715.HK,D,20240919,000000,0.98,1,0.97,1,60400,0
1715.HK,D,20240920,000000,0.96,1,0.96,0.96,100000,0
1715.HK,D,20240923,000000,0.92,1,0.9,0.92,5551600,0
1715.HK,D,20240924,000000,0.89,0.89,0.85,0.89,130000,0
1715.HK,D,20240925,000000,0.85,1,0.75,0.8,170000,0
1715.HK,D,20240926,000000,0.88,0.88,0.88,0.88,10000,0
1715.HK,D,20240927,000000,0.88,0.94,0.71,0.94,450000,0
1715.HK,D,20240930,000000,0.97,0.98,0.97,0.97,10000,0
1715.HK,D,20241002,000000,0.97,0.97,0.97,0.97,400,0
1715.HK,D,20241003,000000,0.97,0.97,0.97,0.97,0,0
1715.HK,D,20241004,000000,0.7,0.82,0.63,0.77,481600,0
1715.HK,D,20241007,000000,0.72,0.76,0.69,0.75,230000,0
1715.HK,D,20241008,000000,0.65,0.75,0.65,0.67,314000,0
1715.HK,D,20241009,000000,0.68,0.68,0.68,0.68,20800,0
1715.HK,D,20241010,000000,0.68,0.68,0.68,0.68,0,0
1715.HK,D,20241014,000000,0.66,0.66,0.65,0.65,30800,0
1715.HK,D,20241015,000000,0.63,0.8,0.63,0.8,310000,0
1715.HK,D,20241016,000000,0.8,0.8,0.8,0.8,0,0
1715.HK,D,20241017,000000,1,1,0.76,1,140000,0
1715.HK,D,20241018,000000,0.98,0.98,0.98,0.98,0,0
1715.HK,D,20241021,000000,0.96,0.96,0.96,0.96,0,0
1715.HK,D,20241022,000000,0.96,0.96,0.96,0.96,0,0
1715.HK,D,20241023,000000,0.97,0.97,0.75,0.97,140000,0
1715.HK,D,20241024,000000,0.88,0.88,0.88,0.88,10000,0
1715.HK,D,20241025,000000,0.74,0.75,0.69,0.69,170000,0
1715.HK,D,20241028,000000,0.76,0.78,0.63,0.76,40000,0
1715.HK,D,20241029,000000,0.68,0.74,0.68,0.74,20000,0
1715.HK,D,20241030,000000,0.72,0.72,0.72,0.72,0,0
1715.HK,D,20241031,000000,0.72,0.72,0.63,0.72,90000,0
1715.HK,D,20241101,000000,0.72,0.72,0.72,0.72,0,0
1715.HK,D,20241104,000000,0.7,0.7,0.7,0.7,0,0
1715.HK,D,20241105,000000,0.69,0.69,0.68,0.68,30000,0
1715.HK,D,20241106,000000,0.67,0.67,0.67,0.67,10000,0
1715.HK,D,20241107,000000,0.64,0.66,0.64,0.66,10000,0
1715.HK,D,20241108,000000,0.63,0.63,0.54,0.56,348800,0
1715.HK,D,20241111,000000,0.54,0.61,0.54,0.54,50000,0
1715.HK,D,20241112,000000,0.54,0.65,0.5,0.51,162000,0
1715.HK,D,20241113,000000,0.45,0.53,0.45,0.53,14000,0
1715.HK,D,20241114,000000,0.56,0.56,0.56,0.56,10000,0
1715.HK,D,20241115,000000,0.53,0.53,0.51,0.51,150000,0
1715.HK,D,20241118,000000,0.51,0.51,0.51,0.51,0,0
1715.HK,D,20241119,000000,0.51,0.56,0.51,0.51,50000,0
1715.HK,D,20241120,000000,0.51,0.51,0.51,0.51,0,0
1715.HK,D,20241121,000000,0.51,0.51,0.51,0.51,0,0
1715.HK,D,20241122,000000,0.51,0.51,0.51,0.51,0,0
1715.HK,D,20241125,000000,0.51,0.51,0.51,0.51,0,0
1715.HK,D,20241126,000000,0.52,0.52,0.52,0.52,0,0
1715.HK,D,20241127,000000,0.455,0.51,0.455,0.455,110000,0
1715.HK,D,20241128,000000,0.45,0.45,0.4,0.4,500000,0
1715.HK,D,20241129,000000,0.4,0.4,0.25,0.25,1320000,0
1715.HK,D,20241202,000000,0.255,0.33,0.24,0.25,1240000,0
1715.HK,D,20241203,000000,0.25,0.25,0.245,0.246,308000,0
1715.HK,D,20241204,000000,0.255,0.255,0.232,0.241,470000,0
1715.HK,D,20241205,000000,0.232,0.242,0.232,0.239,260000,0
1715.HK,D,20241206,000000,0.245,0.25,0.245,0.245,120000,0
1715.HK,D,20241209,000000,0.245,0.245,0.212,0.219,620000,0
1715.HK,D,20241210,000000,0.205,0.205,0.18,0.18,2550000,0
1715.HK,D,20241211,000000,0.18,0.18,0.159,0.167,1208000,0
1715.HK,D,20241212,000000,0.182,0.455,0.182,0.4,15195600,0
1715.HK,D,20241213,000000,0.4,0.4,0.27,0.285,4430000,0
1715.HK,D,20241216,000000,0.29,0.29,0.249,0.265,1360000,0
1715.HK,D,20241217,000000,0.26,0.265,0.245,0.25,310000,0
1715.HK,D,20241218,000000,0.245,0.255,0.245,0.255,80000,0
1715.HK,D,20241219,000000,0.25,0.325,0.25,0.27,1200000,0
1715.HK,D,20241220,000000,0.255,0.255,0.23,0.23,320000,0
1715.HK,D,20241223,000000,0.23,0.23,0.22,0.23,40000,0
1715.HK,D,20241224,000000,0.229,0.229,0.229,0.229,60000,0
1715.HK,D,20241227,000000,0.23,0.23,0.23,0.23,40000,0
1715.HK,D,20241230,000000,0.211,0.215,0.21,0.213,270000,0
1715.HK,D,20241231,000000,0.213,0.213,0.213,0.213,0,0
1715.HK,D,20250102,000000,0.213,0.213,0.213,0.213,0,0
1715.HK,D,20250103,000000,0.201,0.205,0.2,0.201,150000,0
1715.HK,D,20250106,000000,0.196,0.196,0.195,0.195,70000,0
1715.HK,D,20250107,000000,0.185,0.196,0.182,0.196,180000,0
1715.HK,D,20250108,000000,0.196,0.196,0.196,0.196,50000,0
1715.HK,D,20250109,000000,0.196,0.196,0.196,0.196,0,0
1715.HK,D,20250110,000000,0.196,0.196,0.196,0.196,0,0
1715.HK,D,20250113,000000,0.196,0.196,0.196,0.196,10000,0
1715.HK,D,20250114,000000,0.194,0.195,0.194,0.194,70000,0
1715.HK,D,20250115,000000,0.191,0.191,0.188,0.188,110000,0
1715.HK,D,20250116,000000,0.187,0.187,0.187,0.187,20000,0
1715.HK,D,20250117,000000,0.187,0.187,0.187,0.187,0,0
1715.HK,D,20250120,000000,0.187,0.187,0.187,0.187,0,0
1715.HK,D,20250121,000000,0.186,0.186,0.176,0.177,250000,0
1715.HK,D,20250122,000000,0.177,0.177,0.177,0.177,0,0
1715.HK,D,20250123,000000,0.169,0.174,0.169,0.174,10000,0
1715.HK,D,20250124,000000,0.174,0.174,0.174,0.174,0,0
1715.HK,D,20250127,000000,0.174,0.174,0.174,0.174,0,0
1715.HK,D,20250128,000000,0.177,0.177,0.177,0.177,10000,0
1715.HK,D,20250203,000000,0.199,0.2,0.186,0.2,108000,0
1715.HK,D,20250204,000000,0.2,0.2,0.2,0.2,120000,0
1715.HK,D,20250205,000000,0.2,0.2,0.2,0.2,0,0
1715.HK,D,20250206,000000,0.205,0.205,0.205,0.205,10000,0
1715.HK,D,20250207,000000,0.204,0.204,0.204,0.204,0,0
1715.HK,D,20250210,000000,0.15,0.204,0.15,0.204,8000,0
1715.HK,D,20250211,000000,0.204,0.204,0.204,0.204,0,0
1715.HK,D,20250212,000000,0.202,0.202,0.202,0.202,0,0
1715.HK,D,20250213,000000,0.186,0.192,0.186,0.192,204000,0
1715.HK,D,20250214,000000,0.208,0.208,0.208,0.208,110000,0
1715.HK,D,20250217,000000,0.207,0.207,0.207,0.207,0,0
1715.HK,D,20250218,000000,0.207,0.207,0.207,0.207,0,0
1715.HK,D,20250219,000000,0.207,0.207,0.207,0.207,0,0
1715.HK,D,20250220,000000,0.204,0.204,0.204,0.204,0,0
1715.HK,D,20250221,000000,0.175,0.18,0.17,0.175,730000,0
1715.HK,D,20250224,000000,0.15,0.171,0.15,0.17,84800,0
1715.HK,D,20250225,000000,0.17,0.17,0.17,0.17,0,0
1715.HK,D,20250226,000000,0.17,0.17,0.17,0.17,0,0
1715.HK,D,20250227,000000,0.164,0.17,0.164,0.17,10000,0
1715.HK,D,20250228,000000,0.17,0.17,0.17,0.17,20000,0
1715.HK,D,20250303,000000,0.17,0.17,0.17,0.17,0,0
1715.HK,D,20250304,000000,0.17,0.17,0.17,0.17,0,0
1715.HK,D,20250305,000000,0.156,0.17,0.156,0.17,8000,0
1715.HK,D,20250306,000000,0.17,0.17,0.17,0.17,0,0
1715.HK,D,20250307,000000,0.17,0.185,0.165,0.18,470000,0
1715.HK,D,20250310,000000,0.207,0.249,0.193,0.214,3355600,0
1715.HK,D,20250311,000000,0.21,0.219,0.204,0.215,278000,0
1715.HK,D,20250312,000000,0.204,0.206,0.204,0.205,160000,0
1715.HK,D,20250313,000000,0.205,0.205,0.205,0.205,0,0
1715.HK,D,20250314,000000,0.203,0.221,0.2,0.21,185200,0
1715.HK,D,20250320,000000,0.205,0.205,0.205,0.205,0,0
1715.HK,D,20250321,000000,0.205,0.205,0.205,0.205,60400,0
1715.HK,D,20250324,000000,0.213,0.219,0.205,0.205,160000,0
1715.HK,D,20250325,000000,0.203,0.233,0.202,0.227,370000,0
1715.HK,D,20250326,000000,0.211,0.215,0.207,0.207,830000,0
1715.HK,D,20250327,000000,0.208,0.219,0.208,0.219,627600,0
1715.HK,D,20250328,000000,0.211,0.215,0.211,0.215,100000,0
1715.HK,D,20250331,000000,0.208,0.222,0.206,0.215,370000,0
1715.HK,D,20250401,000000,0.225,0.227,0.225,0.227,160000,0
1715.HK,D,20250402,000000,0.227,0.229,0.224,0.225,320000,0
1715.HK,D,20250403,000000,0.224,0.225,0.214,0.218,500000,0
1715.HK,D,20250407,000000,0.209,0.212,0.209,0.211,460000,0
1715.HK,D,20250408,000000,0.211,0.234,0.205,0.234,190000,0
1715.HK,D,20250409,000000,0.235,0.235,0.211,0.217,180000,0
1715.HK,D,20250410,000000,0.247,0.247,0.231,0.233,400400,0
1715.HK,D,20250411,000000,0.244,0.33,0.243,0.3,2910000,0
1715.HK,D,20250414,000000,0.305,0.305,0.25,0.255,2230000,0
1715.HK,D,20250415,000000,0.275,0.33,0.26,0.33,680400,0
1715.HK,D,20250416,000000,0.31,0.33,0.285,0.32,620000,0
1715.HK,D,20250417,000000,0.32,0.32,0.29,0.29,350800,0
