<TICKER>,<PER>,<DATE>,<TIME>,<OPEN>,<HIGH>,<LOW>,<CLOSE>,<VOL>,<OPENINT>
1841.HK,D,20190111,000000,0.409557,0.438807,0.386108,0.438807,1333200.9750866,0
1841.HK,D,20190114,000000,0.415385,0.421289,0.397832,0.409557,717877.99611243,0
1841.HK,D,20190115,000000,0.421289,0.4271,0.409557,0.409557,444400.32502888,0
1841.HK,D,20190116,000000,0.421289,0.421289,0.415385,0.421289,922985.6557705,0
1841.HK,D,20190117,000000,0.421289,0.438807,0.421289,0.421289,1128094.5027378,0
1841.HK,D,20190118,000000,0.421289,0.4271,0.421289,0.421289,598230.47611785,0
1841.HK,D,20190121,000000,0.4271,0.438807,0.421289,0.438807,546955.34216709,0
1841.HK,D,20190122,000000,0.4271,0.432912,0.415385,0.432912,1145185.8182849,0
1841.HK,D,20190123,000000,0.421289,0.4271,0.421289,0.4271,68368.8241163,0
1841.HK,D,20190124,000000,0.432912,0.444618,0.432912,0.444618,957169.47417406,0
1841.HK,D,20190125,000000,0.438807,0.473844,0.438807,0.473844,2803140.785715,0
1841.HK,D,20190128,000000,0.473844,0.491363,0.456326,0.468033,3264632.4262911,0
1841.HK,D,20190129,000000,0.468033,0.473844,0.468033,0.468033,700785.49325606,0
1841.HK,D,20190130,000000,0.473844,0.479824,0.473844,0.473844,1008446.9827432,0
1841.HK,D,20190131,000000,0.462137,0.462137,0.462137,0.462137,119646.3326854,0
1841.HK,D,20190201,000000,0.444618,0.473844,0.444618,0.473844,239292.66537081,0
1841.HK,D,20190204,000000,0.473844,0.473844,0.473844,0.473844,0,0
1841.HK,D,20190208,000000,0.473844,0.479824,0.473844,0.479824,1982708.9597736,0
1841.HK,D,20190211,000000,0.479824,0.479824,0.479824,0.479824,3076617.2694894,0
1841.HK,D,20190212,000000,0.479824,0.479824,0.479824,0.479824,1162277.1338321,0
1841.HK,D,20190213,000000,0.479824,0.485635,0.479824,0.485635,854616.8316542,0
1841.HK,D,20190214,000000,0.491363,0.50307,0.491363,0.497343,4529464.5772614,0
1841.HK,D,20190215,000000,0.497343,0.497343,0.497343,0.497343,427309.00948169,0
1841.HK,D,20190218,000000,0.50307,0.50905,0.50307,0.50307,598230.47611785,0
1841.HK,D,20190219,000000,0.526569,0.538191,0.473844,0.526569,17998211.97636,0
1841.HK,D,20190220,000000,0.526569,0.526569,0.50905,0.50905,444400.32502888,0
1841.HK,D,20190221,000000,0.497343,0.497343,0.468033,0.479824,324752.8050343,0
1841.HK,D,20190222,000000,0.468033,0.497343,0.468033,0.491363,632416.66913976,0
1841.HK,D,20190225,000000,0.485635,0.497343,0.485635,0.497343,632416.66913976,0
1841.HK,D,20190226,000000,0.497343,0.497343,0.497343,0.497343,0,0
1841.HK,D,20190227,000000,0.491363,0.491363,0.473844,0.491363,376031.50091258,0
1841.HK,D,20190228,000000,0.491363,0.491363,0.491363,0.491363,205107.65965807,0
1841.HK,D,20190301,000000,0.497343,0.50905,0.468033,0.497343,290570.17393991,0
1841.HK,D,20190304,000000,0.497343,0.497343,0.497343,0.497343,0,0
1841.HK,D,20190305,000000,0.485635,0.491363,0.468033,0.485635,410216.50662532,0
1841.HK,D,20190306,000000,0.479824,0.479824,0.479824,0.479824,68368.8241163,0
1841.HK,D,20190307,000000,0.479824,0.479824,0.479824,0.479824,0,0
1841.HK,D,20190308,000000,0.479824,0.479824,0.468033,0.479824,273477.67108355,0
1841.HK,D,20190311,000000,0.468033,0.473844,0.468033,0.468033,188015.1568017,0
1841.HK,D,20190312,000000,0.468033,0.468033,0.468033,0.468033,0,0
1841.HK,D,20190313,000000,0.468033,0.479824,0.456326,0.479824,153831.33839814,0
1841.HK,D,20190314,000000,0.479824,0.479824,0.479824,0.479824,0,0
1841.HK,D,20190315,000000,0.479824,0.514861,0.479824,0.50307,2085263.9769118,0
1841.HK,D,20190318,000000,0.514861,0.520757,0.50905,0.50905,581139.16057065,0
1841.HK,D,20190319,000000,0.50905,0.50905,0.50905,0.50905,0,0
1841.HK,D,20190320,000000,0.50905,0.514861,0.50307,0.514861,290570.17393991,0
1841.HK,D,20190321,000000,0.514861,0.514861,0.514861,0.514861,0,0
1841.HK,D,20190322,000000,0.50905,0.514861,0.50905,0.514861,51277.508569105,0
1841.HK,D,20190325,000000,0.50905,0.50905,0.50307,0.50905,205107.65965807,0
1841.HK,D,20190326,000000,0.50905,0.520757,0.50905,0.520757,512770.33645435,0
1841.HK,D,20190327,000000,0.514861,0.520757,0.514861,0.514861,188015.1568017,0
1841.HK,D,20190328,000000,0.514861,0.555879,0.514861,0.526569,888800.65005776,0
1841.HK,D,20190329,000000,0.53238,0.53238,0.50905,0.526569,376031.50091258,0
1841.HK,D,20190401,000000,0.526569,0.538191,0.526569,0.538191,512770.33645435,0
1841.HK,D,20190402,000000,0.538191,0.555879,0.538191,0.555879,358938.99805621,0
1841.HK,D,20190403,000000,0.555879,0.555879,0.538191,0.549899,273477.67108355,0
1841.HK,D,20190404,000000,0.56169,0.56169,0.555879,0.555879,376031.50091258,0
1841.HK,D,20190408,000000,0.56169,0.579208,0.555879,0.573313,922985.6557705,0
1841.HK,D,20190409,000000,0.56169,0.56169,0.56169,0.56169,34186.19302191,0
1841.HK,D,20190410,000000,0.549899,0.56169,0.549899,0.555879,239292.66537081,0
1841.HK,D,20190411,000000,0.544087,0.555879,0.538191,0.555879,461491.64057608,0
1841.HK,D,20190412,000000,0.53238,0.53238,0.479824,0.514861,940076.97131769,0
1841.HK,D,20190415,000000,0.514861,0.514861,0.514861,0.514861,0,0
1841.HK,D,20190416,000000,0.514861,0.514861,0.514861,0.514861,34186.19302191,0
1841.HK,D,20190417,000000,0.514861,0.514861,0.514861,0.514861,0,0
1841.HK,D,20190418,000000,0.520757,0.520757,0.520757,0.520757,102555.01713821,0
1841.HK,D,20190423,000000,0.520757,0.520757,0.520757,0.520757,0,0
1841.HK,D,20190424,000000,0.526569,0.526569,0.526569,0.526569,17092.502856368,0
1841.HK,D,20190425,000000,0.53238,0.53238,0.520757,0.53238,153831.33839814,0
1841.HK,D,20190426,000000,0.526569,0.53238,0.526569,0.526569,102555.01713821,0
1841.HK,D,20190429,000000,0.526569,0.526569,0.526569,0.526569,0,0
1841.HK,D,20190430,000000,0.526569,0.526569,0.526569,0.526569,222200.16251444,0
1841.HK,D,20190502,000000,0.526569,0.526569,0.526569,0.526569,0,0
1841.HK,D,20190503,000000,0.497343,0.497343,0.497343,0.497343,34186.19302191,0
1841.HK,D,20190506,000000,0.485635,0.50905,0.485635,0.50307,85461.326972668,0
1841.HK,D,20190507,000000,0.50307,0.50307,0.50307,0.50307,51277.508569105,0
1841.HK,D,20190508,000000,0.514861,0.526569,0.50307,0.50307,205107.65965807,0
1841.HK,D,20190509,000000,0.50307,0.50307,0.50307,0.50307,34186.19302191,0
1841.HK,D,20190510,000000,0.50307,0.50307,0.50307,0.50307,0,0
1841.HK,D,20190514,000000,0.50307,0.50307,0.50307,0.50307,0,0
1841.HK,D,20190515,000000,0.497343,0.497343,0.497343,0.497343,17092.502856368,0
1841.HK,D,20190516,000000,0.497343,0.497343,0.497343,0.497343,0,0
1841.HK,D,20190517,000000,0.497343,0.497343,0.497343,0.497343,0,0
1841.HK,D,20190520,000000,0.497343,0.497343,0.497343,0.497343,0,0
1841.HK,D,20190521,000000,0.497343,0.497343,0.497343,0.497343,0,0
1841.HK,D,20190522,000000,0.497343,0.497343,0.497343,0.497343,0,0
1841.HK,D,20190523,000000,0.497343,0.497343,0.497343,0.497343,0,0
1841.HK,D,20190524,000000,0.497343,0.497343,0.497343,0.497343,0,0
1841.HK,D,20190527,000000,0.39197,0.468033,0.39197,0.450598,752061.81451599,0
1841.HK,D,20190528,000000,0.450598,0.450598,0.450598,0.450598,0,0
1841.HK,D,20190529,000000,0.450598,0.450598,0.450598,0.450598,0,0
1841.HK,D,20190530,000000,0.397832,0.438807,0.397832,0.438807,68368.8241163,0
1841.HK,D,20190531,000000,0.444618,0.444618,0.438807,0.438807,17092.502856368,0
1841.HK,D,20190603,000000,0.397832,0.403736,0.397832,0.397832,51277.508569105,0
1841.HK,D,20190604,000000,0.39197,0.397832,0.39197,0.39197,393122.81645978,0
1841.HK,D,20190605,000000,0.39197,0.39197,0.39197,0.39197,0,0
1841.HK,D,20190606,000000,0.397832,0.397832,0.397832,0.397832,34186.19302191,0
1841.HK,D,20190610,000000,0.397832,0.397832,0.397832,0.397832,0,0
1841.HK,D,20190611,000000,0.397832,0.397832,0.397832,0.397832,0,0
1841.HK,D,20190612,000000,0.397832,0.397832,0.397832,0.397832,0,0
1841.HK,D,20190613,000000,0.397832,0.397832,0.397832,0.397832,0,0
1841.HK,D,20190614,000000,0.397832,0.397832,0.397832,0.397832,0,0
1841.HK,D,20190617,000000,0.397832,0.397832,0.397832,0.397832,0,0
1841.HK,D,20190618,000000,0.397832,0.397832,0.397832,0.397832,0,0
1841.HK,D,20190619,000000,0.397832,0.397832,0.397832,0.397832,0,0
1841.HK,D,20190620,000000,0.397832,0.397832,0.397832,0.397832,0,0
1841.HK,D,20190621,000000,0.397832,0.397832,0.397832,0.397832,34186.19302191,0
1841.HK,D,20190624,000000,0.397832,0.397832,0.397832,0.397832,0,0
1841.HK,D,20190625,000000,0.50905,0.50905,0.479824,0.479824,17092.502856368,0
1841.HK,D,20190626,000000,0.479824,0.479824,0.479824,0.479824,0,0
1841.HK,D,20190627,000000,0.468033,0.468033,0.468033,0.468033,0,0
1841.HK,D,20190628,000000,0.468033,0.479824,0.450598,0.450598,957169.47417406,0
1841.HK,D,20190702,000000,0.468033,0.473844,0.468033,0.468033,136738.83554177,0
1841.HK,D,20190703,000000,0.4271,0.4271,0.415385,0.4271,51277.508569105,0
1841.HK,D,20190704,000000,0.4271,0.4271,0.4271,0.4271,0,0
1841.HK,D,20190705,000000,0.438807,0.456326,0.438807,0.438807,34186.19302191,0
1841.HK,D,20190708,000000,0.415385,0.438807,0.415385,0.438807,85461.326972668,0
1841.HK,D,20190709,000000,0.438807,0.438807,0.438807,0.438807,0,0
1841.HK,D,20190710,000000,0.438807,0.438807,0.438807,0.438807,0,0
1841.HK,D,20190711,000000,0.438807,0.438807,0.438807,0.438807,0,0
1841.HK,D,20190712,000000,0.438807,0.438807,0.438807,0.438807,34186.19302191,0
1841.HK,D,20190715,000000,0.438807,0.438807,0.438807,0.438807,34186.19302191,0
1841.HK,D,20190716,000000,0.438807,0.438807,0.438807,0.438807,0,0
1841.HK,D,20190717,000000,0.438807,0.438807,0.438807,0.438807,239292.66537081,0
1841.HK,D,20190718,000000,0.438807,0.438807,0.438807,0.438807,85461.326972668,0
1841.HK,D,20190719,000000,0.438807,0.438807,0.438807,0.438807,170923.84125451,0
1841.HK,D,20190722,000000,0.438807,0.438807,0.438807,0.438807,427309.00948169,0
1841.HK,D,20190723,000000,0.438807,0.438807,0.397832,0.421289,170923.84125451,0
1841.HK,D,20190724,000000,0.438807,0.438807,0.438807,0.438807,119646.3326854,0
1841.HK,D,20190725,000000,0.438807,0.438807,0.438807,0.438807,0,0
1841.HK,D,20190726,000000,0.438807,0.438807,0.438807,0.438807,136738.83554177,0
1841.HK,D,20190729,000000,0.438807,0.444618,0.438807,0.444618,461491.64057608,0
1841.HK,D,20190730,000000,0.438807,0.438807,0.438807,0.438807,17092.502856368,0
1841.HK,D,20190731,000000,0.438807,0.438807,0.438807,0.438807,51277.508569105,0
1841.HK,D,20190801,000000,0.438807,0.438807,0.438807,0.438807,0,0
1841.HK,D,20190802,000000,0.438807,0.438807,0.438807,0.438807,0,0
1841.HK,D,20190805,000000,0.432912,0.432912,0.432912,0.432912,17092.502856368,0
1841.HK,D,20190806,000000,0.432912,0.432912,0.432912,0.432912,0,0
1841.HK,D,20190807,000000,0.432912,0.432912,0.432912,0.432912,0,0
1841.HK,D,20190808,000000,0.432912,0.432912,0.432912,0.432912,0,0
1841.HK,D,20190809,000000,0.39197,0.409557,0.380305,0.39197,307661.48948711,0
1841.HK,D,20190812,000000,0.409557,0.409557,0.39197,0.39197,153831.33839814,0
1841.HK,D,20190813,000000,0.380305,0.380305,0.368581,0.380305,461491.64057608,0
1841.HK,D,20190814,000000,0.39197,0.39197,0.39197,0.39197,0,0
1841.HK,D,20190815,000000,0.380305,0.380305,0.356908,0.380305,341846.49519985,0
1841.HK,D,20190816,000000,0.368581,0.380305,0.368581,0.368581,222200.16251444,0
1841.HK,D,20190819,000000,0.36271,0.36271,0.356908,0.36271,119646.3326854,0
1841.HK,D,20190820,000000,0.386108,0.386108,0.368581,0.368581,376031.50091258,0
1841.HK,D,20190821,000000,0.36271,0.485635,0.36271,0.485635,1452847.3077721,0
1841.HK,D,20190822,000000,0.376347,0.376347,0.364176,0.376347,115320.96536769,0
1841.HK,D,20190823,000000,0.364176,0.364176,0.352073,0.352073,181218.99909471,0
1841.HK,D,20190826,000000,0.352073,0.352073,0.352073,0.352073,16475.102086341,0
1841.HK,D,20190828,000000,0.352073,0.352073,0.352073,0.352073,0,0
1841.HK,D,20190829,000000,0.352073,0.352073,0.352073,0.352073,0,0
1841.HK,D,20190830,000000,0.352073,0.352073,0.352073,0.352073,0,0
1841.HK,D,20190902,000000,0.352073,0.352073,0.352073,0.352073,0,0
1841.HK,D,20190903,000000,0.352073,0.352073,0.352073,0.352073,0,0
1841.HK,D,20190904,000000,0.352073,0.352073,0.352073,0.352073,0,0
1841.HK,D,20190905,000000,0.352073,0.352073,0.352073,0.352073,0,0
1841.HK,D,20190906,000000,0.352073,0.352073,0.352073,0.352073,0,0
1841.HK,D,20190909,000000,0.352073,0.352073,0.352073,0.352073,0,0
1841.HK,D,20190910,000000,0.352073,0.352073,0.352073,0.352073,0,0
1841.HK,D,20190911,000000,0.352073,0.352073,0.352073,0.352073,0,0
1841.HK,D,20190912,000000,0.352073,0.352073,0.352073,0.352073,0,0
1841.HK,D,20190913,000000,0.352073,0.352073,0.352073,0.352073,32949.016863509,0
1841.HK,D,20190916,000000,0.352073,0.352073,0.352073,0.352073,0,0
1841.HK,D,20190917,000000,0.352073,0.352073,0.352073,0.352073,0,0
1841.HK,D,20190918,000000,0.352073,0.352073,0.352073,0.352073,0,0
1841.HK,D,20190919,000000,0.352073,0.352073,0.352073,0.352073,0,0
1841.HK,D,20190920,000000,0.352073,0.352073,0.352073,0.352073,0,0
1841.HK,D,20190923,000000,0.394523,0.412706,0.394523,0.394523,148269.9822312,0
1841.HK,D,20190924,000000,0.388458,0.388458,0.388458,0.388458,82373.135813359,0
1841.HK,D,20190925,000000,0.376347,0.376347,0.376347,0.376347,16475.102086341,0
1841.HK,D,20190926,000000,0.358121,0.358121,0.352073,0.352073,82373.135813359,0
1841.HK,D,20190927,000000,0.352073,0.352073,0.352073,0.352073,0,0
1841.HK,D,20190930,000000,0.346018,0.346018,0.346018,0.346018,32949.016863509,0
1841.HK,D,20191002,000000,0.346018,0.346018,0.346018,0.346018,0,0
1841.HK,D,20191003,000000,0.346018,0.346018,0.346018,0.346018,0,0
1841.HK,D,20191004,000000,0.346018,0.346018,0.346018,0.346018,0,0
1841.HK,D,20191008,000000,0.346018,0.346018,0.346018,0.346018,0,0
1841.HK,D,20191009,000000,0.346018,0.346018,0.346018,0.346018,0,0
1841.HK,D,20191010,000000,0.333847,0.346018,0.333847,0.346018,98848.2378997,0
1841.HK,D,20191011,000000,0.346018,0.346018,0.346018,0.346018,0,0
1841.HK,D,20191014,000000,0.339895,0.346018,0.339895,0.346018,115320.96536769,0
1841.HK,D,20191015,000000,0.346018,0.346018,0.346018,0.346018,0,0
1841.HK,D,20191016,000000,0.346018,0.346018,0.346018,0.346018,0,0
1841.HK,D,20191017,000000,0.346018,0.346018,0.346018,0.346018,0,0
1841.HK,D,20191018,000000,0.346018,0.346018,0.346018,0.346018,0,0
1841.HK,D,20191021,000000,0.364176,0.364176,0.339895,0.364176,197694.10118105,0
1841.HK,D,20191022,000000,0.364176,0.364176,0.364176,0.364176,0,0
1841.HK,D,20191023,000000,0.364176,0.364176,0.364176,0.364176,0,0
1841.HK,D,20191024,000000,0.364176,0.364176,0.364176,0.364176,0,0
1841.HK,D,20191025,000000,0.364176,0.364176,0.364176,0.364176,0,0
1841.HK,D,20191028,000000,0.364176,0.364176,0.364176,0.364176,0,0
1841.HK,D,20191029,000000,0.364176,0.364176,0.364176,0.364176,0,0
1841.HK,D,20191030,000000,0.364176,0.364176,0.364176,0.364176,0,0
1841.HK,D,20191031,000000,0.364176,0.364176,0.364176,0.364176,0,0
1841.HK,D,20191101,000000,0.364176,0.364176,0.364176,0.364176,0,0
1841.HK,D,20191104,000000,0.352073,0.352073,0.352073,0.352073,0,0
1841.HK,D,20191105,000000,0.352073,0.352073,0.352073,0.352073,0,0
1841.HK,D,20191106,000000,0.352073,0.352073,0.352073,0.352073,0,0
1841.HK,D,20191107,000000,0.321736,0.321736,0.303501,0.321736,16475.102086341,0
1841.HK,D,20191108,000000,0.327792,0.327792,0.303501,0.327792,49424.11894985,0
1841.HK,D,20191111,000000,0.327792,0.327792,0.327792,0.327792,0,0
1841.HK,D,20191112,000000,0.327792,0.327792,0.327792,0.327792,0,0
1841.HK,D,20191113,000000,0.282261,0.291356,0.254938,0.291356,65898.033727018,0
1841.HK,D,20191114,000000,0.291356,0.291356,0.291356,0.291356,0,0
1841.HK,D,20191115,000000,0.291356,0.291356,0.291356,0.291356,0,0
1841.HK,D,20191118,000000,0.291356,0.291356,0.291356,0.291356,0,0
1841.HK,D,20191119,000000,0.291356,0.291356,0.291356,0.291356,0,0
1841.HK,D,20191120,000000,0.291356,0.291356,0.291356,0.291356,0,0
1841.HK,D,20191121,000000,0.291356,0.291356,0.291356,0.291356,0,0
1841.HK,D,20191122,000000,0.291356,0.291356,0.291356,0.291356,0,0
1841.HK,D,20191125,000000,0.291356,0.291356,0.291356,0.291356,0,0
1841.HK,D,20191126,000000,0.291356,0.297429,0.291356,0.297429,49424.11894985,0
1841.HK,D,20191127,000000,0.297429,0.297429,0.297429,0.297429,0,0
1841.HK,D,20191128,000000,0.297429,0.297429,0.297429,0.297429,0,0
1841.HK,D,20191129,000000,0.297429,0.297429,0.297429,0.297429,0,0
1841.HK,D,20191202,000000,0.297429,0.297429,0.297429,0.297429,0,0
1841.HK,D,20191203,000000,0.297429,0.297429,0.297429,0.297429,0,0
1841.HK,D,20191204,000000,0.297429,0.297429,0.297429,0.297429,0,0
1841.HK,D,20191205,000000,0.297429,0.297429,0.297429,0.297429,0,0
1841.HK,D,20191206,000000,0.297429,0.297429,0.297429,0.297429,16475.102086341,0
1841.HK,D,20191209,000000,0.339895,0.394523,0.339895,0.382403,32949.016863509,0
1841.HK,D,20191210,000000,0.382403,0.382403,0.382403,0.382403,0,0
1841.HK,D,20191211,000000,0.382403,0.382403,0.382403,0.382403,0,0
1841.HK,D,20191212,000000,0.382403,0.382403,0.382403,0.382403,0,0
1841.HK,D,20191213,000000,0.385595,0.385595,0.385595,0.385595,0,0
1841.HK,D,20191216,000000,0.385595,0.385595,0.385595,0.385595,0,0
1841.HK,D,20191217,000000,0.385595,0.385595,0.385595,0.385595,0,0
1841.HK,D,20191218,000000,0.385595,0.385595,0.385595,0.385595,0,0
1841.HK,D,20191219,000000,0.385595,0.385595,0.385595,0.385595,0,0
1841.HK,D,20191220,000000,0.385595,0.385595,0.385595,0.385595,0,0
1841.HK,D,20191223,000000,0.385595,0.385595,0.385595,0.385595,0,0
1841.HK,D,20191224,000000,0.385595,0.385595,0.385595,0.385595,0,0
1841.HK,D,20191227,000000,0.382403,0.382403,0.382403,0.382403,0,0
1841.HK,D,20191230,000000,0.382403,0.382403,0.382403,0.382403,0,0
1841.HK,D,20191231,000000,0.382403,0.382403,0.382403,0.382403,0,0
1841.HK,D,20200102,000000,0.382403,0.382403,0.382403,0.382403,0,0
1841.HK,D,20200103,000000,0.382403,0.382403,0.382403,0.382403,0,0
1841.HK,D,20200106,000000,0.382403,0.382403,0.382403,0.382403,0,0
1841.HK,D,20200107,000000,0.382403,0.382403,0.382403,0.382403,0,0
1841.HK,D,20200108,000000,0.382403,0.382403,0.382403,0.382403,0,0
1841.HK,D,20200109,000000,0.382403,0.382403,0.382403,0.382403,0,0
1841.HK,D,20200110,000000,0.382403,0.382403,0.382403,0.382403,15690.290722903,0
1841.HK,D,20200113,000000,0.36966,0.36966,0.36966,0.36966,0,0
1841.HK,D,20200114,000000,0.36966,0.36966,0.36966,0.36966,0,0
1841.HK,D,20200115,000000,0.36966,0.36966,0.36966,0.36966,0,0
1841.HK,D,20200116,000000,0.36966,0.36966,0.36966,0.36966,62759.975582437,0
1841.HK,D,20200117,000000,0.350541,0.350541,0.270873,0.312303,94140.557028243,0
1841.HK,D,20200120,000000,0.289992,0.325045,0.286808,0.325045,141209.0545786,0
1841.HK,D,20200121,000000,0.325045,0.325045,0.325045,0.325045,0,0
1841.HK,D,20200122,000000,0.325045,0.325045,0.325045,0.325045,0,0
1841.HK,D,20200123,000000,0.325045,0.325045,0.325045,0.325045,0,0
1841.HK,D,20200124,000000,0.325045,0.325045,0.325045,0.325045,0,0
1841.HK,D,20200129,000000,0.325045,0.325045,0.325045,0.325045,0,0
1841.HK,D,20200130,000000,0.325045,0.325045,0.325045,0.325045,0,0
1841.HK,D,20200131,000000,0.325045,0.325045,0.325045,0.325045,0,0
1841.HK,D,20200203,000000,0.325045,0.325045,0.325045,0.325045,0,0
1841.HK,D,20200204,000000,0.325045,0.325045,0.325045,0.325045,0,0
1841.HK,D,20200205,000000,0.325045,0.325045,0.325045,0.325045,0,0
1841.HK,D,20200206,000000,0.289992,0.293176,0.289992,0.293176,78450.26630534,0
1841.HK,D,20200207,000000,0.296368,0.296368,0.296368,0.296368,31380.581445805,0
1841.HK,D,20200210,000000,0.283624,0.283624,0.283624,0.283624,62759.975582437,0
1841.HK,D,20200211,000000,0.283624,0.283624,0.283624,0.283624,0,0
1841.HK,D,20200212,000000,0.27724,0.27724,0.27724,0.27724,15690.290722903,0
1841.HK,D,20200213,000000,0.27724,0.27724,0.27724,0.27724,15690.290722903,0
1841.HK,D,20200214,000000,0.27724,0.309111,0.27724,0.309111,47070.872168708,0
1841.HK,D,20200217,000000,0.302735,0.302735,0.302735,0.302735,15690.290722903,0
1841.HK,D,20200218,000000,0.302735,0.302735,0.302735,0.302735,62759.975582437,0
1841.HK,D,20200219,000000,0.302735,0.302735,0.302735,0.302735,0,0
1841.HK,D,20200220,000000,0.302735,0.302735,0.302735,0.302735,0,0
1841.HK,D,20200221,000000,0.302735,0.302735,0.302735,0.302735,0,0
1841.HK,D,20200224,000000,0.302735,0.302735,0.302735,0.302735,0,0
1841.HK,D,20200225,000000,0.302735,0.302735,0.302735,0.302735,0,0
1841.HK,D,20200226,000000,0.302735,0.302735,0.302735,0.302735,0,0
1841.HK,D,20200227,000000,0.302735,0.302735,0.302735,0.302735,0,0
1841.HK,D,20200228,000000,0.302735,0.302735,0.302735,0.302735,15690.290722903,0
1841.HK,D,20200302,000000,0.302735,0.302735,0.302735,0.302735,0,0
1841.HK,D,20200303,000000,0.302735,0.302735,0.302735,0.302735,0,0
1841.HK,D,20200304,000000,0.302735,0.302735,0.302735,0.302735,0,0
1841.HK,D,20200305,000000,0.302735,0.302735,0.302735,0.302735,0,0
1841.HK,D,20200306,000000,0.302735,0.302735,0.302735,0.302735,0,0
1841.HK,D,20200309,000000,0.302735,0.302735,0.302735,0.302735,0,0
1841.HK,D,20200310,000000,0.280432,0.280432,0.280432,0.280432,47070.872168708,0
1841.HK,D,20200311,000000,0.27724,0.280432,0.27724,0.280432,188279.92674731,0
1841.HK,D,20200312,000000,0.280432,0.280432,0.280432,0.280432,0,0
1841.HK,D,20200313,000000,0.280432,0.280432,0.280432,0.280432,0,0
1841.HK,D,20200316,000000,0.261305,0.261305,0.261305,0.261305,15690.290722903,0
1841.HK,D,20200317,000000,0.261305,0.261305,0.261305,0.261305,0,0
1841.HK,D,20200318,000000,0.248562,0.248562,0.248562,0.248562,0,0
1841.HK,D,20200319,000000,0.235819,0.239003,0.235819,0.235819,78450.26630534,0
1841.HK,D,20200320,000000,0.235819,0.235819,0.235819,0.235819,0,0
1841.HK,D,20200323,000000,0.235819,0.235819,0.235819,0.235819,0,0
1841.HK,D,20200324,000000,0.235819,0.235819,0.235819,0.235819,0,0
1841.HK,D,20200325,000000,0.235819,0.235819,0.235819,0.235819,0,0
1841.HK,D,20200326,000000,0.235819,0.235819,0.235819,0.235819,0,0
1841.HK,D,20200327,000000,0.235819,0.235819,0.235819,0.235819,31380.581445805,0
1841.HK,D,20200330,000000,0.235819,0.235819,0.235819,0.235819,0,0
1841.HK,D,20200331,000000,0.235819,0.235819,0.235819,0.235819,0,0
1841.HK,D,20200401,000000,0.235819,0.235819,0.235819,0.235819,0,0
1841.HK,D,20200402,000000,0.235819,0.235819,0.235819,0.235819,0,0
1841.HK,D,20200403,000000,0.235819,0.235819,0.235819,0.235819,0,0
1841.HK,D,20200406,000000,0.235819,0.235819,0.235819,0.235819,0,0
1841.HK,D,20200407,000000,0.235819,0.235819,0.235819,0.235819,0,0
1841.HK,D,20200408,000000,0.235819,0.235819,0.229443,0.235819,47070.872168708,0
1841.HK,D,20200409,000000,0.235819,0.235819,0.235819,0.235819,0,0
1841.HK,D,20200414,000000,0.232635,0.232635,0.229443,0.232635,78450.26630534,0
1841.HK,D,20200415,000000,0.232635,0.232635,0.232635,0.232635,0,0
1841.HK,D,20200416,000000,0.232635,0.232635,0.232635,0.232635,0,0
1841.HK,D,20200417,000000,0.245378,0.251755,0.229443,0.245378,125521.13847405,0
1841.HK,D,20200420,000000,0.245378,0.245378,0.245378,0.245378,0,0
1841.HK,D,20200421,000000,0.219892,0.223067,0.219892,0.219892,141209.0545786,0
1841.HK,D,20200422,000000,0.2167,0.229443,0.2167,0.229443,62759.975582437,0
1841.HK,D,20200423,000000,0.229443,0.229443,0.229443,0.229443,0,0
1841.HK,D,20200424,000000,0.229443,0.229443,0.229443,0.229443,0,0
1841.HK,D,20200427,000000,0.226259,0.226259,0.223067,0.223067,78450.26630534,0
1841.HK,D,20200428,000000,0.223067,0.223067,0.223067,0.223067,0,0
1841.HK,D,20200429,000000,0.223067,0.223067,0.223067,0.223067,0,0
1841.HK,D,20200504,000000,0.223067,0.223067,0.223067,0.223067,0,0
1841.HK,D,20200505,000000,0.223067,0.223067,0.223067,0.223067,0,0
1841.HK,D,20200506,000000,0.223067,0.223067,0.223067,0.223067,0,0
1841.HK,D,20200507,000000,0.223067,0.223067,0.223067,0.223067,0,0
1841.HK,D,20200508,000000,0.242195,0.242195,0.223067,0.242195,141209.0545786,0
1841.HK,D,20200511,000000,0.248562,0.248562,0.248562,0.248562,0,0
1841.HK,D,20200512,000000,0.248562,0.248562,0.245378,0.248562,47070.872168708,0
1841.HK,D,20200513,000000,0.248562,0.248562,0.248562,0.248562,0,0
1841.HK,D,20200514,000000,0.248562,0.248562,0.248562,0.248562,0,0
1841.HK,D,20200515,000000,0.248562,0.248562,0.248562,0.248562,0,0
1841.HK,D,20200518,000000,0.248562,0.248562,0.248562,0.248562,0,0
1841.HK,D,20200519,000000,0.248562,0.248562,0.248562,0.248562,0,0
1841.HK,D,20200520,000000,0.248562,0.248562,0.248562,0.248562,0,0
1841.HK,D,20200521,000000,0.248562,0.248562,0.248562,0.248562,0,0
1841.HK,D,20200522,000000,0.223067,0.242195,0.2167,0.223067,62759.975582437,0
1841.HK,D,20200525,000000,0.223067,0.223067,0.223067,0.223067,0,0
1841.HK,D,20200526,000000,0.242195,0.242195,0.235819,0.235819,109830.84775115,0
1841.HK,D,20200527,000000,0.235819,0.235819,0.235819,0.235819,0,0
1841.HK,D,20200528,000000,0.235819,0.235819,0.235819,0.235819,0,0
1841.HK,D,20200529,000000,0.235819,0.235819,0.235819,0.235819,0,0
1841.HK,D,20200601,000000,0.235819,0.235819,0.235819,0.235819,0,0
1841.HK,D,20200602,000000,0.235819,0.235819,0.235819,0.235819,0,0
1841.HK,D,20200603,000000,0.254938,0.261305,0.254938,0.254938,78450.26630534,0
1841.HK,D,20200604,000000,0.254938,0.254938,0.254938,0.254938,0,0
1841.HK,D,20200605,000000,0.254938,0.254938,0.254938,0.254938,0,0
1841.HK,D,20200608,000000,0.254938,0.254938,0.254938,0.254938,109830.84775115,0
1841.HK,D,20200609,000000,0.254938,0.254938,0.254938,0.254938,266730.19305265,0
1841.HK,D,20200610,000000,0.254938,0.254938,0.254938,0.254938,0,0
1841.HK,D,20200611,000000,0.283624,0.283624,0.280432,0.283624,62759.975582437,0
1841.HK,D,20200612,000000,0.264497,0.283624,0.261305,0.264497,31380.581445805,0
1841.HK,D,20200615,000000,0.264497,0.264497,0.264497,0.264497,15690.290722903,0
1841.HK,D,20200616,000000,0.264497,0.264497,0.264497,0.264497,62759.975582437,0
1841.HK,D,20200617,000000,0.264497,0.264497,0.264497,0.264497,94140.557028243,0
1841.HK,D,20200618,000000,0.264497,0.264497,0.264497,0.264497,235349.61160685,0
1841.HK,D,20200619,000000,0.264497,0.264497,0.264497,0.264497,0,0
1841.HK,D,20200622,000000,0.264497,0.264497,0.264497,0.264497,94140.557028243,0
1841.HK,D,20200623,000000,0.264497,0.264497,0.264497,0.264497,0,0
1841.HK,D,20200624,000000,0.267689,0.267689,0.264497,0.264497,282420.48377555,0
1841.HK,D,20200626,000000,0.264497,0.264497,0.264497,0.264497,0,0
1841.HK,D,20200629,000000,0.264497,0.264497,0.264497,0.264497,78450.26630534,0
1841.HK,D,20200630,000000,0.280432,0.280432,0.280432,0.280432,47070.872168708,0
1841.HK,D,20200702,000000,0.280432,0.280432,0.280432,0.280432,0,0
1841.HK,D,20200703,000000,0.280432,0.280432,0.267689,0.267689,1129681.9351022,0
1841.HK,D,20200706,000000,0.267689,0.267689,0.267689,0.267689,0,0
1841.HK,D,20200707,000000,0.270873,0.270873,0.270873,0.270873,0,0
1841.HK,D,20200708,000000,0.270873,0.270873,0.270873,0.270873,0,0
1841.HK,D,20200709,000000,0.267689,0.267689,0.267689,0.267689,47070.872168708,0
1841.HK,D,20200710,000000,0.267689,0.267689,0.267689,0.267689,0,0
1841.HK,D,20200713,000000,0.267689,0.267689,0.267689,0.267689,0,0
1841.HK,D,20200714,000000,0.267689,0.267689,0.267689,0.267689,0,0
1841.HK,D,20200715,000000,0.267689,0.267689,0.267689,0.267689,0,0
1841.HK,D,20200716,000000,0.267689,0.267689,0.267689,0.267689,0,0
1841.HK,D,20200717,000000,0.267689,0.267689,0.267689,0.267689,125521.13847405,0
1841.HK,D,20200720,000000,0.267689,0.267689,0.267689,0.267689,0,0
1841.HK,D,20200721,000000,0.267689,0.267689,0.267689,0.267689,0,0
1841.HK,D,20200722,000000,0.267689,0.267689,0.229443,0.267689,376561.0408038,0
1841.HK,D,20200723,000000,0.267689,0.267689,0.267689,0.267689,0,0
1841.HK,D,20200724,000000,0.267689,0.267689,0.254938,0.254938,329491.35594426,0
1841.HK,D,20200727,000000,0.254938,0.254938,0.254938,0.254938,0,0
1841.HK,D,20200728,000000,0.254938,0.254938,0.254938,0.254938,0,0
1841.HK,D,20200729,000000,0.254938,0.254938,0.254938,0.254938,0,0
1841.HK,D,20200730,000000,0.267689,0.267689,0.261305,0.261305,47070.872168708,0
1841.HK,D,20200731,000000,0.267689,0.274065,0.261305,0.274065,470700.41052287,0
1841.HK,D,20200803,000000,0.274065,0.274065,0.274065,0.274065,0,0
1841.HK,D,20200804,000000,0.270873,0.270873,0.270873,0.270873,0,0
1841.HK,D,20200805,000000,0.261305,0.261305,0.261305,0.261305,329491.35594426,0
1841.HK,D,20200806,000000,0.261305,0.261305,0.261305,0.261305,0,0
1841.HK,D,20200807,000000,0.261305,0.261305,0.261305,0.261305,15690.290722903,0
1841.HK,D,20200810,000000,0.261305,0.261305,0.261305,0.261305,0,0
1841.HK,D,20200811,000000,0.261305,0.261305,0.261305,0.261305,0,0
1841.HK,D,20200812,000000,0.261305,0.261305,0.232635,0.261305,141209.0545786,0
1841.HK,D,20200813,000000,0.261305,0.261305,0.261305,0.261305,0,0
1841.HK,D,20200814,000000,0.261305,0.261305,0.261305,0.261305,0,0
1841.HK,D,20200817,000000,0.261305,0.261305,0.261305,0.261305,0,0
1841.HK,D,20200818,000000,0.261305,0.261305,0.261305,0.261305,0,0
1841.HK,D,20200819,000000,0.261305,0.261305,0.261305,0.261305,0,0
1841.HK,D,20200820,000000,0.261305,0.261305,0.261305,0.261305,0,0
1841.HK,D,20200821,000000,0.261305,0.261305,0.261305,0.261305,0,0
1841.HK,D,20200824,000000,0.261305,0.261305,0.261305,0.261305,0,0
1841.HK,D,20200825,000000,0.261305,0.261305,0.261305,0.261305,0,0
1841.HK,D,20200826,000000,0.261305,0.261305,0.261305,0.261305,15690.290722903,0
1841.HK,D,20200827,000000,0.261305,0.261305,0.261305,0.261305,0,0
1841.HK,D,20200828,000000,0.261305,0.261305,0.261305,0.261305,0,0
1841.HK,D,20200831,000000,0.261305,0.261305,0.261305,0.261305,0,0
1841.HK,D,20200901,000000,0.261305,0.261305,0.261305,0.261305,0,0
1841.HK,D,20200902,000000,0.261305,0.261305,0.261305,0.261305,0,0
1841.HK,D,20200903,000000,0.254938,0.254938,0.254938,0.254938,0,0
1841.HK,D,20200904,000000,0.248562,0.248562,0.248562,0.248562,0,0
1841.HK,D,20200907,000000,0.242195,0.242195,0.242195,0.242195,0,0
1841.HK,D,20200908,000000,0.242195,0.242195,0.242195,0.242195,0,0
1841.HK,D,20200909,000000,0.239003,0.239003,0.2167,0.239003,141209.0545786,0
1841.HK,D,20200910,000000,0.239003,0.239003,0.239003,0.239003,0,0
1841.HK,D,20200911,000000,0.239003,0.239003,0.239003,0.239003,0,0
1841.HK,D,20200914,000000,0.239003,0.239003,0.239003,0.239003,0,0
1841.HK,D,20200915,000000,0.239003,0.239003,0.239003,0.239003,0,0
1841.HK,D,20200916,000000,0.239003,0.239003,0.239003,0.239003,0,0
1841.HK,D,20200917,000000,0.239003,0.239003,0.239003,0.239003,0,0
1841.HK,D,20200918,000000,0.239003,0.239003,0.239003,0.239003,0,0
1841.HK,D,20200921,000000,0.239003,0.239003,0.239003,0.239003,0,0
1841.HK,D,20200922,000000,0.239003,0.239003,0.239003,0.239003,0,0
1841.HK,D,20200923,000000,0.239003,0.267689,0.235819,0.235819,235349.61160685,0
1841.HK,D,20200924,000000,0.242195,0.242195,0.242195,0.242195,156899.34530151,0
1841.HK,D,20200925,000000,0.242195,0.242195,0.242195,0.242195,0,0
1841.HK,D,20200928,000000,0.242195,0.242195,0.242195,0.242195,0,0
1841.HK,D,20200929,000000,0.242195,0.242195,0.242195,0.242195,0,0
1841.HK,D,20200930,000000,0.242195,0.242195,0.242195,0.242195,0,0
1841.HK,D,20201005,000000,0.242195,0.242195,0.242195,0.242195,0,0
1841.HK,D,20201006,000000,0.242195,0.242195,0.242195,0.242195,0,0
1841.HK,D,20201007,000000,0.242195,0.242195,0.242195,0.242195,0,0
1841.HK,D,20201008,000000,0.242195,0.242195,0.242195,0.242195,0,0
1841.HK,D,20201009,000000,0.242195,0.242195,0.242195,0.242195,0,0
1841.HK,D,20201012,000000,0.242195,0.242195,0.242195,0.242195,0,0
1841.HK,D,20201014,000000,0.242195,0.242195,0.242195,0.242195,0,0
1841.HK,D,20201015,000000,0.242195,0.242195,0.242195,0.242195,0,0
1841.HK,D,20201016,000000,0.2167,0.2167,0.2167,0.2167,31380.581445805,0
1841.HK,D,20201019,000000,0.223067,0.223067,0.223067,0.223067,0,0
1841.HK,D,20201020,000000,0.223067,0.223067,0.223067,0.223067,62759.975582437,0
1841.HK,D,20201021,000000,0.223067,0.223067,0.223067,0.223067,15690.290722903,0
1841.HK,D,20201022,000000,0.191205,0.210324,0.18483,0.191205,988470.50590527,0
1841.HK,D,20201023,000000,0.2167,0.2167,0.197573,0.200765,109830.84775115,0
1841.HK,D,20201027,000000,0.200765,0.200765,0.200765,0.200765,0,0
1841.HK,D,20201028,000000,0.191205,0.223067,0.191205,0.219892,125521.13847405,0
1841.HK,D,20201029,000000,0.219892,0.219892,0.219892,0.219892,0,0
1841.HK,D,20201030,000000,0.219892,0.219892,0.219892,0.219892,0,0
1841.HK,D,20201102,000000,0.219892,0.219892,0.219892,0.219892,47070.872168708,0
1841.HK,D,20201103,000000,0.2167,0.2167,0.2167,0.2167,31380.581445805,0
1841.HK,D,20201104,000000,0.2167,0.2167,0.2167,0.2167,0,0
1841.HK,D,20201105,000000,0.2167,0.2167,0.2167,0.2167,0,0
1841.HK,D,20201106,000000,0.2167,0.2167,0.2167,0.2167,0,0
1841.HK,D,20201109,000000,0.2167,0.2167,0.2167,0.2167,0,0
1841.HK,D,20201110,000000,0.235819,0.235819,0.235819,0.235819,31380.581445805,0
1841.HK,D,20201111,000000,0.242195,0.242195,0.235819,0.242195,156899.34530151,0
1841.HK,D,20201112,000000,0.242195,0.242195,0.242195,0.242195,0,0
1841.HK,D,20201113,000000,0.242195,0.242195,0.242195,0.242195,0,0
1841.HK,D,20201116,000000,0.223067,0.235819,0.2167,0.223067,78450.26630534,0
1841.HK,D,20201117,000000,0.223067,0.223067,0.223067,0.223067,0,0
1841.HK,D,20201118,000000,0.223067,0.223067,0.223067,0.223067,0,0
1841.HK,D,20201119,000000,0.242195,0.242195,0.242195,0.242195,156899.34530151,0
1841.HK,D,20201120,000000,0.242195,0.242195,0.242195,0.242195,0,0
1841.HK,D,20201123,000000,0.248562,0.248562,0.248562,0.248562,78450.26630534,0
1841.HK,D,20201124,000000,0.248562,0.248562,0.248562,0.248562,0,0
1841.HK,D,20201125,000000,0.248562,0.248562,0.248562,0.248562,0,0
1841.HK,D,20201126,000000,0.248562,0.248562,0.248562,0.248562,470700.41052287,0
1841.HK,D,20201127,000000,0.248562,0.248562,0.248562,0.248562,0,0
1841.HK,D,20201130,000000,0.248562,0.248562,0.248562,0.248562,172589.63602441,0
1841.HK,D,20201201,000000,0.248562,0.248562,0.248562,0.248562,0,0
1841.HK,D,20201202,000000,0.248562,0.248562,0.2167,0.248562,31380.581445805,0
1841.HK,D,20201203,000000,0.254938,0.254938,0.248562,0.248562,172589.63602441,0
1841.HK,D,20201204,000000,0.248562,0.248562,0.248562,0.248562,78450.26630534,0
1841.HK,D,20201207,000000,0.248562,0.248562,0.248562,0.248562,0,0
1841.HK,D,20201208,000000,0.248562,0.248562,0.248562,0.248562,0,0
1841.HK,D,20201209,000000,0.248562,0.248562,0.248562,0.248562,0,0
1841.HK,D,20201210,000000,0.248562,0.248562,0.248562,0.248562,0,0
1841.HK,D,20201211,000000,0.248562,0.254938,0.248562,0.248562,125521.13847405,0
1841.HK,D,20201214,000000,0.248562,0.248562,0.248562,0.248562,0,0
1841.HK,D,20201215,000000,0.248562,0.248562,0.248562,0.248562,0,0
1841.HK,D,20201216,000000,0.248562,0.248562,0.248562,0.248562,0,0
1841.HK,D,20201217,000000,0.248562,0.248562,0.248562,0.248562,0,0
1841.HK,D,20201218,000000,0.254938,0.254938,0.254938,0.254938,47070.872168708,0
1841.HK,D,20201221,000000,0.254938,0.254938,0.254938,0.254938,0,0
1841.HK,D,20201222,000000,0.254938,0.254938,0.254938,0.254938,0,0
1841.HK,D,20201223,000000,0.254938,0.254938,0.254938,0.254938,0,0
1841.HK,D,20201224,000000,0.254938,0.254938,0.254938,0.254938,0,0
1841.HK,D,20201228,000000,0.254938,0.254938,0.254938,0.254938,31380.581445805,0
1841.HK,D,20201229,000000,0.254938,0.254938,0.254938,0.254938,0,0
1841.HK,D,20201230,000000,0.254938,0.254938,0.254938,0.254938,0,0
1841.HK,D,20201231,000000,0.254938,0.254938,0.254938,0.254938,0,0
1841.HK,D,20210104,000000,0.223067,0.223067,0.223067,0.223067,31380.581445805,0
1841.HK,D,20210105,000000,0.223067,0.223067,0.223067,0.223067,345180.45935799,0
1841.HK,D,20210106,000000,0.223067,0.223067,0.223067,0.223067,172589.63602441,0
1841.HK,D,20210107,000000,0.223067,0.223067,0.223067,0.223067,0,0
1841.HK,D,20210108,000000,0.223067,0.223067,0.223067,0.223067,0,0
1841.HK,D,20210111,000000,0.229443,0.229443,0.229443,0.229443,47070.872168708,0
1841.HK,D,20210112,000000,0.229443,0.242195,0.229443,0.242195,941400.82104573,0
1841.HK,D,20210113,000000,0.242195,0.242195,0.242195,0.242195,0,0
1841.HK,D,20210114,000000,0.242195,0.242195,0.242195,0.242195,0,0
1841.HK,D,20210115,000000,0.242195,0.242195,0.242195,0.242195,0,0
1841.HK,D,20210118,000000,0.242195,0.242195,0.242195,0.242195,0,0
1841.HK,D,20210119,000000,0.213508,0.213508,0.210324,0.213508,31380.581445805,0
1841.HK,D,20210120,000000,0.213508,0.213508,0.213508,0.213508,0,0
1841.HK,D,20210121,000000,0.242195,0.242195,0.242195,0.242195,15690.290722903,0
1841.HK,D,20210122,000000,0.242195,0.242195,0.242195,0.242195,0,0
1841.HK,D,20210125,000000,0.229443,0.229443,0.229443,0.229443,31380.581445805,0
1841.HK,D,20210126,000000,0.229443,0.229443,0.229443,0.229443,0,0
1841.HK,D,20210127,000000,0.25813,0.25813,0.25813,0.25813,15690.290722903,0
1841.HK,D,20210128,000000,0.25813,0.25813,0.25813,0.25813,0,0
1841.HK,D,20210129,000000,0.254938,0.254938,0.254938,0.254938,0,0
1841.HK,D,20210201,000000,0.254938,0.254938,0.254938,0.254938,0,0
1841.HK,D,20210202,000000,0.254938,0.254938,0.254938,0.254938,0,0
1841.HK,D,20210203,000000,0.25813,0.25813,0.254938,0.25813,219660.50819312,0
1841.HK,D,20210204,000000,0.25813,0.25813,0.25813,0.25813,0,0
1841.HK,D,20210205,000000,0.25813,0.25813,0.25813,0.25813,78450.26630534,0
1841.HK,D,20210208,000000,0.254938,0.254938,0.229443,0.254938,62759.975582437,0
1841.HK,D,20210209,000000,0.254938,0.254938,0.254938,0.254938,0,0
1841.HK,D,20210210,000000,0.267689,0.267689,0.267689,0.267689,15690.290722903,0
1841.HK,D,20210211,000000,0.267689,0.267689,0.267689,0.267689,0,0
1841.HK,D,20210216,000000,0.267689,0.267689,0.232635,0.267689,219660.50819312,0
1841.HK,D,20210217,000000,0.267689,0.267689,0.267689,0.267689,0,0
1841.HK,D,20210218,000000,0.267689,0.267689,0.267689,0.267689,0,0
1841.HK,D,20210219,000000,0.267689,0.267689,0.235819,0.25813,203970.21747021,0
1841.HK,D,20210222,000000,0.25813,0.25813,0.25813,0.25813,0,0
1841.HK,D,20210223,000000,0.25813,0.25813,0.25813,0.25813,0,0
1841.HK,D,20210224,000000,0.25813,0.25813,0.25813,0.25813,0,0
1841.HK,D,20210225,000000,0.25813,0.25813,0.25813,0.25813,0,0
1841.HK,D,20210226,000000,0.25813,0.25813,0.25813,0.25813,0,0
1841.HK,D,20210301,000000,0.25813,0.25813,0.25813,0.25813,0,0
1841.HK,D,20210302,000000,0.25813,0.25813,0.25813,0.25813,0,0
1841.HK,D,20210303,000000,0.254938,0.254938,0.254938,0.254938,15690.290722903,0
1841.HK,D,20210304,000000,0.254938,0.254938,0.239003,0.254938,94140.557028243,0
1841.HK,D,20210305,000000,0.254938,0.254938,0.254938,0.254938,0,0
1841.HK,D,20210308,000000,0.254938,0.254938,0.254938,0.254938,0,0
1841.HK,D,20210309,000000,0.235819,0.235819,0.235819,0.235819,62759.975582437,0
1841.HK,D,20210310,000000,0.235819,0.235819,0.235819,0.235819,0,0
1841.HK,D,20210311,000000,0.223067,0.235819,0.223067,0.235819,15690.290722903,0
1841.HK,D,20210312,000000,0.235819,0.235819,0.235819,0.235819,0,0
1841.HK,D,20210315,000000,0.235819,0.235819,0.235819,0.235819,0,0
1841.HK,D,20210316,000000,0.235819,0.235819,0.235819,0.235819,0,0
1841.HK,D,20210317,000000,0.235819,0.235819,0.235819,0.235819,0,0
1841.HK,D,20210318,000000,0.235819,0.235819,0.235819,0.235819,0,0
1841.HK,D,20210319,000000,0.235819,0.254938,0.223067,0.254938,219660.50819312,0
1841.HK,D,20210322,000000,0.261305,0.261305,0.235819,0.235819,94140.557028243,0
1841.HK,D,20210323,000000,0.232635,0.242195,0.2167,0.242195,282420.48377555,0
1841.HK,D,20210324,000000,0.242195,0.242195,0.242195,0.242195,0,0
1841.HK,D,20210325,000000,0.242195,0.242195,0.242195,0.242195,0,0
1841.HK,D,20210326,000000,0.251755,0.251755,0.251755,0.251755,15690.290722903,0
1841.HK,D,20210329,000000,0.261305,0.261305,0.261305,0.261305,31380.581445805,0
1841.HK,D,20210330,000000,0.283624,0.286808,0.283624,0.283624,219660.50819312,0
1841.HK,D,20210331,000000,0.283624,0.283624,0.283624,0.283624,0,0
1841.HK,D,20210401,000000,0.283624,0.283624,0.283624,0.283624,47070.872168708,0
1841.HK,D,20210407,000000,0.283624,0.433417,0.283624,0.36966,78450.26630534,0
1841.HK,D,20210408,000000,0.312303,0.363292,0.312303,0.312303,47070.872168708,0
1841.HK,D,20210409,000000,0.36966,0.36966,0.350541,0.350541,31380.581445805,0
1841.HK,D,20210412,000000,0.344165,0.344165,0.344165,0.344165,0,0
1841.HK,D,20210413,000000,0.337797,0.337797,0.337797,0.337797,0,0
1841.HK,D,20210414,000000,0.337797,0.337797,0.337797,0.337797,0,0
1841.HK,D,20210415,000000,0.337797,0.337797,0.337797,0.337797,0,0
1841.HK,D,20210416,000000,0.337797,0.337797,0.337797,0.337797,0,0
1841.HK,D,20210419,000000,0.337797,0.337797,0.337797,0.337797,0,0
1841.HK,D,20210420,000000,0.29956,0.312303,0.293176,0.312303,62759.975582437,0
1841.HK,D,20210421,000000,0.312303,0.312303,0.312303,0.312303,0,0
1841.HK,D,20210422,000000,0.267689,0.267689,0.25813,0.264497,94140.557028243,0
1841.HK,D,20210423,000000,0.264497,0.264497,0.264497,0.264497,0,0
1841.HK,D,20210426,000000,0.232635,0.270873,0.232635,0.270873,31380.581445805,0
1841.HK,D,20210427,000000,0.270873,0.270873,0.270873,0.270873,0,0
1841.HK,D,20210428,000000,0.270873,0.270873,0.270873,0.270873,0,0
1841.HK,D,20210429,000000,0.270873,0.270873,0.270873,0.270873,0,0
1841.HK,D,20210430,000000,0.270873,0.270873,0.270873,0.270873,0,0
1841.HK,D,20210503,000000,0.270873,0.270873,0.270873,0.270873,0,0
1841.HK,D,20210504,000000,0.270873,0.270873,0.270873,0.270873,0,0
1841.HK,D,20210505,000000,0.25813,0.25813,0.25813,0.25813,47070.872168708,0
1841.HK,D,20210506,000000,0.25813,0.25813,0.25813,0.25813,0,0
1841.HK,D,20210507,000000,0.25813,0.25813,0.25813,0.25813,0,0
1841.HK,D,20210510,000000,0.254938,0.254938,0.254938,0.254938,0,0
1841.HK,D,20210511,000000,0.254938,0.254938,0.254938,0.254938,0,0
1841.HK,D,20210512,000000,0.254938,0.254938,0.254938,0.254938,0,0
1841.HK,D,20210513,000000,0.254938,0.254938,0.254938,0.254938,0,0
1841.HK,D,20210514,000000,0.254938,0.254938,0.254938,0.254938,0,0
1841.HK,D,20210517,000000,0.235819,0.235819,0.232635,0.232635,2479024.3783975,0
1841.HK,D,20210518,000000,0.232635,0.232635,0.232635,0.232635,0,0
1841.HK,D,20210520,000000,0.235819,0.235819,0.235819,0.235819,31380.581445805,0
1841.HK,D,20210521,000000,0.235819,0.235819,0.235819,0.235819,0,0
1841.HK,D,20210524,000000,0.235819,0.235819,0.235819,0.235819,15690.290722903,0
1841.HK,D,20210525,000000,0.235819,0.235819,0.235819,0.235819,0,0
1841.HK,D,20210526,000000,0.239003,0.239003,0.239003,0.239003,78450.26630534,0
1841.HK,D,20210527,000000,0.239003,0.239003,0.239003,0.239003,0,0
1841.HK,D,20210528,000000,0.242195,0.242195,0.242195,0.242195,0,0
1841.HK,D,20210531,000000,0.251755,0.251755,0.251755,0.251755,15690.290722903,0
1841.HK,D,20210601,000000,0.251755,0.251755,0.251755,0.251755,0,0
1841.HK,D,20210602,000000,0.251755,0.251755,0.251755,0.251755,0,0
1841.HK,D,20210603,000000,0.254938,0.254938,0.254938,0.254938,47070.872168708,0
1841.HK,D,20210604,000000,0.254938,0.254938,0.254938,0.254938,78450.26630534,0
1841.HK,D,20210607,000000,0.254938,0.254938,0.254938,0.254938,0,0
1841.HK,D,20210608,000000,0.254938,0.254938,0.254938,0.254938,62759.975582437,0
1841.HK,D,20210609,000000,0.267689,0.267689,0.267689,0.267689,15690.290722903,0
1841.HK,D,20210610,000000,0.27724,0.27724,0.27724,0.27724,15690.290722903,0
1841.HK,D,20210611,000000,0.267689,0.267689,0.267689,0.267689,78450.26630534,0
1841.HK,D,20210615,000000,0.254938,0.254938,0.254938,0.254938,78450.26630534,0
1841.HK,D,20210616,000000,0.254938,0.254938,0.254938,0.254938,62759.975582437,0
1841.HK,D,20210617,000000,0.254938,0.254938,0.254938,0.254938,0,0
1841.HK,D,20210618,000000,0.254938,0.254938,0.254938,0.254938,0,0
1841.HK,D,20210621,000000,0.254938,0.254938,0.254938,0.254938,0,0
1841.HK,D,20210622,000000,0.254938,0.254938,0.254938,0.254938,0,0
1841.HK,D,20210623,000000,0.213508,0.248562,0.213508,0.248562,17258.726140606,0
1841.HK,D,20210624,000000,0.254938,0.267689,0.254938,0.267689,62759.975582437,0
1841.HK,D,20210625,000000,0.267689,0.267689,0.267689,0.267689,0,0
1841.HK,D,20210628,000000,0.267689,0.267689,0.267689,0.267689,0,0
1841.HK,D,20210629,000000,0.267689,0.267689,0.267689,0.267689,0,0
1841.HK,D,20210630,000000,0.280432,0.331422,0.280432,0.31867,94140.557028243,0
1841.HK,D,20210702,000000,0.305927,0.312303,0.305927,0.312303,62759.975582437,0
1841.HK,D,20210705,000000,0.312303,0.312303,0.312303,0.312303,0,0
1841.HK,D,20210706,000000,0.312303,0.312303,0.312303,0.312303,0,0
1841.HK,D,20210707,000000,0.350541,0.376035,0.350541,0.350541,282420.48377555,0
1841.HK,D,20210708,000000,0.344165,0.344165,0.344165,0.344165,62759.975582437,0
1841.HK,D,20210709,000000,0.382403,0.382403,0.382403,0.382403,31380.581445805,0
1841.HK,D,20210712,000000,0.382403,0.382403,0.382403,0.382403,156899.34530151,0
1841.HK,D,20210713,000000,0.382403,0.382403,0.382403,0.382403,0,0
1841.HK,D,20210714,000000,0.382403,0.382403,0.382403,0.382403,0,0
1841.HK,D,20210715,000000,0.382403,0.382403,0.382403,0.382403,0,0
1841.HK,D,20210716,000000,0.382403,0.407906,0.382403,0.388778,172589.63602441,0
1841.HK,D,20210719,000000,0.407906,0.407906,0.388778,0.388778,94140.557028243,0
1841.HK,D,20210720,000000,0.407906,0.414281,0.388778,0.388778,455010.11979996,0
1841.HK,D,20210721,000000,0.382403,0.382403,0.382403,0.382403,47070.872168708,0
1841.HK,D,20210722,000000,0.382403,0.382403,0.382403,0.382403,31380.581445805,0
1841.HK,D,20210723,000000,0.382403,0.382403,0.382403,0.382403,0,0
1841.HK,D,20210726,000000,0.382403,0.382403,0.382403,0.382403,0,0
1841.HK,D,20210727,000000,0.363292,0.363292,0.363292,0.363292,31380.581445805,0
1841.HK,D,20210728,000000,0.363292,0.363292,0.350541,0.363292,203970.21747021,0
1841.HK,D,20210729,000000,0.363292,0.363292,0.363292,0.363292,31380.581445805,0
1841.HK,D,20210730,000000,0.344165,0.350541,0.331422,0.331422,125521.13847405,0
1841.HK,D,20210802,000000,0.337797,0.337797,0.337797,0.337797,0,0
1841.HK,D,20210803,000000,0.363292,0.363292,0.363292,0.363292,125521.13847405,0
1841.HK,D,20210804,000000,0.36966,0.36966,0.36966,0.36966,15690.290722903,0
1841.HK,D,20210805,000000,0.36966,0.36966,0.36966,0.36966,0,0
1841.HK,D,20210806,000000,0.36966,0.36966,0.36966,0.36966,0,0
1841.HK,D,20210809,000000,0.36966,0.36966,0.36966,0.36966,0,0
1841.HK,D,20210810,000000,0.36966,0.36966,0.36966,0.36966,0,0
1841.HK,D,20210811,000000,0.36966,0.36966,0.36966,0.36966,0,0
1841.HK,D,20210812,000000,0.36966,0.36966,0.36966,0.36966,15690.290722903,0
1841.HK,D,20210813,000000,0.395154,0.407906,0.395154,0.395154,47070.872168708,0
1841.HK,D,20210816,000000,0.395154,0.395154,0.388778,0.388778,47070.872168708,0
1841.HK,D,20210817,000000,0.395154,0.395154,0.395154,0.395154,78450.26630534,0
1841.HK,D,20210818,000000,0.395154,0.395154,0.395154,0.395154,0,0
1841.HK,D,20210819,000000,0.395154,0.395154,0.395154,0.395154,15690.290722903,0
1841.HK,D,20210820,000000,0.40153,0.414281,0.40153,0.414281,282420.48377555,0
1841.HK,D,20210823,000000,0.427016,0.427016,0.40153,0.40153,219660.50819312,0
1841.HK,D,20210824,000000,0.397597,0.397597,0.397597,0.397597,0,0
1841.HK,D,20210825,000000,0.409405,0.440913,0.409405,0.440913,50806.146827372,0
1841.HK,D,20210826,000000,0.440913,0.440913,0.440913,0.440913,0,0
1841.HK,D,20210827,000000,0.456663,0.464495,0.456663,0.456663,152417.25317294,0
1841.HK,D,20210830,000000,0.456663,0.456663,0.456663,0.456663,25402.4797591,0
1841.HK,D,20210831,000000,0.464495,0.464495,0.464495,0.464495,25402.4797591,0
1841.HK,D,20210901,000000,0.464495,0.464495,0.464495,0.464495,0,0
1841.HK,D,20210902,000000,0.464495,0.464495,0.464495,0.464495,50806.146827372,0
1841.HK,D,20210903,000000,0.464495,0.464495,0.464495,0.464495,0,0
1841.HK,D,20210906,000000,0.464495,0.464495,0.464495,0.464495,0,0
1841.HK,D,20210907,000000,0.464495,0.464495,0.464495,0.464495,38104.313293236,0
1841.HK,D,20210908,000000,0.464495,0.464495,0.464495,0.464495,0,0
1841.HK,D,20210909,000000,0.464495,0.464495,0.464495,0.464495,0,0
1841.HK,D,20210910,000000,0.432996,0.440913,0.432996,0.432996,304834.50634589,0
1841.HK,D,20210913,000000,0.432996,0.432996,0.432996,0.432996,0,0
1841.HK,D,20210914,000000,0.432996,0.432996,0.432996,0.432996,0,0
1841.HK,D,20210915,000000,0.432996,0.432996,0.432996,0.432996,12701.833534136,0
1841.HK,D,20210916,000000,0.432996,0.432996,0.432996,0.432996,0,0
1841.HK,D,20210917,000000,0.432996,0.432996,0.432996,0.432996,609669.01269178,0
1841.HK,D,20210920,000000,0.425163,0.425163,0.425163,0.425163,101611.10634557,0
1841.HK,D,20210921,000000,0.425163,0.425163,0.425163,0.425163,0,0
1841.HK,D,20210923,000000,0.425163,0.425163,0.425163,0.425163,0,0
1841.HK,D,20210924,000000,0.425163,0.425163,0.425163,0.425163,0,0
1841.HK,D,20210927,000000,0.417271,0.417271,0.417271,0.417271,25402.4797591,0
1841.HK,D,20210928,000000,0.425163,0.425163,0.425163,0.425163,12701.833534136,0
1841.HK,D,20210929,000000,0.432996,0.432996,0.40153,0.425163,609669.01269178,0
1841.HK,D,20210930,000000,0.40153,0.40153,0.393655,0.40153,431849.27975973,0
1841.HK,D,20211004,000000,0.40153,0.40153,0.40153,0.40153,0,0
1841.HK,D,20211005,000000,0.40153,0.40153,0.40153,0.40153,0,0
1841.HK,D,20211006,000000,0.40153,0.40153,0.40153,0.40153,25402.4797591,0
1841.HK,D,20211007,000000,0.40153,0.40153,0.40153,0.40153,0,0
1841.HK,D,20211008,000000,0.40153,0.40153,0.40153,0.40153,76208.626586472,0
1841.HK,D,20211011,000000,0.40153,0.40153,0.40153,0.40153,0,0
1841.HK,D,20211012,000000,0.389721,0.389721,0.389721,0.389721,25402.4797591,0
1841.HK,D,20211015,000000,0.373971,0.377913,0.373971,0.373971,228625.87975942,0
1841.HK,D,20211018,000000,0.373971,0.373971,0.373971,0.373971,0,0
1841.HK,D,20211019,000000,0.373971,0.373971,0.373971,0.373971,0,0
1841.HK,D,20211020,000000,0.366096,0.366096,0.366096,0.366096,38104.313293236,0
1841.HK,D,20211021,000000,0.366096,0.366096,0.366096,0.366096,0,0
1841.HK,D,20211022,000000,0.366096,0.366096,0.366096,0.366096,0,0
1841.HK,D,20211025,000000,0.393655,0.393655,0.393655,0.393655,12701.833534136,0
1841.HK,D,20211026,000000,0.393655,0.393655,0.393655,0.393655,0,0
1841.HK,D,20211027,000000,0.377913,0.377913,0.370038,0.377913,38104.313293236,0
1841.HK,D,20211028,000000,0.377913,0.377913,0.377913,0.377913,38104.313293236,0
1841.HK,D,20211029,000000,0.385779,0.385779,0.370038,0.385779,25402.4797591,0
1841.HK,D,20211101,000000,0.330672,0.377913,0.330672,0.377913,12701.833534136,0
1841.HK,D,20211102,000000,0.381846,0.393655,0.354288,0.370038,254028.35951852,0
1841.HK,D,20211103,000000,0.393655,0.393655,0.393655,0.393655,177819.73293204,0
1841.HK,D,20211104,000000,0.393655,0.393655,0.393655,0.393655,0,0
1841.HK,D,20211105,000000,0.393655,0.393655,0.393655,0.393655,0,0
1841.HK,D,20211108,000000,0.393655,0.393655,0.393655,0.393655,0,0
1841.HK,D,20211109,000000,0.393655,0.393655,0.393655,0.393655,0,0
1841.HK,D,20211110,000000,0.393655,0.393655,0.393655,0.393655,0,0
1841.HK,D,20211111,000000,0.393655,0.393655,0.393655,0.393655,0,0
1841.HK,D,20211112,000000,0.393655,0.393655,0.393655,0.393655,0,0
1841.HK,D,20211115,000000,0.393655,0.393655,0.393655,0.393655,0,0
1841.HK,D,20211116,000000,0.393655,0.393655,0.393655,0.393655,0,0
1841.HK,D,20211117,000000,0.409405,0.409405,0.409405,0.409405,25402.4797591,0
1841.HK,D,20211118,000000,0.409405,0.409405,0.409405,0.409405,0,0
1841.HK,D,20211119,000000,0.409405,0.409405,0.409405,0.409405,0,0
1841.HK,D,20211122,000000,0.409405,0.409405,0.409405,0.409405,0,0
1841.HK,D,20211123,000000,0.393655,0.393655,0.385779,0.393655,254028.35951852,0
1841.HK,D,20211124,000000,0.409405,0.409405,0.40153,0.40153,152417.25317294,0
1841.HK,D,20211125,000000,0.377913,0.381846,0.377913,0.377913,317536.33988002,0
1841.HK,D,20211126,000000,0.366096,0.377913,0.366096,0.377913,88910.460120608,0
1841.HK,D,20211129,000000,0.381846,0.381846,0.377913,0.377913,76208.626586472,0
1841.HK,D,20211130,000000,0.377913,0.377913,0.377913,0.377913,0,0
1841.HK,D,20211201,000000,0.377913,0.377913,0.377913,0.377913,0,0
1841.HK,D,20211202,000000,0.377913,0.377913,0.377913,0.377913,0,0
1841.HK,D,20211203,000000,0.377913,0.377913,0.377913,0.377913,25402.4797591,0
1841.HK,D,20211206,000000,0.377913,0.377913,0.377913,0.377913,38104.313293236,0
1841.HK,D,20211207,000000,0.373971,0.373971,0.362163,0.362163,546162.21963944,0
1841.HK,D,20211208,000000,0.362163,0.362163,0.362163,0.362163,88910.460120608,0
1841.HK,D,20211209,000000,0.362163,0.362163,0.362163,0.362163,0,0
1841.HK,D,20211210,000000,0.379008,0.379008,0.379008,0.379008,23746.183462584,0
1841.HK,D,20211213,000000,0.387431,0.387431,0.387431,0.387431,0,0
1841.HK,D,20211214,000000,0.395853,0.395853,0.395853,0.395853,0,0
1841.HK,D,20211215,000000,0.395853,0.395853,0.395853,0.395853,0,0
1841.HK,D,20211216,000000,0.387431,0.395853,0.387431,0.395853,189969.46770067,0
1841.HK,D,20211217,000000,0.391642,0.395853,0.391642,0.391642,71238.550387753,0
1841.HK,D,20211220,000000,0.391642,0.391642,0.391642,0.391642,0,0
1841.HK,D,20211221,000000,0.362163,0.366374,0.34953,0.362163,439304.39405781,0
1841.HK,D,20211222,000000,0.370586,0.370586,0.370586,0.370586,11873.091731292,0
1841.HK,D,20211223,000000,0.353741,0.353741,0.353741,0.353741,118730.91731292,0
1841.HK,D,20211224,000000,0.353741,0.353741,0.353741,0.353741,0,0
1841.HK,D,20211228,000000,0.362163,0.362163,0.353741,0.353741,249334.92635714,0
1841.HK,D,20211229,000000,0.353741,0.353741,0.34953,0.353741,130604.00904421,0
1841.HK,D,20211230,000000,0.353741,0.353741,0.353741,0.353741,0,0
1841.HK,D,20211231,000000,0.353741,0.353741,0.353741,0.353741,0,0
1841.HK,D,20220103,000000,0.357952,0.357952,0.353741,0.353741,59365.458656461,0
1841.HK,D,20220104,000000,0.353741,0.353741,0.353741,0.353741,0,0
1841.HK,D,20220105,000000,0.353741,0.353741,0.353741,0.353741,47492.366925169,0
1841.HK,D,20220106,000000,0.357952,0.357952,0.357952,0.357952,189969.46770067,0
1841.HK,D,20220107,000000,0.357952,0.357952,0.357952,0.357952,0,0
1841.HK,D,20220110,000000,0.357952,0.357952,0.357952,0.357952,0,0
1841.HK,D,20220111,000000,0.357952,0.357952,0.357952,0.357952,0,0
1841.HK,D,20220112,000000,0.357952,0.357952,0.357952,0.357952,0,0
1841.HK,D,20220113,000000,0.353741,0.357952,0.353741,0.357952,118730.91731292,0
1841.HK,D,20220114,000000,0.357952,0.357952,0.357952,0.357952,0,0
1841.HK,D,20220117,000000,0.366374,0.366374,0.353741,0.366374,83111.642119045,0
1841.HK,D,20220118,000000,0.362163,0.362163,0.362163,0.362163,0,0
1841.HK,D,20220119,000000,0.362163,0.362163,0.362163,0.362163,0,0
1841.HK,D,20220120,000000,0.362163,0.362163,0.362163,0.362163,0,0
1841.HK,D,20220121,000000,0.362163,0.362163,0.362163,0.362163,0,0
1841.HK,D,20220124,000000,0.362163,0.362163,0.362163,0.362163,0,0
1841.HK,D,20220125,000000,0.362163,0.362163,0.362163,0.362163,0,0
1841.HK,D,20220126,000000,0.362163,0.362163,0.362163,0.362163,0,0
1841.HK,D,20220127,000000,0.362163,0.362163,0.362163,0.362163,23746.183462584,0
1841.HK,D,20220128,000000,0.362163,0.362163,0.362163,0.362163,0,0
1841.HK,D,20220131,000000,0.362163,0.362163,0.362163,0.362163,0,0
1841.HK,D,20220204,000000,0.362163,0.362163,0.362163,0.362163,0,0
1841.HK,D,20220207,000000,0.362163,0.362163,0.362163,0.362163,71238.550387753,0
1841.HK,D,20220208,000000,0.362163,0.362163,0.362163,0.362163,0,0
1841.HK,D,20220209,000000,0.362163,0.362163,0.362163,0.362163,0,0
1841.HK,D,20220210,000000,0.362163,0.362163,0.362163,0.362163,23746.183462584,0
1841.HK,D,20220211,000000,0.362163,0.362163,0.362163,0.362163,0,0
1841.HK,D,20220214,000000,0.357952,0.357952,0.357952,0.357952,71238.550387753,0
1841.HK,D,20220215,000000,0.357952,0.357952,0.357952,0.357952,11873.091731292,0
1841.HK,D,20220216,000000,0.357952,0.357952,0.357952,0.357952,0,0
1841.HK,D,20220217,000000,0.357952,0.357952,0.357952,0.357952,0,0
1841.HK,D,20220218,000000,0.357952,0.357952,0.357952,0.357952,0,0
1841.HK,D,20220221,000000,0.357952,0.357952,0.357952,0.357952,0,0
1841.HK,D,20220222,000000,0.357952,0.357952,0.357952,0.357952,71238.550387753,0
1841.HK,D,20220223,000000,0.357952,0.357952,0.357952,0.357952,0,0
1841.HK,D,20220224,000000,0.357952,0.357952,0.357952,0.357952,11873.091731292,0
1841.HK,D,20220225,000000,0.357952,0.357952,0.357952,0.357952,0,0
1841.HK,D,20220228,000000,0.357952,0.357952,0.357952,0.357952,0,0
1841.HK,D,20220301,000000,0.357952,0.357952,0.357952,0.357952,0,0
1841.HK,D,20220302,000000,0.357952,0.357952,0.357952,0.357952,0,0
1841.HK,D,20220303,000000,0.357952,0.357952,0.357952,0.357952,0,0
1841.HK,D,20220304,000000,0.357952,0.357952,0.357952,0.357952,0,0
1841.HK,D,20220307,000000,0.336896,0.336896,0.311629,0.315841,23746.183462584,0
1841.HK,D,20220308,000000,0.315841,0.315841,0.315841,0.315841,59365.458656461,0
1841.HK,D,20220309,000000,0.315841,0.315841,0.315841,0.315841,0,0
1841.HK,D,20220310,000000,0.315841,0.315841,0.315841,0.315841,0,0
1841.HK,D,20220311,000000,0.315841,0.315841,0.315841,0.315841,0,0
1841.HK,D,20220314,000000,0.307418,0.307418,0.307418,0.307418,23746.183462584,0
1841.HK,D,20220315,000000,0.307418,0.307418,0.307418,0.307418,0,0
1841.HK,D,20220316,000000,0.307418,0.307418,0.307418,0.307418,0,0
1841.HK,D,20220317,000000,0.307418,0.307418,0.307418,0.307418,0,0
1841.HK,D,20220318,000000,0.303207,0.307418,0.303207,0.307418,106857.82558163,0
1841.HK,D,20220321,000000,0.307418,0.307418,0.307418,0.307418,0,0
1841.HK,D,20220322,000000,0.307418,0.307418,0.307418,0.307418,0,0
1841.HK,D,20220323,000000,0.307418,0.307418,0.307418,0.307418,0,0
1841.HK,D,20220324,000000,0.307418,0.307418,0.307418,0.307418,118730.91731292,0
1841.HK,D,20220325,000000,0.273728,0.290573,0.273728,0.290573,35619.275193877,0
1841.HK,D,20220328,000000,0.290573,0.290573,0.290573,0.290573,0,0
1841.HK,D,20220329,000000,0.290573,0.290573,0.290573,0.290573,0,0
1841.HK,D,20220330,000000,0.290573,0.290573,0.290573,0.290573,0,0
1841.HK,D,20220331,000000,0.290573,0.290573,0.290573,0.290573,0,0
1841.HK,D,20220401,000000,0.290573,0.290573,0.290573,0.290573,0,0
1841.HK,D,20220404,000000,0.290573,0.290573,0.290573,0.290573,0,0
1841.HK,D,20220406,000000,0.336896,0.336896,0.332685,0.336896,47492.366925169,0
1841.HK,D,20220407,000000,0.357952,0.357952,0.34953,0.34953,249334.92635714,0
1841.HK,D,20220408,000000,0.34953,0.34953,0.34953,0.34953,0,0
1841.HK,D,20220411,000000,0.34953,0.34953,0.34953,0.34953,0,0
1841.HK,D,20220412,000000,0.34953,0.34953,0.34953,0.34953,0,0
1841.HK,D,20220413,000000,0.341107,0.341107,0.341107,0.341107,106857.82558163,0
1841.HK,D,20220414,000000,0.341107,0.341107,0.341107,0.341107,0,0
1841.HK,D,20220419,000000,0.341107,0.345319,0.341107,0.341107,641146.95348978,0
1841.HK,D,20220420,000000,0.341107,0.341107,0.341107,0.341107,0,0
1841.HK,D,20220421,000000,0.341107,0.341107,0.341107,0.341107,0,0
1841.HK,D,20220422,000000,0.341107,0.341107,0.341107,0.341107,0,0
1841.HK,D,20220425,000000,0.341107,0.341107,0.341107,0.341107,0,0
1841.HK,D,20220426,000000,0.353741,0.357952,0.34953,0.357952,368065.84367006,0
1841.HK,D,20220427,000000,0.362163,0.362163,0.362163,0.362163,142477.10077551,0
1841.HK,D,20220428,000000,0.345319,0.345319,0.345319,0.345319,118730.91731292,0
1841.HK,D,20220429,000000,0.353741,0.353741,0.34953,0.353741,47492.366925169,0
1841.HK,D,20220503,000000,0.345319,0.345319,0.345319,0.345319,47492.366925169,0
1841.HK,D,20220504,000000,0.345319,0.345319,0.345319,0.345319,0,0
1841.HK,D,20220505,000000,0.345319,0.345319,0.345319,0.345319,0,0
1841.HK,D,20220506,000000,0.345319,0.345319,0.345319,0.345319,0,0
1841.HK,D,20220510,000000,0.345319,0.345319,0.345319,0.345319,0,0
1841.HK,D,20220511,000000,0.345319,0.345319,0.345319,0.345319,0,0
1841.HK,D,20220512,000000,0.345319,0.345319,0.345319,0.345319,0,0
1841.HK,D,20220513,000000,0.345319,0.345319,0.345319,0.345319,0,0
1841.HK,D,20220516,000000,0.336896,0.336896,0.336896,0.336896,83111.642119045,0
1841.HK,D,20220517,000000,0.336896,0.336896,0.336896,0.336896,0,0
1841.HK,D,20220518,000000,0.345319,0.353741,0.345319,0.353741,23746.183462584,0
1841.HK,D,20220519,000000,0.353741,0.353741,0.353741,0.353741,0,0
1841.HK,D,20220520,000000,0.362163,0.362163,0.362163,0.362163,0,0
1841.HK,D,20220523,000000,0.362163,0.362163,0.362163,0.362163,0,0
1841.HK,D,20220524,000000,0.353741,0.353741,0.353741,0.353741,35619.275193877,0
1841.HK,D,20220525,000000,0.353741,0.353741,0.353741,0.353741,35619.275193877,0
1841.HK,D,20220526,000000,0.353741,0.353741,0.353741,0.353741,0,0
1841.HK,D,20220527,000000,0.353741,0.362163,0.353741,0.362163,35619.275193877,0
1841.HK,D,20220530,000000,0.362163,0.362163,0.362163,0.362163,11873.091731292,0
1841.HK,D,20220531,000000,0.362163,0.362163,0.362163,0.362163,11873.091731292,0
1841.HK,D,20220601,000000,0.362163,0.362163,0.362163,0.362163,0,0
1841.HK,D,20220602,000000,0.362163,0.362163,0.362163,0.362163,0,0
1841.HK,D,20220606,000000,0.362163,0.362163,0.362163,0.362163,0,0
1841.HK,D,20220607,000000,0.362163,0.362163,0.362163,0.362163,0,0
1841.HK,D,20220608,000000,0.362163,0.362163,0.362163,0.362163,0,0
1841.HK,D,20220609,000000,0.362163,0.362163,0.362163,0.362163,23746.183462584,0
1841.HK,D,20220610,000000,0.362163,0.362163,0.362163,0.362163,11873.091731292,0
1841.HK,D,20220613,000000,0.362163,0.362163,0.362163,0.362163,0,0
1841.HK,D,20220614,000000,0.362163,0.362163,0.362163,0.362163,0,0
1841.HK,D,20220615,000000,0.362163,0.362163,0.362163,0.362163,0,0
1841.HK,D,20220616,000000,0.362163,0.362163,0.362163,0.362163,0,0
1841.HK,D,20220617,000000,0.362163,0.362163,0.362163,0.362163,0,0
1841.HK,D,20220620,000000,0.362163,0.362163,0.362163,0.362163,0,0
1841.HK,D,20220621,000000,0.336896,0.353741,0.336896,0.336896,427431.30232652,0
1841.HK,D,20220622,000000,0.320052,0.320052,0.311629,0.315841,1852202.3100816,0
1841.HK,D,20220623,000000,0.315841,0.315841,0.315841,0.315841,0,0
1841.HK,D,20220624,000000,0.315841,0.315841,0.315841,0.315841,0,0
1841.HK,D,20220627,000000,0.315841,0.315841,0.315841,0.315841,0,0
1841.HK,D,20220628,000000,0.315841,0.315841,0.315841,0.315841,0,0
1841.HK,D,20220629,000000,0.320052,0.320052,0.320052,0.320052,0,0
1841.HK,D,20220630,000000,0.320052,0.320052,0.320052,0.320052,11873.091731292,0
1841.HK,D,20220704,000000,0.324263,0.324263,0.324263,0.324263,0,0
1841.HK,D,20220705,000000,0.332685,0.332685,0.332685,0.332685,0,0
1841.HK,D,20220706,000000,0.34953,0.34953,0.34953,0.34953,0,0
1841.HK,D,20220707,000000,0.34953,0.34953,0.34953,0.34953,0,0
1841.HK,D,20220708,000000,0.362163,0.362163,0.34953,0.362163,94984.733850337,0
1841.HK,D,20220711,000000,0.379008,0.379008,0.379008,0.379008,0,0
1841.HK,D,20220712,000000,0.387431,0.387431,0.387431,0.387431,296827.2932823,0
1841.HK,D,20220713,000000,0.412698,0.412698,0.412698,0.412698,11873.091731292,0
1841.HK,D,20220714,000000,0.437965,0.437965,0.437965,0.437965,106857.82558163,0
1841.HK,D,20220715,000000,0.437965,0.437965,0.437965,0.437965,0,0
1841.HK,D,20220718,000000,0.437965,0.437965,0.437965,0.437965,0,0
1841.HK,D,20220719,000000,0.437965,0.437965,0.437965,0.437965,0,0
1841.HK,D,20220720,000000,0.437965,0.437965,0.437965,0.437965,10617.283951,0
1841.HK,D,20220721,000000,0.405,0.405,0.400291,0.405,424691.35804,0
1841.HK,D,20220722,000000,0.405,0.405,0.405,0.405,0,0
1841.HK,D,20220725,000000,0.405,0.405,0.405,0.405,0,0
1841.HK,D,20220726,000000,0.405,0.405,0.405,0.405,0,0
1841.HK,D,20220727,000000,0.405,0.405,0.405,0.405,0,0
1841.HK,D,20220728,000000,0.405,0.405,0.405,0.405,0,0
1841.HK,D,20220729,000000,0.405,0.405,0.405,0.405,0,0
1841.HK,D,20220801,000000,0.405,0.405,0.405,0.405,0,0
1841.HK,D,20220802,000000,0.405,0.405,0.405,0.405,0,0
1841.HK,D,20220803,000000,0.400291,0.400291,0.395581,0.400291,53086.419755,0
1841.HK,D,20220804,000000,0.400291,0.400291,0.400291,0.400291,0,0
1841.HK,D,20220805,000000,0.400291,0.400291,0.400291,0.400291,0,0
1841.HK,D,20220808,000000,0.400291,0.400291,0.400291,0.400291,0,0
1841.HK,D,20220809,000000,0.400291,0.400291,0.400291,0.400291,0,0
1841.HK,D,20220810,000000,0.400291,0.400291,0.400291,0.400291,0,0
1841.HK,D,20220811,000000,0.433256,0.442674,0.405,0.433256,276049.382726,0
1841.HK,D,20220812,000000,0.480349,0.480349,0.47093,0.480349,127407.407412,0
1841.HK,D,20220815,000000,0.480349,0.480349,0.480349,0.480349,0,0
1841.HK,D,20220816,000000,0.480349,0.480349,0.480349,0.480349,0,0
1841.HK,D,20220817,000000,0.499186,0.555698,0.499186,0.499186,53086.419755,0
1841.HK,D,20220818,000000,0.499186,0.499186,0.499186,0.499186,0,0
1841.HK,D,20220819,000000,0.480349,0.489767,0.480349,0.480349,21234.567902,0
1841.HK,D,20220822,000000,0.480349,0.480349,0.480349,0.480349,0,0
1841.HK,D,20220823,000000,0.489767,0.499186,0.489767,0.499186,403456.790138,0
1841.HK,D,20220824,000000,0.499186,0.499186,0.499186,0.499186,0,0
1841.HK,D,20220825,000000,0.499186,0.499186,0.499186,0.499186,0,0
1841.HK,D,20220826,000000,0.499186,0.499186,0.499186,0.499186,106172.83951,0
1841.HK,D,20220829,000000,0.499186,0.499186,0.499186,0.499186,0,0
1841.HK,D,20220830,000000,0.518023,0.518023,0.499186,0.499186,127407.407412,0
1841.HK,D,20220831,000000,0.508605,0.508605,0.508605,0.508605,31851.851853,0
1841.HK,D,20220901,000000,0.518023,0.518023,0.518023,0.518023,42469.135804,0
1841.HK,D,20220902,000000,0.489767,0.508605,0.489767,0.508605,127407.407412,0
1841.HK,D,20220905,000000,0.508605,0.508605,0.508605,0.508605,0,0
1841.HK,D,20220906,000000,0.489767,0.489767,0.489767,0.489767,127407.407412,0
1841.HK,D,20220907,000000,0.489767,0.489767,0.489767,0.489767,0,0
1841.HK,D,20220908,000000,0.499186,0.499186,0.499186,0.499186,21234.567902,0
1841.HK,D,20220909,000000,0.508605,0.508605,0.508605,0.508605,0,0
1841.HK,D,20220913,000000,0.527442,0.527442,0.518023,0.527442,127407.407412,0
1841.HK,D,20220914,000000,0.527442,0.527442,0.527442,0.527442,21234.567902,0
1841.HK,D,20220915,000000,0.527442,0.527442,0.527442,0.527442,0,0
1841.HK,D,20220916,000000,0.527442,0.527442,0.527442,0.527442,21234.567902,0
1841.HK,D,20220919,000000,0.527442,0.527442,0.527442,0.527442,63703.703706,0
1841.HK,D,20220920,000000,0.53686,0.53686,0.53686,0.53686,0,0
1841.HK,D,20220921,000000,0.53686,0.53686,0.53686,0.53686,0,0
1841.HK,D,20220922,000000,0.53686,0.53686,0.53686,0.53686,42469.135804,0
1841.HK,D,20220923,000000,0.546279,0.546279,0.518023,0.518023,95555.555559,0
1841.HK,D,20220926,000000,0.518023,0.518023,0.518023,0.518023,21234.567902,0
1841.HK,D,20220927,000000,0.518023,0.518023,0.518023,0.518023,0,0
1841.HK,D,20220928,000000,0.518023,0.518023,0.518023,0.518023,0,0
1841.HK,D,20220929,000000,0.456802,0.456802,0.452093,0.452093,169876.543216,0
1841.HK,D,20220930,000000,0.442674,0.442674,0.442674,0.442674,21234.567902,0
1841.HK,D,20221003,000000,0.442674,0.442674,0.442674,0.442674,0,0
1841.HK,D,20221005,000000,0.433256,0.433256,0.433256,0.433256,42469.135804,0
1841.HK,D,20221006,000000,0.452093,0.452093,0.414419,0.452093,84938.271608,0
1841.HK,D,20221007,000000,0.452093,0.452093,0.452093,0.452093,0,0
1841.HK,D,20221010,000000,0.452093,0.452093,0.452093,0.452093,0,0
1841.HK,D,20221011,000000,0.452093,0.452093,0.452093,0.452093,0,0
1841.HK,D,20221012,000000,0.452093,0.452093,0.452093,0.452093,0,0
1841.HK,D,20221013,000000,0.395581,0.395581,0.395581,0.395581,10617.283951,0
1841.HK,D,20221014,000000,0.395581,0.395581,0.395581,0.395581,0,0
1841.HK,D,20221017,000000,0.395581,0.395581,0.395581,0.395581,0,0
1841.HK,D,20221018,000000,0.395581,0.395581,0.395581,0.395581,0,0
1841.HK,D,20221019,000000,0.395581,0.395581,0.395581,0.395581,0,0
1841.HK,D,20221020,000000,0.395581,0.395581,0.395581,0.395581,0,0
1841.HK,D,20221021,000000,0.395581,0.395581,0.395581,0.395581,0,0
1841.HK,D,20221024,000000,0.395581,0.395581,0.395581,0.395581,0,0
1841.HK,D,20221025,000000,0.395581,0.395581,0.395581,0.395581,0,0
1841.HK,D,20221026,000000,0.395581,0.395581,0.395581,0.395581,0,0
1841.HK,D,20221027,000000,0.395581,0.395581,0.395581,0.395581,0,0
1841.HK,D,20221028,000000,0.395581,0.395581,0.33907,0.395581,318518.51853,0
1841.HK,D,20221031,000000,0.395581,0.395581,0.395581,0.395581,0,0
1841.HK,D,20221101,000000,0.395581,0.395581,0.395581,0.395581,0,0
1841.HK,D,20221102,000000,0.395581,0.395581,0.395581,0.395581,0,0
1841.HK,D,20221103,000000,0.395581,0.395581,0.395581,0.395581,0,0
1841.HK,D,20221104,000000,0.395581,0.395581,0.395581,0.395581,0,0
1841.HK,D,20221107,000000,0.395581,0.395581,0.395581,0.395581,0,0
1841.HK,D,20221108,000000,0.395581,0.395581,0.395581,0.395581,0,0
1841.HK,D,20221109,000000,0.395581,0.395581,0.395581,0.395581,0,0
1841.HK,D,20221110,000000,0.395581,0.395581,0.395581,0.395581,0,0
1841.HK,D,20221111,000000,0.414419,0.414419,0.414419,0.414419,42469.135804,0
1841.HK,D,20221114,000000,0.414419,0.414419,0.414419,0.414419,0,0
1841.HK,D,20221115,000000,0.414419,0.414419,0.414419,0.414419,0,0
1841.HK,D,20221116,000000,0.414419,0.414419,0.414419,0.414419,0,0
1841.HK,D,20221117,000000,0.414419,0.414419,0.414419,0.414419,0,0
1841.HK,D,20221118,000000,0.414419,0.414419,0.414419,0.414419,0,0
1841.HK,D,20221121,000000,0.414419,0.414419,0.414419,0.414419,0,0
1841.HK,D,20221122,000000,0.414419,0.414419,0.414419,0.414419,0,0
1841.HK,D,20221123,000000,0.414419,0.414419,0.414419,0.414419,0,0
1841.HK,D,20221124,000000,0.414419,0.414419,0.414419,0.414419,0,0
1841.HK,D,20221125,000000,0.414419,0.414419,0.414419,0.414419,0,0
1841.HK,D,20221128,000000,0.414419,0.414419,0.414419,0.414419,0,0
1841.HK,D,20221129,000000,0.414419,0.414419,0.414419,0.414419,0,0
1841.HK,D,20221130,000000,0.414419,0.414419,0.414419,0.414419,0,0
1841.HK,D,20221201,000000,0.414419,0.414419,0.414419,0.414419,10617.283951,0
1841.HK,D,20221202,000000,0.414419,0.414419,0.414419,0.414419,0,0
1841.HK,D,20221205,000000,0.414419,0.414419,0.414419,0.414419,0,0
1841.HK,D,20221206,000000,0.414419,0.414419,0.414419,0.414419,0,0
1841.HK,D,20221207,000000,0.414419,0.414419,0.414419,0.414419,0,0
1841.HK,D,20221208,000000,0.414419,0.414419,0.405,0.405,297283.950628,0
1841.HK,D,20221209,000000,0.34,0.37,0.34,0.37,10000,0
1841.HK,D,20221212,000000,0.35,0.35,0.35,0.35,10000,0
1841.HK,D,20221213,000000,0.355,0.355,0.355,0.355,0,0
1841.HK,D,20221214,000000,0.4,0.4,0.4,0.4,10000,0
1841.HK,D,20221215,000000,0.355,0.355,0.34,0.355,330000,0
1841.HK,D,20221216,000000,0.37,0.37,0.345,0.37,170000,0
1841.HK,D,20221219,000000,0.37,0.37,0.37,0.37,0,0
1841.HK,D,20221220,000000,0.37,0.37,0.37,0.37,0,0
1841.HK,D,20221221,000000,0.37,0.37,0.37,0.37,0,0
1841.HK,D,20221222,000000,0.37,0.37,0.37,0.37,0,0
1841.HK,D,20221223,000000,0.37,0.37,0.37,0.37,0,0
1841.HK,D,20221228,000000,0.37,0.37,0.37,0.37,0,0
1841.HK,D,20221229,000000,0.37,0.37,0.37,0.37,0,0
1841.HK,D,20221230,000000,0.37,0.37,0.37,0.37,0,0
1841.HK,D,20230103,000000,0.37,0.37,0.37,0.37,0,0
1841.HK,D,20230104,000000,0.37,0.37,0.37,0.37,0,0
1841.HK,D,20230105,000000,0.39,0.39,0.39,0.39,20000,0
1841.HK,D,20230106,000000,0.39,0.39,0.39,0.39,0,0
1841.HK,D,20230109,000000,0.39,0.39,0.39,0.39,0,0
1841.HK,D,20230110,000000,0.39,0.39,0.39,0.39,0,0
1841.HK,D,20230111,000000,0.35,0.35,0.35,0.35,50000,0
1841.HK,D,20230112,000000,0.35,0.35,0.35,0.35,480000,0
1841.HK,D,20230113,000000,0.36,0.36,0.36,0.36,50000,0
1841.HK,D,20230116,000000,0.36,0.36,0.36,0.36,0,0
1841.HK,D,20230117,000000,0.36,0.36,0.36,0.36,0,0
1841.HK,D,20230118,000000,0.36,0.36,0.36,0.36,0,0
1841.HK,D,20230119,000000,0.36,0.36,0.36,0.36,0,0
1841.HK,D,20230120,000000,0.36,0.36,0.36,0.36,0,0
1841.HK,D,20230126,000000,0.36,0.36,0.36,0.36,0,0
1841.HK,D,20230127,000000,0.36,0.36,0.36,0.36,0,0
1841.HK,D,20230130,000000,0.36,0.36,0.36,0.36,0,0
1841.HK,D,20230131,000000,0.35,0.36,0.35,0.36,200000,0
1841.HK,D,20230201,000000,0.36,0.36,0.36,0.36,0,0
1841.HK,D,20230202,000000,0.365,0.365,0.365,0.365,0,0
1841.HK,D,20230203,000000,0.365,0.365,0.365,0.365,0,0
1841.HK,D,20230206,000000,0.365,0.365,0.365,0.365,0,0
1841.HK,D,20230207,000000,0.365,0.365,0.365,0.365,0,0
1841.HK,D,20230208,000000,0.365,0.365,0.365,0.365,0,0
1841.HK,D,20230209,000000,0.365,0.365,0.365,0.365,0,0
1841.HK,D,20230210,000000,0.365,0.365,0.365,0.365,0,0
1841.HK,D,20230213,000000,0.365,0.365,0.365,0.365,0,0
1841.HK,D,20230214,000000,0.365,0.365,0.365,0.365,0,0
1841.HK,D,20230215,000000,0.365,0.365,0.365,0.365,0,0
1841.HK,D,20230216,000000,0.365,0.365,0.365,0.365,0,0
1841.HK,D,20230217,000000,0.365,0.365,0.365,0.365,0,0
1841.HK,D,20230220,000000,0.365,0.365,0.365,0.365,0,0
1841.HK,D,20230221,000000,0.365,0.365,0.365,0.365,0,0
1841.HK,D,20230222,000000,0.365,0.365,0.365,0.365,0,0
1841.HK,D,20230223,000000,0.365,0.365,0.365,0.365,0,0
1841.HK,D,20230224,000000,0.365,0.365,0.365,0.365,0,0
1841.HK,D,20230227,000000,0.365,0.365,0.365,0.365,0,0
1841.HK,D,20230228,000000,0.365,0.365,0.365,0.365,10000,0
1841.HK,D,20230301,000000,0.38,0.38,0.38,0.38,50000,0
1841.HK,D,20230302,000000,0.38,0.38,0.38,0.38,0,0
1841.HK,D,20230303,000000,0.38,0.38,0.38,0.38,0,0
1841.HK,D,20230306,000000,0.38,0.38,0.38,0.38,0,0
1841.HK,D,20230307,000000,0.38,0.38,0.38,0.38,0,0
1841.HK,D,20230308,000000,0.38,0.38,0.38,0.38,0,0
1841.HK,D,20230309,000000,0.38,0.38,0.38,0.38,0,0
1841.HK,D,20230310,000000,0.38,0.38,0.38,0.38,0,0
1841.HK,D,20230313,000000,0.38,0.38,0.38,0.38,0,0
1841.HK,D,20230314,000000,0.38,0.38,0.38,0.38,0,0
1841.HK,D,20230315,000000,0.38,0.38,0.38,0.38,0,0
1841.HK,D,20230316,000000,0.38,0.38,0.38,0.38,0,0
1841.HK,D,20230317,000000,0.38,0.38,0.38,0.38,0,0
1841.HK,D,20230320,000000,0.38,0.38,0.38,0.38,0,0
1841.HK,D,20230321,000000,0.38,0.38,0.38,0.38,0,0
1841.HK,D,20230322,000000,0.38,0.38,0.38,0.38,0,0
1841.HK,D,20230323,000000,0.38,0.38,0.38,0.38,0,0
1841.HK,D,20230324,000000,0.38,0.38,0.38,0.38,0,0
1841.HK,D,20230327,000000,0.38,0.38,0.38,0.38,0,0
1841.HK,D,20230328,000000,0.38,0.38,0.38,0.38,0,0
1841.HK,D,20230329,000000,0.38,0.38,0.38,0.38,0,0
1841.HK,D,20230330,000000,0.38,0.38,0.38,0.38,0,0
1841.HK,D,20230331,000000,0.38,0.38,0.38,0.38,0,0
1841.HK,D,20230403,000000,0.38,0.38,0.38,0.38,0,0
1841.HK,D,20230404,000000,0.38,0.38,0.38,0.38,0,0
1841.HK,D,20230406,000000,0.38,0.38,0.38,0.38,0,0
1841.HK,D,20230411,000000,0.38,0.38,0.38,0.38,0,0
1841.HK,D,20230412,000000,0.38,0.38,0.38,0.38,0,0
1841.HK,D,20230413,000000,0.38,0.38,0.38,0.38,0,0
1841.HK,D,20230414,000000,0.38,0.38,0.38,0.38,0,0
1841.HK,D,20230417,000000,0.38,0.38,0.38,0.38,0,0
1841.HK,D,20230418,000000,0.38,0.38,0.38,0.38,0,0
1841.HK,D,20230419,000000,0.38,0.38,0.38,0.38,0,0
1841.HK,D,20230420,000000,0.38,0.38,0.38,0.38,0,0
1841.HK,D,20230421,000000,0.365,0.365,0.365,0.365,10000,0
1841.HK,D,20230424,000000,0.365,0.365,0.365,0.365,0,0
1841.HK,D,20230425,000000,0.365,0.365,0.365,0.365,0,0
1841.HK,D,20230426,000000,0.365,0.365,0.365,0.365,0,0
1841.HK,D,20230427,000000,0.365,0.365,0.365,0.365,0,0
1841.HK,D,20230428,000000,0.365,0.365,0.365,0.365,0,0
1841.HK,D,20230502,000000,0.365,0.365,0.365,0.365,0,0
1841.HK,D,20230503,000000,0.365,0.365,0.365,0.365,0,0
1841.HK,D,20230504,000000,0.365,0.365,0.365,0.365,0,0
1841.HK,D,20230505,000000,0.365,0.365,0.365,0.365,0,0
1841.HK,D,20230508,000000,0.365,0.365,0.365,0.365,0,0
1841.HK,D,20230509,000000,0.365,0.365,0.365,0.365,0,0
1841.HK,D,20230510,000000,0.365,0.365,0.365,0.365,0,0
1841.HK,D,20230511,000000,0.365,0.365,0.365,0.365,0,0
1841.HK,D,20230512,000000,0.365,0.365,0.365,0.365,0,0
1841.HK,D,20230515,000000,0.365,0.365,0.365,0.365,0,0
1841.HK,D,20230516,000000,0.365,0.365,0.365,0.365,0,0
1841.HK,D,20230517,000000,0.365,0.365,0.365,0.365,0,0
1841.HK,D,20230518,000000,0.365,0.365,0.365,0.365,0,0
1841.HK,D,20230519,000000,0.365,0.365,0.365,0.365,0,0
1841.HK,D,20230522,000000,0.365,0.365,0.365,0.365,0,0
1841.HK,D,20230523,000000,0.365,0.365,0.365,0.365,0,0
1841.HK,D,20230524,000000,0.365,0.365,0.365,0.365,0,0
1841.HK,D,20230525,000000,0.365,0.365,0.365,0.365,0,0
1841.HK,D,20230529,000000,0.365,0.365,0.365,0.365,0,0
1841.HK,D,20230530,000000,0.365,0.365,0.365,0.365,0,0
1841.HK,D,20230531,000000,0.365,0.365,0.365,0.365,0,0
1841.HK,D,20230601,000000,0.365,0.365,0.365,0.365,0,0
1841.HK,D,20230602,000000,0.365,0.365,0.365,0.365,0,0
1841.HK,D,20230605,000000,0.365,0.365,0.365,0.365,0,0
1841.HK,D,20230606,000000,0.365,0.365,0.365,0.365,0,0
1841.HK,D,20230607,000000,0.365,0.365,0.365,0.365,0,0
1841.HK,D,20230608,000000,0.355,0.365,0.355,0.355,120000,0
1841.HK,D,20230609,000000,0.32,0.355,0.3,0.32,100000,0
1841.HK,D,20230612,000000,0.32,0.32,0.32,0.32,0,0
1841.HK,D,20230613,000000,0.32,0.32,0.32,0.32,0,0
1841.HK,D,20230614,000000,0.325,0.325,0.325,0.325,0,0
1841.HK,D,20230615,000000,0.325,0.325,0.325,0.325,0,0
1841.HK,D,20230616,000000,0.325,0.325,0.325,0.325,0,0
1841.HK,D,20230619,000000,0.325,0.325,0.325,0.325,0,0
1841.HK,D,20230620,000000,0.315,0.315,0.31,0.315,80000,0
1841.HK,D,20230621,000000,0.315,0.315,0.315,0.315,0,0
1841.HK,D,20230623,000000,0.315,0.315,0.315,0.315,0,0
1841.HK,D,20230626,000000,0.315,0.315,0.315,0.315,0,0
1841.HK,D,20230627,000000,0.32,0.32,0.32,0.32,0,0
1841.HK,D,20230628,000000,0.32,0.32,0.32,0.32,0,0
1841.HK,D,20230629,000000,0.32,0.32,0.32,0.32,0,0
1841.HK,D,20230630,000000,0.35,0.36,0.35,0.35,40000,0
1841.HK,D,20230703,000000,0.35,0.35,0.35,0.35,0,0
1841.HK,D,20230704,000000,0.35,0.35,0.35,0.35,0,0
1841.HK,D,20230705,000000,0.35,0.35,0.35,0.35,0,0
1841.HK,D,20230706,000000,0.35,0.35,0.35,0.35,0,0
1841.HK,D,20230707,000000,0.35,0.35,0.35,0.35,0,0
1841.HK,D,20230710,000000,0.35,0.35,0.35,0.35,0,0
1841.HK,D,20230711,000000,0.35,0.35,0.35,0.35,0,0
1841.HK,D,20230712,000000,0.35,0.35,0.35,0.35,0,0
1841.HK,D,20230713,000000,0.35,0.35,0.35,0.35,0,0
1841.HK,D,20230714,000000,0.35,0.35,0.35,0.35,0,0
1841.HK,D,20230718,000000,0.35,0.35,0.35,0.35,0,0
1841.HK,D,20230719,000000,0.35,0.35,0.35,0.35,0,0
1841.HK,D,20230720,000000,0.35,0.35,0.35,0.35,0,0
1841.HK,D,20230721,000000,0.35,0.35,0.35,0.35,0,0
1841.HK,D,20230724,000000,0.35,0.35,0.35,0.35,0,0
1841.HK,D,20230725,000000,0.35,0.35,0.35,0.35,0,0
1841.HK,D,20230726,000000,0.35,0.35,0.35,0.35,0,0
1841.HK,D,20230727,000000,0.35,0.35,0.35,0.35,0,0
1841.HK,D,20230728,000000,0.35,0.35,0.35,0.35,0,0
1841.HK,D,20230731,000000,0.35,0.35,0.35,0.35,0,0
1841.HK,D,20230801,000000,0.35,0.35,0.35,0.35,0,0
1841.HK,D,20230802,000000,0.35,0.35,0.35,0.35,0,0
1841.HK,D,20230803,000000,0.35,0.35,0.35,0.35,0,0
1841.HK,D,20230804,000000,0.35,0.35,0.35,0.35,0,0
1841.HK,D,20230807,000000,0.35,0.35,0.35,0.35,0,0
1841.HK,D,20230808,000000,0.35,0.35,0.35,0.35,0,0
1841.HK,D,20230809,000000,0.325,0.325,0.325,0.325,10000,0
1841.HK,D,20230810,000000,0.315,0.315,0.315,0.315,200000,0
1841.HK,D,20230811,000000,0.325,0.33,0.325,0.33,830000,0
1841.HK,D,20230814,000000,0.33,0.33,0.33,0.33,0,0
1841.HK,D,20230815,000000,0.315,0.32,0.315,0.32,10000,0
1841.HK,D,20230816,000000,0.32,0.32,0.32,0.32,0,0
1841.HK,D,20230817,000000,0.31,0.31,0.31,0.31,40000,0
1841.HK,D,20230818,000000,0.31,0.31,0.31,0.31,0,0
1841.HK,D,20230821,000000,0.305,0.305,0.305,0.305,150000,0
1841.HK,D,20230822,000000,0.305,0.305,0.305,0.305,0,0
1841.HK,D,20230823,000000,0.305,0.305,0.305,0.305,0,0
1841.HK,D,20230824,000000,0.305,0.305,0.305,0.305,0,0
1841.HK,D,20230825,000000,0.305,0.305,0.305,0.305,0,0
1841.HK,D,20230828,000000,0.28,0.28,0.28,0.28,40000,0
1841.HK,D,20230829,000000,0.28,0.28,0.28,0.28,40000,0
1841.HK,D,20230830,000000,0.28,0.28,0.28,0.28,0,0
1841.HK,D,20230831,000000,0.28,0.28,0.28,0.28,0,0
1841.HK,D,20230904,000000,0.28,0.28,0.28,0.28,0,0
1841.HK,D,20230905,000000,0.28,0.28,0.28,0.28,0,0
1841.HK,D,20230906,000000,0.28,0.28,0.28,0.28,0,0
1841.HK,D,20230907,000000,0.28,0.28,0.28,0.28,0,0
1841.HK,D,20230911,000000,0.28,0.28,0.28,0.28,0,0
1841.HK,D,20230912,000000,0.28,0.28,0.28,0.28,0,0
1841.HK,D,20230913,000000,0.28,0.28,0.28,0.28,0,0
1841.HK,D,20230914,000000,0.28,0.28,0.28,0.28,0,0
1841.HK,D,20230915,000000,0.28,0.28,0.28,0.28,100000,0
1841.HK,D,20230918,000000,0.28,0.28,0.28,0.28,0,0
1841.HK,D,20230919,000000,0.28,0.28,0.28,0.28,0,0
1841.HK,D,20230920,000000,0.28,0.28,0.28,0.28,0,0
1841.HK,D,20230921,000000,0.28,0.28,0.28,0.28,0,0
1841.HK,D,20230922,000000,0.28,0.28,0.28,0.28,0,0
1841.HK,D,20230925,000000,0.28,0.28,0.28,0.28,0,0
1841.HK,D,20230926,000000,0.28,0.28,0.265,0.28,40000,0
1841.HK,D,20230927,000000,0.28,0.28,0.28,0.28,0,0
1841.HK,D,20230928,000000,0.28,0.28,0.28,0.28,0,0
1841.HK,D,20230929,000000,0.28,0.28,0.28,0.28,0,0
1841.HK,D,20231003,000000,0.28,0.28,0.28,0.28,10000,0
1841.HK,D,20231004,000000,0.28,0.28,0.28,0.28,0,0
1841.HK,D,20231005,000000,0.28,0.28,0.28,0.28,0,0
1841.HK,D,20231006,000000,0.28,0.28,0.28,0.28,0,0
1841.HK,D,20231009,000000,0.28,0.28,0.28,0.28,0,0
1841.HK,D,20231010,000000,0.28,0.28,0.28,0.28,0,0
1841.HK,D,20231011,000000,0.28,0.28,0.28,0.28,0,0
1841.HK,D,20231012,000000,0.28,0.28,0.28,0.28,0,0
1841.HK,D,20231013,000000,0.28,0.28,0.28,0.28,0,0
1841.HK,D,20231016,000000,0.28,0.28,0.28,0.28,0,0
1841.HK,D,20231017,000000,0.28,0.28,0.28,0.28,0,0
1841.HK,D,20231018,000000,0.27,0.27,0.27,0.27,0,0
1841.HK,D,20231019,000000,0.24,0.25,0.24,0.24,200000,0
1841.HK,D,20231020,000000,0.24,0.24,0.24,0.24,0,0
1841.HK,D,20231024,000000,0.24,0.24,0.24,0.24,0,0
1841.HK,D,20231025,000000,0.24,0.24,0.24,0.24,0,0
1841.HK,D,20231026,000000,0.24,0.24,0.24,0.24,0,0
1841.HK,D,20231027,000000,0.235,0.235,0.235,0.235,50000,0
1841.HK,D,20231030,000000,0.235,0.235,0.235,0.235,0,0
1841.HK,D,20231031,000000,0.218,0.218,0.216,0.218,20000,0
1841.HK,D,20231101,000000,0.25,0.25,0.218,0.25,140000,0
1841.HK,D,20231102,000000,0.25,0.25,0.25,0.25,0,0
1841.HK,D,20231103,000000,0.25,0.25,0.25,0.25,0,0
1841.HK,D,20231106,000000,0.245,0.245,0.245,0.245,0,0
1841.HK,D,20231107,000000,0.245,0.245,0.245,0.245,0,0
1841.HK,D,20231108,000000,0.245,0.245,0.245,0.245,0,0
1841.HK,D,20231109,000000,0.245,0.245,0.245,0.245,0,0
1841.HK,D,20231110,000000,0.24,0.24,0.24,0.24,0,0
1841.HK,D,20231113,000000,0.235,0.235,0.234,0.234,60000,0
1841.HK,D,20231114,000000,0.234,0.234,0.234,0.234,0,0
1841.HK,D,20231115,000000,0.234,0.234,0.234,0.234,0,0
1841.HK,D,20231116,000000,0.234,0.234,0.234,0.234,0,0
1841.HK,D,20231117,000000,0.234,0.234,0.234,0.234,0,0
1841.HK,D,20231120,000000,0.234,0.234,0.234,0.234,0,0
1841.HK,D,20231121,000000,0.234,0.234,0.234,0.234,0,0
1841.HK,D,20231122,000000,0.234,0.234,0.234,0.234,0,0
1841.HK,D,20231123,000000,0.234,0.234,0.234,0.234,0,0
1841.HK,D,20231124,000000,0.234,0.234,0.234,0.234,0,0
1841.HK,D,20231127,000000,0.234,0.234,0.234,0.234,0,0
1841.HK,D,20231128,000000,0.234,0.234,0.234,0.234,0,0
1841.HK,D,20231129,000000,0.234,0.234,0.234,0.234,10000,0
1841.HK,D,20231130,000000,0.234,0.234,0.234,0.234,0,0
1841.HK,D,20231201,000000,0.234,0.234,0.234,0.234,0,0
1841.HK,D,20231204,000000,0.234,0.234,0.234,0.234,0,0
1841.HK,D,20231205,000000,0.234,0.234,0.234,0.234,0,0
1841.HK,D,20231206,000000,0.234,0.234,0.234,0.234,0,0
1841.HK,D,20231207,000000,0.234,0.234,0.234,0.234,0,0
1841.HK,D,20231208,000000,0.234,0.234,0.234,0.234,0,0
1841.HK,D,20231211,000000,0.234,0.234,0.234,0.234,0,0
1841.HK,D,20231212,000000,0.234,0.234,0.234,0.234,0,0
1841.HK,D,20231213,000000,0.234,0.234,0.234,0.234,0,0
1841.HK,D,20231214,000000,0.234,0.234,0.234,0.234,0,0
1841.HK,D,20231215,000000,0.234,0.234,0.234,0.234,0,0
1841.HK,D,20231218,000000,0.234,0.234,0.234,0.234,0,0
1841.HK,D,20231219,000000,0.234,0.234,0.234,0.234,20000,0
1841.HK,D,20231220,000000,0.233,0.233,0.233,0.233,0,0
1841.HK,D,20231221,000000,0.233,0.233,0.233,0.233,0,0
1841.HK,D,20231222,000000,0.208,0.217,0.205,0.208,470000,0
1841.HK,D,20231227,000000,0.208,0.208,0.208,0.208,0,0
1841.HK,D,20231228,000000,0.208,0.208,0.208,0.208,0,0
1841.HK,D,20231229,000000,0.208,0.208,0.208,0.208,0,0
1841.HK,D,20240102,000000,0.208,0.208,0.208,0.208,0,0
1841.HK,D,20240103,000000,0.208,0.208,0.208,0.208,0,0
1841.HK,D,20240104,000000,0.208,0.208,0.208,0.208,0,0
1841.HK,D,20240105,000000,0.208,0.208,0.208,0.208,0,0
1841.HK,D,20240108,000000,0.208,0.208,0.208,0.208,0,0
1841.HK,D,20240109,000000,0.208,0.208,0.208,0.208,90000,0
1841.HK,D,20240110,000000,0.207,0.207,0.207,0.207,10000,0
1841.HK,D,20240111,000000,0.207,0.207,0.207,0.207,0,0
1841.HK,D,20240112,000000,0.207,0.207,0.207,0.207,0,0
1841.HK,D,20240115,000000,0.207,0.207,0.207,0.207,0,0
1841.HK,D,20240116,000000,0.19,0.192,0.19,0.192,20000,0
1841.HK,D,20240117,000000,0.192,0.192,0.192,0.192,0,0
1841.HK,D,20240118,000000,0.192,0.192,0.192,0.192,40000,0
1841.HK,D,20240119,000000,0.192,0.192,0.192,0.192,0,0
1841.HK,D,20240122,000000,0.19,0.19,0.19,0.19,10000,0
1841.HK,D,20240123,000000,0.186,0.186,0.186,0.186,90000,0
1841.HK,D,20240124,000000,0.186,0.186,0.186,0.186,150000,0
1841.HK,D,20240125,000000,0.19,0.19,0.19,0.19,70000,0
1841.HK,D,20240126,000000,0.19,0.19,0.19,0.19,0,0
1841.HK,D,20240129,000000,0.19,0.19,0.19,0.19,0,0
1841.HK,D,20240130,000000,0.19,0.19,0.19,0.19,0,0
1841.HK,D,20240131,000000,0.19,0.19,0.19,0.19,0,0
1841.HK,D,20240201,000000,0.19,0.19,0.19,0.19,0,0
1841.HK,D,20240202,000000,0.19,0.19,0.19,0.19,0,0
1841.HK,D,20240205,000000,0.19,0.19,0.19,0.19,0,0
1841.HK,D,20240206,000000,0.19,0.19,0.19,0.19,30000,0
1841.HK,D,20240207,000000,0.19,0.19,0.19,0.19,0,0
1841.HK,D,20240208,000000,0.19,0.19,0.19,0.19,0,0
1841.HK,D,20240209,000000,0.19,0.19,0.19,0.19,0,0
1841.HK,D,20240214,000000,0.19,0.19,0.19,0.19,0,0
1841.HK,D,20240215,000000,0.19,0.19,0.19,0.19,0,0
1841.HK,D,20240216,000000,0.19,0.19,0.19,0.19,0,0
1841.HK,D,20240219,000000,0.19,0.19,0.19,0.19,0,0
1841.HK,D,20240220,000000,0.169,0.19,0.169,0.19,100000,0
1841.HK,D,20240221,000000,0.19,0.19,0.19,0.19,0,0
1841.HK,D,20240222,000000,0.19,0.19,0.19,0.19,0,0
1841.HK,D,20240223,000000,0.19,0.19,0.19,0.19,0,0
1841.HK,D,20240226,000000,0.19,0.19,0.19,0.19,0,0
1841.HK,D,20240227,000000,0.172,0.172,0.162,0.172,50000,0
1841.HK,D,20240228,000000,0.172,0.172,0.172,0.172,0,0
1841.HK,D,20240229,000000,0.172,0.172,0.172,0.172,0,0
1841.HK,D,20240301,000000,0.172,0.172,0.172,0.172,0,0
1841.HK,D,20240304,000000,0.172,0.172,0.172,0.172,0,0
1841.HK,D,20240305,000000,0.172,0.172,0.172,0.172,0,0
1841.HK,D,20240306,000000,0.172,0.172,0.172,0.172,0,0
1841.HK,D,20240307,000000,0.175,0.175,0.175,0.175,0,0
1841.HK,D,20240308,000000,0.175,0.175,0.175,0.175,0,0
1841.HK,D,20240311,000000,0.181,0.181,0.181,0.181,0,0
1841.HK,D,20240312,000000,0.182,0.182,0.182,0.182,0,0
1841.HK,D,20240313,000000,0.182,0.182,0.182,0.182,0,0
1841.HK,D,20240314,000000,0.182,0.182,0.182,0.182,0,0
1841.HK,D,20240315,000000,0.182,0.182,0.182,0.182,0,0
1841.HK,D,20240318,000000,0.182,0.182,0.182,0.182,0,0
1841.HK,D,20240319,000000,0.183,0.183,0.183,0.183,0,0
1841.HK,D,20240320,000000,0.183,0.183,0.183,0.183,0,0
1841.HK,D,20240321,000000,0.185,0.185,0.185,0.185,0,0
1841.HK,D,20240322,000000,0.186,0.186,0.186,0.186,0,0
1841.HK,D,20240325,000000,0.186,0.186,0.186,0.186,0,0
1841.HK,D,20240326,000000,0.188,0.188,0.188,0.188,0,0
1841.HK,D,20240327,000000,0.188,0.188,0.188,0.188,50000,0
1841.HK,D,20240328,000000,0.188,0.188,0.188,0.188,0,0
1841.HK,D,20240402,000000,0.188,0.188,0.188,0.188,0,0
1841.HK,D,20240403,000000,0.188,0.188,0.188,0.188,0,0
1841.HK,D,20240405,000000,0.19,0.19,0.19,0.19,60000,0
1841.HK,D,20240408,000000,0.19,0.19,0.19,0.19,0,0
1841.HK,D,20240409,000000,0.19,0.19,0.19,0.19,0,0
1841.HK,D,20240410,000000,0.19,0.19,0.19,0.19,0,0
1841.HK,D,20240411,000000,0.19,0.19,0.19,0.19,0,0
1841.HK,D,20240412,000000,0.19,0.19,0.19,0.19,0,0
1841.HK,D,20240415,000000,0.19,0.19,0.19,0.19,0,0
1841.HK,D,20240416,000000,0.19,0.19,0.19,0.19,0,0
1841.HK,D,20240417,000000,0.19,0.19,0.19,0.19,0,0
1841.HK,D,20240418,000000,0.19,0.19,0.19,0.19,0,0
1841.HK,D,20240419,000000,0.19,0.19,0.19,0.19,10000,0
1841.HK,D,20240422,000000,0.19,0.19,0.19,0.19,0,0
1841.HK,D,20240423,000000,0.19,0.19,0.19,0.19,0,0
1841.HK,D,20240424,000000,0.19,0.19,0.19,0.19,0,0
1841.HK,D,20240425,000000,0.19,0.19,0.19,0.19,80000,0
1841.HK,D,20240426,000000,0.19,0.19,0.19,0.19,0,0
1841.HK,D,20240429,000000,0.19,0.19,0.19,0.19,0,0
1841.HK,D,20240430,000000,0.19,0.19,0.19,0.19,0,0
1841.HK,D,20240502,000000,0.18,0.18,0.18,0.18,10000,0
1841.HK,D,20240503,000000,0.18,0.18,0.18,0.18,0,0
1841.HK,D,20240506,000000,0.18,0.18,0.18,0.18,0,0
1841.HK,D,20240507,000000,0.186,0.186,0.186,0.186,0,0
1841.HK,D,20240508,000000,0.19,0.19,0.166,0.167,90000,0
1841.HK,D,20240509,000000,0.171,0.171,0.171,0.171,0,0
1841.HK,D,20240510,000000,0.171,0.171,0.171,0.171,0,0
1841.HK,D,20240513,000000,0.173,0.173,0.173,0.173,10000,0
1841.HK,D,20240514,000000,0.18,0.18,0.18,0.18,0,0
1841.HK,D,20240516,000000,0.171,0.174,0.171,0.174,10000,0
1841.HK,D,20240517,000000,0.174,0.174,0.174,0.174,0,0
1841.HK,D,20240520,000000,0.183,0.183,0.183,0.183,30000,0
1841.HK,D,20240521,000000,0.185,0.185,0.185,0.185,0,0
1841.HK,D,20240522,000000,0.185,0.185,0.185,0.185,0,0
1841.HK,D,20240523,000000,0.185,0.185,0.185,0.185,0,0
1841.HK,D,20240524,000000,0.185,0.185,0.185,0.185,0,0
1841.HK,D,20240527,000000,0.186,0.186,0.186,0.186,0,0
1841.HK,D,20240528,000000,0.189,0.189,0.189,0.189,0,0
1841.HK,D,20240529,000000,0.19,0.19,0.19,0.19,0,0
1841.HK,D,20240530,000000,0.19,0.19,0.19,0.19,0,0
1841.HK,D,20240531,000000,0.192,0.192,0.192,0.192,0,0
1841.HK,D,20240603,000000,0.192,0.192,0.192,0.192,0,0
1841.HK,D,20240604,000000,0.192,0.192,0.192,0.192,0,0
1841.HK,D,20240605,000000,0.21,0.21,0.21,0.21,200000,0
1841.HK,D,20240606,000000,0.21,0.21,0.21,0.21,0,0
1841.HK,D,20240607,000000,0.21,0.21,0.21,0.21,0,0
1841.HK,D,20240611,000000,0.21,0.21,0.21,0.21,0,0
1841.HK,D,20240612,000000,0.21,0.21,0.21,0.21,0,0
1841.HK,D,20240613,000000,0.21,0.21,0.21,0.21,0,0
1841.HK,D,20240614,000000,0.211,0.211,0.21,0.21,10000,0
1841.HK,D,20240617,000000,0.21,0.21,0.21,0.21,0,0
1841.HK,D,20240618,000000,0.21,0.21,0.21,0.21,0,0
1841.HK,D,20240619,000000,0.21,0.21,0.21,0.21,0,0
1841.HK,D,20240620,000000,0.21,0.21,0.21,0.21,0,0
1841.HK,D,20240621,000000,0.21,0.21,0.21,0.21,0,0
1841.HK,D,20240624,000000,0.21,0.21,0.21,0.21,0,0
1841.HK,D,20240625,000000,0.21,0.21,0.21,0.21,0,0
1841.HK,D,20240626,000000,0.21,0.21,0.21,0.21,0,0
1841.HK,D,20240627,000000,0.21,0.21,0.21,0.21,0,0
1841.HK,D,20240628,000000,0.21,0.21,0.21,0.21,0,0
1841.HK,D,20240702,000000,0.21,0.21,0.21,0.21,0,0
1841.HK,D,20240703,000000,0.21,0.21,0.21,0.21,0,0
1841.HK,D,20240704,000000,0.21,0.21,0.21,0.21,0,0
1841.HK,D,20240705,000000,0.21,0.21,0.21,0.21,0,0
1841.HK,D,20240708,000000,0.205,0.205,0.205,0.205,0,0
1841.HK,D,20240709,000000,0.205,0.205,0.205,0.205,0,0
1841.HK,D,20240710,000000,0.205,0.205,0.205,0.205,0,0
1841.HK,D,20240711,000000,0.205,0.205,0.205,0.205,0,0
1841.HK,D,20240712,000000,0.205,0.205,0.205,0.205,0,0
1841.HK,D,20240715,000000,0.205,0.205,0.205,0.205,0,0
1841.HK,D,20240716,000000,0.205,0.205,0.205,0.205,0,0
1841.HK,D,20240717,000000,0.205,0.205,0.205,0.205,0,0
1841.HK,D,20240718,000000,0.205,0.205,0.205,0.205,0,0
1841.HK,D,20240719,000000,0.205,0.205,0.205,0.205,0,0
1841.HK,D,20240722,000000,0.198,0.198,0.198,0.198,0,0
1841.HK,D,20240723,000000,0.198,0.198,0.198,0.198,0,0
1841.HK,D,20240724,000000,0.198,0.198,0.198,0.198,0,0
1841.HK,D,20240725,000000,0.192,0.192,0.191,0.191,30000,0
1841.HK,D,20240726,000000,0.191,0.191,0.191,0.191,0,0
1841.HK,D,20240729,000000,0.191,0.191,0.191,0.191,0,0
1841.HK,D,20240730,000000,0.191,0.191,0.191,0.191,0,0
1841.HK,D,20240731,000000,0.19,0.19,0.19,0.19,100000,0
1841.HK,D,20240801,000000,0.19,0.19,0.19,0.19,0,0
1841.HK,D,20240802,000000,0.19,0.19,0.19,0.19,0,0
1841.HK,D,20240805,000000,0.19,0.19,0.19,0.19,0,0
1841.HK,D,20240806,000000,0.19,0.19,0.19,0.19,0,0
1841.HK,D,20240807,000000,0.19,0.19,0.19,0.19,0,0
1841.HK,D,20240808,000000,0.19,0.19,0.19,0.19,0,0
1841.HK,D,20240809,000000,0.19,0.19,0.19,0.19,0,0
1841.HK,D,20240812,000000,0.19,0.19,0.19,0.19,0,0
1841.HK,D,20240813,000000,0.18,0.18,0.18,0.18,40000,0
1841.HK,D,20240814,000000,0.18,0.18,0.18,0.18,0,0
1841.HK,D,20240815,000000,0.18,0.18,0.18,0.18,0,0
1841.HK,D,20240816,000000,0.18,0.18,0.18,0.18,0,0
1841.HK,D,20240819,000000,0.18,0.18,0.18,0.18,0,0
1841.HK,D,20240820,000000,0.18,0.18,0.18,0.18,0,0
1841.HK,D,20240821,000000,0.18,0.18,0.18,0.18,0,0
1841.HK,D,20240822,000000,0.18,0.18,0.18,0.18,0,0
1841.HK,D,20240823,000000,0.18,0.18,0.18,0.18,0,0
1841.HK,D,20240826,000000,0.18,0.18,0.179,0.18,50000,0
1841.HK,D,20240827,000000,0.18,0.18,0.18,0.18,40000,0
1841.HK,D,20240828,000000,0.18,0.18,0.18,0.18,0,0
1841.HK,D,20240829,000000,0.18,0.18,0.18,0.18,0,0
1841.HK,D,20240830,000000,0.18,0.18,0.18,0.18,0,0
1841.HK,D,20240902,000000,0.18,0.18,0.18,0.18,0,0
1841.HK,D,20240903,000000,0.18,0.18,0.18,0.18,0,0
1841.HK,D,20240904,000000,0.18,0.18,0.18,0.18,0,0
1841.HK,D,20240905,000000,0.18,0.18,0.18,0.18,0,0
1841.HK,D,20240909,000000,0.18,0.18,0.18,0.18,0,0
1841.HK,D,20240910,000000,0.18,0.18,0.18,0.18,0,0
1841.HK,D,20240911,000000,0.18,0.18,0.18,0.18,0,0
1841.HK,D,20240912,000000,0.18,0.18,0.18,0.18,0,0
1841.HK,D,20240913,000000,0.18,0.18,0.18,0.18,240000,0
1841.HK,D,20240916,000000,0.18,0.18,0.18,0.18,0,0
1841.HK,D,20240917,000000,0.185,0.185,0.185,0.185,200000,0
1841.HK,D,20240919,000000,0.185,0.185,0.185,0.185,0,0
1841.HK,D,20240920,000000,0.185,0.185,0.185,0.185,0,0
1841.HK,D,20240923,000000,0.185,0.185,0.185,0.185,0,0
1841.HK,D,20240924,000000,0.185,0.185,0.185,0.185,0,0
1841.HK,D,20240925,000000,0.185,0.185,0.185,0.185,0,0
1841.HK,D,20240926,000000,0.19,0.19,0.186,0.186,100000,0
1841.HK,D,20240927,000000,0.187,0.187,0.187,0.187,0,0
1841.HK,D,20240930,000000,0.174,0.185,0.174,0.181,190000,0
1841.HK,D,20241002,000000,0.174,0.182,0.174,0.182,20000,0
1841.HK,D,20241003,000000,0.185,0.185,0.185,0.185,10000,0
1841.HK,D,20241004,000000,0.186,0.186,0.186,0.186,0,0
1841.HK,D,20241007,000000,0.186,0.215,0.186,0.215,40000,0
1841.HK,D,20241008,000000,0.215,0.215,0.215,0.215,0,0
1841.HK,D,20241009,000000,0.215,0.215,0.215,0.215,0,0
1841.HK,D,20241010,000000,0.215,0.215,0.215,0.215,0,0
1841.HK,D,20241014,000000,0.215,0.215,0.215,0.215,0,0
1841.HK,D,20241015,000000,0.215,0.215,0.215,0.215,0,0
1841.HK,D,20241016,000000,0.215,0.215,0.215,0.215,0,0
1841.HK,D,20241017,000000,0.215,0.215,0.215,0.215,0,0
1841.HK,D,20241018,000000,0.215,0.215,0.215,0.215,0,0
1841.HK,D,20241021,000000,0.215,0.215,0.215,0.215,0,0
1841.HK,D,20241022,000000,0.215,0.215,0.215,0.215,0,0
1841.HK,D,20241023,000000,0.215,0.215,0.215,0.215,10000,0
1841.HK,D,20241024,000000,0.2,0.2,0.2,0.2,0,0
1841.HK,D,20241025,000000,0.18,0.18,0.18,0.18,10000,0
1841.HK,D,20241028,000000,0.18,0.18,0.18,0.18,0,0
1841.HK,D,20241029,000000,0.18,0.18,0.18,0.18,0,0
1841.HK,D,20241030,000000,0.18,0.18,0.18,0.18,0,0
1841.HK,D,20241031,000000,0.182,0.182,0.182,0.182,0,0
1841.HK,D,20241101,000000,0.182,0.182,0.182,0.182,0,0
1841.HK,D,20241104,000000,0.182,0.182,0.182,0.182,0,0
1841.HK,D,20241105,000000,0.175,0.175,0.174,0.175,230000,0
1841.HK,D,20241106,000000,0.175,0.175,0.17,0.172,200000,0
1841.HK,D,20241107,000000,0.156,0.156,0.156,0.156,140000,0
1841.HK,D,20241108,000000,0.166,0.166,0.166,0.166,0,0
1841.HK,D,20241111,000000,0.15,0.15,0.134,0.15,1320000,0
1841.HK,D,20241112,000000,0.155,0.155,0.155,0.155,0,0
1841.HK,D,20241113,000000,0.155,0.155,0.155,0.155,0,0
1841.HK,D,20241114,000000,0.155,0.155,0.155,0.155,0,0
1841.HK,D,20241115,000000,0.155,0.155,0.155,0.155,0,0
1841.HK,D,20241118,000000,0.14,0.15,0.14,0.15,80000,0
1841.HK,D,20241119,000000,0.153,0.153,0.153,0.153,0,0
1841.HK,D,20241120,000000,0.153,0.153,0.135,0.153,470000,0
1841.HK,D,20241121,000000,0.153,0.153,0.153,0.153,0,0
1841.HK,D,20241122,000000,0.153,0.153,0.153,0.153,0,0
1841.HK,D,20241125,000000,0.153,0.153,0.153,0.153,0,0
1841.HK,D,20241126,000000,0.153,0.153,0.153,0.153,0,0
1841.HK,D,20241127,000000,0.153,0.153,0.153,0.153,0,0
1841.HK,D,20241128,000000,0.153,0.153,0.153,0.153,0,0
1841.HK,D,20241129,000000,0.169,0.169,0.16,0.16,300000,0
1841.HK,D,20241202,000000,0.16,0.16,0.16,0.16,0,0
1841.HK,D,20241203,000000,0.16,0.16,0.16,0.16,0,0
1841.HK,D,20241204,000000,0.16,0.16,0.16,0.16,0,0
1841.HK,D,20241205,000000,0.16,0.16,0.16,0.16,0,0
1841.HK,D,20241206,000000,0.16,0.16,0.16,0.16,0,0
1841.HK,D,20241209,000000,0.16,0.16,0.16,0.16,0,0
1841.HK,D,20241210,000000,0.16,0.16,0.16,0.16,0,0
1841.HK,D,20241211,000000,0.15,0.15,0.15,0.15,0,0
1841.HK,D,20241212,000000,0.15,0.15,0.15,0.15,0,0
1841.HK,D,20241213,000000,0.15,0.15,0.15,0.15,0,0
1841.HK,D,20241216,000000,0.15,0.15,0.15,0.15,0,0
1841.HK,D,20241217,000000,0.15,0.15,0.15,0.15,0,0
1841.HK,D,20241218,000000,0.15,0.15,0.15,0.15,0,0
1841.HK,D,20241219,000000,0.15,0.15,0.15,0.15,0,0
1841.HK,D,20241220,000000,0.15,0.15,0.15,0.15,0,0
1841.HK,D,20241223,000000,0.15,0.15,0.15,0.15,0,0
1841.HK,D,20241224,000000,0.15,0.15,0.15,0.15,0,0
1841.HK,D,20241227,000000,0.15,0.15,0.15,0.15,0,0
1841.HK,D,20241230,000000,0.15,0.15,0.15,0.15,0,0
1841.HK,D,20241231,000000,0.15,0.15,0.15,0.15,0,0
1841.HK,D,20250102,000000,0.15,0.15,0.15,0.15,0,0
1841.HK,D,20250103,000000,0.15,0.15,0.15,0.15,0,0
1841.HK,D,20250106,000000,0.155,0.155,0.155,0.155,0,0
1841.HK,D,20250107,000000,0.155,0.155,0.155,0.155,0,0
1841.HK,D,20250108,000000,0.155,0.155,0.155,0.155,0,0
1841.HK,D,20250109,000000,0.155,0.155,0.155,0.155,0,0
1841.HK,D,20250110,000000,0.155,0.155,0.155,0.155,0,0
1841.HK,D,20250113,000000,0.155,0.155,0.155,0.155,0,0
1841.HK,D,20250114,000000,0.155,0.155,0.155,0.155,0,0
1841.HK,D,20250115,000000,0.15,0.155,0.15,0.155,20000,0
1841.HK,D,20250116,000000,0.155,0.155,0.155,0.155,0,0
1841.HK,D,20250117,000000,0.155,0.155,0.155,0.155,0,0
1841.HK,D,20250120,000000,0.155,0.155,0.155,0.155,0,0
1841.HK,D,20250121,000000,0.155,0.155,0.155,0.155,0,0
1841.HK,D,20250122,000000,0.155,0.155,0.155,0.155,0,0
1841.HK,D,20250123,000000,0.155,0.155,0.155,0.155,0,0
1841.HK,D,20250124,000000,0.155,0.155,0.155,0.155,0,0
1841.HK,D,20250127,000000,0.145,0.166,0.145,0.166,390000,0
1841.HK,D,20250128,000000,0.166,0.166,0.166,0.166,0,0
1841.HK,D,20250203,000000,0.166,0.166,0.166,0.166,0,0
1841.HK,D,20250204,000000,0.174,0.174,0.17,0.17,310000,0
1841.HK,D,20250205,000000,0.17,0.17,0.17,0.17,100000,0
1841.HK,D,20250206,000000,0.164,0.165,0.164,0.165,90000,0
1841.HK,D,20250207,000000,0.165,0.165,0.165,0.165,0,0
1841.HK,D,20250210,000000,0.165,0.165,0.165,0.165,0,0
1841.HK,D,20250211,000000,0.165,0.165,0.165,0.165,0,0
1841.HK,D,20250212,000000,0.163,0.17,0.163,0.17,30000,0
1841.HK,D,20250213,000000,0.19,0.205,0.185,0.205,350000,0
1841.HK,D,20250214,000000,0.205,0.205,0.205,0.205,0,0
1841.HK,D,20250217,000000,0.205,0.205,0.205,0.205,0,0
1841.HK,D,20250218,000000,0.205,0.205,0.205,0.205,0,0
1841.HK,D,20250219,000000,0.205,0.205,0.205,0.205,0,0
1841.HK,D,20250220,000000,0.205,0.205,0.205,0.205,0,0
1841.HK,D,20250221,000000,0.205,0.205,0.205,0.205,0,0
1841.HK,D,20250224,000000,0.206,0.206,0.206,0.206,0,0
1841.HK,D,20250225,000000,0.206,0.206,0.206,0.206,0,0
1841.HK,D,20250226,000000,0.206,0.206,0.206,0.206,0,0
1841.HK,D,20250227,000000,0.206,0.206,0.206,0.206,0,0
1841.HK,D,20250228,000000,0.206,0.206,0.206,0.206,0,0
1841.HK,D,20250303,000000,0.206,0.206,0.206,0.206,0,0
1841.HK,D,20250304,000000,0.206,0.206,0.206,0.206,0,0
1841.HK,D,20250305,000000,0.206,0.206,0.206,0.206,0,0
1841.HK,D,20250306,000000,0.206,0.206,0.206,0.206,0,0
1841.HK,D,20250307,000000,0.215,0.215,0.21,0.21,290000,0
1841.HK,D,20250310,000000,0.21,0.21,0.21,0.21,0,0
1841.HK,D,20250311,000000,0.23,0.23,0.21,0.21,10000,0
1841.HK,D,20250312,000000,0.221,0.223,0.212,0.221,620000,0
1841.HK,D,20250313,000000,0.221,0.221,0.221,0.221,0,0
1841.HK,D,20250314,000000,0.23,0.23,0.23,0.23,60000,0
1841.HK,D,20250317,000000,0.23,0.23,0.23,0.23,0,0
1841.HK,D,20250318,000000,0.23,0.23,0.23,0.23,100000,0
1841.HK,D,20250319,000000,0.23,0.23,0.23,0.23,0,0
1841.HK,D,20250320,000000,0.23,0.23,0.23,0.23,0,0
1841.HK,D,20250321,000000,0.23,0.23,0.23,0.23,0,0
1841.HK,D,20250324,000000,0.23,0.23,0.23,0.23,0,0
1841.HK,D,20250325,000000,0.23,0.23,0.23,0.23,0,0
1841.HK,D,20250326,000000,0.23,0.23,0.23,0.23,50000,0
1841.HK,D,20250327,000000,0.23,0.23,0.23,0.23,0,0
1841.HK,D,20250328,000000,0.23,0.23,0.23,0.23,0,0
1841.HK,D,20250331,000000,0.25,0.25,0.25,0.25,50000,0
1841.HK,D,20250401,000000,0.25,0.25,0.25,0.25,0,0
1841.HK,D,20250402,000000,0.25,0.25,0.25,0.25,400000,0
1841.HK,D,20250403,000000,0.25,0.25,0.25,0.25,0,0
1841.HK,D,20250407,000000,0.25,0.25,0.25,0.25,0,0
1841.HK,D,20250408,000000,0.25,0.25,0.25,0.25,0,0
1841.HK,D,20250409,000000,0.25,0.25,0.25,0.25,0,0
1841.HK,D,20250410,000000,0.25,0.25,0.25,0.25,0,0
1841.HK,D,20250411,000000,0.211,0.23,0.211,0.211,50000,0
1841.HK,D,20250414,000000,0.211,0.211,0.211,0.211,0,0
1841.HK,D,20250415,000000,0.214,0.214,0.213,0.214,40000,0
1841.HK,D,20250416,000000,0.214,0.214,0.214,0.214,0,0
1841.HK,D,20250417,000000,0.214,0.214,0.214,0.214,0,0
