<TICKER>,<PER>,<DATE>,<TIME>,<OPEN>,<HIGH>,<LOW>,<CLOSE>,<VOL>,<OPENINT>
1843.HK,D,20191023,000000,1.11599,1.7537,0.534553,0.572064,612304902.38491,0
1843.HK,D,20191024,000000,0.572064,0.581443,0.49704,0.506418,66868484.488803,0
1843.HK,D,20191025,000000,0.506418,0.534553,0.468906,0.487662,40430321.44598,0
1843.HK,D,20191028,000000,0.487662,0.487662,0.44546,0.459527,31968061.951432,0
1843.HK,D,20191029,000000,0.459527,0.49704,0.454838,0.468906,21339054.56211,0
1843.HK,D,20191030,000000,0.478284,0.487662,0.454838,0.459527,20919215.16811,0
1843.HK,D,20191031,000000,0.459527,0.459527,0.417326,0.422015,23840624.720151,0
1843.HK,D,20191101,000000,0.417326,0.422015,0.407947,0.417326,14992359.941199,0
1843.HK,D,20191104,000000,0.417326,0.436082,0.398569,0.412638,21539521.394894,0
1843.HK,D,20191105,000000,0.407947,0.44546,0.403258,0.417326,26572518.473305,0
1843.HK,D,20191106,000000,0.422015,0.440771,0.412638,0.417326,10897718.250288,0
1843.HK,D,20191107,000000,0.417326,0.431393,0.412638,0.412638,6333898.8656273,0
1843.HK,D,20191108,000000,0.417326,0.417326,0.398569,0.403258,6943829.8675025,0
1843.HK,D,20191111,000000,0.393881,0.398569,0.370435,0.379814,10168360.199095,0
1843.HK,D,20191112,000000,0.375125,0.389191,0.370435,0.375125,4636328.664604,0
1843.HK,D,20191113,000000,0.370435,0.393881,0.356369,0.370435,12876795.067561,0
1843.HK,D,20191114,000000,0.365747,0.370435,0.356369,0.361058,5551225.1674168,0
1843.HK,D,20191115,000000,0.361058,0.361058,0.332923,0.342301,12019479.463527,0
1843.HK,D,20191118,000000,0.337611,0.337611,0.328234,0.328234,3900572.7357685,0
1843.HK,D,20191119,000000,0.337611,0.356369,0.332923,0.34699,6316837.8585818,0
1843.HK,D,20191120,000000,0.342301,0.365747,0.337611,0.351678,6141962.5363659,0
1843.HK,D,20191121,000000,0.34699,0.34699,0.328234,0.328234,5397676.1040076,0
1843.HK,D,20191122,000000,0.323545,0.323545,0.3001,0.314167,10833739.473868,0
1843.HK,D,20191125,000000,0.309478,0.314167,0.3001,0.309478,4337761.0413084,0
1843.HK,D,20191126,000000,0.309478,0.365747,0.309478,0.351678,13490991.321198,0
1843.HK,D,20191127,000000,0.370435,0.436082,0.365747,0.436082,82656313.883496,0
1843.HK,D,20191128,000000,0.422015,0.426705,0.365747,0.370435,32522544.68041,0
1843.HK,D,20191129,000000,0.361058,0.375125,0.342301,0.356369,8440933.2357417,0
1843.HK,D,20191202,000000,0.412638,0.703358,0.398569,0.665845,334732692.98017,0
1843.HK,D,20191203,000000,0.628334,0.656468,0.440771,0.54393,295829331.66477,0
1843.HK,D,20191204,000000,0.534553,0.6002,0.506418,0.525174,99559506.613786,0
1843.HK,D,20191205,000000,0.54393,0.553309,0.487662,0.49704,29033568.739613,0
1843.HK,D,20191206,000000,0.49704,0.553309,0.478284,0.515796,48372220.225643,0
1843.HK,D,20191209,000000,0.515796,0.525174,0.487662,0.49704,12953569.599266,0
1843.HK,D,20191210,000000,0.49704,0.515796,0.464216,0.468906,23759584.936684,0
1843.HK,D,20191211,000000,0.459527,0.478284,0.44546,0.450149,16540646.330574,0
1843.HK,D,20191212,000000,0.450149,0.478284,0.44546,0.459527,12680593.486538,0
1843.HK,D,20191213,000000,0.464216,0.478284,0.440771,0.44546,10590620.123469,0
1843.HK,D,20191216,000000,0.440771,0.440771,0.422015,0.426705,10897718.250288,0
1843.HK,D,20191217,000000,0.426705,0.450149,0.417326,0.440771,17103659.563074,0
1843.HK,D,20191218,000000,0.436082,0.44546,0.422015,0.431393,4602206.650513,0
1843.HK,D,20191219,000000,0.426705,0.454838,0.422015,0.440771,8850397.4048328,0
1843.HK,D,20191220,000000,0.440771,0.450149,0.426705,0.436082,6342429.36915,0
1843.HK,D,20191223,000000,0.436082,0.44546,0.426705,0.431393,3958153.6345469,0
1843.HK,D,20191224,000000,0.426705,0.436082,0.426705,0.431393,1735957.4668756,0
1843.HK,D,20191227,000000,0.431393,0.431393,0.422015,0.431393,3881379.1028423,0
1843.HK,D,20191230,000000,0.431393,0.431393,0.422015,0.431393,2554885.8050577,0
1843.HK,D,20191231,000000,0.426705,0.426705,0.422015,0.422015,2542090.0497736,0
1843.HK,D,20200102,000000,0.422015,0.422015,0.398569,0.403258,8739500.8590373,0
1843.HK,D,20200103,000000,0.407947,0.407947,0.379814,0.389191,4674715.9304562,0
1843.HK,D,20200106,000000,0.379814,0.379814,0.356369,0.361058,7796880.2197756,0
1843.HK,D,20200107,000000,0.365747,0.398569,0.365747,0.375125,8880254.1671623,0
1843.HK,D,20200108,000000,0.375125,0.379814,0.365747,0.365747,3736360.5429559,0
1843.HK,D,20200109,000000,0.370435,0.375125,0.365747,0.370435,2495172.2803986,0
1843.HK,D,20200110,000000,0.370435,0.370435,0.356369,0.365747,3041124.5058534,0
1843.HK,D,20200113,000000,0.361058,0.365747,0.34699,0.351678,3570015.7242627,0
1843.HK,D,20200114,000000,0.34699,0.356369,0.342301,0.356369,2162482.6430121,0
1843.HK,D,20200115,000000,0.356369,0.356369,0.34699,0.34699,1032190.9262504,0
1843.HK,D,20200116,000000,0.356369,0.407947,0.351678,0.393881,21317728.303303,0
1843.HK,D,20200117,000000,0.398569,0.403258,0.370435,0.379814,7464190.5823891,0
1843.HK,D,20200120,000000,0.375125,0.393881,0.370435,0.375125,2320296.9581827,0
1843.HK,D,20200121,000000,0.370435,0.370435,0.34699,0.356369,4239660.250797,0
1843.HK,D,20200122,000000,0.351678,0.370435,0.351678,0.365747,2136891.132444,0
1843.HK,D,20200123,000000,0.356369,0.356369,0.342301,0.356369,3855787.5922741,0
1843.HK,D,20200124,000000,0.34699,0.351678,0.34699,0.351678,1748753.2221597,0
1843.HK,D,20200129,000000,0.337611,0.337611,0.318856,0.328234,3117899.0375579,0
1843.HK,D,20200130,000000,0.332923,0.332923,0.304789,0.304789,5433930.7439792,0
1843.HK,D,20200131,000000,0.304789,0.323545,0.3001,0.314167,4056254.4250583,0
1843.HK,D,20200203,000000,0.304789,0.314167,0.304789,0.309478,2729761.1272737,0
1843.HK,D,20200204,000000,0.314167,0.328234,0.309478,0.328234,2307501.2028986,0
1843.HK,D,20200205,000000,0.328234,0.351678,0.328234,0.342301,7886450.5067642,0
1843.HK,D,20200206,000000,0.337611,0.34699,0.332923,0.342301,1526960.1305687,0
1843.HK,D,20200207,000000,0.332923,0.342301,0.323545,0.337611,1437389.8435801,0
1843.HK,D,20200210,000000,0.328234,0.328234,0.318856,0.328234,1428859.3400573,0
1843.HK,D,20200211,000000,0.328234,0.337611,0.328234,0.332923,1091904.4509095,0
1843.HK,D,20200212,000000,0.332923,0.332923,0.318856,0.332923,1462981.3541483,0
1843.HK,D,20200213,000000,0.328234,0.328234,0.318856,0.328234,865846.10755713,0
1843.HK,D,20200214,000000,0.318856,0.323545,0.314167,0.318856,648318.26772751,0
1843.HK,D,20200217,000000,0.328234,0.332923,0.323545,0.332923,507564.95960246,0
1843.HK,D,20200218,000000,0.318856,0.328234,0.318856,0.323545,452116.68670471,0
1843.HK,D,20200219,000000,0.318856,0.328234,0.318856,0.328234,1126026.4650004,0
1843.HK,D,20200220,000000,0.318856,0.328234,0.318856,0.323545,490503.952557,0
1843.HK,D,20200221,000000,0.318856,0.323545,0.318856,0.318856,989538.40863672,0
1843.HK,D,20200224,000000,0.309478,0.314167,0.304789,0.314167,2066514.4783814,0
1843.HK,D,20200225,000000,0.309478,0.314167,0.304789,0.314167,699501.28886389,0
1843.HK,D,20200226,000000,0.309478,0.318856,0.304789,0.318856,1108965.4579549,0
1843.HK,D,20200227,000000,0.309478,0.314167,0.309478,0.309478,422259.92437515,0
1843.HK,D,20200228,000000,0.314167,0.314167,0.3001,0.309478,917029.12869351,0
1843.HK,D,20200302,000000,0.309478,0.309478,0.29541,0.309478,1501368.6200005,0
1843.HK,D,20200303,000000,0.3001,0.309478,0.3001,0.304789,413729.42085242,0
1843.HK,D,20200304,000000,0.304789,0.309478,0.3001,0.309478,524625.96664792,0
1843.HK,D,20200305,000000,0.309478,0.314167,0.3001,0.309478,1121761.213239,0
1843.HK,D,20200306,000000,0.304789,0.304789,0.290721,0.29541,1390472.074205,0
1843.HK,D,20200309,000000,0.286032,0.286032,0.271966,0.271966,2145421.6359667,0
1843.HK,D,20200310,000000,0.271966,0.276654,0.262587,0.276654,1633591.4246029,0
1843.HK,D,20200311,000000,0.276654,0.276654,0.276654,0.276654,0,0
1843.HK,D,20200312,000000,0.267276,0.267276,0.25321,0.25321,2072912.3560235,0
1843.HK,D,20200313,000000,0.225075,0.239142,0.215696,0.239142,661114.0230116,0
1843.HK,D,20200316,000000,0.230701,0.234452,0.215696,0.225075,1957750.5584666,0
1843.HK,D,20200317,000000,0.208193,0.223198,0.207257,0.223198,1317962.7942618,0
1843.HK,D,20200318,000000,0.215696,0.220386,0.206319,0.208193,1066312.9403413,0
1843.HK,D,20200319,000000,0.189437,0.206319,0.178184,0.206319,1885241.2785234,0
1843.HK,D,20200320,000000,0.208193,0.215696,0.190376,0.206319,533156.47017065,0
1843.HK,D,20200323,000000,0.206319,0.206319,0.186625,0.186625,895702.86988669,0
1843.HK,D,20200324,000000,0.192252,0.290721,0.192252,0.208193,4551023.6293766,0
1843.HK,D,20200325,000000,0.215696,0.216635,0.206319,0.213821,1023660.4227276,0
1843.HK,D,20200326,000000,0.199754,0.211007,0.198816,0.211007,302832.87505693,0
1843.HK,D,20200327,000000,0.211945,0.217573,0.202568,0.206319,336954.88914785,0
1843.HK,D,20200330,000000,0.199754,0.199754,0.199754,0.199754,63978.776420478,0
1843.HK,D,20200331,000000,0.214758,0.214758,0.199754,0.199754,132222.80460232,0
1843.HK,D,20200401,000000,0.204442,0.206319,0.189437,0.204442,110896.54579549,0
1843.HK,D,20200402,000000,0.190376,0.198816,0.190376,0.192252,430790.42789788,0
1843.HK,D,20200403,000000,0.206319,0.206319,0.186625,0.206319,38387.265852287,0
1843.HK,D,20200406,000000,0.211945,0.211945,0.1885,0.193188,226058.34335235,0
1843.HK,D,20200407,000000,0.205381,0.211007,0.19694,0.209132,814663.08642075,0
1843.HK,D,20200408,000000,0.199754,0.223198,0.199754,0.220386,1821262.5021029,0
1843.HK,D,20200409,000000,0.223198,0.276654,0.223198,0.24852,8338567.1934689,0
1843.HK,D,20200414,000000,0.262587,0.267276,0.24852,0.25321,1714631.2080688,0
1843.HK,D,20200415,000000,0.257898,0.257898,0.234452,0.239142,1364880.5636369,0
1843.HK,D,20200416,000000,0.221324,0.234452,0.221324,0.230701,430790.42789788,0
1843.HK,D,20200417,000000,0.230701,0.234452,0.229763,0.234452,430790.42789788,0
1843.HK,D,20200420,000000,0.23164,0.23164,0.219447,0.221324,656848.77125024,0
1843.HK,D,20200421,000000,0.221324,0.221324,0.211945,0.213821,345485.39267058,0
1843.HK,D,20200422,000000,0.207257,0.211945,0.207257,0.21007,490503.952557,0
1843.HK,D,20200423,000000,0.21007,0.211945,0.21007,0.211945,25591.510568191,0
1843.HK,D,20200424,000000,0.211007,0.215696,0.211007,0.211007,456381.93846607,0
1843.HK,D,20200427,000000,0.211945,0.214758,0.211945,0.214758,115161.79755686,0
1843.HK,D,20200428,000000,0.214758,0.232577,0.214758,0.225075,891437.61812532,0
1843.HK,D,20200429,000000,0.225075,0.230701,0.225075,0.22695,823193.58994348,0
1843.HK,D,20200504,000000,0.224137,0.22695,0.218509,0.223198,998068.91215945,0
1843.HK,D,20200505,000000,0.221324,0.234452,0.220386,0.234452,963946.89806853,0
1843.HK,D,20200506,000000,0.234452,0.239142,0.218509,0.225075,712297.04414799,0
1843.HK,D,20200507,000000,0.220386,0.225075,0.218509,0.220386,29856.762329556,0
1843.HK,D,20200508,000000,0.233514,0.233514,0.222261,0.228826,170610.07045461,0
1843.HK,D,20200511,000000,0.223198,0.228826,0.220386,0.224137,516095.46312519,0
1843.HK,D,20200512,000000,0.23164,0.23164,0.227889,0.227889,76774.531704573,0
1843.HK,D,20200513,000000,0.219447,0.221324,0.219447,0.221324,81039.783465938,0
1843.HK,D,20200514,000000,0.221324,0.222261,0.219447,0.219447,183405.8257387,0
1843.HK,D,20200515,000000,0.220386,0.225075,0.220386,0.225075,208997.33630689,0
1843.HK,D,20200518,000000,0.219447,0.220386,0.215696,0.215696,754949.56176164,0
1843.HK,D,20200519,000000,0.224137,0.224137,0.216635,0.223198,191936.32926143,0
1843.HK,D,20200520,000000,0.220386,0.228826,0.213821,0.228826,703766.54062525,0
1843.HK,D,20200521,000000,0.222261,0.23164,0.211007,0.216635,763480.06528437,0
1843.HK,D,20200522,000000,0.203505,0.215696,0.203505,0.211007,712297.04414799,0
1843.HK,D,20200525,000000,0.193188,0.213821,0.193188,0.212883,166344.81869324,0
1843.HK,D,20200526,000000,0.211945,0.214758,0.204442,0.214758,597135.24659113,0
1843.HK,D,20200527,000000,0.214758,0.214758,0.202568,0.204442,447851.43494334,0
1843.HK,D,20200528,000000,0.221324,0.221324,0.20163,0.203505,153549.06340915,0
1843.HK,D,20200529,000000,0.219447,0.223198,0.214758,0.214758,25591.510568191,0
1843.HK,D,20200601,000000,0.208193,0.209132,0.19694,0.208193,430790.42789788,0
1843.HK,D,20200602,000000,0.208193,0.208193,0.208193,0.208193,0,0
1843.HK,D,20200603,000000,0.199754,0.208193,0.199754,0.208193,354015.89619331,0
1843.HK,D,20200604,000000,0.211945,0.211945,0.211945,0.211945,29856.762329556,0
1843.HK,D,20200605,000000,0.200691,0.215696,0.200691,0.211945,272976.11272737,0
1843.HK,D,20200608,000000,0.211945,0.211945,0.20163,0.209132,51183.021136382,0
1843.HK,D,20200609,000000,0.206319,0.21007,0.20163,0.21007,563013.2325002,0
1843.HK,D,20200610,000000,0.205381,0.209132,0.205381,0.209132,187671.07750007,0
1843.HK,D,20200611,000000,0.208193,0.208193,0.208193,0.208193,0,0
1843.HK,D,20200612,000000,0.190376,0.208193,0.190376,0.208193,25591.510568191,0
1843.HK,D,20200615,000000,0.207257,0.207257,0.194127,0.207257,260180.35744328,0
1843.HK,D,20200616,000000,0.19694,0.19694,0.193188,0.19694,695236.03710252,0
1843.HK,D,20200617,000000,0.192252,0.19694,0.1885,0.195065,545952.22545474,0
1843.HK,D,20200618,000000,0.206319,0.206319,0.198816,0.206319,268710.86096601,0
1843.HK,D,20200619,000000,0.205381,0.205381,0.205381,0.205381,127957.55284096,0
1843.HK,D,20200622,000000,0.194127,0.21007,0.192252,0.21007,332689.63738648,0
1843.HK,D,20200623,000000,0.209132,0.209132,0.192252,0.202568,200466.83278416,0
1843.HK,D,20200624,000000,0.192252,0.202568,0.192252,0.198816,362546.39971604,0
1843.HK,D,20200626,000000,0.202568,0.202568,0.198816,0.202568,1207066.2484663,0
1843.HK,D,20200629,000000,0.19694,0.207257,0.19694,0.207257,191936.32926143,0
1843.HK,D,20200630,000000,0.207257,0.211007,0.204442,0.21007,460647.19022744,0
1843.HK,D,20200702,000000,0.223198,0.227889,0.206319,0.212883,1373411.0671596,0
1843.HK,D,20200703,000000,0.206319,0.214758,0.206319,0.21007,174875.32221597,0
1843.HK,D,20200706,000000,0.197878,0.21007,0.197878,0.208193,695236.03710252,0
1843.HK,D,20200707,000000,0.203505,0.209132,0.20163,0.205381,349750.64443194,0
1843.HK,D,20200708,000000,0.205381,0.206319,0.195065,0.205381,460647.19022744,0
1843.HK,D,20200709,000000,0.205381,0.205381,0.191314,0.202568,452116.68670471,0
1843.HK,D,20200710,000000,0.194127,0.206319,0.192252,0.200691,115161.79755686,0
1843.HK,D,20200713,000000,0.187562,0.203505,0.187562,0.200691,1492838.1164778,0
1843.HK,D,20200714,000000,0.200691,0.206319,0.200691,0.205381,835989.34522758,0
1843.HK,D,20200715,000000,0.200691,0.205381,0.196003,0.205381,1138822.2202845,0
1843.HK,D,20200716,000000,0.20163,0.21007,0.19694,0.203505,345485.39267058,0
1843.HK,D,20200717,000000,0.196003,0.199754,0.196003,0.199754,200466.83278416,0
1843.HK,D,20200720,000000,0.199754,0.199754,0.199754,0.199754,0,0
1843.HK,D,20200721,000000,0.190376,0.203505,0.190376,0.196003,145018.55988642,0
1843.HK,D,20200722,000000,0.202568,0.202568,0.187562,0.195065,221793.09159099,0
1843.HK,D,20200723,000000,0.1885,0.196003,0.187562,0.195065,153549.06340915,0
1843.HK,D,20200724,000000,0.194127,0.194127,0.1885,0.192252,170610.07045461,0
1843.HK,D,20200727,000000,0.187562,0.187562,0.182873,0.183811,720827.54767072,0
1843.HK,D,20200728,000000,0.179122,0.182873,0.178184,0.179122,878641.86284123,0
1843.HK,D,20200729,000000,0.179122,0.182873,0.179122,0.180998,132222.80460232,0
1843.HK,D,20200730,000000,0.180998,0.189437,0.179122,0.185686,251649.85392055,0
1843.HK,D,20200731,000000,0.185686,0.185686,0.185686,0.185686,4265.2517613652,0
1843.HK,D,20200803,000000,0.170682,0.186625,0.170682,0.185686,243119.35039782,0
1843.HK,D,20200804,000000,0.174433,0.191314,0.174433,0.190376,392403.1620456,0
1843.HK,D,20200805,000000,0.183811,0.190376,0.182873,0.183811,140753.30812505,0
1843.HK,D,20200806,000000,0.183811,0.183811,0.179122,0.18006,140753.30812505,0
1843.HK,D,20200807,000000,0.179122,0.179122,0.178184,0.178184,76774.531704573,0
1843.HK,D,20200810,000000,0.178184,0.18006,0.178184,0.18006,332689.63738648,0
1843.HK,D,20200811,000000,0.173495,0.183811,0.172557,0.183811,153549.06340915,0
1843.HK,D,20200812,000000,0.183811,0.183811,0.183811,0.183811,0,0
1843.HK,D,20200813,000000,0.195065,0.195065,0.180998,0.181936,247384.60215918,0
1843.HK,D,20200814,000000,0.173495,0.186625,0.173495,0.184749,127957.55284096,0
1843.HK,D,20200817,000000,0.174433,0.189437,0.174433,0.186625,179140.57397734,0
1843.HK,D,20200818,000000,0.186625,0.189437,0.184749,0.186625,179140.57397734,0
1843.HK,D,20200819,000000,0.187562,0.187562,0.186625,0.186625,38387.265852287,0
1843.HK,D,20200820,000000,0.18006,0.180998,0.179122,0.18006,319893.88210239,0
1843.HK,D,20200821,000000,0.185686,0.225075,0.183811,0.207257,9626673.2254012,0
1843.HK,D,20200824,000000,0.214758,0.218509,0.203505,0.213821,2452519.762785,0
1843.HK,D,20200825,000000,0.206319,0.212883,0.202568,0.212883,1096169.7026709,0
1843.HK,D,20200826,000000,0.214758,0.214758,0.205381,0.211007,255915.10568191,0
1843.HK,D,20200827,000000,0.206319,0.21007,0.205381,0.21007,294302.3715342,0
1843.HK,D,20200828,000000,0.213821,0.213821,0.202568,0.209132,170610.07045461,0
1843.HK,D,20200831,000000,0.209132,0.214758,0.205381,0.209132,230323.59511372,0
1843.HK,D,20200901,000000,0.197878,0.211945,0.197878,0.207257,490503.952557,0
1843.HK,D,20200902,000000,0.192252,0.204442,0.192252,0.202568,332689.63738648,0
1843.HK,D,20200903,000000,0.20163,0.203505,0.197878,0.203505,140753.30812505,0
1843.HK,D,20200904,000000,0.19694,0.203505,0.19694,0.203505,729358.05119345,0
1843.HK,D,20200907,000000,0.202568,0.202568,0.196003,0.202568,93835.538750034,0
1843.HK,D,20200908,000000,0.200691,0.200691,0.197878,0.199754,238854.09863645,0
1843.HK,D,20200909,000000,0.195065,0.19694,0.194127,0.19694,106631.29403413,0
1843.HK,D,20200910,000000,0.19694,0.204442,0.193188,0.202568,264445.60920464,0
1843.HK,D,20200911,000000,0.206319,0.206319,0.19694,0.204442,234588.84687508,0
1843.HK,D,20200914,000000,0.205381,0.205381,0.199754,0.205381,25591.510568191,0
1843.HK,D,20200915,000000,0.205381,0.205381,0.205381,0.205381,0,0
1843.HK,D,20200916,000000,0.199754,0.205381,0.199754,0.205381,119427.04931823,0
1843.HK,D,20200917,000000,0.194127,0.204442,0.193188,0.203505,328424.38562512,0
1843.HK,D,20200918,000000,0.206319,0.206319,0.204442,0.204442,8530.5035227304,0
1843.HK,D,20200921,000000,0.203505,0.203505,0.203505,0.203505,0,0
1843.HK,D,20200922,000000,0.202568,0.202568,0.202568,0.202568,0,0
1843.HK,D,20200923,000000,0.20163,0.20163,0.20163,0.20163,21326.258806826,0
1843.HK,D,20200924,000000,0.187562,0.1885,0.182873,0.187562,622726.75715932,0
1843.HK,D,20200925,000000,0.20163,0.20163,0.187562,0.20163,912763.87693215,0
1843.HK,D,20200928,000000,0.19694,0.20163,0.193188,0.200691,153549.06340915,0
1843.HK,D,20200929,000000,0.19694,0.197878,0.194127,0.19694,136488.05636369,0
1843.HK,D,20200930,000000,0.20163,0.20163,0.194127,0.19694,93835.538750034,0
1843.HK,D,20201005,000000,0.206319,0.206319,0.19694,0.19694,72509.279943208,0
1843.HK,D,20201006,000000,0.187562,0.19694,0.187562,0.19694,119427.04931823,0
1843.HK,D,20201007,000000,0.187562,0.198816,0.187562,0.19694,106631.29403413,0
1843.HK,D,20201008,000000,0.1885,0.19694,0.1885,0.195065,238854.09863645,0
1843.HK,D,20201009,000000,0.193188,0.195065,0.182873,0.191314,486238.70079563,0
1843.HK,D,20201012,000000,0.191314,0.19694,0.189437,0.196003,2320296.9581827,0
1843.HK,D,20201014,000000,0.189437,0.19694,0.185686,0.19694,362546.39971604,0
1843.HK,D,20201015,000000,0.192252,0.194127,0.1885,0.192252,174875.32221597,0
1843.HK,D,20201016,000000,0.185686,0.192252,0.185686,0.191314,34122.014090921,0
1843.HK,D,20201019,000000,0.191314,0.195065,0.187562,0.194127,234588.84687508,0
1843.HK,D,20201020,000000,0.196003,0.198816,0.1885,0.195065,1151617.9755686,0
1843.HK,D,20201021,000000,0.195065,0.20163,0.192252,0.20163,558747.98073884,0
1843.HK,D,20201022,000000,0.20163,0.204442,0.199754,0.203505,601400.49835249,0
1843.HK,D,20201023,000000,0.206319,0.211007,0.200691,0.211007,831724.09346621,0
1843.HK,D,20201027,000000,0.211007,0.211007,0.209132,0.21007,422259.92437515,0
1843.HK,D,20201028,000000,0.20163,0.206319,0.20163,0.205381,110896.54579549,0
1843.HK,D,20201029,000000,0.190376,0.200691,0.190376,0.197878,183405.8257387,0
1843.HK,D,20201030,000000,0.200691,0.20163,0.1885,0.189437,319893.88210239,0
1843.HK,D,20201102,000000,0.193188,0.19694,0.187562,0.187562,703766.54062525,0
1843.HK,D,20201103,000000,0.183811,0.190376,0.180998,0.190376,580074.23954566,0
1843.HK,D,20201104,000000,0.179122,0.1885,0.179122,0.179122,5604540.8144338,0
1843.HK,D,20201105,000000,0.18006,0.186625,0.179122,0.186625,439320.93142061,0
1843.HK,D,20201106,000000,0.18006,0.186625,0.18006,0.185686,140753.30812505,0
1843.HK,D,20201109,000000,0.184749,0.184749,0.182873,0.182873,81039.783465938,0
1843.HK,D,20201110,000000,0.183811,0.187562,0.183811,0.187562,149283.81164778,0
1843.HK,D,20201111,000000,0.180998,0.185686,0.180998,0.185686,106631.29403413,0
1843.HK,D,20201112,000000,0.182873,0.182873,0.18006,0.182873,213262.58806826,0
1843.HK,D,20201113,000000,0.180998,0.186625,0.18006,0.186625,217527.83982962,0
1843.HK,D,20201116,000000,0.191314,0.191314,0.180998,0.189437,98100.790511399,0
1843.HK,D,20201117,000000,0.186625,0.186625,0.186625,0.186625,21326.258806826,0
1843.HK,D,20201118,000000,0.184749,0.186625,0.184749,0.184749,55448.272897747,0
1843.HK,D,20201119,000000,0.184749,0.200691,0.184749,0.195065,1049251.9332958,0
1843.HK,D,20201120,000000,0.195065,0.195065,0.187562,0.195065,243119.35039782,0
1843.HK,D,20201123,000000,0.194127,0.194127,0.194127,0.194127,0,0
1843.HK,D,20201124,000000,0.187562,0.1885,0.186625,0.187562,221793.09159099,0
1843.HK,D,20201125,000000,0.187562,0.196003,0.187562,0.194127,1258249.2696027,0
1843.HK,D,20201126,000000,0.191314,0.194127,0.191314,0.191314,106631.29403413,0
1843.HK,D,20201127,000000,0.187562,0.191314,0.187562,0.191314,567278.48426157,0
1843.HK,D,20201130,000000,0.1885,0.202568,0.1885,0.19694,68244.028181843,0
1843.HK,D,20201201,000000,0.203505,0.203505,0.189437,0.195065,81039.783465938,0
1843.HK,D,20201202,000000,0.194127,0.194127,0.1885,0.1885,12795.755284096,0
1843.HK,D,20201203,000000,0.194127,0.194127,0.190376,0.192252,238854.09863645,0
1843.HK,D,20201204,000000,0.19694,0.19694,0.187562,0.187562,162079.56693188,0
1843.HK,D,20201207,000000,0.187562,0.187562,0.18006,0.187562,38387.265852287,0
1843.HK,D,20201208,000000,0.187562,0.187562,0.187562,0.187562,72509.279943208,0
1843.HK,D,20201209,000000,0.187562,0.187562,0.180998,0.185686,149283.81164778,0
1843.HK,D,20201210,000000,0.185686,0.187562,0.179122,0.181936,499034.45607973,0
1843.HK,D,20201211,000000,0.181936,0.190376,0.181936,0.190376,319893.88210239,0
1843.HK,D,20201214,000000,0.185686,0.196003,0.185686,0.196003,162079.56693188,0
1843.HK,D,20201215,000000,0.195065,0.195065,0.187562,0.191314,776275.82056846,0
1843.HK,D,20201216,000000,0.191314,0.195065,0.191314,0.191314,464912.4419888,0
1843.HK,D,20201217,000000,0.190376,0.191314,0.186625,0.1885,243119.35039782,0
1843.HK,D,20201218,000000,0.1885,0.196003,0.187562,0.187562,204732.08454553,0
1843.HK,D,20201221,000000,0.1885,0.190376,0.185686,0.190376,460647.19022744,0
1843.HK,D,20201222,000000,0.190376,0.190376,0.190376,0.190376,0,0
1843.HK,D,20201223,000000,0.183811,0.194127,0.183811,0.190376,89570.286988669,0
1843.HK,D,20201224,000000,0.190376,0.190376,0.190376,0.190376,0,0
1843.HK,D,20201228,000000,0.183811,0.190376,0.183811,0.189437,8530.5035227304,0
1843.HK,D,20201229,000000,0.183811,0.189437,0.183811,0.1885,179140.57397734,0
1843.HK,D,20201230,000000,0.185686,0.185686,0.180998,0.185686,123692.30107959,0
1843.HK,D,20201231,000000,0.184749,0.184749,0.184749,0.184749,0,0
1843.HK,D,20210104,000000,0.180998,0.187562,0.180998,0.187562,435055.67965925,0
1843.HK,D,20210105,000000,0.182873,0.184749,0.181936,0.182873,51183.021136382,0
1843.HK,D,20210106,000000,0.181936,0.182873,0.180998,0.180998,123692.30107959,0
1843.HK,D,20210107,000000,0.183811,0.183811,0.180998,0.180998,25591.510568191,0
1843.HK,D,20210108,000000,0.180998,0.183811,0.180998,0.183811,153549.06340915,0
1843.HK,D,20210111,000000,0.196003,0.196003,0.184749,0.1885,46917.769375017,0
1843.HK,D,20210112,000000,0.187562,0.191314,0.182873,0.187562,81039.783465938,0
1843.HK,D,20210113,000000,0.185686,0.187562,0.179122,0.185686,93835.538750034,0
1843.HK,D,20210114,000000,0.184749,0.184749,0.184749,0.184749,0,0
1843.HK,D,20210115,000000,0.184749,0.184749,0.182873,0.182873,4265.2517613652,0
1843.HK,D,20210118,000000,0.182873,0.184749,0.176309,0.183811,477708.1972729,0
1843.HK,D,20210119,000000,0.187562,0.193188,0.183811,0.187562,349750.64443194,0
1843.HK,D,20210120,000000,0.187562,0.190376,0.187562,0.189437,699501.28886389,0
1843.HK,D,20210121,000000,0.189437,0.192252,0.186625,0.190376,430790.42789788,0
1843.HK,D,20210122,000000,0.190376,0.190376,0.190376,0.190376,0,0
1843.HK,D,20210125,000000,0.19694,0.19694,0.1885,0.1885,72509.279943208,0
1843.HK,D,20210126,000000,0.189437,0.192252,0.181936,0.189437,379607.4067615,0
1843.HK,D,20210127,000000,0.187562,0.196003,0.185686,0.190376,204732.08454553,0
1843.HK,D,20210128,000000,0.184749,0.186625,0.184749,0.186625,98100.790511399,0
1843.HK,D,20210129,000000,0.186625,0.187562,0.178184,0.184749,251649.85392055,0
1843.HK,D,20210201,000000,0.183811,0.186625,0.18006,0.183811,38387.265852287,0
1843.HK,D,20210202,000000,0.182873,0.182873,0.179122,0.182873,76774.531704573,0
1843.HK,D,20210203,000000,0.184749,0.185686,0.184749,0.185686,417994.67261379,0
1843.HK,D,20210204,000000,0.189437,0.193188,0.18006,0.187562,712297.04414799,0
1843.HK,D,20210205,000000,0.187562,0.1885,0.181936,0.187562,563013.2325002,0
1843.HK,D,20210208,000000,0.185686,0.185686,0.181936,0.185686,119427.04931823,0
1843.HK,D,20210209,000000,0.185686,0.185686,0.18006,0.18006,110896.54579549,0
1843.HK,D,20210210,000000,0.183811,0.185686,0.181936,0.185686,379607.4067615,0
1843.HK,D,20210211,000000,0.182873,0.193188,0.182873,0.190376,503299.70784109,0
1843.HK,D,20210216,000000,0.187562,0.189437,0.182873,0.187562,1151617.9755686,0
1843.HK,D,20210217,000000,0.187562,0.191314,0.185686,0.191314,1748753.2221597,0
1843.HK,D,20210218,000000,0.191314,0.194127,0.189437,0.191314,302832.87505693,0
1843.HK,D,20210219,000000,0.193188,0.204442,0.1885,0.202568,1876710.7750007,0
1843.HK,D,20210222,000000,0.20163,0.221324,0.20163,0.21007,1970546.3137507,0
1843.HK,D,20210223,000000,0.216635,0.216635,0.20163,0.211007,857315.6040344,0
1843.HK,D,20210224,000000,0.213821,0.213821,0.195065,0.199754,626992.00892068,0
1843.HK,D,20210225,000000,0.204442,0.204442,0.193188,0.193188,452116.68670471,0
1843.HK,D,20210226,000000,0.193188,0.198816,0.187562,0.19694,1433124.5918187,0
1843.HK,D,20210301,000000,0.204442,0.204442,0.196003,0.203505,115161.79755686,0
1843.HK,D,20210302,000000,0.202568,0.203505,0.200691,0.200691,25591.510568191,0
1843.HK,D,20210303,000000,0.202568,0.203505,0.195065,0.202568,648318.26772751,0
1843.HK,D,20210304,000000,0.203505,0.212883,0.19694,0.204442,1070578.1921027,0
1843.HK,D,20210305,000000,0.205381,0.209132,0.198816,0.205381,614196.25363659,0
1843.HK,D,20210308,000000,0.209132,0.221324,0.209132,0.211007,789071.57585256,0
1843.HK,D,20210309,000000,0.211007,0.234452,0.207257,0.214758,1236923.0107959,0
1843.HK,D,20210310,000000,0.225075,0.23164,0.214758,0.221324,268710.86096601,0
1843.HK,D,20210311,000000,0.229763,0.229763,0.222261,0.223198,1138822.2202845,0
1843.HK,D,20210312,000000,0.232577,0.239142,0.220386,0.23164,2896105.945967,0
1843.HK,D,20210315,000000,0.234452,0.239142,0.229763,0.234452,1253984.0178414,0
1843.HK,D,20210316,000000,0.239142,0.24383,0.233514,0.239142,2209400.4123872,0
1843.HK,D,20210317,000000,0.234452,0.239142,0.233514,0.239142,870111.3593185,0
1843.HK,D,20210318,000000,0.239142,0.24383,0.234452,0.234452,443586.18318198,0
1843.HK,D,20210319,000000,0.239142,0.239142,0.233514,0.239142,976742.65335263,0
1843.HK,D,20210322,000000,0.25321,0.318856,0.25321,0.304789,35375998.108763,0
1843.HK,D,20210323,000000,0.314167,0.34699,0.281343,0.290721,31887022.167966,0
1843.HK,D,20210324,000000,0.29541,0.3001,0.276654,0.3001,1838323.5091484,0
1843.HK,D,20210325,000000,0.3001,0.323545,0.286032,0.314167,7142164.074406,0
1843.HK,D,20210326,000000,0.318856,0.332923,0.304789,0.318856,2017464.0831257,0
1843.HK,D,20210329,000000,0.328234,0.342301,0.304789,0.314167,3122164.2893193,0
1843.HK,D,20210330,000000,0.314167,0.314167,0.29541,0.3001,2196604.6571031,0
1843.HK,D,20210331,000000,0.309478,0.309478,0.29541,0.309478,1475777.1094324,0
1843.HK,D,20210401,000000,0.318856,0.323545,0.309478,0.323545,835989.34522758,0
1843.HK,D,20210407,000000,0.323545,0.328234,0.314167,0.323545,1352084.8083528,0
1843.HK,D,20210408,000000,0.328234,0.365747,0.328234,0.34699,12859734.060516,0
1843.HK,D,20210409,000000,0.351678,0.375125,0.318856,0.337611,5817803.4025021,0
1843.HK,D,20210412,000000,0.328234,0.34699,0.309478,0.323545,3557219.9689786,0
1843.HK,D,20210413,000000,0.356369,0.365747,0.318856,0.323545,4702440.0669051,0
1843.HK,D,20210414,000000,0.332923,0.34699,0.314167,0.323545,2443989.2592622,0
1843.HK,D,20210415,000000,0.323545,0.328234,0.309478,0.318856,2077177.6077848,0
1843.HK,D,20210416,000000,0.318856,0.318856,0.3001,0.314167,2328827.4617054,0
1843.HK,D,20210419,000000,0.314167,0.318856,0.29541,0.304789,3019798.2470465,0
1843.HK,D,20210420,000000,0.309478,0.323545,0.304789,0.318856,878641.86284123,0
1843.HK,D,20210421,000000,0.304789,0.314167,0.304789,0.309478,362546.39971604,0
1843.HK,D,20210422,000000,0.314167,0.314167,0.304789,0.314167,366811.65147741,0
1843.HK,D,20210423,000000,0.318856,0.318856,0.304789,0.309478,959681.64630717,0
1843.HK,D,20210426,000000,0.309478,0.309478,0.304789,0.309478,528891.21840928,0
1843.HK,D,20210427,000000,0.309478,0.314167,0.304789,0.314167,998068.91215945,0
1843.HK,D,20210428,000000,0.314167,0.356369,0.309478,0.332923,5433930.7439792,0
1843.HK,D,20210429,000000,0.337611,0.34699,0.318856,0.328234,1987607.3207962,0
1843.HK,D,20210430,000000,0.318856,0.328234,0.314167,0.328234,1177209.4861368,0
1843.HK,D,20210503,000000,0.328234,0.356369,0.318856,0.332923,1403267.8294891,0
1843.HK,D,20210504,000000,0.332923,0.342301,0.318856,0.328234,878641.86284123,0
1843.HK,D,20210505,000000,0.323545,0.323545,0.314167,0.318856,1010864.6674435,0
1843.HK,D,20210506,000000,0.328234,0.337611,0.328234,0.332923,6943829.8675025,0
1843.HK,D,20210507,000000,0.337611,0.337611,0.318856,0.328234,3105103.2822739,0
1843.HK,D,20210510,000000,0.328234,0.337611,0.304789,0.318856,6658057.999491,0
1843.HK,D,20210511,000000,0.318856,0.318856,0.309478,0.318856,157814.31517051,0
1843.HK,D,20210512,000000,0.318856,0.323545,0.309478,0.314167,469177.69375017,0
1843.HK,D,20210513,000000,0.314167,0.314167,0.304789,0.314167,166344.81869324,0
1843.HK,D,20210514,000000,0.309478,0.314167,0.304789,0.309478,695236.03710252,0
1843.HK,D,20210517,000000,0.309478,0.318856,0.309478,0.314167,631257.26068205,0
1843.HK,D,20210518,000000,0.314167,0.314167,0.309478,0.314167,452116.68670471,0
1843.HK,D,20210520,000000,0.309478,0.318856,0.309478,0.318856,545952.22545474,0
1843.HK,D,20210521,000000,0.318856,0.318856,0.309478,0.318856,772010.5688071,0
1843.HK,D,20210524,000000,0.34699,0.393881,0.34699,0.384502,33120746.239941,0
1843.HK,D,20210525,000000,0.389191,0.422015,0.375125,0.398569,22964115.48319,0
1843.HK,D,20210526,000000,0.398569,0.436082,0.384502,0.417326,9187352.2939806,0
1843.HK,D,20210527,000000,0.417326,0.422015,0.398569,0.403258,2414132.4969327,0
1843.HK,D,20210528,000000,0.398569,0.398569,0.375125,0.384502,6777485.0488093,0
1843.HK,D,20210531,000000,0.384502,0.407947,0.379814,0.403258,1492838.1164778,0
1843.HK,D,20210601,000000,0.403258,0.412638,0.384502,0.398569,2298970.6993758,0
1843.HK,D,20210602,000000,0.398569,0.426705,0.398569,0.412638,4055344.8601202,0
1843.HK,D,20210603,000000,0.412638,0.412638,0.384502,0.398569,5092710.60307,0
1843.HK,D,20210604,000000,0.398569,0.407947,0.384502,0.403258,1586673.6552278,0
1843.HK,D,20210607,000000,0.398569,0.398569,0.384502,0.389191,12143171.764607,0
1843.HK,D,20210608,000000,0.389191,0.393881,0.379814,0.389191,899968.12164805,0
1843.HK,D,20210609,000000,0.389191,0.407947,0.384502,0.393881,2716965.3719896,0
1843.HK,D,20210610,000000,0.389191,0.398569,0.384502,0.384502,1166546.3567334,0
1843.HK,D,20210611,000000,0.389191,0.393881,0.379814,0.384502,989538.40863672,0
1843.HK,D,20210615,000000,0.389191,0.393881,0.379814,0.389191,1711644.465523,0
1843.HK,D,20210616,000000,0.393881,0.393881,0.389191,0.393881,644053.01596614,0
1843.HK,D,20210617,000000,0.398569,0.398569,0.379814,0.398569,490503.952557,0
1843.HK,D,20210618,000000,0.398569,0.398569,0.384502,0.398569,665379.27477297,0
1843.HK,D,20210621,000000,0.398569,0.398569,0.384502,0.393881,565457.22175947,0
1843.HK,D,20210622,000000,0.384502,0.393881,0.384502,0.393881,656848.77125024,0
1843.HK,D,20210623,000000,0.393881,0.393881,0.384502,0.389191,1015129.9192049,0
1843.HK,D,20210624,000000,0.384502,0.389191,0.384502,0.389191,1253984.0178414,0
1843.HK,D,20210625,000000,0.389191,0.393881,0.389191,0.393881,861580.85579577,0
1843.HK,D,20210628,000000,0.393881,0.393881,0.384502,0.389191,831724.09346621,0
1843.HK,D,20210629,000000,0.384502,0.393881,0.379814,0.393881,1923628.5443757,0
1843.HK,D,20210630,000000,0.393881,0.398569,0.389191,0.398569,981007.90511399,0
1843.HK,D,20210702,000000,0.389191,0.389191,0.375125,0.389191,2098503.8665917,0
1843.HK,D,20210705,000000,0.379814,0.379814,0.351678,0.370435,3403670.9055694,0
1843.HK,D,20210706,000000,0.370435,0.379814,0.370435,0.379814,1172944.2343754,0
1843.HK,D,20210707,000000,0.379814,0.379814,0.361058,0.370435,439320.93142061,0
1843.HK,D,20210708,000000,0.361058,0.375125,0.356369,0.375125,763480.06528437,0
1843.HK,D,20210709,000000,0.365747,0.379814,0.365747,0.375125,985273.15687536,0
1843.HK,D,20210712,000000,0.370435,0.375125,0.365747,0.370435,157814.31517051,0
1843.HK,D,20210713,000000,0.375125,0.375125,0.356369,0.370435,477708.1972729,0
1843.HK,D,20210714,000000,0.375125,0.375125,0.365747,0.375125,260180.35744328,0
1843.HK,D,20210715,000000,0.370435,0.370435,0.370435,0.370435,51183.021136382,0
1843.HK,D,20210716,000000,0.370435,0.375125,0.356369,0.375125,499034.45607973,0
1843.HK,D,20210719,000000,0.375125,0.379814,0.356369,0.370435,2128360.6289212,0
1843.HK,D,20210720,000000,0.365747,0.365747,0.361058,0.365747,238854.09863645,0
1843.HK,D,20210721,000000,0.370435,0.375125,0.356369,0.370435,324159.13386375,0
1843.HK,D,20210722,000000,0.365747,0.375125,0.361058,0.370435,579541.08307549,0
1843.HK,D,20210723,000000,0.361058,0.370435,0.361058,0.361058,106631.29403413,0
1843.HK,D,20210726,000000,0.375125,0.379814,0.337611,0.356369,2448395.2643317,0
1843.HK,D,20210727,000000,0.337611,0.351678,0.323545,0.34699,1356350.0601141,0
1843.HK,D,20210728,000000,0.328234,0.356369,0.328234,0.342301,1010864.6674435,0
1843.HK,D,20210729,000000,0.351678,0.351678,0.342301,0.34699,166344.81869324,0
1843.HK,D,20210730,000000,0.351678,0.351678,0.337611,0.351678,170610.07045461,0
1843.HK,D,20210802,000000,0.351678,0.370435,0.342301,0.370435,383872.65852287,0
1843.HK,D,20210803,000000,0.379814,0.379814,0.356369,0.365747,46917.769375017,0
1843.HK,D,20210804,000000,0.365747,0.365747,0.34699,0.356369,174875.32221597,0
1843.HK,D,20210805,000000,0.361058,0.365747,0.34699,0.356369,426525.17613652,0
1843.HK,D,20210806,000000,0.356369,0.365747,0.351678,0.365747,456381.93846607,0
1843.HK,D,20210809,000000,0.375125,0.375125,0.361058,0.361058,317672.75224766,0
1843.HK,D,20210810,000000,0.356369,0.365747,0.356369,0.365747,162079.56693188,0
1843.HK,D,20210811,000000,0.365747,0.365747,0.361058,0.365747,102366.04227276,0
1843.HK,D,20210812,000000,0.361058,0.365747,0.356369,0.365747,315628.63034102,0
1843.HK,D,20210813,000000,0.365747,0.365747,0.342301,0.356369,399444.02639067,0
1843.HK,D,20210816,000000,0.365747,0.365747,0.361058,0.361058,38387.265852287,0
1843.HK,D,20210817,000000,0.365747,0.365747,0.342301,0.351678,232751.58967888,0
1843.HK,D,20210818,000000,0.361058,0.361058,0.342301,0.356369,174875.32221597,0
1843.HK,D,20210819,000000,0.34699,0.356369,0.342301,0.356369,354015.89619331,0
1843.HK,D,20210820,000000,0.337611,0.34699,0.328234,0.34699,661114.0230116,0
1843.HK,D,20210823,000000,0.356369,0.356369,0.337611,0.34699,68244.028181843,0
1843.HK,D,20210824,000000,0.342301,0.34699,0.342301,0.34699,132222.80460232,0
1843.HK,D,20210825,000000,0.342301,0.34699,0.337611,0.34699,208997.33630689,0
1843.HK,D,20210826,000000,0.34699,0.34699,0.328234,0.332923,245251.9762785,0
1843.HK,D,20210827,000000,0.34699,0.356369,0.337611,0.351678,115161.79755686,0
1843.HK,D,20210830,000000,0.351678,0.351678,0.34699,0.34699,46917.769375017,0
1843.HK,D,20210831,000000,0.337611,0.351678,0.337611,0.34699,290037.11977283,0
1843.HK,D,20210901,000000,0.34699,0.34699,0.337611,0.342301,93835.538750034,0
1843.HK,D,20210902,000000,0.332923,0.342301,0.328234,0.328234,725092.79943208,0
1843.HK,D,20210903,000000,0.323545,0.337611,0.318856,0.328234,1296636.535455,0
1843.HK,D,20210906,000000,0.323545,0.328234,0.323545,0.328234,85305.035227304,0
1843.HK,D,20210907,000000,0.318856,0.337611,0.314167,0.337611,618461.50539795,0
1843.HK,D,20210908,000000,0.328234,0.337611,0.309478,0.323545,929824.88397761,0
1843.HK,D,20210909,000000,0.323545,0.328234,0.318856,0.328234,319893.88210239,0
1843.HK,D,20210910,000000,0.323545,0.328234,0.314167,0.328234,443586.18318198,0
1843.HK,D,20210913,000000,0.323545,0.323545,0.309478,0.318856,725119.45725559,0
1843.HK,D,20210914,000000,0.309478,0.314167,0.286032,0.290721,1266779.7731255,0
1843.HK,D,20210915,000000,0.29541,0.309478,0.262587,0.276654,1309432.2907391,0
1843.HK,D,20210916,000000,0.286032,0.286032,0.262587,0.271966,712297.04414799,0
1843.HK,D,20210917,000000,0.286032,0.286032,0.25321,0.262587,797602.07937529,0
1843.HK,D,20210920,000000,0.267276,0.267276,0.24852,0.25321,170610.07045461,0
1843.HK,D,20210921,000000,0.25321,0.257898,0.234452,0.24852,740021.18059686,0
1843.HK,D,20210923,000000,0.24852,0.267276,0.24852,0.257898,1541888.5117335,0
1843.HK,D,20210924,000000,0.25321,0.262587,0.25321,0.262587,814663.08642075,0
1843.HK,D,20210927,000000,0.267276,0.267276,0.25321,0.257898,550217.47721611,0
1843.HK,D,20210928,000000,0.267276,0.267276,0.257898,0.267276,221793.09159099,0
1843.HK,D,20210929,000000,0.257898,0.271966,0.25321,0.271966,81039.783465938,0
1843.HK,D,20210930,000000,0.3001,0.304789,0.271966,0.3001,848785.10051167,0
1843.HK,D,20211004,000000,0.281343,0.304789,0.281343,0.29541,29856.762329556,0
1843.HK,D,20211005,000000,0.271966,0.281343,0.262587,0.281343,648318.26772751,0
1843.HK,D,20211006,000000,0.262587,0.281343,0.262587,0.281343,234588.84687508,0
1843.HK,D,20211007,000000,0.281343,0.3001,0.271966,0.29541,306113.91997436,0
1843.HK,D,20211008,000000,0.304789,0.304789,0.3001,0.3001,8530.5035227304,0
1843.HK,D,20211011,000000,0.276654,0.290721,0.276654,0.276654,157814.31517051,0
1843.HK,D,20211012,000000,0.29541,0.29541,0.290721,0.290721,12795.755284096,0
1843.HK,D,20211015,000000,0.281343,0.290721,0.281343,0.290721,8530.5035227304,0
1843.HK,D,20211018,000000,0.281343,0.281343,0.281343,0.281343,4265.2517613652,0
1843.HK,D,20211019,000000,0.271966,0.271966,0.271966,0.271966,12795.755284096,0
1843.HK,D,20211020,000000,0.276654,0.281343,0.276654,0.281343,426525.17613652,0
1843.HK,D,20211021,000000,0.276654,0.281343,0.267276,0.276654,812530.46054007,0
1843.HK,D,20211022,000000,0.276654,0.3001,0.271966,0.290721,760850.53757349,0
1843.HK,D,20211025,000000,0.3001,0.3001,0.29541,0.29541,106631.29403413,0
1843.HK,D,20211026,000000,0.281343,0.29541,0.281343,0.281343,55448.272897747,0
1843.HK,D,20211027,000000,0.262587,0.281343,0.24383,0.276654,2124095.3771599,0
1843.HK,D,20211028,000000,0.257898,0.3001,0.25321,0.276654,101611.092711,0
1843.HK,D,20211029,000000,0.262587,0.281343,0.262587,0.281343,153549.06340915,0
1843.HK,D,20211101,000000,0.276654,0.281343,0.271966,0.281343,652583.51948887,0
1843.HK,D,20211102,000000,0.267276,0.271966,0.262587,0.271966,690970.78534116,0
1843.HK,D,20211103,000000,0.276654,0.276654,0.267276,0.271966,183405.8257387,0
1843.HK,D,20211104,000000,0.271966,0.276654,0.271966,0.276654,307098.12681829,0
1843.HK,D,20211105,000000,0.271966,0.276654,0.267276,0.276654,89570.286988669,0
1843.HK,D,20211108,000000,0.271966,0.271966,0.262587,0.271966,626992.00892068,0
1843.HK,D,20211109,000000,0.267276,0.276654,0.262587,0.267276,170610.07045461,0
1843.HK,D,20211110,000000,0.267276,0.267276,0.257898,0.267276,7438599.0718209,0
1843.HK,D,20211111,000000,0.262587,0.267276,0.257898,0.262587,1731692.2151143,0
1843.HK,D,20211112,000000,0.262587,0.267276,0.262587,0.262587,383872.65852287,0
1843.HK,D,20211115,000000,0.262587,0.267276,0.262587,0.262587,575808.9877843,0
1843.HK,D,20211116,000000,0.267276,0.271966,0.262587,0.267276,183405.8257387,0
1843.HK,D,20211117,000000,0.267276,0.267276,0.262587,0.262587,162079.56693188,0
1843.HK,D,20211118,000000,0.262587,0.267276,0.262587,0.267276,93835.538750034,0
1843.HK,D,20211119,000000,0.262587,0.276654,0.257898,0.276654,244290.16200631,0
1843.HK,D,20211122,000000,0.276654,0.281343,0.267276,0.281343,226058.34335235,0
1843.HK,D,20211123,000000,0.267276,0.267276,0.262587,0.267276,149283.81164778,0
1843.HK,D,20211124,000000,0.271966,0.281343,0.257898,0.257898,384565.76193409,0
1843.HK,D,20211125,000000,0.271966,0.281343,0.262587,0.276654,311363.37857966,0
1843.HK,D,20211126,000000,0.271966,0.276654,0.262587,0.271966,255381.94921174,0
1843.HK,D,20211129,000000,0.262587,0.267276,0.262587,0.262587,264445.60920464,0
1843.HK,D,20211130,000000,0.262587,0.262587,0.257898,0.257898,605665.75011386,0
1843.HK,D,20211201,000000,0.267276,0.267276,0.257898,0.257898,732556.99001447,0
1843.HK,D,20211202,000000,0.257898,0.257898,0.257898,0.257898,921294.38045488,0
1843.HK,D,20211203,000000,0.257898,0.267276,0.257898,0.257898,365262.29877509,0
1843.HK,D,20211206,000000,0.257898,0.262587,0.257898,0.257898,563013.2325002,0
1843.HK,D,20211207,000000,0.257898,0.262587,0.257898,0.262587,59713.524659113,0
1843.HK,D,20211208,000000,0.267276,0.267276,0.257898,0.257898,848785.10051167,0
1843.HK,D,20211209,000000,0.262587,0.262587,0.257898,0.257898,520360.71488655,0
1843.HK,D,20211210,000000,0.257898,0.257898,0.257898,0.257898,17061.007045461,0
1843.HK,D,20211213,000000,0.262587,0.262587,0.257898,0.257898,196201.5810228,0
1843.HK,D,20211214,000000,0.267276,0.267276,0.25321,0.257898,1229142.1252702,0
1843.HK,D,20211215,000000,0.257898,0.262587,0.234452,0.257898,411984.93288202,0
1843.HK,D,20211216,000000,0.257898,0.262587,0.257898,0.262587,652583.51948887,0
1843.HK,D,20211217,000000,0.25321,0.25321,0.239142,0.25321,226058.34335235,0
1843.HK,D,20211220,000000,0.25321,0.25321,0.239142,0.239142,243119.35039782,0
1843.HK,D,20211221,000000,0.24383,0.24852,0.239142,0.24852,40519.891732969,0
1843.HK,D,20211222,000000,0.24852,0.24852,0.24852,0.24852,0,0
1843.HK,D,20211223,000000,0.234452,0.24852,0.234452,0.24383,81039.783465938,0
1843.HK,D,20211224,000000,0.267276,0.267276,0.267276,0.267276,8530.5035227304,0
1843.HK,D,20211228,000000,0.262587,0.262587,0.262587,0.262587,0,0
1843.HK,D,20211229,000000,0.271966,0.271966,0.239142,0.271966,1143087.4720459,0
1843.HK,D,20211230,000000,0.276654,0.281343,0.271966,0.281343,371076.90323877,0
1843.HK,D,20211231,000000,0.276654,0.281343,0.276654,0.281343,72509.279943208,0
1843.HK,D,20220103,000000,0.281343,0.281343,0.281343,0.281343,0,0
1843.HK,D,20220104,000000,0.281343,0.281343,0.281343,0.281343,0,0
1843.HK,D,20220105,000000,0.276654,0.276654,0.262587,0.262587,123692.30107959,0
1843.HK,D,20220106,000000,0.271966,0.271966,0.24383,0.267276,132222.80460232,0
1843.HK,D,20220107,000000,0.262587,0.276654,0.262587,0.276654,118820.31725517,0
1843.HK,D,20220110,000000,0.262587,0.262587,0.25321,0.25321,302832.87505693,0
1843.HK,D,20220111,000000,0.257898,0.262587,0.25321,0.262587,68244.028181843,0
1843.HK,D,20220112,000000,0.262587,0.262587,0.24852,0.262587,38387.265852287,0
1843.HK,D,20220113,000000,0.262587,0.262587,0.257898,0.262587,780541.07232983,0
1843.HK,D,20220114,000000,0.257898,0.271966,0.257898,0.257898,242290.82524317,0
1843.HK,D,20220117,000000,0.25321,0.262587,0.239142,0.262587,776275.82056846,0
1843.HK,D,20220118,000000,0.271966,0.271966,0.25321,0.25321,518228.08900587,0
1843.HK,D,20220119,000000,0.267276,0.267276,0.267276,0.267276,4265.2517613652,0
1843.HK,D,20220120,000000,0.262587,0.262587,0.262587,0.262587,152376.11917477,0
1843.HK,D,20220121,000000,0.257898,0.262587,0.257898,0.262587,38387.265852287,0
1843.HK,D,20220124,000000,0.25321,0.262587,0.24852,0.262587,285771.86801147,0
1843.HK,D,20220125,000000,0.25321,0.25321,0.24383,0.25321,166344.81869324,0
1843.HK,D,20220126,000000,0.24852,0.25321,0.24852,0.25321,72509.279943208,0
1843.HK,D,20220127,000000,0.25321,0.25321,0.225075,0.22695,1057782.4368186,0
1843.HK,D,20220128,000000,0.22695,0.239142,0.22695,0.239142,227124.6562927,0
1843.HK,D,20220131,000000,0.239142,0.239142,0.239142,0.239142,4265.2517613652,0
1843.HK,D,20220204,000000,0.239142,0.24852,0.225075,0.234452,254058.65485278,0
1843.HK,D,20220207,000000,0.234452,0.234452,0.22695,0.234452,55448.272897747,0
1843.HK,D,20220208,000000,0.239142,0.239142,0.239142,0.239142,51183.021136382,0
1843.HK,D,20220209,000000,0.229763,0.234452,0.229763,0.232577,477708.1972729,0
1843.HK,D,20220210,000000,0.22695,0.25321,0.225075,0.234452,281506.6162501,0
1843.HK,D,20220211,000000,0.226012,0.229763,0.226012,0.229763,12795.755284096,0
1843.HK,D,20220214,000000,0.239142,0.24383,0.227889,0.227889,247384.60215918,0
1843.HK,D,20220215,000000,0.227889,0.233514,0.218509,0.219447,477708.1972729,0
1843.HK,D,20220216,000000,0.225075,0.226012,0.225075,0.226012,247384.60215918,0
1843.HK,D,20220217,000000,0.225075,0.225075,0.225075,0.225075,55448.272897747,0
1843.HK,D,20220218,000000,0.230701,0.239142,0.228826,0.239142,102366.04227276,0
1843.HK,D,20220221,000000,0.230701,0.230701,0.230701,0.230701,0,0
1843.HK,D,20220222,000000,0.230701,0.230701,0.230701,0.230701,8530.5035227304,0
1843.HK,D,20220223,000000,0.227889,0.227889,0.227889,0.227889,4265.2517613652,0
1843.HK,D,20220224,000000,0.234452,0.239142,0.224137,0.224137,594736.04247536,0
1843.HK,D,20220225,000000,0.218509,0.225075,0.216635,0.225075,29856.762329556,0
1843.HK,D,20220228,000000,0.211007,0.215696,0.206319,0.215696,1603734.6622733,0
1843.HK,D,20220301,000000,0.212883,0.212883,0.208193,0.208193,592869.99482976,0
1843.HK,D,20220302,000000,0.208193,0.215696,0.206319,0.215696,251649.85392055,0
1843.HK,D,20220303,000000,0.206319,0.206319,0.206319,0.206319,179140.57397734,0
1843.HK,D,20220304,000000,0.206319,0.215696,0.206319,0.207257,801867.33113665,0
1843.HK,D,20220307,000000,0.206319,0.209132,0.206319,0.206319,1514164.3752846,0
1843.HK,D,20220308,000000,0.215696,0.234452,0.215696,0.234452,845852.73992573,0
1843.HK,D,20220309,000000,0.215696,0.228826,0.215696,0.223198,42652.517613652,0
1843.HK,D,20220310,000000,0.211007,0.213821,0.211007,0.213821,251649.85392055,0
1843.HK,D,20220311,000000,0.211007,0.225075,0.206319,0.220386,882907.11460259,0
1843.HK,D,20220314,000000,0.21007,0.21007,0.206319,0.206319,580074.23954566,0
1843.HK,D,20220315,000000,0.206319,0.214758,0.206319,0.206319,3173347.3104557,0
1843.HK,D,20220316,000000,0.215696,0.215696,0.206319,0.206319,601400.49835249,0
1843.HK,D,20220317,000000,0.207257,0.224137,0.206319,0.215696,460647.19022744,0
1843.HK,D,20220318,000000,0.215696,0.215696,0.215696,0.215696,0,0
1843.HK,D,20220321,000000,0.215696,0.220386,0.215696,0.215696,375342.15500014,0
1843.HK,D,20220322,000000,0.215696,0.220386,0.215696,0.215696,383872.65852287,0
1843.HK,D,20220323,000000,0.217573,0.217573,0.217573,0.217573,0,0
1843.HK,D,20220324,000000,0.217573,0.217573,0.217573,0.217573,0,0
1843.HK,D,20220325,000000,0.215696,0.224137,0.215696,0.224137,354015.89619331,0
1843.HK,D,20220328,000000,0.224137,0.224137,0.224137,0.224137,0,0
1843.HK,D,20220329,000000,0.224137,0.234452,0.224137,0.234452,1194270.4931823,0
1843.HK,D,20220330,000000,0.222261,0.234452,0.206319,0.222261,1411798.3330119,0
1843.HK,D,20220331,000000,0.225075,0.230701,0.225075,0.225075,98100.790511399,0
1843.HK,D,20220401,000000,0.229763,0.233514,0.225075,0.225075,661114.0230116,0
1843.HK,D,20220404,000000,0.225075,0.225075,0.225075,0.225075,0,0
1843.HK,D,20220406,000000,0.225075,0.225075,0.225075,0.225075,191936.32926143,0
1843.HK,D,20220407,000000,0.225075,0.225075,0.225075,0.225075,25591.510568191,0
1843.HK,D,20220408,000000,0.234452,0.234452,0.234452,0.234452,127957.55284096,0
1843.HK,D,20220411,000000,0.234452,0.267276,0.234452,0.267276,686705.53357979,0
1843.HK,D,20220412,000000,0.290721,0.328234,0.281343,0.318856,742153.80647754,0
1843.HK,D,20220413,000000,0.323545,0.323545,0.314167,0.314167,264445.60920464,0
1843.HK,D,20220414,000000,0.314167,0.328234,0.314167,0.314167,511830.21136382,0
1843.HK,D,20220419,000000,0.281343,0.342301,0.267276,0.323545,1229611.302964,0
1843.HK,D,20220420,000000,0.314167,0.314167,0.314167,0.314167,25591.510568191,0
1843.HK,D,20220421,000000,0.314167,0.314167,0.314167,0.314167,0,0
1843.HK,D,20220422,000000,0.314167,0.337611,0.314167,0.314167,119427.04931823,0
1843.HK,D,20220425,000000,0.309478,0.342301,0.309478,0.337611,294302.3715342,0
1843.HK,D,20220426,000000,0.337611,0.337611,0.328234,0.332923,1292371.2836936,0
1843.HK,D,20220427,000000,0.342301,0.342301,0.332923,0.332923,298567.62329556,0
1843.HK,D,20220428,000000,0.314167,0.323545,0.309478,0.318856,272976.11272737,0
1843.HK,D,20220429,000000,0.309478,0.309478,0.281343,0.3001,1032788.061497,0
1843.HK,D,20220503,000000,0.262587,0.3001,0.262587,0.3001,295632.0637708,0
1843.HK,D,20220504,000000,0.328234,0.328234,0.3001,0.314167,476108.72786239,0
1843.HK,D,20220505,000000,0.328234,0.34699,0.304789,0.318856,234588.84687508,0
1843.HK,D,20220506,000000,0.314167,0.314167,0.314167,0.314167,12795.755284096,0
1843.HK,D,20220510,000000,0.290721,0.3001,0.290721,0.3001,294302.3715342,0
1843.HK,D,20220511,000000,0.34699,0.34699,0.328234,0.34699,76774.531704573,0
1843.HK,D,20220512,000000,0.34699,0.34699,0.328234,0.328234,33808.518086461,0
1843.HK,D,20220513,000000,0.328234,0.328234,0.318856,0.318856,123692.30107959,0
1843.HK,D,20220516,000000,0.328234,0.328234,0.3001,0.3001,302832.87505693,0
1843.HK,D,20220517,000000,0.3001,0.318856,0.29541,0.3001,618461.50539795,0
1843.HK,D,20220518,000000,0.3001,0.3001,0.3001,0.3001,0,0
1843.HK,D,20220519,000000,0.304789,0.314167,0.29541,0.29541,473442.94551154,0
1843.HK,D,20220520,000000,0.271196,0.29541,0.271196,0.29541,181713.26552401,0
1843.HK,D,20220523,000000,0.300253,0.300253,0.300253,0.300253,0,0
1843.HK,D,20220524,000000,0.305096,0.305096,0.300253,0.300253,123895.40831183,0
1843.HK,D,20220525,000000,0.309939,0.309939,0.290568,0.309939,78467.091930825,0
1843.HK,D,20220526,000000,0.309939,0.309939,0.290568,0.290568,309738.52077957,0
1843.HK,D,20220527,000000,0.29541,0.314782,0.29541,0.314782,57817.857212187,0
1843.HK,D,20220530,000000,0.300253,0.300253,0.300253,0.300253,12389.540831183,0
1843.HK,D,20220531,000000,0.305096,0.324467,0.305096,0.305096,94986.479705735,0
1843.HK,D,20220601,000000,0.305096,0.305096,0.305096,0.305096,0,0
1843.HK,D,20220602,000000,0.305096,0.319625,0.305096,0.314782,235401.27579247,0
1843.HK,D,20220606,000000,0.309939,0.309939,0.29541,0.305096,272569.89828602,0
1843.HK,D,20220607,000000,0.290568,0.290568,0.285725,0.290568,297348.97994839,0
1843.HK,D,20220608,000000,0.290568,0.290568,0.285725,0.285725,53688.010268459,0
1843.HK,D,20220609,000000,0.285725,0.300253,0.285725,0.300253,24779.081662366,0
1843.HK,D,20220610,000000,0.290568,0.290568,0.276039,0.276039,173453.57163656,0
1843.HK,D,20220613,000000,0.271196,0.271196,0.256668,0.271196,264216.2503806,0
1843.HK,D,20220614,000000,0.271196,0.280883,0.256668,0.280883,355166.83716057,0
1843.HK,D,20220615,000000,0.280883,0.280883,0.280883,0.280883,4129.8469437276,0
1843.HK,D,20220616,000000,0.280883,0.280883,0.280883,0.280883,0,0
1843.HK,D,20220617,000000,0.276039,0.276039,0.276039,0.276039,0,0
1843.HK,D,20220620,000000,0.271196,0.271196,0.261511,0.266354,223011.73496129,0
1843.HK,D,20220621,000000,0.261511,0.266354,0.242139,0.251826,892046.93984516,0
1843.HK,D,20220622,000000,0.256668,0.256668,0.256668,0.256668,0,0
1843.HK,D,20220623,000000,0.251826,0.256668,0.251826,0.256668,16519.38777491,0
1843.HK,D,20220624,000000,0.256668,0.256668,0.242139,0.246982,169323.72469283,0
1843.HK,D,20220627,000000,0.251826,0.261511,0.246982,0.261511,363426.53104803,0
1843.HK,D,20220628,000000,0.280883,0.280883,0.266354,0.280883,53688.010268459,0
1843.HK,D,20220629,000000,0.285725,0.285725,0.280883,0.280883,24779.081662366,0
1843.HK,D,20220630,000000,0.290568,0.290568,0.280883,0.280883,404725.00048531,0
1843.HK,D,20220704,000000,0.271196,0.305096,0.271196,0.300253,470802.55158495,0
1843.HK,D,20220705,000000,0.300253,0.305096,0.271196,0.300253,1484679.9762701,0
1843.HK,D,20220706,000000,0.29541,0.29541,0.29541,0.29541,0,0
1843.HK,D,20220707,000000,0.290568,0.290568,0.290568,0.290568,640126.27627778,0
1843.HK,D,20220708,000000,0.29541,0.300253,0.290568,0.290568,293219.13300466,0
1843.HK,D,20220711,000000,0.300253,0.300253,0.290568,0.300253,276699.74522975,0
1843.HK,D,20220712,000000,0.271196,0.300253,0.271196,0.290568,574048.72517814,0
1843.HK,D,20220713,000000,0.280883,0.29541,0.280883,0.290568,615347.19461541,0
1843.HK,D,20220714,000000,0.300253,0.309939,0.300253,0.300253,251920.66356738,0
1843.HK,D,20220715,000000,0.290568,0.300253,0.290568,0.290568,660775.51099642,0
1843.HK,D,20220718,000000,0.314782,0.314782,0.309939,0.309939,41298.469437276,0
1843.HK,D,20220719,000000,0.290568,0.300253,0.285725,0.300253,384075.76576667,0
1843.HK,D,20220720,000000,0.300253,0.32931,0.280883,0.324467,1143967.6034125,0
1843.HK,D,20220721,000000,0.32931,0.348681,0.300253,0.300253,1143967.6034125,0
1843.HK,D,20220722,000000,0.300253,0.358367,0.300253,0.358367,1499134.4405731,0
1843.HK,D,20220725,000000,0.338996,0.358367,0.338996,0.348681,1825392.3491276,0
1843.HK,D,20220726,000000,0.343839,0.368053,0.343839,0.343839,284959.43911721,0
1843.HK,D,20220727,000000,0.319625,0.377738,0.314782,0.353524,1189488.8413498,0
1843.HK,D,20220728,000000,0.353524,0.358367,0.343839,0.348681,115635.71442437,0
1843.HK,D,20220729,000000,0.358367,0.406795,0.348681,0.387423,1366979.3383738,0
1843.HK,D,20220801,000000,0.387423,0.484279,0.387423,0.445537,5591812.7618072,0
1843.HK,D,20220802,000000,0.445537,0.445537,0.401952,0.421323,1164616.8381312,0
1843.HK,D,20220803,000000,0.39711,0.431009,0.387423,0.421323,887917.09290144,0
1843.HK,D,20220804,000000,0.421323,0.421323,0.382581,0.406795,899868.86995658,0
1843.HK,D,20220805,000000,0.41648,0.426166,0.348681,0.411638,512101.02102222,0
1843.HK,D,20220808,000000,0.382581,0.411638,0.290568,0.358367,5451397.9657204,0
1843.HK,D,20220809,000000,0.363209,0.368053,0.338996,0.368053,162558.00293727,0
1843.HK,D,20220810,000000,0.343839,0.353524,0.300253,0.334152,1548692.6038979,0
1843.HK,D,20220811,000000,0.353524,0.353524,0.309939,0.338996,379945.91882294,0
1843.HK,D,20220812,000000,0.319625,0.343839,0.319625,0.343839,20649.234718638,0
1843.HK,D,20220815,000000,0.353524,0.353524,0.32931,0.343839,61947.704155914,0
1843.HK,D,20220816,000000,0.343839,0.343839,0.32931,0.343839,297348.97994839,0
1843.HK,D,20220817,000000,0.338996,0.348681,0.334152,0.348681,156934.18386165,0
1843.HK,D,20220818,000000,0.353524,0.363209,0.353524,0.363209,45428.316381004,0
1843.HK,D,20220819,000000,0.358367,0.358367,0.358367,0.358367,0,0
1843.HK,D,20220822,000000,0.338996,0.348681,0.319625,0.343839,161064.03080538,0
1843.HK,D,20220823,000000,0.319625,0.338996,0.319625,0.334152,123895.40831183,0
1843.HK,D,20220824,000000,0.334152,0.334152,0.334152,0.334152,0,0
1843.HK,D,20220825,000000,0.32931,0.334152,0.32931,0.334152,66077.551099642,0
1843.HK,D,20220826,000000,0.334152,0.343839,0.314782,0.343839,107376.02053692,0
1843.HK,D,20220829,000000,0.343839,0.343839,0.343839,0.343839,0,0
1843.HK,D,20220830,000000,0.338996,0.338996,0.338996,0.338996,0,0
1843.HK,D,20220831,000000,0.324467,0.324467,0.324467,0.324467,12389.540831183,0
1843.HK,D,20220901,000000,0.324467,0.324467,0.309939,0.319625,83084.260813912,0
1843.HK,D,20220902,000000,0.319625,0.343839,0.314782,0.32931,85254.495382841,0
1843.HK,D,20220905,000000,0.32931,0.32931,0.246982,0.32931,326257.90855448,0
1843.HK,D,20220906,000000,0.32931,0.343839,0.32931,0.338996,24779.081662366,0
1843.HK,D,20220907,000000,0.305096,0.334152,0.290568,0.290568,297348.97994839,0
1843.HK,D,20220908,000000,0.319625,0.324467,0.29541,0.309939,24779.081662366,0
1843.HK,D,20220909,000000,0.334152,0.334152,0.290568,0.314782,212243.15905552,0
1843.HK,D,20220913,000000,0.32931,0.32931,0.290568,0.309939,400595.15354158,0
1843.HK,D,20220914,000000,0.305096,0.309939,0.305096,0.305096,95088.693417592,0
1843.HK,D,20220915,000000,0.29541,0.319625,0.29541,0.309939,74769.846454453,0
1843.HK,D,20220916,000000,0.319625,0.319625,0.305096,0.305096,8259.6938874552,0
1843.HK,D,20220919,000000,0.300253,0.300253,0.280883,0.290568,218881.88801756,0
1843.HK,D,20220920,000000,0.280883,0.280883,0.251826,0.251826,2316844.1354312,0
1843.HK,D,20220921,000000,0.261511,0.271196,0.261511,0.261511,177583.41858029,0
1843.HK,D,20220922,000000,0.261511,0.261511,0.251826,0.261511,57817.857212187,0
1843.HK,D,20220923,000000,0.271196,0.285725,0.256668,0.285725,136284.94914301,0
1843.HK,D,20220926,000000,0.266354,0.276039,0.266354,0.266354,12389.540831183,0
1843.HK,D,20220927,000000,0.256668,0.256668,0.251826,0.251826,276699.74522975,0
1843.HK,D,20220928,000000,0.271196,0.276039,0.246982,0.246982,189972.95941147,0
1843.HK,D,20220929,000000,0.251826,0.251826,0.246982,0.246982,20649.234718638,0
1843.HK,D,20220930,000000,0.266354,0.266354,0.242139,0.251826,280829.59217348,0
1843.HK,D,20221003,000000,0.276039,0.276039,0.242139,0.251826,20649.234718638,0
1843.HK,D,20221005,000000,0.251826,0.251826,0.242139,0.251826,214752.04107384,0
1843.HK,D,20221006,000000,0.251826,0.251826,0.242139,0.251826,231271.42884875,0
1843.HK,D,20221007,000000,0.251826,0.251826,0.242139,0.246982,1120491.4884609,0
1843.HK,D,20221010,000000,0.237297,0.261511,0.237297,0.242139,104473.77059721,0
1843.HK,D,20221011,000000,0.251826,0.256668,0.246982,0.256668,293219.13300466,0
1843.HK,D,20221012,000000,0.251826,0.256668,0.242139,0.256668,338448.18427063,0
1843.HK,D,20221013,000000,0.256668,0.256668,0.256668,0.256668,150659.91389239,0
1843.HK,D,20221014,000000,0.246982,0.256668,0.242139,0.242139,78467.091930825,0
1843.HK,D,20221017,000000,0.251826,0.251826,0.242139,0.246982,48151.950440392,0
1843.HK,D,20221018,000000,0.246982,0.251826,0.246982,0.251826,78467.091930825,0
1843.HK,D,20221019,000000,0.242139,0.251826,0.242139,0.251826,16519.38777491,0
1843.HK,D,20221020,000000,0.242139,0.246982,0.242139,0.246982,184285.12770822,0
1843.HK,D,20221021,000000,0.246982,0.246982,0.246982,0.246982,152804.33691792,0
1843.HK,D,20221024,000000,0.251826,0.256668,0.242139,0.242139,346907.14327312,0
1843.HK,D,20221025,000000,0.246982,0.246982,0.242139,0.246982,12389.540831183,0
1843.HK,D,20221026,000000,0.246982,0.251826,0.246982,0.251826,285750.30480693,0
1843.HK,D,20221027,000000,0.246982,0.271196,0.246982,0.266354,1573471.6855602,0
1843.HK,D,20221028,000000,0.251826,0.276039,0.246982,0.251826,268440.05134229,0
1843.HK,D,20221031,000000,0.256668,0.261511,0.246982,0.261511,177438.87393726,0
1843.HK,D,20221101,000000,0.246982,0.256668,0.246982,0.251826,53688.010268459,0
1843.HK,D,20221102,000000,0.246982,0.256668,0.246982,0.256668,317998.21466703,0
1843.HK,D,20221103,000000,0.251826,0.256668,0.242139,0.251826,166666.16818454,0
1843.HK,D,20221104,000000,0.251826,0.266354,0.242139,0.251826,177583.41858029,0
1843.HK,D,20221107,000000,0.242139,0.246982,0.242139,0.242139,261212.81919077,0
1843.HK,D,20221108,000000,0.246982,0.246982,0.242139,0.246982,276699.74522975,0
1843.HK,D,20221109,000000,0.246982,0.246982,0.242139,0.242139,233105.08089176,0
1843.HK,D,20221110,000000,0.242139,0.242139,0.242139,0.242139,0,0
1843.HK,D,20221111,000000,0.246982,0.251826,0.242139,0.251826,351036.99021685,0
1843.HK,D,20221114,000000,0.246982,0.246982,0.242139,0.246982,189972.95941147,0
1843.HK,D,20221115,000000,0.242139,0.242139,0.238266,0.242139,303322.80355249,0
1843.HK,D,20221116,000000,0.242139,0.246982,0.242139,0.246982,272569.89828602,0
1843.HK,D,20221117,000000,0.246982,0.246982,0.246982,0.246982,0,0
1843.HK,D,20221118,000000,0.246982,0.266354,0.242139,0.266354,110743.91071953,0
1843.HK,D,20221121,000000,0.251826,0.256668,0.242139,0.256668,95335.45177248,0
1843.HK,D,20221122,000000,0.246982,0.271196,0.246982,0.271196,79726.695248662,0
1843.HK,D,20221123,000000,0.271196,0.271196,0.251826,0.266354,66077.551099642,0
1843.HK,D,20221124,000000,0.276039,0.276039,0.251826,0.271196,124267.09453676,0
1843.HK,D,20221125,000000,0.271196,0.271196,0.271196,0.271196,0,0
1843.HK,D,20221128,000000,0.251826,0.276039,0.251826,0.271196,90596.452404553,0
1843.HK,D,20221129,000000,0.276039,0.276039,0.246982,0.246982,55817.978829686,0
1843.HK,D,20221130,000000,0.261511,0.261511,0.246982,0.261511,33038.775549821,0
1843.HK,D,20221201,000000,0.266354,0.271196,0.256668,0.266354,128025.25525556,0
1843.HK,D,20221202,000000,0.266354,0.266354,0.266354,0.266354,0,0
1843.HK,D,20221205,000000,0.271196,0.271196,0.242139,0.246982,420125.19973847,0
1843.HK,D,20221206,000000,0.246982,0.266354,0.246982,0.261511,424423.33794515,0
1843.HK,D,20221207,000000,0.256668,0.271196,0.256668,0.271196,363426.53104803,0
1843.HK,D,20221208,000000,0.271196,0.276039,0.271196,0.271196,117315.52966873,0
1843.HK,D,20221209,000000,0.276039,0.276039,0.256668,0.261511,260180.35745484,0
1843.HK,D,20221212,000000,0.271196,0.271196,0.246982,0.261511,148674.48997419,0
1843.HK,D,20221213,000000,0.274047,0.274047,0.259099,0.274047,212736.9816844,0
1843.HK,D,20221214,000000,0.264082,0.269065,0.264082,0.264082,52333.297494362,0
1843.HK,D,20221215,000000,0.264082,0.264082,0.259099,0.259099,33176.934379479,0
1843.HK,D,20221216,000000,0.264082,0.274047,0.264082,0.274047,79021.753932468,0
1843.HK,D,20221219,000000,0.269065,0.269065,0.259099,0.259099,196620.14836915,0
1843.HK,D,20221220,000000,0.274047,0.274047,0.254117,0.254117,108375.4434996,0
1843.HK,D,20221221,000000,0.259099,0.259099,0.249134,0.249134,188653.5497956,0
1843.HK,D,20221222,000000,0.254117,0.264082,0.249134,0.264082,248862.1295176,0
1843.HK,D,20221223,000000,0.254117,0.264082,0.249134,0.249134,112389.3488144,0
1843.HK,D,20221228,000000,0.254117,0.259099,0.249134,0.249134,333154.1411284,0
1843.HK,D,20221229,000000,0.259099,0.264082,0.254117,0.254117,92319.8222404,0
1843.HK,D,20221230,000000,0.254117,0.264082,0.254117,0.259099,120417.159444,0
1843.HK,D,20230103,000000,0.259099,0.259099,0.249134,0.259099,52180.7690924,0
1843.HK,D,20230104,000000,0.259099,0.259099,0.254117,0.259099,268931.6560916,0
1843.HK,D,20230105,000000,0.254117,0.259099,0.249134,0.254117,279655.80761642,0
1843.HK,D,20230106,000000,0.249134,0.259099,0.249134,0.254117,429487.8686836,0
1843.HK,D,20230109,000000,0.254117,0.259099,0.249134,0.259099,120417.159444,0
1843.HK,D,20230110,000000,0.249134,0.259099,0.249134,0.249134,264818.40662026,0
1843.HK,D,20230111,000000,0.249134,0.249134,0.249134,0.249134,48166.8637776,0
1843.HK,D,20230112,000000,0.249134,0.254117,0.249134,0.254117,84292.0116108,0
1843.HK,D,20230113,000000,0.254117,0.259099,0.254117,0.259099,1344658.280458,0
1843.HK,D,20230116,000000,0.254117,0.259099,0.254117,0.259099,20069.526574,0
1843.HK,D,20230117,000000,0.254117,0.254117,0.254117,0.254117,104361.5381848,0
1843.HK,D,20230118,000000,0.254117,0.264082,0.254117,0.264082,452051.03393442,0
1843.HK,D,20230119,000000,0.254117,0.259099,0.254117,0.259099,12041.7159444,0
1843.HK,D,20230120,000000,0.259099,0.318891,0.259099,0.298961,2336092.8932136,0
1843.HK,D,20230126,000000,0.323874,0.333839,0.298961,0.298961,548766.08249453,0
1843.HK,D,20230127,000000,0.298961,0.318891,0.293978,0.298961,561946.744072,0
1843.HK,D,20230130,000000,0.298961,0.298961,0.298961,0.298961,68236.3903516,0
1843.HK,D,20230131,000000,0.293978,0.293978,0.27903,0.284013,56194.6744072,0
1843.HK,D,20230201,000000,0.284013,0.313909,0.284013,0.298961,176391.06905889,0
1843.HK,D,20230202,000000,0.298961,0.298961,0.298961,0.298961,0,0
1843.HK,D,20230203,000000,0.323874,0.323874,0.298961,0.298961,578002.3653312,0
1843.HK,D,20230206,000000,0.303943,0.303943,0.293978,0.303943,182420.95831804,0
1843.HK,D,20230207,000000,0.298961,0.303943,0.298961,0.303943,68236.3903516,0
1843.HK,D,20230208,000000,0.298961,0.308926,0.298961,0.303943,64222.4850368,0
1843.HK,D,20230209,000000,0.313909,0.313909,0.303943,0.303943,88305.9169256,0
1843.HK,D,20230210,000000,0.303943,0.303943,0.303943,0.303943,220764.792314,0
1843.HK,D,20230213,000000,0.298961,0.313909,0.288995,0.313909,108375.4434996,0
1843.HK,D,20230214,000000,0.313909,0.313909,0.303943,0.308926,124618.71483227,0
1843.HK,D,20230215,000000,0.298961,0.298961,0.298961,0.298961,0,0
1843.HK,D,20230216,000000,0.293978,0.293978,0.293978,0.293978,4013.9053148,0
1843.HK,D,20230217,000000,0.303943,0.303943,0.293978,0.303943,151639.32193517,0
1843.HK,D,20230220,000000,0.288995,0.288995,0.288995,0.288995,204709.1710548,0
1843.HK,D,20230221,000000,0.293978,0.298961,0.288995,0.298961,68236.3903516,0
1843.HK,D,20230222,000000,0.298961,0.298961,0.288995,0.298961,132458.8753884,0
1843.HK,D,20230223,000000,0.288995,0.298961,0.288995,0.288995,138223.84689678,0
1843.HK,D,20230224,000000,0.288995,0.298961,0.274047,0.293978,441529.584628,0
1843.HK,D,20230227,000000,0.293978,0.293978,0.27903,0.284013,662294.376942,0
1843.HK,D,20230228,000000,0.269065,0.27903,0.269065,0.27903,399963.58814059,0
1843.HK,D,20230301,000000,0.27903,0.27903,0.27903,0.27903,16055.6212592,0
1843.HK,D,20230302,000000,0.27903,0.27903,0.254117,0.259099,754017.13076682,0
1843.HK,D,20230303,000000,0.259099,0.27903,0.259099,0.27903,196681.3604252,0
1843.HK,D,20230306,000000,0.27903,0.27903,0.241162,0.264082,4312072.2502519,0
1843.HK,D,20230307,000000,0.264082,0.264082,0.264082,0.264082,20069.526574,0
1843.HK,D,20230308,000000,0.259099,0.259099,0.249134,0.259099,184639.6444808,0
1843.HK,D,20230309,000000,0.259099,0.264082,0.259099,0.264082,100347.63287,0
1843.HK,D,20230310,000000,0.259099,0.259099,0.249134,0.249134,730530.7672936,0
1843.HK,D,20230313,000000,0.249134,0.249134,0.249134,0.249134,44152.9584628,0
1843.HK,D,20230314,000000,0.254117,0.254117,0.249134,0.254117,184639.6444808,0
1843.HK,D,20230315,000000,0.259099,0.269065,0.259099,0.259099,315110.63326205,0
1843.HK,D,20230316,000000,0.259099,0.259099,0.259099,0.259099,92319.8222404,0
1843.HK,D,20230317,000000,0.254117,0.254117,0.254117,0.254117,180625.739166,0
1843.HK,D,20230320,000000,0.254117,0.254117,0.254117,0.254117,124431.0647588,0
1843.HK,D,20230321,000000,0.274047,0.27903,0.269065,0.274047,78614.342543015,0
1843.HK,D,20230322,000000,0.269065,0.269065,0.269065,0.269065,8027.8106296,0
1843.HK,D,20230323,000000,0.264082,0.264082,0.264082,0.264082,0,0
1843.HK,D,20230324,000000,0.264082,0.264082,0.259099,0.259099,329140.2358136,0
1843.HK,D,20230327,000000,0.254117,0.264082,0.254117,0.254117,878702.07503678,0
1843.HK,D,20230328,000000,0.249134,0.254117,0.249134,0.254117,29733.003619381,0
1843.HK,D,20230329,000000,0.259099,0.259099,0.254117,0.254117,60208.579722,0
1843.HK,D,20230330,000000,0.259099,0.259099,0.259099,0.259099,501738.16435,0
1843.HK,D,20230331,000000,0.259099,0.259099,0.259099,0.259099,100347.63287,0
1843.HK,D,20230403,000000,0.274047,0.293978,0.269065,0.274047,335268.46575297,0
1843.HK,D,20230404,000000,0.274047,0.274047,0.274047,0.274047,0,0
1843.HK,D,20230406,000000,0.259099,0.274047,0.259099,0.274047,403439.63014321,0
1843.HK,D,20230411,000000,0.274047,0.274047,0.274047,0.274047,0,0
1843.HK,D,20230412,000000,0.259099,0.284013,0.259099,0.27903,457585.2058872,0
1843.HK,D,20230413,000000,0.27903,0.293978,0.264082,0.293978,161696.1617014,0
1843.HK,D,20230414,000000,0.298961,0.298961,0.288995,0.298961,272945.5614064,0
1843.HK,D,20230417,000000,0.293978,0.313909,0.293978,0.313909,583309.75163369,0
1843.HK,D,20230418,000000,0.308926,0.308926,0.298961,0.308926,24083.4318888,0
1843.HK,D,20230419,000000,0.308926,0.308926,0.308926,0.308926,0,0
1843.HK,D,20230420,000000,0.308926,0.308926,0.308926,0.308926,4013.9053148,0
1843.HK,D,20230421,000000,0.284013,0.308926,0.284013,0.308926,94150.163063949,0
1843.HK,D,20230424,000000,0.284013,0.313909,0.284013,0.308926,437515.6793132,0
1843.HK,D,20230425,000000,0.284013,0.293978,0.284013,0.293978,471436.18965225,0
1843.HK,D,20230426,000000,0.313909,0.313909,0.293978,0.313909,622155.323794,0
1843.HK,D,20230427,000000,0.313909,0.313909,0.308926,0.313909,80278.106296,0
1843.HK,D,20230428,000000,0.318891,0.318891,0.303943,0.313909,133335.91369968,0
1843.HK,D,20230502,000000,0.318891,0.318891,0.293978,0.313909,206560.58488125,0
1843.HK,D,20230503,000000,0.308926,0.308926,0.308926,0.308926,0,0
1843.HK,D,20230504,000000,0.298961,0.303943,0.284013,0.303943,361733.14696978,0
1843.HK,D,20230505,000000,0.298961,0.308926,0.298961,0.308926,4571575.2427591,0
1843.HK,D,20230508,000000,0.308926,0.318891,0.308926,0.313909,378754.11245719,0
1843.HK,D,20230509,000000,0.318891,0.318891,0.298961,0.298961,715803.7486936,0
1843.HK,D,20230510,000000,0.293978,0.308926,0.284013,0.308926,89860.301758756,0
1843.HK,D,20230511,000000,0.298961,0.298961,0.298961,0.298961,0,0
1843.HK,D,20230512,000000,0.298961,0.298961,0.298961,0.298961,0,0
1843.HK,D,20230515,000000,0.308926,0.308926,0.298961,0.308926,50302.261405074,0
1843.HK,D,20230516,000000,0.303943,0.303943,0.298961,0.298961,293015.0879804,0
1843.HK,D,20230517,000000,0.288995,0.303943,0.254117,0.288995,649073.57631138,0
1843.HK,D,20230518,000000,0.274047,0.313909,0.274047,0.313909,80278.106296,0
1843.HK,D,20230519,000000,0.303943,0.313909,0.303943,0.303943,1100813.5325839,0
1843.HK,D,20230522,000000,0.308926,0.308926,0.288995,0.303943,16055.6212592,0
1843.HK,D,20230523,000000,0.303943,0.303943,0.303943,0.303943,0,0
1843.HK,D,20230524,000000,0.293978,0.303943,0.27903,0.298961,142583.95154498,0
1843.HK,D,20230525,000000,0.293978,0.298961,0.27903,0.293978,12041.7159444,0
1843.HK,D,20230529,000000,0.293978,0.323874,0.293978,0.313909,40139.053148,0
1843.HK,D,20230530,000000,0.318891,0.318891,0.288995,0.313909,12041.7159444,0
1843.HK,D,20230531,000000,0.303943,0.303943,0.288995,0.303943,220764.792314,0
1843.HK,D,20230601,000000,0.298961,0.308926,0.298961,0.303943,24083.4318888,0
1843.HK,D,20230602,000000,0.308926,0.313909,0.27903,0.303943,541877.217498,0
1843.HK,D,20230605,000000,0.303943,0.318891,0.303943,0.308926,112356.23409555,0
1843.HK,D,20230606,000000,0.308926,0.313909,0.293978,0.308926,68236.3903516,0
1843.HK,D,20230607,000000,0.313909,0.313909,0.308926,0.313909,12041.7159444,0
1843.HK,D,20230608,000000,0.308926,0.308926,0.308926,0.308926,16055.6212592,0
1843.HK,D,20230609,000000,0.308926,0.313909,0.308926,0.308926,27088.843493256,0
1843.HK,D,20230612,000000,0.308926,0.313909,0.298961,0.313909,68236.3903516,0
1843.HK,D,20230613,000000,0.308926,0.308926,0.303943,0.308926,67717.593089662,0
1843.HK,D,20230614,000000,0.303943,0.303943,0.303943,0.303943,20069.526574,0
1843.HK,D,20230615,000000,0.313909,0.313909,0.298961,0.308926,143337.56226784,0
1843.HK,D,20230616,000000,0.308926,0.313909,0.298961,0.313909,376834.46224038,0
1843.HK,D,20230619,000000,0.308926,0.313909,0.298961,0.313909,80278.106296,0
1843.HK,D,20230620,000000,0.308926,0.318891,0.308926,0.313909,1742034.9066232,0
1843.HK,D,20230621,000000,0.308926,0.318891,0.303943,0.313909,108375.4434996,0
1843.HK,D,20230623,000000,0.298961,0.308926,0.298961,0.298961,68236.3903516,0
1843.HK,D,20230626,000000,0.303943,0.303943,0.298961,0.298961,4013.9053148,0
1843.HK,D,20230627,000000,0.288995,0.293978,0.27903,0.284013,179153.6393918,0
1843.HK,D,20230628,000000,0.288995,0.288995,0.288995,0.288995,33394.688742807,0
1843.HK,D,20230629,000000,0.288995,0.288995,0.288995,0.288995,8027.8106296,0
1843.HK,D,20230630,000000,0.264082,0.284013,0.264082,0.284013,53915.779664722,0
1843.HK,D,20230703,000000,0.293978,0.298961,0.284013,0.284013,40139.053148,0
1843.HK,D,20230704,000000,0.293978,0.293978,0.288995,0.288995,16055.6212592,0
1843.HK,D,20230705,000000,0.288995,0.288995,0.288995,0.288995,0,0
1843.HK,D,20230706,000000,0.264082,0.27903,0.264082,0.27903,177544.06336056,0
1843.HK,D,20230707,000000,0.274047,0.274047,0.274047,0.274047,12041.7159444,0
1843.HK,D,20230710,000000,0.259099,0.288995,0.259099,0.269065,196681.3604252,0
1843.HK,D,20230711,000000,0.264082,0.293978,0.264082,0.293978,515994.55255184,0
1843.HK,D,20230712,000000,0.269065,0.27903,0.264082,0.274047,324434.93530833,0
1843.HK,D,20230713,000000,0.274047,0.288995,0.274047,0.288995,116403.2541292,0
1843.HK,D,20230714,000000,0.308926,0.308926,0.288995,0.298961,142469.55524351,0
1843.HK,D,20230718,000000,0.298961,0.298961,0.298961,0.298961,10662.939468766,0
1843.HK,D,20230719,000000,0.303943,0.308926,0.303943,0.303943,4013.9053148,0
1843.HK,D,20230720,000000,0.288995,0.288995,0.269065,0.284013,213618.033901,0
1843.HK,D,20230721,000000,0.284013,0.293978,0.274047,0.288995,28097.3372036,0
1843.HK,D,20230724,000000,0.288995,0.288995,0.288995,0.288995,4013.9053148,0
1843.HK,D,20230725,000000,0.288995,0.288995,0.288995,0.288995,0,0
1843.HK,D,20230726,000000,0.298961,0.298961,0.288995,0.298961,48166.8637776,0
1843.HK,D,20230727,000000,0.303943,0.303943,0.298961,0.303943,21947.030784998,0
1843.HK,D,20230728,000000,0.298961,0.303943,0.298961,0.303943,8027.8106296,0
1843.HK,D,20230731,000000,0.303943,0.313909,0.298961,0.298961,32111.2425184,0
1843.HK,D,20230801,000000,0.313909,0.313909,0.274047,0.288995,96333.7275552,0
1843.HK,D,20230802,000000,0.298961,0.298961,0.27903,0.288995,204709.1710548,0
1843.HK,D,20230803,000000,0.288995,0.303943,0.288995,0.293978,31050.568038964,0
1843.HK,D,20230804,000000,0.293978,0.308926,0.293978,0.308926,136472.7807032,0
1843.HK,D,20230807,000000,0.284013,0.293978,0.27903,0.293978,240834.318888,0
1843.HK,D,20230808,000000,0.293978,0.293978,0.293978,0.293978,0,0
1843.HK,D,20230809,000000,0.293978,0.293978,0.293978,0.293978,12041.7159444,0
1843.HK,D,20230810,000000,0.293978,0.293978,0.293978,0.293978,52180.7690924,0
1843.HK,D,20230811,000000,0.27903,0.288995,0.27903,0.288995,148514.4966476,0
1843.HK,D,20230814,000000,0.27903,0.27903,0.269065,0.269065,272945.5614064,0
1843.HK,D,20230815,000000,0.269065,0.274047,0.269065,0.274047,469626.9218316,0
1843.HK,D,20230816,000000,0.274047,0.274047,0.274047,0.274047,0,0
1843.HK,D,20230817,000000,0.264082,0.274047,0.264082,0.274047,20069.526574,0
1843.HK,D,20230818,000000,0.269065,0.269065,0.249134,0.269065,143778.08837614,0
1843.HK,D,20230821,000000,0.249134,0.264082,0.249134,0.264082,124431.0647588,0
1843.HK,D,20230822,000000,0.264082,0.274047,0.264082,0.274047,24083.4318888,0
1843.HK,D,20230823,000000,0.274047,0.274047,0.274047,0.274047,0,0
1843.HK,D,20230824,000000,0.274047,0.274047,0.274047,0.274047,0,0
1843.HK,D,20230825,000000,0.274047,0.274047,0.274047,0.274047,8027.8106296,0
1843.HK,D,20230828,000000,0.274047,0.284013,0.254117,0.274047,54889.151703561,0
1843.HK,D,20230829,000000,0.274047,0.274047,0.274047,0.274047,0,0
1843.HK,D,20230830,000000,0.274047,0.274047,0.269065,0.274047,12041.7159444,0
1843.HK,D,20230831,000000,0.274047,0.27903,0.259099,0.274047,65225.9613655,0
1843.HK,D,20230904,000000,0.274047,0.284013,0.274047,0.27903,8027.8106296,0
1843.HK,D,20230905,000000,0.27,0.275,0.26,0.275,64000,0
1843.HK,D,20230906,000000,0.275,0.28,0.275,0.28,16000,0
1843.HK,D,20230907,000000,0.275,0.285,0.275,0.28,59605,0
1843.HK,D,20230911,000000,0.28,0.28,0.28,0.28,0,0
1843.HK,D,20230912,000000,0.285,0.285,0.26,0.26,216000,0
1843.HK,D,20230913,000000,0.27,0.27,0.265,0.265,4000,0
1843.HK,D,20230914,000000,0.265,0.265,0.265,0.265,0,0
1843.HK,D,20230915,000000,0.27,0.28,0.27,0.28,8000,0
1843.HK,D,20230918,000000,0.275,0.275,0.255,0.27,65692,0
1843.HK,D,20230919,000000,0.27,0.27,0.25,0.255,304000,0
1843.HK,D,20230920,000000,0.255,0.27,0.25,0.25,464000,0
1843.HK,D,20230921,000000,0.25,0.255,0.25,0.25,132000,0
1843.HK,D,20230922,000000,0.255,0.255,0.248,0.255,40000,0
1843.HK,D,20230925,000000,0.255,0.255,0.247,0.247,56000,0
1843.HK,D,20230926,000000,0.25,0.25,0.25,0.25,148000,0
1843.HK,D,20230927,000000,0.247,0.247,0.24,0.24,20000,0
1843.HK,D,20230928,000000,0.24,0.255,0.24,0.255,16000,0
1843.HK,D,20230929,000000,0.255,0.255,0.255,0.255,0,0
1843.HK,D,20231003,000000,0.255,0.255,0.255,0.255,0,0
1843.HK,D,20231004,000000,0.255,0.265,0.255,0.26,8000,0
1843.HK,D,20231005,000000,0.255,0.255,0.255,0.255,0,0
1843.HK,D,20231006,000000,0.255,0.255,0.248,0.255,32000,0
1843.HK,D,20231009,000000,0.25,0.25,0.25,0.25,4000,0
1843.HK,D,20231010,000000,0.26,0.26,0.25,0.25,4000,0
1843.HK,D,20231011,000000,0.25,0.25,0.245,0.25,52000,0
1843.HK,D,20231012,000000,0.25,0.25,0.25,0.25,0,0
1843.HK,D,20231013,000000,0.25,0.25,0.25,0.25,0,0
1843.HK,D,20231016,000000,0.244,0.246,0.244,0.244,21969,0
1843.HK,D,20231017,000000,0.244,0.244,0.244,0.244,4000,0
1843.HK,D,20231018,000000,0.243,0.243,0.23,0.23,356000,0
1843.HK,D,20231019,000000,0.225,0.229,0.225,0.225,100000,0
1843.HK,D,20231020,000000,0.225,0.225,0.225,0.225,20000,0
1843.HK,D,20231024,000000,0.225,0.225,0.225,0.225,56000,0
1843.HK,D,20231025,000000,0.23,0.23,0.23,0.23,144000,0
1843.HK,D,20231026,000000,0.23,0.23,0.23,0.23,0,0
1843.HK,D,20231027,000000,0.226,0.226,0.222,0.222,55780,0
1843.HK,D,20231030,000000,0.222,0.222,0.221,0.221,20000,0
1843.HK,D,20231031,000000,0.219,0.219,0.207,0.208,48000,0
1843.HK,D,20231101,000000,0.22,0.225,0.22,0.225,128000,0
1843.HK,D,20231102,000000,0.222,0.222,0.209,0.209,160000,0
1843.HK,D,20231103,000000,0.219,0.219,0.208,0.219,40000,0
1843.HK,D,20231106,000000,0.219,0.219,0.219,0.219,60000,0
1843.HK,D,20231107,000000,0.208,0.217,0.208,0.208,68000,0
1843.HK,D,20231108,000000,0.21,0.22,0.21,0.22,156000,0
1843.HK,D,20231109,000000,0.22,0.22,0.205,0.219,52000,0
1843.HK,D,20231110,000000,0.219,0.219,0.219,0.219,0,0
1843.HK,D,20231113,000000,0.219,0.219,0.219,0.219,0,0
1843.HK,D,20231114,000000,0.205,0.219,0.205,0.205,44000,0
1843.HK,D,20231115,000000,0.207,0.216,0.201,0.201,112181,0
1843.HK,D,20231116,000000,0.215,0.215,0.203,0.215,108000,0
1843.HK,D,20231117,000000,0.215,0.215,0.215,0.215,0,0
1843.HK,D,20231120,000000,0.214,0.215,0.214,0.215,240000,0
1843.HK,D,20231121,000000,0.201,0.219,0.2,0.21,208000,0
1843.HK,D,20231122,000000,0.204,0.204,0.203,0.204,176000,0
1843.HK,D,20231123,000000,0.214,0.214,0.2,0.2,116000,0
1843.HK,D,20231124,000000,0.2,0.209,0.2,0.207,96000,0
1843.HK,D,20231127,000000,0.208,0.219,0.208,0.208,12000,0
1843.HK,D,20231128,000000,0.219,0.219,0.2,0.209,188000,0
1843.HK,D,20231129,000000,0.21,0.21,0.201,0.208,12000,0
1843.HK,D,20231130,000000,0.208,0.208,0.205,0.205,82816,0
1843.HK,D,20231201,000000,0.21,0.21,0.205,0.208,20000,0
1843.HK,D,20231204,000000,0.19,0.201,0.188,0.19,80000,0
1843.HK,D,20231205,000000,0.195,0.3,0.191,0.26,2568000,0
1843.HK,D,20231206,000000,0.236,0.265,0.203,0.21,2391583,0
1843.HK,D,20231207,000000,0.218,0.219,0.205,0.216,240000,0
1843.HK,D,20231208,000000,0.215,0.215,0.2,0.21,428573,0
1843.HK,D,20231211,000000,0.21,0.218,0.21,0.215,40000,0
1843.HK,D,20231212,000000,0.205,0.208,0.191,0.208,328000,0
1843.HK,D,20231213,000000,0.208,0.208,0.191,0.208,34348,0
1843.HK,D,20231214,000000,0.21,0.21,0.191,0.2,32000,0
1843.HK,D,20231215,000000,0.2,0.2,0.188,0.199,76000,0
1843.HK,D,20231218,000000,0.196,0.196,0.196,0.196,20000,0
1843.HK,D,20231219,000000,0.196,0.196,0.196,0.196,0,0
1843.HK,D,20231220,000000,0.19,0.19,0.18,0.19,212000,0
1843.HK,D,20231221,000000,0.189,0.224,0.181,0.19,184000,0
1843.HK,D,20231222,000000,0.21,0.21,0.202,0.202,4000,0
1843.HK,D,20231227,000000,0.21,0.21,0.19,0.19,436000,0
1843.HK,D,20231228,000000,0.19,0.223,0.19,0.214,64000,0
1843.HK,D,20231229,000000,0.192,0.196,0.191,0.191,352000,0
1843.HK,D,20240102,000000,0.191,0.2,0.191,0.2,208000,0
1843.HK,D,20240103,000000,0.199,0.199,0.199,0.199,64000,0
1843.HK,D,20240104,000000,0.193,0.2,0.191,0.195,131806,0
1843.HK,D,20240105,000000,0.19,0.199,0.19,0.19,144000,0
1843.HK,D,20240108,000000,0.189,0.19,0.184,0.19,84000,0
1843.HK,D,20240109,000000,0.185,0.19,0.18,0.19,204000,0
1843.HK,D,20240110,000000,0.184,0.19,0.18,0.19,104000,0
1843.HK,D,20240111,000000,0.189,0.19,0.184,0.19,140000,0
1843.HK,D,20240112,000000,0.189,0.19,0.184,0.189,20000,0
1843.HK,D,20240115,000000,0.187,0.187,0.184,0.187,32000,0
1843.HK,D,20240116,000000,0.189,0.19,0.182,0.189,71660,0
1843.HK,D,20240117,000000,0.185,0.185,0.18,0.18,260000,0
1843.HK,D,20240118,000000,0.186,0.195,0.181,0.19,304385,0
1843.HK,D,20240119,000000,0.19,0.19,0.19,0.19,0,0
1843.HK,D,20240122,000000,0.182,0.182,0.182,0.182,32000,0
1843.HK,D,20240123,000000,0.184,0.188,0.18,0.188,192001,0
1843.HK,D,20240124,000000,0.195,0.195,0.195,0.195,3,0
1843.HK,D,20240125,000000,0.189,0.189,0.189,0.189,104000,0
1843.HK,D,20240126,000000,0.183,0.184,0.182,0.183,32000,0
1843.HK,D,20240129,000000,0.18,0.183,0.18,0.182,192000,0
1843.HK,D,20240130,000000,0.18,0.18,0.179,0.18,248000,0
1843.HK,D,20240131,000000,0.18,0.18,0.18,0.18,36000,0
1843.HK,D,20240201,000000,0.18,0.18,0.18,0.18,0,0
1843.HK,D,20240202,000000,0.175,0.175,0.175,0.175,20000,0
1843.HK,D,20240205,000000,0.175,0.176,0.175,0.175,62890,0
1843.HK,D,20240206,000000,0.175,0.175,0.175,0.175,92000,0
1843.HK,D,20240207,000000,0.17,0.174,0.17,0.174,84000,0
1843.HK,D,20240208,000000,0.173,0.173,0.17,0.17,88000,0
1843.HK,D,20240209,000000,0.169,0.169,0.166,0.167,96000,0
1843.HK,D,20240214,000000,0.165,0.17,0.164,0.17,136675,0
1843.HK,D,20240215,000000,0.167,0.168,0.167,0.168,148000,0
1843.HK,D,20240216,000000,0.167,0.171,0.167,0.17,328000,0
1843.HK,D,20240219,000000,0.17,0.17,0.17,0.17,0,0
1843.HK,D,20240220,000000,0.17,0.17,0.17,0.17,0,0
1843.HK,D,20240221,000000,0.17,0.175,0.17,0.173,8000,0
1843.HK,D,20240222,000000,0.172,0.172,0.172,0.172,12000,0
1843.HK,D,20240223,000000,0.171,0.171,0.164,0.168,95030,0
1843.HK,D,20240226,000000,0.163,0.163,0.163,0.163,64000,0
1843.HK,D,20240227,000000,0.163,0.169,0.16,0.169,96000,0
1843.HK,D,20240228,000000,0.165,0.173,0.158,0.165,24000,0
1843.HK,D,20240229,000000,0.165,0.165,0.165,0.165,4000,0
1843.HK,D,20240301,000000,0.165,0.165,0.165,0.165,0,0
1843.HK,D,20240304,000000,0.164,0.164,0.163,0.163,72000,0
1843.HK,D,20240305,000000,0.163,0.164,0.163,0.164,152000,0
1843.HK,D,20240306,000000,0.164,0.164,0.163,0.163,108000,0
1843.HK,D,20240307,000000,0.163,0.163,0.163,0.163,264,0
1843.HK,D,20240308,000000,0.163,0.166,0.162,0.166,88000,0
1843.HK,D,20240311,000000,0.17,0.17,0.17,0.17,4000,0
1843.HK,D,20240312,000000,0.168,0.168,0.168,0.168,16000,0
1843.HK,D,20240313,000000,0.167,0.167,0.167,0.167,200000,0
1843.HK,D,20240314,000000,0.161,0.161,0.16,0.161,50274,0
1843.HK,D,20240315,000000,0.161,0.161,0.16,0.161,29138,0
1843.HK,D,20240318,000000,0.165,0.165,0.161,0.165,34712,0
1843.HK,D,20240319,000000,0.165,0.165,0.165,0.165,0,0
1843.HK,D,20240320,000000,0.165,0.165,0.165,0.165,0,0
1843.HK,D,20240321,000000,0.164,0.165,0.163,0.164,24000,0
1843.HK,D,20240322,000000,0.164,0.164,0.164,0.164,0,0
1843.HK,D,20240325,000000,0.163,0.166,0.161,0.166,48000,0
1843.HK,D,20240326,000000,0.173,0.174,0.173,0.174,152000,0
1843.HK,D,20240327,000000,0.169,0.174,0.168,0.169,38660,0
1843.HK,D,20240328,000000,0.169,0.174,0.169,0.173,128000,0
1843.HK,D,20240402,000000,0.174,0.174,0.164,0.174,172000,0
1843.HK,D,20240403,000000,0.174,0.174,0.174,0.174,0,0
1843.HK,D,20240405,000000,0.171,0.174,0.171,0.171,116000,0
1843.HK,D,20240408,000000,0.171,0.171,0.171,0.171,40000,0
1843.HK,D,20240409,000000,0.172,0.175,0.166,0.166,25720,0
1843.HK,D,20240410,000000,0.167,0.18,0.164,0.18,53340,0
1843.HK,D,20240411,000000,0.18,0.18,0.18,0.18,0,0
1843.HK,D,20240412,000000,0.18,0.18,0.18,0.18,0,0
1843.HK,D,20240415,000000,0.18,0.18,0.18,0.18,0,0
1843.HK,D,20240416,000000,0.165,0.166,0.161,0.161,109428,0
1843.HK,D,20240417,000000,0.161,0.161,0.161,0.161,0,0
1843.HK,D,20240418,000000,0.169,0.169,0.143,0.169,101500,0
1843.HK,D,20240419,000000,0.166,0.17,0.158,0.17,48604,0
1843.HK,D,20240422,000000,0.17,0.17,0.17,0.17,0,0
1843.HK,D,20240423,000000,0.16,0.17,0.159,0.17,344000,0
1843.HK,D,20240424,000000,0.17,0.17,0.17,0.17,0,0
1843.HK,D,20240425,000000,0.164,0.164,0.16,0.16,68000,0
1843.HK,D,20240426,000000,0.16,0.16,0.16,0.16,0,0
1843.HK,D,20240429,000000,0.16,0.16,0.16,0.16,12000,0
1843.HK,D,20240430,000000,0.16,0.16,0.155,0.155,79998,0
1843.HK,D,20240502,000000,0.146,0.155,0.146,0.146,183524,0
1843.HK,D,20240503,000000,0.14,0.153,0.14,0.153,184000,0
1843.HK,D,20240506,000000,0.153,0.153,0.153,0.153,0,0
1843.HK,D,20240507,000000,0.153,0.153,0.153,0.153,0,0
1843.HK,D,20240508,000000,0.148,0.148,0.148,0.148,9857,0
1843.HK,D,20240509,000000,0.141,0.148,0.141,0.148,168230,0
1843.HK,D,20240510,000000,0.201,0.202,0.148,0.201,336000,0
1843.HK,D,20240513,000000,0.19,0.19,0.162,0.177,568000,0
1843.HK,D,20240514,000000,0.177,0.177,0.17,0.174,168000,0
1843.HK,D,20240516,000000,0.175,0.18,0.174,0.174,93735,0
1843.HK,D,20240517,000000,0.174,0.174,0.157,0.174,26461,0
1843.HK,D,20240520,000000,0.16,0.18,0.16,0.178,262021,0
1843.HK,D,20240521,000000,0.17,0.177,0.17,0.17,24000,0
1843.HK,D,20240522,000000,0.179,0.179,0.178,0.178,28000,0
1843.HK,D,20240523,000000,0.165,0.176,0.165,0.165,32000,0
1843.HK,D,20240524,000000,0.16,0.175,0.16,0.174,72000,0
1843.HK,D,20240527,000000,0.174,0.174,0.159,0.168,92000,0
1843.HK,D,20240528,000000,0.171,0.171,0.171,0.171,12000,0
1843.HK,D,20240529,000000,0.16,0.16,0.16,0.16,60000,0
1843.HK,D,20240530,000000,0.16,0.16,0.16,0.16,0,0
1843.HK,D,20240531,000000,0.16,0.17,0.16,0.16,40000,0
1843.HK,D,20240603,000000,0.168,0.168,0.168,0.168,4000,0
1843.HK,D,20240604,000000,0.171,0.18,0.165,0.166,136860,0
1843.HK,D,20240605,000000,0.16,0.17,0.16,0.16,20000,0
1843.HK,D,20240606,000000,0.17,0.17,0.17,0.17,4000,0
1843.HK,D,20240607,000000,0.17,0.17,0.159,0.17,104914,0
1843.HK,D,20240611,000000,0.17,0.17,0.17,0.17,0,0
1843.HK,D,20240612,000000,0.18,0.18,0.16,0.16,21311,0
1843.HK,D,20240613,000000,0.16,0.168,0.16,0.168,24000,0
1843.HK,D,20240614,000000,0.168,0.168,0.168,0.168,20000,0
1843.HK,D,20240617,000000,0.168,0.168,0.168,0.168,4000,0
1843.HK,D,20240618,000000,0.169,0.169,0.155,0.167,180000,0
1843.HK,D,20240619,000000,0.168,0.168,0.168,0.168,148000,0
1843.HK,D,20240620,000000,0.168,0.168,0.155,0.165,186821,0
1843.HK,D,20240621,000000,0.167,0.169,0.167,0.168,60000,0
1843.HK,D,20240624,000000,0.167,0.167,0.158,0.16,82996,0
1843.HK,D,20240625,000000,0.16,0.16,0.16,0.16,0,0
1843.HK,D,20240626,000000,0.16,0.16,0.16,0.16,0,0
1843.HK,D,20240627,000000,0.161,0.161,0.16,0.161,23383,0
1843.HK,D,20240628,000000,0.161,0.161,0.157,0.161,84000,0
1843.HK,D,20240702,000000,0.157,0.157,0.157,0.157,72000,0
1843.HK,D,20240703,000000,0.157,0.157,0.156,0.156,87698,0
1843.HK,D,20240704,000000,0.156,0.156,0.156,0.156,104000,0
1843.HK,D,20240705,000000,0.156,0.156,0.155,0.155,104000,0
1843.HK,D,20240708,000000,0.155,0.155,0.155,0.155,24000,0
1843.HK,D,20240709,000000,0.15,0.152,0.15,0.15,23539,0
1843.HK,D,20240710,000000,0.15,0.15,0.15,0.15,152000,0
1843.HK,D,20240711,000000,0.152,0.158,0.15,0.158,263111,0
1843.HK,D,20240712,000000,0.158,0.158,0.158,0.158,0,0
1843.HK,D,20240715,000000,0.15,0.15,0.15,0.15,4000,0
1843.HK,D,20240716,000000,0.15,0.158,0.15,0.158,148000,0
1843.HK,D,20240717,000000,0.15,0.15,0.15,0.15,12000,0
1843.HK,D,20240718,000000,0.15,0.15,0.15,0.15,24000,0
1843.HK,D,20240719,000000,0.152,0.152,0.146,0.15,140000,0
1843.HK,D,20240722,000000,0.148,0.148,0.148,0.148,8000,0
1843.HK,D,20240723,000000,0.147,0.147,0.146,0.147,68000,0
1843.HK,D,20240724,000000,0.149,0.149,0.149,0.149,8000,0
1843.HK,D,20240725,000000,0.149,0.149,0.149,0.149,128000,0
1843.HK,D,20240726,000000,0.149,0.149,0.149,0.149,24000,0
1843.HK,D,20240729,000000,0.149,0.149,0.149,0.149,16000,0
1843.HK,D,20240730,000000,0.149,0.149,0.149,0.149,0,0
1843.HK,D,20240731,000000,0.145,0.146,0.145,0.145,48000,0
1843.HK,D,20240801,000000,0.145,0.145,0.145,0.145,0,0
1843.HK,D,20240802,000000,0.145,0.145,0.145,0.145,0,0
1843.HK,D,20240805,000000,0.138,0.145,0.138,0.14,60000,0
1843.HK,D,20240806,000000,0.14,0.141,0.14,0.141,12000,0
1843.HK,D,20240807,000000,0.146,0.146,0.133,0.146,108000,0
1843.HK,D,20240808,000000,0.146,0.146,0.146,0.146,16000,0
1843.HK,D,20240809,000000,0.146,0.146,0.146,0.146,0,0
1843.HK,D,20240812,000000,0.146,0.146,0.146,0.146,0,0
1843.HK,D,20240813,000000,0.146,0.146,0.146,0.146,0,0
1843.HK,D,20240814,000000,0.145,0.145,0.135,0.135,32000,0
1843.HK,D,20240815,000000,0.14,0.14,0.14,0.14,0,0
1843.HK,D,20240816,000000,0.145,0.15,0.145,0.146,160000,0
1843.HK,D,20240819,000000,0.146,0.146,0.146,0.146,0,0
1843.HK,D,20240820,000000,0.139,0.139,0.137,0.139,8000,0
1843.HK,D,20240821,000000,0.14,0.14,0.14,0.14,100000,0
1843.HK,D,20240822,000000,0.14,0.14,0.14,0.14,108000,0
1843.HK,D,20240823,000000,0.14,0.14,0.14,0.14,12000,0
1843.HK,D,20240826,000000,0.14,0.14,0.14,0.14,0,0
1843.HK,D,20240827,000000,0.14,0.14,0.14,0.14,0,0
1843.HK,D,20240828,000000,0.139,0.139,0.139,0.139,16181,0
1843.HK,D,20240829,000000,0.14,0.14,0.14,0.14,8000,0
1843.HK,D,20240830,000000,0.14,0.14,0.14,0.14,8000,0
1843.HK,D,20240902,000000,0.14,0.14,0.14,0.14,0,0
1843.HK,D,20240903,000000,0.15,0.15,0.15,0.15,4000,0
1843.HK,D,20240904,000000,0.139,0.141,0.139,0.14,64000,0
1843.HK,D,20240905,000000,0.14,0.14,0.136,0.136,93178,0
1843.HK,D,20240909,000000,0.139,0.144,0.139,0.142,76000,0
1843.HK,D,20240910,000000,0.141,0.141,0.141,0.141,12000,0
1843.HK,D,20240911,000000,0.141,0.141,0.141,0.141,4000,0
1843.HK,D,20240912,000000,0.141,0.141,0.141,0.141,0,0
1843.HK,D,20240913,000000,0.14,0.14,0.136,0.136,352000,0
1843.HK,D,20240916,000000,0.137,0.137,0.137,0.137,140000,0
1843.HK,D,20240917,000000,0.14,0.14,0.138,0.14,56000,0
1843.HK,D,20240919,000000,0.14,0.14,0.138,0.139,12000,0
1843.HK,D,20240920,000000,0.138,0.138,0.137,0.138,64000,0
1843.HK,D,20240923,000000,0.136,0.137,0.133,0.134,692000,0
1843.HK,D,20240924,000000,0.134,0.139,0.13,0.139,732000,0
1843.HK,D,20240925,000000,0.139,0.139,0.139,0.139,0,0
1843.HK,D,20240926,000000,0.139,0.139,0.139,0.139,0,0
1843.HK,D,20240927,000000,0.14,0.156,0.14,0.156,208000,0
1843.HK,D,20240930,000000,0.145,0.156,0.145,0.156,40000,0
1843.HK,D,20241002,000000,0.156,0.156,0.149,0.156,67250,0
1843.HK,D,20241003,000000,0.153,0.155,0.151,0.155,36000,0
1843.HK,D,20241004,000000,0.156,0.156,0.153,0.153,160000,0
1843.HK,D,20241007,000000,0.153,0.165,0.153,0.165,780000,0
1843.HK,D,20241008,000000,0.151,0.152,0.15,0.15,124000,0
1843.HK,D,20241009,000000,0.145,0.146,0.145,0.145,100000,0
1843.HK,D,20241010,000000,0.145,0.152,0.138,0.152,101158,0
1843.HK,D,20241014,000000,0.14,0.155,0.131,0.155,188000,0
1843.HK,D,20241015,000000,0.15,0.15,0.15,0.15,0,0
1843.HK,D,20241016,000000,0.153,0.153,0.141,0.153,38060,0
1843.HK,D,20241017,000000,0.153,0.153,0.153,0.153,0,0
1843.HK,D,20241018,000000,0.148,0.148,0.14,0.148,60656,0
1843.HK,D,20241021,000000,0.15,0.15,0.138,0.15,55388,0
1843.HK,D,20241022,000000,0.15,0.15,0.15,0.15,0,0
1843.HK,D,20241023,000000,0.15,0.15,0.15,0.15,4000,0
1843.HK,D,20241024,000000,0.155,0.155,0.14,0.15,57002,0
1843.HK,D,20241025,000000,0.148,0.148,0.14,0.148,56000,0
1843.HK,D,20241028,000000,0.147,0.147,0.147,0.147,4000,0
1843.HK,D,20241029,000000,0.143,0.143,0.143,0.143,12000,0
1843.HK,D,20241030,000000,0.151,0.159,0.151,0.159,88000,0
1843.HK,D,20241031,000000,0.159,0.159,0.159,0.159,20000,0
1843.HK,D,20241101,000000,0.159,0.159,0.159,0.159,20000,0
1843.HK,D,20241104,000000,0.151,0.151,0.142,0.144,179720,0
1843.HK,D,20241105,000000,0.155,0.155,0.155,0.155,0,0
1843.HK,D,20241106,000000,0.154,0.154,0.154,0.154,4000,0
1843.HK,D,20241107,000000,0.143,0.158,0.143,0.153,44000,0
1843.HK,D,20241108,000000,0.152,0.152,0.152,0.152,0,0
1843.HK,D,20241111,000000,0.146,0.146,0.141,0.141,64000,0
1843.HK,D,20241112,000000,0.15,0.15,0.15,0.15,0,0
1843.HK,D,20241113,000000,0.15,0.15,0.15,0.15,0,0
1843.HK,D,20241114,000000,0.15,0.15,0.14,0.144,8000,0
1843.HK,D,20241115,000000,0.14,0.144,0.135,0.144,55443,0
1843.HK,D,20241118,000000,0.144,0.144,0.144,0.144,100000,0
1843.HK,D,20241119,000000,0.144,0.144,0.144,0.144,0,0
1843.HK,D,20241120,000000,0.14,0.14,0.135,0.14,51349,0
1843.HK,D,20241121,000000,0.14,0.14,0.14,0.14,0,0
1843.HK,D,20241122,000000,0.14,0.14,0.14,0.14,0,0
1843.HK,D,20241125,000000,0.14,0.14,0.14,0.14,0,0
1843.HK,D,20241126,000000,0.138,0.138,0.137,0.138,19083,0
1843.HK,D,20241127,000000,0.142,0.146,0.142,0.146,8000,0
1843.HK,D,20241128,000000,0.146,0.146,0.146,0.146,0,0
1843.HK,D,20241129,000000,0.146,0.146,0.146,0.146,0,0
1843.HK,D,20241202,000000,0.15,0.15,0.136,0.15,16000,0
1843.HK,D,20241203,000000,0.15,0.15,0.15,0.15,0,0
1843.HK,D,20241204,000000,0.137,0.137,0.137,0.137,12000,0
1843.HK,D,20241205,000000,0.15,0.15,0.135,0.15,20680,0
1843.HK,D,20241206,000000,0.146,0.146,0.146,0.146,8000,0
1843.HK,D,20241209,000000,0.15,0.15,0.15,0.15,28000,0
1843.HK,D,20241210,000000,0.15,0.15,0.139,0.15,16000,0
1843.HK,D,20241211,000000,0.15,0.15,0.15,0.15,0,0
1843.HK,D,20241212,000000,0.15,0.15,0.15,0.15,0,0
1843.HK,D,20241213,000000,0.15,0.15,0.15,0.15,0,0
1843.HK,D,20241216,000000,0.149,0.154,0.149,0.154,248000,0
1843.HK,D,20241217,000000,0.155,0.155,0.146,0.155,710235,0
1843.HK,D,20241218,000000,0.158,0.158,0.158,0.158,20000,0
1843.HK,D,20241219,000000,0.158,0.158,0.158,0.158,0,0
1843.HK,D,20241220,000000,0.15,0.154,0.146,0.15,120000,0
1843.HK,D,20241223,000000,0.15,0.15,0.146,0.15,83219,0
1843.HK,D,20241224,000000,0.15,0.15,0.15,0.15,0,0
1843.HK,D,20241227,000000,0.15,0.15,0.146,0.146,40000,0
1843.HK,D,20241230,000000,0.146,0.146,0.146,0.146,8000,0
1843.HK,D,20241231,000000,0.15,0.15,0.15,0.15,96000,0
1843.HK,D,20250102,000000,0.149,0.149,0.149,0.149,20000,0
1843.HK,D,20250103,000000,0.146,0.146,0.146,0.146,44000,0
1843.HK,D,20250106,000000,0.143,0.143,0.143,0.143,0,0
1843.HK,D,20250107,000000,0.14,0.143,0.138,0.143,53946,0
1843.HK,D,20250108,000000,0.143,0.143,0.143,0.143,0,0
1843.HK,D,20250109,000000,0.136,0.14,0.13,0.136,300561,0
1843.HK,D,20250110,000000,0.131,0.131,0.13,0.131,48000,0
1843.HK,D,20250113,000000,0.131,0.131,0.13,0.13,192000,0
1843.HK,D,20250114,000000,0.13,0.13,0.128,0.128,40000,0
1843.HK,D,20250115,000000,0.132,0.132,0.129,0.129,4000,0
1843.HK,D,20250116,000000,0.125,0.125,0.125,0.125,36000,0
1843.HK,D,20250117,000000,0.128,0.13,0.128,0.13,46513,0
1843.HK,D,20250120,000000,0.138,0.138,0.13,0.138,64000,0
1843.HK,D,20250121,000000,0.132,0.132,0.128,0.132,48195,0
1843.HK,D,20250122,000000,0.136,0.145,0.136,0.145,124000,0
1843.HK,D,20250123,000000,0.14,0.14,0.14,0.14,4000,0
1843.HK,D,20250124,000000,0.136,0.136,0.129,0.135,150492,0
1843.HK,D,20250127,000000,0.135,0.135,0.135,0.135,0,0
1843.HK,D,20250128,000000,0.135,0.136,0.135,0.135,32000,0
1843.HK,D,20250203,000000,0.134,0.136,0.123,0.132,613013,0
1843.HK,D,20250204,000000,0.125,0.129,0.123,0.123,188000,0
1843.HK,D,20250205,000000,0.124,0.125,0.12,0.125,100000,0
1843.HK,D,20250206,000000,0.12,0.125,0.12,0.125,203017,0
1843.HK,D,20250207,000000,0.128,0.128,0.12,0.128,150340,0
1843.HK,D,20250210,000000,0.12,0.128,0.117,0.128,340000,0
1843.HK,D,20250211,000000,0.128,0.128,0.128,0.128,0,0
1843.HK,D,20250212,000000,0.121,0.125,0.118,0.118,696000,0
1843.HK,D,20250213,000000,0.124,0.124,0.124,0.124,48000,0
1843.HK,D,20250214,000000,0.118,0.13,0.118,0.13,3296844,0
1843.HK,D,20250217,000000,0.13,0.13,0.12,0.121,720000,0
1843.HK,D,20250218,000000,0.121,0.122,0.121,0.121,20000,0
1843.HK,D,20250219,000000,0.125,0.132,0.121,0.125,88000,0
1843.HK,D,20250220,000000,0.125,0.125,0.125,0.125,0,0
1843.HK,D,20250221,000000,0.125,0.125,0.125,0.125,0,0
1843.HK,D,20250224,000000,0.12,0.12,0.118,0.119,628514,0
1843.HK,D,20250225,000000,0.12,0.123,0.118,0.118,264000,0
1843.HK,D,20250226,000000,0.12,0.12,0.12,0.12,0,0
1843.HK,D,20250227,000000,0.12,0.12,0.12,0.12,32000,0
1843.HK,D,20250228,000000,0.12,0.12,0.12,0.12,0,0
1843.HK,D,20250303,000000,0.121,0.125,0.118,0.118,472000,0
1843.HK,D,20250304,000000,0.12,0.12,0.12,0.12,20000,0
1843.HK,D,20250305,000000,0.12,0.12,0.12,0.12,35050,0
1843.HK,D,20250306,000000,0.12,0.12,0.117,0.12,144395,0
1843.HK,D,20250307,000000,0.118,0.118,0.118,0.118,88000,0
1843.HK,D,20250310,000000,0.118,0.118,0.118,0.118,20000,0
1843.HK,D,20250311,000000,0.118,0.118,0.118,0.118,0,0
1843.HK,D,20250312,000000,0.124,0.125,0.124,0.124,8000,0
1843.HK,D,20250313,000000,0.124,0.124,0.124,0.124,0,0
1843.HK,D,20250314,000000,0.122,0.122,0.12,0.122,254226,0
1843.HK,D,20250317,000000,0.12,0.126,0.12,0.12,92000,0
1843.HK,D,20250318,000000,0.119,0.12,0.118,0.12,156000,0
1843.HK,D,20250319,000000,0.122,0.122,0.12,0.122,68000,0
1843.HK,D,20250320,000000,0.122,0.122,0.119,0.119,36000,0
1843.HK,D,20250321,000000,0.119,0.119,0.119,0.119,0,0
1843.HK,D,20250324,000000,0.121,0.121,0.119,0.12,16000,0
1843.HK,D,20250325,000000,0.119,0.12,0.117,0.12,236000,0
1843.HK,D,20250326,000000,0.12,0.12,0.12,0.12,0,0
1843.HK,D,20250327,000000,0.12,0.12,0.12,0.12,0,0
1843.HK,D,20250328,000000,0.12,0.12,0.116,0.12,388000,0
1843.HK,D,20250331,000000,0.117,0.12,0.116,0.12,224000,0
1843.HK,D,20250401,000000,0.12,0.12,0.12,0.12,0,0
1843.HK,D,20250402,000000,0.119,0.12,0.119,0.119,144000,0
1843.HK,D,20250403,000000,0.118,0.118,0.118,0.118,52000,0
1843.HK,D,20250407,000000,0.118,0.118,0.115,0.115,120000,0
1843.HK,D,20250408,000000,0.114,0.114,0.11,0.11,81009,0
1843.HK,D,20250409,000000,0.11,0.11,0.11,0.11,0,0
1843.HK,D,20250410,000000,0.11,0.11,0.11,0.11,20000,0
1843.HK,D,20250411,000000,0.11,0.11,0.11,0.11,137926,0
1843.HK,D,20250414,000000,0.128,0.128,0.121,0.121,300000,0
1843.HK,D,20250415,000000,0.121,0.122,0.121,0.122,76000,0
1843.HK,D,20250416,000000,0.123,0.123,0.123,0.123,100000,0
1843.HK,D,20250417,000000,0.123,0.128,0.12,0.128,296000,0
