<TICKER>,<PER>,<DATE>,<TIME>,<OPEN>,<HIGH>,<LOW>,<CLOSE>,<VOL>,<OPENINT>
1870.HK,D,20191108,000000,1.0639,1.5766,0.8318,1.3734,102756568,0
1870.HK,D,20191111,000000,1.3541,1.6733,1.2477,1.3251,21701008,0
1870.HK,D,20191112,000000,1.3251,1.5185,1.2961,1.3444,10306932,0
1870.HK,D,20191113,000000,1.3154,1.3444,1.2961,1.3348,3047415,0
1870.HK,D,20191114,000000,1.3251,1.4508,1.3251,1.3638,3639322,0
1870.HK,D,20191115,000000,1.3831,1.5862,1.3638,1.4411,14939831,0
1870.HK,D,20191118,000000,1.4702,2.273,1.4702,1.9828,17630551,0
1870.HK,D,20191119,000000,2.0311,2.3407,1.8377,2.1472,8165212,0
1870.HK,D,20191120,000000,2.1279,2.4857,2.1279,2.3503,8387500,0
1870.HK,D,20191121,000000,2.3213,2.3407,1.4605,2.1182,4254492,0
1870.HK,D,20191122,000000,1.7893,2.1569,1.7893,2.1279,535042,0
1870.HK,D,20191125,000000,1.8474,2.1666,1.8474,2.1085,1747288,0
1870.HK,D,20191126,000000,2.1279,2.9984,1.857,2.3987,2365042,0
1870.HK,D,20191127,000000,2.5148,2.6985,2.3697,2.3793,2070381,0
1870.HK,D,20191128,000000,2.418,2.6115,2.1472,2.3987,498856,0
1870.HK,D,20191129,000000,2.3987,2.6115,2.2246,2.4664,4210551,0
1870.HK,D,20191202,000000,2.4664,2.4664,2.2246,2.3793,617754,0
1870.HK,D,20191203,000000,2.3793,2.3793,2.2439,2.302,793517,0
1870.HK,D,20191204,000000,2.302,2.302,2.273,2.2923,305000,0
1870.HK,D,20191205,000000,2.302,2.418,2.302,2.418,100805,0
1870.HK,D,20191206,000000,2.3213,2.36,2.3213,2.3503,31017,0
1870.HK,D,20191209,000000,2.3503,2.3503,2.2439,2.2826,361864,0
1870.HK,D,20191210,000000,2.2343,2.5148,1.9538,2.1956,4461271,0
1870.HK,D,20191211,000000,2.1375,2.1762,2.0505,2.0698,1023559,0
1870.HK,D,20191212,000000,2.0311,2.0408,1.9828,2.0408,183517,0
1870.HK,D,20191213,000000,1.9344,2.0408,1.8957,1.9634,2416737,0
1870.HK,D,20191216,000000,1.8764,1.9634,1.8764,1.8764,7754,0
1870.HK,D,20191217,000000,2.0311,2.302,2.0311,2.302,5050593,0
1870.HK,D,20191218,000000,2.2923,2.5148,2.2923,2.447,3523008,0
1870.HK,D,20191219,000000,2.5051,2.5438,2.4084,2.5341,4719746,0
1870.HK,D,20191220,000000,2.6018,2.8049,2.5051,2.8049,214534,0
1870.HK,D,20191223,000000,2.8049,2.8049,2.36,2.6211,2147924,0
1870.HK,D,20191224,000000,2.7759,2.7952,2.4374,2.5631,2424492,0
1870.HK,D,20191227,000000,2.4664,2.5341,2.331,2.5148,100805,0
1870.HK,D,20191230,000000,2.418,2.6598,2.1762,2.5825,80145212,0
1870.HK,D,20191231,000000,2.5728,2.5728,0.5126,0.6964,162428019,0
1870.HK,D,20200102,000000,0.6674,0.7834,0.6577,0.6674,53964322,0
1870.HK,D,20200103,000000,0.677,0.6964,0.59,0.59,15547142,0
1870.HK,D,20200106,000000,0.5803,0.5803,0.5223,0.5416,14539195,0
1870.HK,D,20200107,000000,0.532,0.5997,0.5126,0.5803,16692288,0
1870.HK,D,20200108,000000,0.5707,0.5707,0.5223,0.5223,7402712,0
1870.HK,D,20200109,000000,0.5416,0.5513,0.503,0.5126,5887534,0
1870.HK,D,20200110,000000,0.5126,0.5126,0.48361,0.48361,8620127,0
1870.HK,D,20200113,000000,0.48361,0.5126,0.45459,0.45459,6257669,0
1870.HK,D,20200114,000000,0.45459,0.46426,0.43525,0.44008,5208263,0
1870.HK,D,20200115,000000,0.43525,0.43525,0.41107,0.4159,5795000,0
1870.HK,D,20200116,000000,0.40623,0.44975,0.40623,0.43525,5952669,0
1870.HK,D,20200117,000000,0.43525,0.44492,0.42557,0.43525,1470720,0
1870.HK,D,20200120,000000,0.43525,0.45459,0.42557,0.44975,2915593,0
1870.HK,D,20200121,000000,0.44975,0.44975,0.42074,0.43041,2297839,0
1870.HK,D,20200122,000000,0.42557,0.43525,0.42074,0.42557,1364746,0
1870.HK,D,20200123,000000,0.40623,0.43525,0.38689,0.40139,2796695,0
1870.HK,D,20200124,000000,0.41107,0.41107,0.39656,0.40623,558305,0
1870.HK,D,20200129,000000,0.40139,0.40139,0.33852,0.3627,3781483,0
1870.HK,D,20200130,000000,0.35787,0.35787,0.31434,0.31918,6751356,0
1870.HK,D,20200131,000000,0.31918,0.33852,0.29984,0.31918,3693602,0
1870.HK,D,20200203,000000,0.295,0.33369,0.29016,0.31918,927924,0
1870.HK,D,20200204,000000,0.31918,0.42074,0.31918,0.39172,13691398,0
1870.HK,D,20200205,000000,0.39172,0.39656,0.3482,0.35303,5841525,0
1870.HK,D,20200206,000000,0.34336,0.3627,0.34336,0.3627,710805,0
1870.HK,D,20200207,000000,0.35787,0.3627,0.34336,0.35303,780593,0
1870.HK,D,20200210,000000,0.3627,0.36754,0.3482,0.36754,677203,0
1870.HK,D,20200211,000000,0.36754,0.37238,0.3482,0.3627,744407,0
1870.HK,D,20200212,000000,0.35787,0.35787,0.3482,0.35303,612585,0
1870.HK,D,20200213,000000,0.34336,0.35303,0.33852,0.3482,865890,0
1870.HK,D,20200214,000000,0.3482,0.35787,0.33852,0.3482,292076,0
1870.HK,D,20200217,000000,0.3482,0.35787,0.33852,0.34336,1331144,0
1870.HK,D,20200218,000000,0.3482,0.3482,0.32885,0.33852,540212,0
1870.HK,D,20200219,000000,0.33369,0.3482,0.33369,0.33852,984788,0
1870.HK,D,20200220,000000,0.33852,0.33852,0.32885,0.33852,703051,0
1870.HK,D,20200221,000000,0.32885,0.33852,0.32402,0.33369,1160551,0
1870.HK,D,20200224,000000,0.31918,0.33369,0.31918,0.32885,661695,0
1870.HK,D,20200225,000000,0.31918,0.34336,0.31918,0.32402,1623220,0
1870.HK,D,20200226,000000,0.32402,0.32402,0.31918,0.32402,242966,0
1870.HK,D,20200227,000000,0.31918,0.33369,0.31918,0.32402,677203,0
1870.HK,D,20200228,000000,0.32402,0.5223,0.32402,0.38205,105506737,0
1870.HK,D,20200302,000000,0.37721,0.49328,0.3482,0.43525,43876059,0
1870.HK,D,20200303,000000,0.44975,0.6384,0.42557,0.6384,58091644,0
1870.HK,D,20200304,000000,0.6287,0.7448,0.5416,0.5416,71731864,0
1870.HK,D,20200305,000000,0.5707,0.6287,0.5416,0.5707,16314915,0
1870.HK,D,20200306,000000,0.5223,0.5707,0.5126,0.5223,7821441,0
1870.HK,D,20200309,000000,0.503,0.5416,0.44975,0.44975,9646271,0
1870.HK,D,20200310,000000,0.44492,0.503,0.44492,0.48361,5213432,0
1870.HK,D,20200311,000000,0.48361,0.48361,0.46426,0.46426,1824831,0
1870.HK,D,20200312,000000,0.45459,0.45459,0.43041,0.44492,1654237,0
1870.HK,D,20200313,000000,0.4159,0.48361,0.37721,0.39172,12946992,0
1870.HK,D,20200316,000000,0.39172,0.42557,0.36754,0.39172,1985085,0
1870.HK,D,20200317,000000,0.38689,0.38689,0.36754,0.36754,832288,0
1870.HK,D,20200318,000000,0.35303,0.4159,0.34336,0.34336,1868771,0
1870.HK,D,20200319,000000,0.34336,0.34336,0.31918,0.32885,1085593,0
1870.HK,D,20200320,000000,0.3482,0.39656,0.33852,0.37721,1656822,0
1870.HK,D,20200323,000000,0.36754,0.36754,0.34336,0.3482,824534,0
1870.HK,D,20200324,000000,0.37238,0.37238,0.33852,0.35303,351525,0
1870.HK,D,20200325,000000,0.3627,0.38689,0.35787,0.35787,1147627,0
1870.HK,D,20200326,000000,0.37721,0.37721,0.3482,0.36754,816780,0
1870.HK,D,20200327,000000,0.35303,0.3627,0.33852,0.3482,2757924,0
1870.HK,D,20200330,000000,0.35787,0.35787,0.33852,0.33852,1044237,0
1870.HK,D,20200331,000000,0.35303,0.35787,0.33369,0.34336,641017,0
1870.HK,D,20200401,000000,0.34336,0.35303,0.33369,0.3482,1160551,0
1870.HK,D,20200402,000000,0.3482,0.35787,0.34336,0.35303,896907,0
1870.HK,D,20200403,000000,0.3482,0.3482,0.34336,0.34336,222288,0
1870.HK,D,20200406,000000,0.34336,0.3482,0.33852,0.34336,925339,0
1870.HK,D,20200407,000000,0.34336,0.3627,0.34336,0.35303,1356992,0
1870.HK,D,20200408,000000,0.35303,0.35303,0.33852,0.34336,695297,0
1870.HK,D,20200409,000000,0.35303,0.37238,0.35303,0.36754,1362161,0
1870.HK,D,20200414,000000,0.36754,0.46426,0.36754,0.42557,13133093,0
1870.HK,D,20200415,000000,0.42557,0.45943,0.38689,0.39656,6761695,0
1870.HK,D,20200416,000000,0.39656,0.4159,0.38205,0.38689,1731780,0
1870.HK,D,20200417,000000,0.39656,0.42557,0.38689,0.39172,1537924,0
1870.HK,D,20200420,000000,0.39172,0.40623,0.38689,0.39172,977034,0
1870.HK,D,20200421,000000,0.38689,0.39172,0.37721,0.38205,847797,0
1870.HK,D,20200422,000000,0.38205,0.38205,0.36754,0.36754,780593,0
1870.HK,D,20200423,000000,0.36754,0.37721,0.3627,0.36754,741822,0
1870.HK,D,20200424,000000,0.37238,0.37721,0.37238,0.37238,103390,0
1870.HK,D,20200427,000000,0.35787,0.36754,0.35787,0.36754,175763,0
1870.HK,D,20200428,000000,0.36754,0.36754,0.35787,0.3627,80127,0
1870.HK,D,20200429,000000,0.3627,0.3627,0.3482,0.3482,214534,0
1870.HK,D,20200504,000000,0.3482,0.3482,0.33852,0.33852,700466,0
1870.HK,D,20200505,000000,0.33852,0.37238,0.30467,0.33852,1966992,0
1870.HK,D,20200506,000000,0.33852,0.35303,0.33369,0.34336,858136,0
1870.HK,D,20200507,000000,0.34336,0.34336,0.32885,0.33369,752161,0
1870.HK,D,20200508,000000,0.33369,0.33852,0.32402,0.33369,1248432,0
1870.HK,D,20200511,000000,0.33369,0.33852,0.32885,0.33369,307585,0
1870.HK,D,20200512,000000,0.33369,0.33852,0.32885,0.33852,441992,0
1870.HK,D,20200513,000000,0.33369,0.33852,0.32885,0.33369,377373,0
1870.HK,D,20200514,000000,0.32885,0.33369,0.31918,0.33369,379958,0
1870.HK,D,20200515,000000,0.32885,0.33852,0.32402,0.33369,465254,0
1870.HK,D,20200518,000000,0.32885,0.33369,0.31918,0.32885,723729,0
1870.HK,D,20200519,000000,0.32885,0.33369,0.31918,0.32885,292076,0
1870.HK,D,20200520,000000,0.32402,0.32885,0.31918,0.32885,504025,0
1870.HK,D,20200521,000000,0.32885,0.32885,0.31434,0.32885,111144,0
1870.HK,D,20200522,000000,0.31918,0.32402,0.30951,0.31918,1106271,0
1870.HK,D,20200525,000000,0.31918,0.32402,0.29016,0.29984,1429364,0
1870.HK,D,20200526,000000,0.30467,0.31434,0.29984,0.31434,315339,0
1870.HK,D,20200527,000000,0.29984,0.30951,0.29984,0.29984,783178,0
1870.HK,D,20200528,000000,0.29984,0.29984,0.27566,0.28533,1607712,0
1870.HK,D,20200529,000000,0.28533,0.32402,0.28049,0.295,883983,0
1870.HK,D,20200601,000000,0.29984,0.29984,0.29016,0.295,299831,0
1870.HK,D,20200602,000000,0.305,0.33,0.3,0.305,520000,0
1870.HK,D,20200603,000000,0.3,0.31,0.3,0.31,412500,0
1870.HK,D,20200604,000000,0.3,0.31,0.295,0.31,117500,0
1870.HK,D,20200605,000000,0.3,0.3,0.28,0.3,1875000,0
1870.HK,D,20200608,000000,0.3,0.3,0.29,0.295,560000,0
1870.HK,D,20200609,000000,0.28,0.295,0.28,0.29,380000,0
1870.HK,D,20200610,000000,0.285,0.295,0.275,0.295,850000,0
1870.HK,D,20200611,000000,0.285,0.285,0.28,0.285,242500,0
1870.HK,D,20200612,000000,0.275,0.29,0.27,0.29,365000,0
1870.HK,D,20200615,000000,0.285,0.285,0.275,0.285,50000,0
1870.HK,D,20200616,000000,0.28,0.285,0.28,0.285,350000,0
1870.HK,D,20200617,000000,0.29,0.295,0.285,0.29,105000,0
1870.HK,D,20200618,000000,0.29,0.295,0.29,0.295,582500,0
1870.HK,D,20200619,000000,0.3,0.315,0.3,0.3,542500,0
1870.HK,D,20200622,000000,0.3,0.32,0.3,0.315,1115000,0
1870.HK,D,20200623,000000,0.315,0.315,0.305,0.31,427500,0
1870.HK,D,20200624,000000,0.305,0.315,0.3,0.31,432500,0
1870.HK,D,20200626,000000,0.31,0.335,0.305,0.325,1535000,0
1870.HK,D,20200629,000000,0.32,0.33,0.315,0.325,1177500,0
1870.HK,D,20200630,000000,0.32,0.34,0.32,0.34,802500,0
1870.HK,D,20200702,000000,0.325,0.335,0.325,0.325,762500,0
1870.HK,D,20200703,000000,0.325,0.33,0.31,0.325,527500,0
1870.HK,D,20200706,000000,0.32,0.35,0.31,0.335,1472500,0
1870.HK,D,20200707,000000,0.33,0.33,0.315,0.32,815000,0
1870.HK,D,20200708,000000,0.33,0.33,0.32,0.32,285000,0
1870.HK,D,20200709,000000,0.32,0.325,0.315,0.315,752500,0
1870.HK,D,20200710,000000,0.31,0.31,0.3,0.305,1032500,0
1870.HK,D,20200713,000000,0.305,0.32,0.305,0.315,195000,0
1870.HK,D,20200714,000000,0.31,0.31,0.295,0.31,1397500,0
1870.HK,D,20200715,000000,0.32,0.32,0.3,0.31,827500,0
1870.HK,D,20200716,000000,0.3,0.305,0.295,0.295,482500,0
1870.HK,D,20200717,000000,0.3,0.3,0.295,0.295,17500,0
1870.HK,D,20200720,000000,0.295,0.295,0.285,0.295,142500,0
1870.HK,D,20200721,000000,0.285,0.295,0.28,0.295,385000,0
1870.HK,D,20200722,000000,0.295,0.295,0.285,0.285,417500,0
1870.HK,D,20200723,000000,0.285,0.29,0.285,0.285,122500,0
1870.HK,D,20200724,000000,0.295,0.295,0.28,0.285,320000,0
1870.HK,D,20200727,000000,0.28,0.285,0.275,0.28,297500,0
1870.HK,D,20200728,000000,0.28,0.28,0.275,0.275,192500,0
1870.HK,D,20200729,000000,0.275,0.275,0.27,0.27,220000,0
1870.HK,D,20200730,000000,0.275,0.28,0.275,0.28,137500,0
1870.HK,D,20200731,000000,0.27,0.285,0.21,0.275,7280000,0
1870.HK,D,20200803,000000,0.255,0.305,0.255,0.28,1065000,0
1870.HK,D,20200804,000000,0.28,0.28,0.275,0.28,415000,0
1870.HK,D,20200805,000000,0.27,0.3,0.265,0.27,640000,0
1870.HK,D,20200806,000000,0.3,0.3,0.27,0.3,477500,0
1870.HK,D,20200807,000000,0.3,0.3,0.3,0.3,0,0
1870.HK,D,20200810,000000,0.29,0.3,0.275,0.29,382500,0
1870.HK,D,20200811,000000,0.28,0.29,0.28,0.29,557500,0
1870.HK,D,20200812,000000,0.28,0.305,0.27,0.295,745000,0
1870.HK,D,20200813,000000,0.29,0.295,0.29,0.29,65000,0
1870.HK,D,20200814,000000,0.29,0.295,0.28,0.29,332500,0
1870.HK,D,20200817,000000,0.295,0.295,0.285,0.295,220000,0
1870.HK,D,20200818,000000,0.295,0.3,0.295,0.295,290000,0
1870.HK,D,20200819,000000,0.295,0.3,0.28,0.295,405000,0
1870.HK,D,20200820,000000,0.29,0.295,0.285,0.295,115000,0
1870.HK,D,20200821,000000,0.29,0.29,0.29,0.29,30000,0
1870.HK,D,20200824,000000,0.29,0.29,0.29,0.29,0,0
1870.HK,D,20200825,000000,0.295,0.295,0.275,0.295,90000,0
1870.HK,D,20200826,000000,0.28,0.28,0.275,0.28,212500,0
1870.HK,D,20200827,000000,0.275,0.275,0.27,0.275,102500,0
1870.HK,D,20200828,000000,0.27,0.275,0.27,0.27,32500,0
1870.HK,D,20200831,000000,0.27,0.27,0.255,0.26,562500,0
1870.HK,D,20200901,000000,0.26,0.265,0.26,0.265,125000,0
1870.HK,D,20200902,000000,0.26,0.26,0.26,0.26,145000,0
1870.HK,D,20200903,000000,0.255,0.26,0.255,0.255,12500,0
1870.HK,D,20200904,000000,0.255,0.255,0.24,0.249,837500,0
1870.HK,D,20200907,000000,0.25,0.27,0.25,0.25,282500,0
1870.HK,D,20200908,000000,0.245,0.25,0.236,0.25,67500,0
1870.HK,D,20200909,000000,0.26,0.26,0.25,0.26,15000,0
1870.HK,D,20200910,000000,0.265,0.27,0.26,0.26,137500,0
1870.HK,D,20200911,000000,0.255,0.26,0.255,0.26,20000,0
1870.HK,D,20200914,000000,0.26,0.26,0.25,0.25,80000,0
1870.HK,D,20200915,000000,0.25,0.255,0.25,0.255,70000,0
1870.HK,D,20200916,000000,0.25,0.255,0.25,0.25,15000,0
1870.HK,D,20200917,000000,0.25,0.25,0.246,0.246,152500,0
1870.HK,D,20200918,000000,0.25,0.26,0.25,0.25,85000,0
1870.HK,D,20200921,000000,0.25,0.25,0.247,0.247,45000,0
1870.HK,D,20200922,000000,0.245,0.245,0.236,0.24,125000,0
1870.HK,D,20200923,000000,0.24,0.241,0.238,0.241,160000,0
1870.HK,D,20200924,000000,0.24,0.24,0.234,0.235,352500,0
1870.HK,D,20200925,000000,0.231,0.231,0.229,0.229,470000,0
1870.HK,D,20200928,000000,0.249,0.249,0.24,0.24,5000,0
1870.HK,D,20200929,000000,0.244,0.244,0.244,0.244,5000,0
1870.HK,D,20200930,000000,0.244,0.244,0.244,0.244,115000,0
1870.HK,D,20201005,000000,0.243,0.243,0.239,0.239,50000,0
1870.HK,D,20201006,000000,0.22,0.227,0.22,0.227,67500,0
1870.HK,D,20201007,000000,0.227,0.245,0.223,0.224,205000,0
1870.HK,D,20201008,000000,0.223,0.223,0.216,0.216,152500,0
1870.HK,D,20201009,000000,0.216,0.217,0.214,0.217,267500,0
1870.HK,D,20201012,000000,0.217,0.217,0.217,0.217,0,0
1870.HK,D,20201014,000000,0.214,0.215,0.214,0.214,230000,0
1870.HK,D,20201015,000000,0.211,0.212,0.21,0.21,240000,0
1870.HK,D,20201016,000000,0.215,0.215,0.21,0.215,377500,0
1870.HK,D,20201019,000000,0.219,0.235,0.219,0.235,422500,0
1870.HK,D,20201020,000000,0.225,0.225,0.225,0.225,7500,0
1870.HK,D,20201021,000000,0.218,0.218,0.211,0.213,807500,0
1870.HK,D,20201022,000000,0.213,0.213,0.212,0.212,22500,0
1870.HK,D,20201023,000000,0.212,0.224,0.209,0.224,120000,0
1870.HK,D,20201027,000000,0.22,0.22,0.22,0.22,10000,0
1870.HK,D,20201028,000000,0.22,0.22,0.22,0.22,40000,0
1870.HK,D,20201029,000000,0.219,0.219,0.219,0.219,2500,0
1870.HK,D,20201030,000000,0.218,0.219,0.218,0.218,10000,0
1870.HK,D,20201102,000000,0.2,0.2,0.2,0.2,12500,0
1870.HK,D,20201103,000000,0.201,0.202,0.201,0.202,237500,0
1870.HK,D,20201104,000000,0.202,0.21,0.202,0.21,70000,0
1870.HK,D,20201105,000000,0.206,0.209,0.205,0.206,55000,0
1870.HK,D,20201106,000000,0.22,0.22,0.21,0.21,35000,0
1870.HK,D,20201109,000000,0.21,0.21,0.21,0.21,197500,0
1870.HK,D,20201110,000000,0.21,0.211,0.21,0.21,32500,0
1870.HK,D,20201111,000000,0.206,0.25,0.206,0.23,212500,0
1870.HK,D,20201112,000000,0.23,0.249,0.23,0.24,87500,0
1870.HK,D,20201113,000000,0.231,0.231,0.231,0.231,80000,0
1870.HK,D,20201116,000000,0.245,0.247,0.245,0.245,15000,0
1870.HK,D,20201117,000000,0.22,0.221,0.22,0.22,20000,0
1870.HK,D,20201118,000000,0.22,0.22,0.22,0.22,25000,0
1870.HK,D,20201119,000000,0.223,0.223,0.219,0.221,120000,0
1870.HK,D,20201120,000000,0.222,0.222,0.222,0.222,0,0
1870.HK,D,20201123,000000,0.225,0.225,0.224,0.225,55000,0
1870.HK,D,20201124,000000,0.234,0.234,0.234,0.234,45000,0
1870.HK,D,20201125,000000,0.233,0.24,0.233,0.235,340000,0
1870.HK,D,20201126,000000,0.235,0.235,0.22,0.22,95000,0
1870.HK,D,20201127,000000,0.223,0.228,0.223,0.228,190000,0
1870.HK,D,20201130,000000,0.23,0.23,0.228,0.23,47500,0
1870.HK,D,20201201,000000,0.24,0.24,0.23,0.24,95000,0
1870.HK,D,20201202,000000,0.24,0.241,0.234,0.241,462500,0
1870.HK,D,20201203,000000,0.241,0.265,0.241,0.255,780000,0
1870.HK,D,20201204,000000,0.26,0.27,0.255,0.255,217500,0
1870.HK,D,20201207,000000,0.255,0.255,0.255,0.255,7500,0
1870.HK,D,20201208,000000,0.255,0.255,0.24,0.25,160000,0
1870.HK,D,20201209,000000,0.25,0.25,0.25,0.25,0,0
1870.HK,D,20201210,000000,0.25,0.26,0.226,0.26,192500,0
1870.HK,D,20201211,000000,0.247,0.247,0.246,0.247,20000,0
1870.HK,D,20201214,000000,0.247,0.247,0.242,0.247,35000,0
1870.HK,D,20201215,000000,0.247,0.247,0.23,0.23,220000,0
1870.HK,D,20201216,000000,0.234,0.234,0.234,0.234,25000,0
1870.HK,D,20201217,000000,0.234,0.234,0.234,0.234,0,0
1870.HK,D,20201218,000000,0.225,0.234,0.22,0.221,112500,0
1870.HK,D,20201221,000000,0.22,0.221,0.211,0.211,242500,0
1870.HK,D,20201222,000000,0.211,0.22,0.211,0.22,30000,0
1870.HK,D,20201223,000000,0.21,0.216,0.21,0.216,42500,0
1870.HK,D,20201224,000000,0.216,0.216,0.216,0.216,0,0
1870.HK,D,20201228,000000,0.216,0.216,0.216,0.216,0,0
1870.HK,D,20201229,000000,0.216,0.216,0.211,0.214,110000,0
1870.HK,D,20201230,000000,0.22,0.221,0.218,0.218,212500,0
1870.HK,D,20201231,000000,0.218,0.218,0.218,0.218,0,0
1870.HK,D,20210104,000000,0.21,0.21,0.21,0.21,20000,0
1870.HK,D,20210105,000000,0.216,0.216,0.21,0.216,42500,0
1870.HK,D,20210106,000000,0.215,0.216,0.21,0.211,220000,0
1870.HK,D,20210107,000000,0.211,0.217,0.211,0.217,192500,0
1870.HK,D,20210108,000000,0.211,0.212,0.21,0.212,175000,0
1870.HK,D,20210111,000000,0.212,0.212,0.212,0.212,32500,0
1870.HK,D,20210112,000000,0.22,0.22,0.215,0.22,230000,0
1870.HK,D,20210113,000000,0.223,0.234,0.222,0.223,257500,0
1870.HK,D,20210114,000000,0.223,0.223,0.223,0.223,0,0
1870.HK,D,20210115,000000,0.216,0.218,0.215,0.215,340000,0
1870.HK,D,20210118,000000,0.205,0.215,0.205,0.205,50000,0
1870.HK,D,20210119,000000,0.201,0.21,0.198,0.21,597500,0
1870.HK,D,20210120,000000,0.21,0.219,0.205,0.208,240000,0
1870.HK,D,20210121,000000,0.207,0.207,0.207,0.207,0,0
1870.HK,D,20210122,000000,0.208,0.209,0.208,0.209,187500,0
1870.HK,D,20210125,000000,0.21,0.243,0.21,0.225,1762500,0
1870.HK,D,20210126,000000,0.214,0.227,0.212,0.225,567500,0
1870.HK,D,20210127,000000,0.213,0.217,0.212,0.215,365000,0
1870.HK,D,20210128,000000,0.215,0.215,0.214,0.215,22500,0
1870.HK,D,20210129,000000,0.215,0.233,0.21,0.226,140000,0
1870.HK,D,20210201,000000,0.224,0.224,0.224,0.224,7500,0
1870.HK,D,20210202,000000,0.22,0.22,0.2,0.207,1642500,0
1870.HK,D,20210203,000000,0.216,0.22,0.209,0.209,172500,0
1870.HK,D,20210204,000000,0.208,0.21,0.202,0.205,75000,0
1870.HK,D,20210205,000000,0.206,0.206,0.205,0.205,135000,0
1870.HK,D,20210208,000000,0.206,0.206,0.205,0.205,172500,0
1870.HK,D,20210209,000000,0.205,0.205,0.204,0.204,127500,0
1870.HK,D,20210210,000000,0.204,0.208,0.201,0.208,280000,0
1870.HK,D,20210211,000000,0.208,0.208,0.208,0.208,0,0
1870.HK,D,20210216,000000,0.22,0.23,0.206,0.208,875000,0
1870.HK,D,20210217,000000,0.211,0.211,0.208,0.209,202500,0
1870.HK,D,20210218,000000,0.209,0.217,0.205,0.211,937500,0
1870.HK,D,20210219,000000,0.211,0.22,0.211,0.218,1190000,0
1870.HK,D,20210222,000000,0.215,0.217,0.215,0.216,75000,0
1870.HK,D,20210223,000000,0.216,0.216,0.216,0.216,35000,0
1870.HK,D,20210224,000000,0.216,0.216,0.208,0.209,335000,0
1870.HK,D,20210225,000000,0.209,0.209,0.209,0.209,75000,0
1870.HK,D,20210226,000000,0.208,0.208,0.207,0.207,5000,0
1870.HK,D,20210301,000000,0.209,0.216,0.208,0.216,72500,0
1870.HK,D,20210302,000000,0.22,0.222,0.22,0.22,75000,0
1870.HK,D,20210303,000000,0.22,0.22,0.22,0.22,0,0
1870.HK,D,20210304,000000,0.22,0.22,0.21,0.21,50000,0
1870.HK,D,20210305,000000,0.21,0.21,0.209,0.209,22500,0
1870.HK,D,20210308,000000,0.206,0.206,0.2,0.201,157500,0
1870.HK,D,20210309,000000,0.201,0.201,0.201,0.201,50000,0
1870.HK,D,20210310,000000,0.201,0.201,0.201,0.201,142500,0
1870.HK,D,20210311,000000,0.201,0.201,0.201,0.201,10000,0
1870.HK,D,20210312,000000,0.202,0.202,0.2,0.202,187500,0
1870.HK,D,20210315,000000,0.201,0.202,0.198,0.198,32500,0
1870.HK,D,20210316,000000,0.2,0.202,0.2,0.202,822500,0
1870.HK,D,20210317,000000,0.202,0.202,0.202,0.202,167500,0
1870.HK,D,20210318,000000,0.207,0.208,0.207,0.207,2500,0
1870.HK,D,20210319,000000,0.208,0.208,0.208,0.208,22500,0
1870.HK,D,20210322,000000,0.208,0.208,0.208,0.208,0,0
1870.HK,D,20210323,000000,0.208,0.208,0.207,0.208,47500,0
1870.HK,D,20210324,000000,0.208,0.208,0.19,0.2,110000,0
1870.HK,D,20210325,000000,0.2,0.2,0.199,0.199,425000,0
1870.HK,D,20210326,000000,0.2,0.2,0.198,0.199,95000,0
1870.HK,D,20210329,000000,0.203,0.203,0.178,0.196,367500,0
1870.HK,D,20210330,000000,0.196,0.196,0.195,0.196,220000,0
1870.HK,D,20210331,000000,0.199,0.2,0.195,0.2,177500,0
1870.HK,D,20210401,000000,0.196,0.207,0.196,0.196,10000,0
1870.HK,D,20210407,000000,0.197,0.197,0.196,0.197,50000,0
1870.HK,D,20210408,000000,0.196,0.196,0.19,0.196,155000,0
1870.HK,D,20210409,000000,0.196,0.196,0.196,0.196,0,0
1870.HK,D,20210412,000000,0.196,0.196,0.196,0.196,0,0
1870.HK,D,20210413,000000,0.197,0.237,0.197,0.22,1470000,0
1870.HK,D,20210414,000000,0.22,0.22,0.22,0.22,0,0
1870.HK,D,20210415,000000,0.201,0.201,0.201,0.201,32500,0
1870.HK,D,20210416,000000,0.202,0.202,0.201,0.201,60000,0
1870.HK,D,20210419,000000,0.202,0.202,0.201,0.201,45000,0
1870.HK,D,20210420,000000,0.201,0.201,0.201,0.201,20000,0
1870.HK,D,20210421,000000,0.201,0.201,0.201,0.201,90000,0
1870.HK,D,20210422,000000,0.201,0.201,0.2,0.201,17500,0
1870.HK,D,20210423,000000,0.201,0.201,0.201,0.201,0,0
1870.HK,D,20210426,000000,0.201,0.201,0.201,0.201,25000,0
1870.HK,D,20210427,000000,0.201,0.201,0.198,0.201,70000,0
1870.HK,D,20210428,000000,0.201,0.201,0.2,0.2,12500,0
1870.HK,D,20210429,000000,0.21,0.21,0.21,0.21,470000,0
1870.HK,D,20210430,000000,0.21,0.21,0.21,0.21,0,0
1870.HK,D,20210503,000000,0.2,0.2,0.2,0.2,117500,0
1870.HK,D,20210504,000000,0.2,0.225,0.197,0.2,315000,0
1870.HK,D,20210505,000000,0.2,0.2,0.2,0.2,72500,0
1870.HK,D,20210506,000000,0.195,0.197,0.195,0.195,182500,0
1870.HK,D,20210507,000000,0.198,0.198,0.198,0.198,70000,0
1870.HK,D,20210510,000000,0.198,0.198,0.198,0.198,0,0
1870.HK,D,20210511,000000,0.2,0.2,0.2,0.2,95000,0
1870.HK,D,20210512,000000,0.198,0.2,0.196,0.197,82500,0
1870.HK,D,20210513,000000,0.197,0.197,0.196,0.196,10000,0
1870.HK,D,20210514,000000,0.196,0.196,0.196,0.196,15000,0
1870.HK,D,20210517,000000,0.196,0.196,0.196,0.196,30000,0
1870.HK,D,20210518,000000,0.206,0.206,0.206,0.206,2500,0
1870.HK,D,20210520,000000,0.206,0.206,0.205,0.205,2500,0
1870.HK,D,20210521,000000,0.205,0.205,0.204,0.204,7500,0
1870.HK,D,20210524,000000,0.2,0.2,0.2,0.2,7500,0
1870.HK,D,20210525,000000,0.2,0.2,0.195,0.195,130000,0
1870.HK,D,20210526,000000,0.196,0.225,0.196,0.218,37500,0
1870.HK,D,20210527,000000,0.21,0.21,0.208,0.208,2500,0
1870.HK,D,20210528,000000,0.215,0.215,0.208,0.208,22500,0
1870.HK,D,20210531,000000,0.206,0.206,0.206,0.206,5000,0
1870.HK,D,20210601,000000,0.206,0.206,0.196,0.196,12500,0
1870.HK,D,20210602,000000,0.199,0.199,0.199,0.199,0,0
1870.HK,D,20210603,000000,0.197,0.197,0.196,0.196,50000,0
1870.HK,D,20210604,000000,0.199,0.201,0.199,0.199,7500,0
1870.HK,D,20210607,000000,0.205,0.205,0.205,0.205,2500,0
1870.HK,D,20210608,000000,0.204,0.204,0.204,0.204,0,0
1870.HK,D,20210609,000000,0.199,0.2,0.199,0.199,27500,0
1870.HK,D,20210610,000000,0.198,0.198,0.198,0.198,2500,0
1870.HK,D,20210611,000000,0.198,0.198,0.197,0.197,30000,0
1870.HK,D,20210615,000000,0.197,0.2,0.196,0.2,157500,0
1870.HK,D,20210616,000000,0.205,0.218,0.205,0.218,752500,0
1870.HK,D,20210617,000000,0.218,0.219,0.207,0.207,627500,0
1870.HK,D,20210618,000000,0.21,0.21,0.21,0.21,10000,0
1870.HK,D,20210621,000000,0.207,0.207,0.204,0.204,270000,0
1870.HK,D,20210622,000000,0.204,0.204,0.204,0.204,0,0
1870.HK,D,20210623,000000,0.207,0.207,0.204,0.204,292500,0
1870.HK,D,20210624,000000,0.204,0.204,0.204,0.204,195000,0
1870.HK,D,20210625,000000,0.204,0.217,0.204,0.204,52500,0
1870.HK,D,20210628,000000,0.204,0.211,0.196,0.211,287500,0
1870.HK,D,20210629,000000,0.218,0.23,0.21,0.226,2690000,0
1870.HK,D,20210630,000000,0.226,0.226,0.226,0.226,0,0
1870.HK,D,20210702,000000,0.229,0.233,0.229,0.229,1187500,0
1870.HK,D,20210705,000000,0.229,0.229,0.229,0.229,12500,0
1870.HK,D,20210706,000000,0.229,0.23,0.229,0.229,40000,0
1870.HK,D,20210707,000000,0.228,0.229,0.228,0.229,450000,0
1870.HK,D,20210708,000000,0.223,0.225,0.209,0.223,210000,0
1870.HK,D,20210709,000000,0.222,0.225,0.212,0.225,1045000,0
1870.HK,D,20210712,000000,0.225,0.29,0.225,0.28,3550000,0
1870.HK,D,20210713,000000,0.265,0.28,0.255,0.275,740000,0
1870.HK,D,20210714,000000,0.265,0.265,0.25,0.255,402500,0
1870.HK,D,20210715,000000,0.265,0.265,0.265,0.265,45000,0
1870.HK,D,20210716,000000,0.265,0.265,0.265,0.265,0,0
1870.HK,D,20210719,000000,0.255,0.26,0.255,0.26,327500,0
1870.HK,D,20210720,000000,0.26,0.26,0.26,0.26,227500,0
1870.HK,D,20210721,000000,0.26,0.26,0.26,0.26,32500,0
1870.HK,D,20210722,000000,0.27,0.28,0.27,0.27,55000,0
1870.HK,D,20210723,000000,0.26,0.26,0.26,0.26,100000,0
1870.HK,D,20210726,000000,0.26,0.26,0.23,0.24,1427500,0
1870.HK,D,20210727,000000,0.211,0.27,0.21,0.211,820000,0
1870.HK,D,20210728,000000,0.192,0.224,0.19,0.192,1370000,0
1870.HK,D,20210729,000000,0.218,0.219,0.21,0.21,385000,0
1870.HK,D,20210730,000000,0.217,0.226,0.202,0.206,595000,0
1870.HK,D,20210802,000000,0.236,0.34,0.236,0.3,16665000,0
1870.HK,D,20210803,000000,0.31,0.32,0.26,0.265,6730000,0
1870.HK,D,20210804,000000,0.29,0.29,0.25,0.27,1637500,0
1870.HK,D,20210805,000000,0.27,0.27,0.27,0.27,192500,0
1870.HK,D,20210806,000000,0.27,0.27,0.27,0.27,617500,0
1870.HK,D,20210809,000000,0.27,0.3,0.27,0.28,1837500,0
1870.HK,D,20210810,000000,0.28,0.35,0.28,0.33,10102500,0
1870.HK,D,20210811,000000,0.33,0.35,0.31,0.32,2600000,0
1870.HK,D,20210812,000000,0.305,0.47,0.305,0.445,21122500,0
1870.HK,D,20210813,000000,0.445,0.57,0.415,0.57,18505000,0
1870.HK,D,20210816,000000,0.55,0.57,0.46,0.48,9020000,0
1870.HK,D,20210817,000000,0.46,0.46,0.4,0.43,5725000,0
1870.HK,D,20210818,000000,0.45,0.55,0.45,0.51,11121000,0
1870.HK,D,20210819,000000,0.51,0.61,0.51,0.58,12085000,0
1870.HK,D,20210820,000000,0.58,0.6,0.52,0.57,7477500,0
1870.HK,D,20210823,000000,0.6,0.6,0.53,0.55,6642500,0
1870.HK,D,20210824,000000,0.56,0.58,0.53,0.53,3157500,0
1870.HK,D,20210825,000000,0.53,0.55,0.5,0.53,6447500,0
1870.HK,D,20210826,000000,0.54,0.54,0.5,0.51,1700000,0
1870.HK,D,20210827,000000,0.53,0.54,0.49,0.49,1727500,0
1870.HK,D,20210830,000000,0.5,0.63,0.495,0.56,9705000,0
1870.HK,D,20210831,000000,0.53,0.57,0.53,0.56,820000,0
1870.HK,D,20210901,000000,0.56,0.7,0.53,0.67,15962500,0
1870.HK,D,20210902,000000,0.66,0.74,0.63,0.68,7082500,0
1870.HK,D,20210903,000000,0.7,0.72,0.66,0.7,3327500,0
1870.HK,D,20210906,000000,0.7,0.78,0.67,0.74,7745000,0
1870.HK,D,20210907,000000,0.75,0.83,0.75,0.79,7915000,0
1870.HK,D,20210908,000000,0.81,0.82,0.77,0.81,2177500,0
1870.HK,D,20210909,000000,0.8,0.85,0.78,0.81,1940000,0
1870.HK,D,20210910,000000,0.79,0.84,0.79,0.83,1600000,0
1870.HK,D,20210913,000000,0.81,0.86,0.8,0.85,3657500,0
1870.HK,D,20210914,000000,0.84,0.93,0.84,0.91,4515000,0
1870.HK,D,20210915,000000,0.93,1.08,0.91,1.08,9090000,0
1870.HK,D,20210916,000000,1.05,1.08,0.93,1.04,9632500,0
1870.HK,D,20210917,000000,0.6,1.06,0.6,0.95,51395000,0
1870.HK,D,20210920,000000,0.95,1.02,0.95,1,2927500,0
1870.HK,D,20210921,000000,1,1.15,1,1.14,6402500,0
1870.HK,D,20210923,000000,1.12,1.18,1.09,1.15,3147500,0
1870.HK,D,20210924,000000,1.14,1.37,1.11,1.31,11877500,0
1870.HK,D,20210927,000000,1.33,1.45,1.33,1.45,6565000,0
1870.HK,D,20210928,000000,1.45,1.47,1.34,1.45,3945000,0
1870.HK,D,20210929,000000,1.4,1.42,1.37,1.37,1597500,0
1870.HK,D,20210930,000000,1.28,1.29,0.72,1.15,17457500,0
1870.HK,D,20211004,000000,1.15,1.27,1.15,1.17,2755000,0
1870.HK,D,20211005,000000,1.17,1.17,1.08,1.12,1612500,0
1870.HK,D,20211006,000000,1.12,1.17,1.1,1.1,1495000,0
1870.HK,D,20211007,000000,1.07,1.15,1.01,1.09,2015000,0
1870.HK,D,20211008,000000,1.03,1.1,0.95,0.98,3640000,0
1870.HK,D,20211011,000000,1,1.2,1,1.08,2335000,0
1870.HK,D,20211012,000000,1.17,1.17,1.07,1.1,200000,0
1870.HK,D,20211015,000000,1.1,1.1,1,1.04,1212500,0
1870.HK,D,20211018,000000,1,1.24,1,1.19,4005000,0
1870.HK,D,20211019,000000,1.19,1.23,1.13,1.17,2262500,0
1870.HK,D,20211020,000000,1.17,1.23,1.16,1.21,1002500,0
1870.HK,D,20211021,000000,1.21,1.22,1.18,1.21,1392500,0
1870.HK,D,20211022,000000,1.23,1.26,1.18,1.2,2435000,0
1870.HK,D,20211025,000000,1.2,1.2,1.18,1.2,1322500,0
1870.HK,D,20211026,000000,1.18,1.2,1.15,1.19,1190000,0
1870.HK,D,20211027,000000,1.15,1.2,1.15,1.17,725000,0
1870.HK,D,20211028,000000,1.17,1.2,1.17,1.19,785000,0
1870.HK,D,20211029,000000,1.2,1.23,1.17,1.2,1957500,0
1870.HK,D,20211101,000000,1.2,1.21,1.18,1.18,2487500,0
1870.HK,D,20211102,000000,1.26,1.26,1.18,1.18,2417500,0
1870.HK,D,20211103,000000,1.22,1.22,1.11,1.15,1742500,0
1870.HK,D,20211104,000000,1.2,1.2,1.17,1.19,642500,0
1870.HK,D,20211105,000000,1.19,1.2,1.16,1.19,1420000,0
1870.HK,D,20211108,000000,1.19,1.23,1.15,1.19,56972500,0
1870.HK,D,20211109,000000,1.19,1.2,1.17,1.19,850000,0
1870.HK,D,20211110,000000,1.19,1.2,1.18,1.18,1512500,0
1870.HK,D,20211111,000000,1.17,1.19,1.17,1.17,852500,0
1870.HK,D,20211112,000000,1.19,1.2,1.16,1.17,1902500,0
1870.HK,D,20211115,000000,1.13,1.16,1.13,1.14,545000,0
1870.HK,D,20211116,000000,1.15,1.2,1.15,1.17,1622500,0
1870.HK,D,20211117,000000,1.19,1.19,1.16,1.17,535000,0
1870.HK,D,20211118,000000,1.16,1.18,1.16,1.16,615000,0
1870.HK,D,20211119,000000,1.16,1.22,1.14,1.2,4765000,0
1870.HK,D,20211122,000000,1.2,1.21,1.17,1.17,720000,0
1870.HK,D,20211123,000000,1.19,1.21,1.17,1.19,607500,0
1870.HK,D,20211124,000000,1.19,1.22,1.16,1.19,2990000,0
1870.HK,D,20211125,000000,1.19,1.2,1.15,1.17,4065000,0
1870.HK,D,20211126,000000,1.17,1.18,1.15,1.18,1752500,0
1870.HK,D,20211129,000000,1.15,1.16,1.02,1.15,1057500,0
1870.HK,D,20211130,000000,1.11,1.15,1.11,1.11,37500,0
1870.HK,D,20211201,000000,1.11,1.15,1.11,1.15,142500,0
1870.HK,D,20211202,000000,1.08,1.18,1.08,1.13,137500,0
1870.HK,D,20211203,000000,1.15,1.15,1.12,1.12,92500,0
1870.HK,D,20211206,000000,1.12,1.15,1.12,1.12,1070000,0
1870.HK,D,20211207,000000,1.13,1.2,1.13,1.17,2282500,0
1870.HK,D,20211208,000000,1.2,1.49,1.18,1.41,9900000,0
1870.HK,D,20211209,000000,1.45,1.53,1.36,1.48,5797500,0
1870.HK,D,20211210,000000,1.5,1.6,1.45,1.6,5025000,0
1870.HK,D,20211213,000000,1.61,1.64,1.55,1.56,3030000,0
1870.HK,D,20211214,000000,1.55,1.59,1.45,1.58,2890000,0
1870.HK,D,20211215,000000,1.55,1.55,1.49,1.49,1787500,0
1870.HK,D,20211216,000000,1.49,1.57,1.46,1.55,1262500,0
1870.HK,D,20211217,000000,1.51,1.52,1.47,1.5,830000,0
1870.HK,D,20211220,000000,1.47,1.51,1.3,1.39,2372500,0
1870.HK,D,20211221,000000,1.4,1.49,1.4,1.46,772500,0
1870.HK,D,20211222,000000,1.46,1.53,1.46,1.47,1187500,0
1870.HK,D,20211223,000000,1.47,1.54,1.46,1.53,815000,0
1870.HK,D,20211224,000000,1.53,1.75,1.53,1.65,2757500,0
1870.HK,D,20211228,000000,1.67,1.69,1.62,1.66,1827500,0
1870.HK,D,20211229,000000,1.68,1.81,1.65,1.81,4527500,0
1870.HK,D,20211230,000000,1.82,1.85,1.72,1.81,2992500,0
1870.HK,D,20211231,000000,1.9,1.93,1.81,1.89,8880000,0
1870.HK,D,20220103,000000,1.85,1.89,1.72,1.78,2595000,0
1870.HK,D,20220104,000000,1.74,1.77,1.72,1.76,627500,0
1870.HK,D,20220105,000000,1.72,1.72,1.68,1.7,925000,0
1870.HK,D,20220106,000000,1.7,1.7,1.56,1.57,3285000,0
1870.HK,D,20220107,000000,1.65,1.65,1.59,1.6,790000,0
1870.HK,D,20220110,000000,1.68,1.68,1.59,1.62,465000,0
1870.HK,D,20220111,000000,1.62,1.62,1.51,1.53,742500,0
1870.HK,D,20220112,000000,1.59,1.59,1.53,1.59,500000,0
1870.HK,D,20220113,000000,1.55,1.55,1.25,1.36,6275000,0
1870.HK,D,20220114,000000,1.36,1.4,1.25,1.27,2830000,0
1870.HK,D,20220117,000000,1.26,1.28,1.1,1.12,2337500,0
1870.HK,D,20220118,000000,1.09,1.31,1.09,1.18,3360000,0
1870.HK,D,20220119,000000,1.28,1.28,1.18,1.18,1267500,0
1870.HK,D,20220120,000000,1.27,1.27,1.16,1.2,1012500,0
1870.HK,D,20220121,000000,1.21,1.21,1.17,1.2,400000,0
1870.HK,D,20220124,000000,1.2,1.2,1.16,1.17,497500,0
1870.HK,D,20220125,000000,1.16,1.17,1.14,1.16,182500,0
1870.HK,D,20220126,000000,1.18,1.18,1.08,1.17,3012500,0
1870.HK,D,20220127,000000,1.17,1.17,1.12,1.15,4227500,0
1870.HK,D,20220128,000000,1.15,1.16,1.1,1.16,640000,0
1870.HK,D,20220131,000000,1.17,1.19,1.15,1.17,130000,0
1870.HK,D,20220204,000000,1.19,1.21,1.18,1.21,552500,0
1870.HK,D,20220207,000000,1.2,1.22,1.17,1.21,655000,0
1870.HK,D,20220208,000000,1.18,1.2,1.16,1.2,332500,0
1870.HK,D,20220209,000000,1.16,1.21,1.15,1.21,177500,0
1870.HK,D,20220210,000000,1.19,1.2,1.17,1.2,407500,0
1870.HK,D,20220211,000000,1.17,1.2,1.16,1.16,425000,0
1870.HK,D,20220214,000000,1.16,1.19,1.16,1.19,280000,0
1870.HK,D,20220215,000000,1.16,1.18,1.15,1.15,1135000,0
1870.HK,D,20220216,000000,1.15,1.17,1.15,1.17,287500,0
1870.HK,D,20220217,000000,1.17,1.17,1.14,1.17,405000,0
1870.HK,D,20220218,000000,1.13,1.17,1.13,1.16,290000,0
1870.HK,D,20220221,000000,1.13,1.15,1.12,1.13,297500,0
1870.HK,D,20220222,000000,1.12,1.14,1.1,1.11,520000,0
1870.HK,D,20220223,000000,1.11,1.14,1.09,1.11,325000,0
1870.HK,D,20220224,000000,1.11,1.11,1.07,1.09,342500,0
1870.HK,D,20220225,000000,1.13,1.13,1.01,1.11,1200000,0
1870.HK,D,20220228,000000,1.11,1.13,1.05,1.1,185000,0
1870.HK,D,20220301,000000,1.08,1.08,1.02,1.08,192500,0
1870.HK,D,20220302,000000,1.06,1.07,1.03,1.07,235000,0
1870.HK,D,20220303,000000,1.06,1.06,1.04,1.04,260000,0
1870.HK,D,20220304,000000,1.02,1.04,1,1.02,960000,0
1870.HK,D,20220307,000000,1.02,1.02,1.02,1.02,100000,0
1870.HK,D,20220308,000000,0.98,1.07,0.95,0.99,632500,0
1870.HK,D,20220309,000000,0.99,0.99,0.9,0.91,515000,0
1870.HK,D,20220310,000000,0.91,0.94,0.91,0.93,200000,0
1870.HK,D,20220311,000000,0.93,0.93,0.85,0.87,365000,0
1870.HK,D,20220314,000000,0.8,0.92,0.68,0.7,1345000,0
1870.HK,D,20220315,000000,0.68,0.71,0.67,0.7,947500,0
1870.HK,D,20220316,000000,0.7,0.93,0.7,0.93,1227500,0
1870.HK,D,20220317,000000,0.94,1.05,0.93,0.99,867500,0
1870.HK,D,20220318,000000,0.98,1,0.98,1,812500,0
1870.HK,D,20220321,000000,1.01,1.06,1.01,1.06,462500,0
1870.HK,D,20220322,000000,1.05,1.16,1.05,1.16,980000,0
1870.HK,D,20220323,000000,1.13,1.25,1.13,1.25,1365000,0
1870.HK,D,20220324,000000,1.27,1.27,1.19,1.25,622500,0
1870.HK,D,20220325,000000,1.26,1.27,1.18,1.21,1040000,0
1870.HK,D,20220328,000000,1.16,1.28,1.16,1.25,552500,0
1870.HK,D,20220329,000000,1.21,1.25,1.2,1.23,65000,0
1870.HK,D,20220330,000000,1.25,1.28,1.21,1.25,382500,0
1870.HK,D,20220331,000000,1.21,1.24,1.21,1.24,145000,0
1870.HK,D,20220401,000000,1.21,1.24,1.21,1.23,320000,0
1870.HK,D,20220404,000000,1.22,1.22,1.18,1.18,245000,0
1870.HK,D,20220406,000000,1.18,1.18,1.05,1.15,527500,0
1870.HK,D,20220407,000000,1.15,1.17,1.1,1.16,162500,0
1870.HK,D,20220408,000000,1.16,1.16,1.16,1.16,0,0
1870.HK,D,20220411,000000,1.16,1.16,1.1,1.11,337500,0
1870.HK,D,20220412,000000,1.12,1.13,1.1,1.12,45000,0
1870.HK,D,20220413,000000,1.08,1.14,1.06,1.08,212500,0
1870.HK,D,20220414,000000,1.09,1.09,1.07,1.07,460000,0
1870.HK,D,20220419,000000,1.08,1.08,1.07,1.07,97500,0
1870.HK,D,20220420,000000,1.07,1.09,1.05,1.06,92500,0
1870.HK,D,20220421,000000,1.06,1.06,1,1.06,387500,0
1870.HK,D,20220422,000000,1.06,1.12,1.06,1.11,105000,0
1870.HK,D,20220425,000000,1.08,1.11,1.07,1.08,185000,0
1870.HK,D,20220426,000000,1.07,1.08,1.07,1.07,12500,0
1870.HK,D,20220427,000000,1.07,1.09,1,1.07,212500,0
1870.HK,D,20220428,000000,1.08,1.14,1.04,1.08,355000,0
1870.HK,D,20220429,000000,1.14,1.14,1.08,1.14,3130000,0
1870.HK,D,20220503,000000,1.08,1.1,1.08,1.1,135000,0
1870.HK,D,20220504,000000,1.09,1.15,1.07,1.1,82500,0
1870.HK,D,20220505,000000,1.1,1.11,1.1,1.1,12500,0
1870.HK,D,20220506,000000,1.1,1.15,1.05,1.07,165000,0
1870.HK,D,20220510,000000,1.06,1.08,1.05,1.06,210000,0
1870.HK,D,20220511,000000,1.09,1.1,1.05,1.09,97500,0
1870.HK,D,20220512,000000,1.09,1.09,1.02,1.07,97500,0
1870.HK,D,20220513,000000,1.09,1.09,1.06,1.09,250000,0
1870.HK,D,20220516,000000,1.1,1.1,1.09,1.1,120000,0
1870.HK,D,20220517,000000,1.11,1.11,1.05,1.05,187500,0
1870.HK,D,20220518,000000,1.06,1.1,1.06,1.08,382500,0
1870.HK,D,20220519,000000,1.06,1.09,1.06,1.06,55000,0
1870.HK,D,20220520,000000,1.06,1.11,1.05,1.1,362500,0
1870.HK,D,20220523,000000,1.1,1.1,1.06,1.1,22500,0
1870.HK,D,20220524,000000,1.07,1.15,1.07,1.08,37500,0
1870.HK,D,20220525,000000,1.08,1.1,1.06,1.09,155000,0
1870.HK,D,20220526,000000,1.06,1.11,1.04,1.09,287500,0
1870.HK,D,20220527,000000,1.09,1.09,1.07,1.07,302500,0
1870.HK,D,20220530,000000,1.06,1.07,1.05,1.07,795000,0
1870.HK,D,20220531,000000,1.11,1.11,1.09,1.1,117500,0
1870.HK,D,20220601,000000,1.05,1.09,1.04,1.07,312500,0
1870.HK,D,20220602,000000,1.07,1.09,1.04,1.07,415000,0
1870.HK,D,20220606,000000,1.04,1.07,1.03,1.03,257500,0
1870.HK,D,20220607,000000,1.01,1.15,1,1.1,2215000,0
1870.HK,D,20220608,000000,1.11,1.13,1.03,1.06,1125000,0
1870.HK,D,20220609,000000,1.1,1.1,1.06,1.09,525000,0
1870.HK,D,20220610,000000,1.07,1.12,1.07,1.1,27500,0
1870.HK,D,20220613,000000,1.09,1.13,1.08,1.13,890000,0
1870.HK,D,20220614,000000,1.12,1.12,1.09,1.09,202500,0
1870.HK,D,20220615,000000,1.03,1.17,1.03,1.15,1470000,0
1870.HK,D,20220616,000000,1.14,1.15,1.13,1.13,387500,0
1870.HK,D,20220617,000000,1.12,1.15,1.11,1.15,630000,0
1870.HK,D,20220620,000000,1.13,1.18,1.13,1.15,1095000,0
1870.HK,D,20220621,000000,1.14,1.17,1.14,1.14,797500,0
1870.HK,D,20220622,000000,1.14,1.17,1.13,1.13,1107500,0
1870.HK,D,20220623,000000,1.13,1.16,1.12,1.15,725000,0
1870.HK,D,20220624,000000,1.15,1.15,1.14,1.14,765100,0
1870.HK,D,20220627,000000,1.14,1.15,1.13,1.14,657500,0
1870.HK,D,20220628,000000,1.14,1.14,1.12,1.12,917500,0
1870.HK,D,20220629,000000,1.12,1.21,1.1,1.18,2217500,0
1870.HK,D,20220630,000000,1.18,1.18,1.14,1.14,190000,0
1870.HK,D,20220704,000000,1.14,1.14,1.13,1.13,1402500,0
1870.HK,D,20220705,000000,1.13,1.18,1.12,1.14,1075000,0
1870.HK,D,20220706,000000,1.12,1.14,1.12,1.14,30000,0
1870.HK,D,20220707,000000,1.14,1.14,1.11,1.13,352500,0
1870.HK,D,20220708,000000,1.12,1.18,1.12,1.14,45000,0
1870.HK,D,20220711,000000,1.12,1.12,1.12,1.12,645000,0
1870.HK,D,20220712,000000,1.12,1.14,1.12,1.14,340000,0
1870.HK,D,20220713,000000,1.12,1.15,1.12,1.15,1975000,0
1870.HK,D,20220714,000000,1.15,1.15,1.12,1.13,110000,0
1870.HK,D,20220715,000000,1.13,1.15,1.13,1.15,2425000,0
1870.HK,D,20220718,000000,1.13,1.16,1.12,1.15,3745000,0
1870.HK,D,20220719,000000,1.13,1.17,1.12,1.14,717500,0
1870.HK,D,20220720,000000,1.14,1.14,1.12,1.13,1235000,0
1870.HK,D,20220721,000000,1.14,1.14,1.14,1.14,302500,0
1870.HK,D,20220722,000000,1.14,1.14,1.12,1.14,645000,0
1870.HK,D,20220725,000000,1.14,1.15,1.13,1.13,345000,0
1870.HK,D,20220726,000000,1.14,1.14,1.14,1.14,50000,0
1870.HK,D,20220727,000000,1.12,1.14,1.11,1.12,177500,0
1870.HK,D,20220728,000000,1.12,1.12,1.11,1.11,40000,0
1870.HK,D,20220729,000000,1.11,1.11,1.1,1.1,322500,0
1870.HK,D,20220801,000000,1.1,1.1,1,1.06,585000,0
1870.HK,D,20220802,000000,1.06,1.06,1,1.03,257500,0
1870.HK,D,20220803,000000,1.02,1.1,1.02,1.07,117500,0
1870.HK,D,20220804,000000,1.07,1.07,1.06,1.06,107500,0
1870.HK,D,20220805,000000,1.07,1.08,1.06,1.07,52500,0
1870.HK,D,20220808,000000,1.07,1.07,1.05,1.05,485000,0
1870.HK,D,20220809,000000,1.05,1.05,1.05,1.05,0,0
1870.HK,D,20220810,000000,1.04,1.23,1.02,1.13,1270000,0
1870.HK,D,20220811,000000,1.17,1.35,1.17,1.23,1440000,0
1870.HK,D,20220812,000000,1.22,1.29,1.22,1.25,472500,0
1870.HK,D,20220815,000000,1.25,1.26,1.2,1.26,1817500,0
1870.HK,D,20220816,000000,1.26,1.45,1.26,1.43,2520000,0
1870.HK,D,20220817,000000,1.43,1.48,1.4,1.41,817500,0
1870.HK,D,20220818,000000,1.41,1.45,1.4,1.44,635000,0
1870.HK,D,20220819,000000,1.4,1.45,1.39,1.39,432500,0
1870.HK,D,20220822,000000,1.38,1.39,1.38,1.38,17500,0
1870.HK,D,20220823,000000,1.41,1.41,1.25,1.37,1400000,0
1870.HK,D,20220824,000000,1.3,1.37,1.3,1.32,682500,0
1870.HK,D,20220825,000000,1.31,1.32,1.27,1.29,87500,0
1870.HK,D,20220826,000000,1.33,1.33,1.25,1.3,482500,0
1870.HK,D,20220829,000000,1.3,1.31,1.29,1.3,842500,0
1870.HK,D,20220830,000000,1.3,1.3,1.3,1.3,0,0
1870.HK,D,20220831,000000,1.26,1.3,1.24,1.3,180000,0
1870.HK,D,20220901,000000,1.3,1.3,1.25,1.3,315000,0
1870.HK,D,20220902,000000,1.29,1.29,1.24,1.24,45000,0
1870.HK,D,20220905,000000,1.24,1.24,1.16,1.16,502500,0
1870.HK,D,20220906,000000,1.16,1.3,1.16,1.3,475000,0
1870.HK,D,20220907,000000,1.3,1.3,1.22,1.26,132500,0
1870.HK,D,20220908,000000,1.24,1.3,1.19,1.27,1110000,0
1870.HK,D,20220909,000000,1.2,1.36,1.2,1.35,1390000,0
1870.HK,D,20220913,000000,1.35,1.35,1.26,1.3,215000,0
1870.HK,D,20220914,000000,1.26,1.27,1.21,1.24,722500,0
1870.HK,D,20220915,000000,1.23,1.27,1.23,1.26,1542500,0
1870.HK,D,20220916,000000,1.25,1.25,1.22,1.25,67500,0
1870.HK,D,20220919,000000,1.25,1.25,1.25,1.25,500000,0
1870.HK,D,20220920,000000,1.22,1.25,1.22,1.25,20000,0
1870.HK,D,20220921,000000,1.22,1.22,1.2,1.22,50000,0
1870.HK,D,20220922,000000,1.18,1.25,1.18,1.22,1452500,0
1870.HK,D,20220923,000000,1.22,1.25,1.2,1.24,1057500,0
1870.HK,D,20220926,000000,1,1.24,1,1.24,2917500,0
1870.HK,D,20220927,000000,1.2,1.25,1.18,1.23,1550000,0
1870.HK,D,20220928,000000,1.2,1.23,1.18,1.21,2285000,0
1870.HK,D,20220929,000000,1.2,1.22,1.14,1.22,2387500,0
1870.HK,D,20220930,000000,1.15,1.23,1.15,1.22,2632500,0
1870.HK,D,20221003,000000,1.18,1.23,1.16,1.23,315000,0
1870.HK,D,20221005,000000,1.2,1.23,1.2,1.23,235000,0
1870.HK,D,20221006,000000,1.19,1.22,1.19,1.21,55000,0
1870.HK,D,20221007,000000,1.2,1.21,1.18,1.2,1682500,0
1870.HK,D,20221010,000000,1.18,1.2,1.18,1.18,25000,0
1870.HK,D,20221011,000000,1.18,1.21,1.16,1.18,567500,0
1870.HK,D,20221012,000000,1.17,1.2,1.14,1.17,277500,0
1870.HK,D,20221013,000000,1.17,1.2,1.14,1.18,390000,0
1870.HK,D,20221014,000000,1.18,1.29,1.18,1.29,1450000,0
1870.HK,D,20221017,000000,1.25,1.26,1.25,1.25,642500,0
1870.HK,D,20221018,000000,1.05,1.26,1.05,1.19,2205000,0
1870.HK,D,20221019,000000,1.22,1.22,1.18,1.21,720000,0
1870.HK,D,20221020,000000,1.2,1.23,1.17,1.2,467500,0
1870.HK,D,20221021,000000,1.2,1.22,1.2,1.21,162500,0
1870.HK,D,20221024,000000,1.18,1.22,1.17,1.19,417500,0
1870.HK,D,20221025,000000,1.17,1.2,1.15,1.18,77500,0
1870.HK,D,20221026,000000,1.16,1.21,1.16,1.18,162500,0
1870.HK,D,20221027,000000,1.18,1.2,1.16,1.19,222500,0
1870.HK,D,20221028,000000,1.19,1.2,1.16,1.19,815000,0
1870.HK,D,20221031,000000,1.16,1.18,1.08,1.18,52500,0
1870.HK,D,20221101,000000,1.15,1.18,1.15,1.18,152500,0
1870.HK,D,20221102,000000,1.13,1.17,1.11,1.15,612500,0
1870.HK,D,20221103,000000,1.17,1.17,1.17,1.17,1142500,0
1870.HK,D,20221104,000000,1.14,1.18,1.14,1.18,647500,0
1870.HK,D,20221107,000000,1.17,1.17,1.13,1.17,132500,0
1870.HK,D,20221108,000000,1.17,1.17,1.17,1.17,0,0
1870.HK,D,20221109,000000,1.17,1.18,1.16,1.16,265000,0
1870.HK,D,20221110,000000,1.17,1.18,1.14,1.18,725000,0
1870.HK,D,20221111,000000,1.17,1.23,1.15,1.19,677500,0
1870.HK,D,20221114,000000,1.19,1.22,1.14,1.17,855000,0
1870.HK,D,20221115,000000,1.18,1.18,1.15,1.18,95000,0
1870.HK,D,20221116,000000,1.18,1.18,1.15,1.16,142500,0
1870.HK,D,20221117,000000,1.14,1.18,1.14,1.14,57500,0
1870.HK,D,20221118,000000,1.16,1.17,1.14,1.16,187500,0
1870.HK,D,20221121,000000,1.14,1.16,1.14,1.16,60000,0
1870.HK,D,20221122,000000,1.16,1.16,1.14,1.16,142500,0
1870.HK,D,20221123,000000,1.16,1.16,1.16,1.16,0,0
1870.HK,D,20221124,000000,1.16,1.16,1.14,1.14,45000,0
1870.HK,D,20221125,000000,1.13,1.18,1.1,1.14,275000,0
1870.HK,D,20221128,000000,1.1,1.21,1.06,1.16,842500,0
1870.HK,D,20221129,000000,1.16,1.16,1.15,1.16,12500,0
1870.HK,D,20221130,000000,1.15,1.15,1.14,1.14,375000,0
1870.HK,D,20221201,000000,1.14,1.17,1.12,1.16,1792500,0
1870.HK,D,20221202,000000,1,1.16,1,1.16,597500,0
1870.HK,D,20221205,000000,1.16,1.16,1.16,1.16,0,0
1870.HK,D,20221206,000000,1.14,1.15,1.09,1.14,1105000,0
1870.HK,D,20221207,000000,1.14,1.2,1.1,1.15,290000,0
1870.HK,D,20221208,000000,1.14,1.14,1.11,1.14,120000,0
1870.HK,D,20221209,000000,1.14,1.16,1.11,1.15,142500,0
1870.HK,D,20221212,000000,1.12,1.17,1.12,1.15,575000,0
1870.HK,D,20221213,000000,1.15,1.15,1.12,1.15,780000,0
1870.HK,D,20221214,000000,1.12,1.16,1.12,1.12,200000,0
1870.HK,D,20221215,000000,1.13,1.14,1.1,1.13,815000,0
1870.HK,D,20221216,000000,1.1,1.15,1.1,1.14,192500,0
1870.HK,D,20221219,000000,1.14,1.15,1.12,1.14,1557500,0
1870.HK,D,20221220,000000,1.12,1.14,1.11,1.13,617500,0
1870.HK,D,20221221,000000,1.12,1.17,1.1,1.17,107500,0
1870.HK,D,20221222,000000,1.12,1.18,1.12,1.17,1220000,0
1870.HK,D,20221223,000000,1.13,1.15,1.1,1.13,625000,0
1870.HK,D,20221228,000000,1.12,1.12,1.11,1.12,27500,0
1870.HK,D,20221229,000000,1.12,1.14,1.11,1.13,455000,0
1870.HK,D,20221230,000000,1.13,1.13,1.11,1.13,22500,0
1870.HK,D,20230103,000000,1.13,1.13,1.12,1.13,2350000,0
1870.HK,D,20230104,000000,1.13,1.13,1.12,1.13,312500,0
1870.HK,D,20230105,000000,1.12,1.13,1.11,1.13,1350000,0
1870.HK,D,20230106,000000,1.13,1.13,1.1,1.13,107500,0
1870.HK,D,20230109,000000,1.13,1.13,1.11,1.13,3492500,0
1870.HK,D,20230110,000000,1.12,1.13,1.12,1.13,3717500,0
1870.HK,D,20230111,000000,1.13,1.13,1.13,1.13,32500,0
1870.HK,D,20230112,000000,1.11,1.17,1.1,1.13,997500,0
1870.HK,D,20230113,000000,1.11,1.15,1.01,1.14,2345000,0
1870.HK,D,20230116,000000,1,1.13,1,1.13,2520000,0
1870.HK,D,20230117,000000,1.16,1.16,1.1,1.15,1655000,0
1870.HK,D,20230118,000000,1.15,1.15,1.11,1.15,162500,0
1870.HK,D,20230119,000000,1.15,1.15,1.11,1.15,92500,0
1870.HK,D,20230120,000000,1.12,1.13,1.1,1.1,207500,0
1870.HK,D,20230126,000000,1.13,1.13,1.1,1.11,330000,0
1870.HK,D,20230127,000000,1.14,1.14,1.1,1.14,417500,0
1870.HK,D,20230130,000000,1.11,1.13,1.1,1.13,67500,0
1870.HK,D,20230131,000000,1.13,1.13,1.13,1.13,0,0
1870.HK,D,20230201,000000,1.13,1.14,1.1,1.12,617500,0
1870.HK,D,20230202,000000,1.13,1.14,1.1,1.12,357500,0
1870.HK,D,20230203,000000,1.12,1.12,1.1,1.12,650000,0
1870.HK,D,20230206,000000,1.12,1.12,1.12,1.12,0,0
1870.HK,D,20230207,000000,1.13,1.14,1.1,1.12,692500,0
1870.HK,D,20230208,000000,1.11,1.11,1.1,1.11,275000,0
1870.HK,D,20230209,000000,1.11,1.11,1.1,1.11,112500,0
1870.HK,D,20230210,000000,1.12,1.12,1.08,1.1,112500,0
1870.HK,D,20230213,000000,1.1,1.1,1.03,1.09,1070000,0
1870.HK,D,20230214,000000,1.07,1.08,1.06,1.07,662500,0
1870.HK,D,20230215,000000,1.13,1.13,1.05,1.07,237500,0
1870.HK,D,20230216,000000,1.07,1.07,1.02,1.04,765000,0
1870.HK,D,20230217,000000,1.13,1.13,1.03,1.06,780000,0
1870.HK,D,20230220,000000,1.08,1.08,1.08,1.08,35000,0
1870.HK,D,20230221,000000,1.06,1.09,1.03,1.07,392500,0
1870.HK,D,20230222,000000,1.06,1.09,1.06,1.08,1060000,0
1870.HK,D,20230223,000000,1.08,1.1,1.07,1.08,155000,0
1870.HK,D,20230224,000000,1.06,1.1,1.01,1.08,962500,0
1870.HK,D,20230227,000000,1.07,1.09,1.05,1.07,475000,0
1870.HK,D,20230228,000000,1.07,1.07,1.04,1.07,667500,0
1870.HK,D,20230301,000000,1.05,1.07,1.03,1.06,755000,0
1870.HK,D,20230302,000000,1.07,1.07,1.05,1.06,47500,0
1870.HK,D,20230303,000000,1.05,1.07,1.04,1.07,125000,0
1870.HK,D,20230306,000000,1.07,1.07,1.05,1.05,235000,0
1870.HK,D,20230307,000000,1.06,1.07,1.05,1.06,115000,0
1870.HK,D,20230308,000000,1.07,1.07,1.05,1.07,22500,0
1870.HK,D,20230309,000000,1.06,1.06,1.06,1.06,0,0
1870.HK,D,20230310,000000,1.05,1.06,1.04,1.06,1450000,0
1870.HK,D,20230313,000000,1.05,1.05,1.02,1.04,595000,0
1870.HK,D,20230314,000000,1.04,1.04,1.01,1.04,165000,0
1870.HK,D,20230315,000000,1.03,1.06,1.02,1.04,215000,0
1870.HK,D,20230316,000000,1.04,1.04,1,1.04,710000,0
1870.HK,D,20230317,000000,1.04,1.06,1.02,1.06,620000,0
1870.HK,D,20230320,000000,1.02,1.07,0.99,1.07,1910000,0
1870.HK,D,20230321,000000,1.06,1.07,1.04,1.07,192500,0
1870.HK,D,20230322,000000,1.07,1.07,1.04,1.07,742500,0
1870.HK,D,20230323,000000,1.09,1.1,1.04,1.09,1067500,0
1870.HK,D,20230324,000000,1.08,1.12,1.08,1.12,2520000,0
1870.HK,D,20230327,000000,1.11,1.14,1.1,1.14,947500,0
1870.HK,D,20230328,000000,1.14,1.15,1.1,1.15,1865000,0
1870.HK,D,20230329,000000,1.12,1.17,1.1,1.17,2170000,0
1870.HK,D,20230330,000000,1.12,1.17,1.12,1.17,977500,0
1870.HK,D,20230331,000000,1.14,1.26,1.13,1.26,2305000,0
1870.HK,D,20230403,000000,1.26,1.26,1.2,1.21,1590000,0
1870.HK,D,20230404,000000,1.24,1.24,1.18,1.24,190000,0
1870.HK,D,20230406,000000,1.2,1.24,1.2,1.24,3217500,0
1870.HK,D,20230411,000000,1.21,1.24,1.21,1.24,1335000,0
1870.HK,D,20230412,000000,1.24,1.25,1.22,1.24,157500,0
1870.HK,D,20230413,000000,1.21,1.24,1.2,1.22,1217500,0
1870.HK,D,20230414,000000,1.21,1.22,1.15,1.22,6015000,0
1870.HK,D,20230417,000000,1.21,1.22,1.18,1.21,1117500,0
1870.HK,D,20230418,000000,1.2,1.21,1.18,1.2,715000,0
1870.HK,D,20230419,000000,1.1,1.2,1.1,1.19,1322500,0
1870.HK,D,20230420,000000,1.1,1.21,1.1,1.2,1435000,0
1870.HK,D,20230421,000000,1.2,1.21,1.18,1.2,467500,0
1870.HK,D,20230424,000000,1.2,1.21,1.17,1.2,690000,0
1870.HK,D,20230425,000000,1.2,1.2,1.2,1.2,0,0
1870.HK,D,20230426,000000,1.19,1.2,1.16,1.16,517500,0
1870.HK,D,20230427,000000,1.16,1.17,1.13,1.17,350000,0
1870.HK,D,20230428,000000,1.2,1.2,1.17,1.2,65000,0
1870.HK,D,20230502,000000,1.19,1.2,1.17,1.19,357500,0
1870.HK,D,20230503,000000,1.19,1.2,1.11,1.19,292500,0
1870.HK,D,20230504,000000,1.19,1.2,1.16,1.19,537500,0
1870.HK,D,20230505,000000,1.19,1.2,1.16,1.17,517500,0
1870.HK,D,20230508,000000,1.16,1.17,1.14,1.14,555000,0
1870.HK,D,20230509,000000,1.13,1.18,1.11,1.15,617500,0
1870.HK,D,20230510,000000,1.15,1.15,1.11,1.15,720000,0
1870.HK,D,20230511,000000,1.15,1.16,1.13,1.16,667500,0
1870.HK,D,20230512,000000,1.12,1.14,1.1,1.14,585000,0
1870.HK,D,20230515,000000,1.14,1.15,1.12,1.15,1060000,0
1870.HK,D,20230516,000000,1.12,1.12,1.11,1.12,1140000,0
1870.HK,D,20230517,000000,1.12,1.12,1.1,1.12,50000,0
1870.HK,D,20230518,000000,1.12,1.12,1.12,1.12,0,0
1870.HK,D,20230519,000000,1.12,1.12,1.1,1.12,85000,0
1870.HK,D,20230522,000000,1.11,1.12,1.1,1.11,255000,0
1870.HK,D,20230523,000000,1.11,1.12,1.08,1.1,227500,0
1870.HK,D,20230524,000000,1.11,1.11,1.03,1.1,365000,0
1870.HK,D,20230525,000000,1.07,1.1,1.04,1.09,777500,0
1870.HK,D,20230529,000000,1.04,1.08,1.04,1.04,400000,0
1870.HK,D,20230530,000000,1.04,1.16,1.04,1.07,1140000,0
1870.HK,D,20230531,000000,1.07,1.13,1.06,1.09,265000,0
1870.HK,D,20230601,000000,1.13,1.13,1.06,1.07,302500,0
1870.HK,D,20230602,000000,1.07,1.13,1.03,1.13,297500,0
1870.HK,D,20230605,000000,1.12,1.13,1.12,1.12,135000,0
1870.HK,D,20230606,000000,1.12,1.12,1.12,1.12,0,0
1870.HK,D,20230607,000000,1.12,1.13,1.12,1.12,145000,0
1870.HK,D,20230608,000000,1.12,1.12,1.08,1.12,57500,0
1870.HK,D,20230609,000000,1.12,1.12,1.09,1.12,1002500,0
1870.HK,D,20230612,000000,1,1.13,1,1.12,4342500,0
1870.HK,D,20230613,000000,1.12,1.13,1.12,1.12,175000,0
1870.HK,D,20230614,000000,1.12,1.13,1.12,1.12,557500,0
1870.HK,D,20230615,000000,1.13,1.14,1.09,1.13,360000,0
1870.HK,D,20230616,000000,1.13,1.14,1.1,1.13,617500,0
1870.HK,D,20230619,000000,1.12,1.13,1.11,1.13,292500,0
1870.HK,D,20230620,000000,1,1.13,1,1.13,2000000,0
1870.HK,D,20230621,000000,1.12,1.12,1.1,1.12,412500,0
1870.HK,D,20230623,000000,1.12,1.14,1.11,1.11,295000,0
1870.HK,D,20230626,000000,1.11,1.13,1.09,1.09,472500,0
1870.HK,D,20230627,000000,1.11,1.12,1.09,1.09,470000,0
1870.HK,D,20230628,000000,1.1,1.1,1.09,1.09,4000000,0
1870.HK,D,20230629,000000,1.04,1.09,1.04,1.08,407000,0
1870.HK,D,20230630,000000,1.11,1.11,1.11,1.11,10000,0
1870.HK,D,20230703,000000,1.11,1.11,1.1,1.1,522500,0
1870.HK,D,20230704,000000,1.1,1.12,1.06,1.12,447500,0
1870.HK,D,20230705,000000,1.08,1.12,1.08,1.12,22500,0
1870.HK,D,20230706,000000,1.08,1.12,1.08,1.12,2285000,0
1870.HK,D,20230707,000000,1.11,1.11,1.08,1.11,327500,0
1870.HK,D,20230710,000000,1.11,1.11,1.11,1.11,0,0
1870.HK,D,20230711,000000,1.09,1.09,1.04,1.07,200000,0
1870.HK,D,20230712,000000,1.07,1.09,1.05,1.09,187500,0
1870.HK,D,20230713,000000,1.09,1.1,1.05,1.05,830000,0
1870.HK,D,20230714,000000,1.06,1.08,1.06,1.07,790000,0
1870.HK,D,20230718,000000,1.05,1.05,1.05,1.05,2500,0
1870.HK,D,20230719,000000,1.06,1.07,0.99,1.04,760000,0
1870.HK,D,20230720,000000,1.06,1.1,1.03,1.03,1332500,0
1870.HK,D,20230721,000000,1.07,1.07,1.03,1.06,2500000,0
1870.HK,D,20230724,000000,1.05,1.05,1.05,1.05,0,0
1870.HK,D,20230725,000000,1.09,1.09,1.01,1.05,190000,0
1870.HK,D,20230726,000000,1.05,1.06,1.03,1.04,322500,0
1870.HK,D,20230727,000000,1.05,1.06,1.04,1.05,1482500,0
1870.HK,D,20230728,000000,1.05,1.06,1.01,1.06,665000,0
1870.HK,D,20230731,000000,1.06,1.06,1.02,1.02,810000,0
1870.HK,D,20230801,000000,1.02,1.05,1.01,1.03,547500,0
1870.HK,D,20230802,000000,1.01,1.06,1,1.04,740000,0
1870.HK,D,20230803,000000,1.01,1.05,1,1.03,472500,0
1870.HK,D,20230804,000000,1.02,1.05,1.01,1.04,315000,0
1870.HK,D,20230807,000000,1.04,1.04,1.01,1.03,532500,0
1870.HK,D,20230808,000000,1.03,1.07,1.02,1.04,932500,0
1870.HK,D,20230809,000000,1.06,1.06,1.02,1.04,322500,0
1870.HK,D,20230810,000000,1.05,1.05,1.02,1.04,537500,0
1870.HK,D,20230811,000000,1.02,1.04,1.02,1.04,1642500,0
1870.HK,D,20230814,000000,1.04,1.04,1.03,1.04,487500,0
1870.HK,D,20230815,000000,1.03,1.04,1.02,1.04,815000,0
1870.HK,D,20230816,000000,1.03,1.04,1.02,1.04,3377500,0
1870.HK,D,20230817,000000,1.03,1.04,1,1.04,995000,0
1870.HK,D,20230818,000000,1.03,1.03,1.01,1.03,320000,0
1870.HK,D,20230821,000000,1.03,1.08,1.03,1.08,1502500,0
1870.HK,D,20230822,000000,1.06,1.09,1.05,1.07,405000,0
1870.HK,D,20230823,000000,1.08,1.08,1.04,1.06,107500,0
1870.HK,D,20230824,000000,1.06,1.09,1.05,1.06,287500,0
1870.HK,D,20230825,000000,1.08,1.09,1.07,1.09,1707500,0
1870.HK,D,20230828,000000,1.09,1.12,1.07,1.07,812500,0
1870.HK,D,20230829,000000,1.09,1.09,1.07,1.07,157500,0
1870.HK,D,20230830,000000,1.05,1.1,1.05,1.05,1417500,0
1870.HK,D,20230831,000000,1.05,1.07,1.05,1.07,182500,0
1870.HK,D,20230904,000000,1.07,1.08,1.02,1.03,265000,0
1870.HK,D,20230905,000000,1.03,1.06,1.02,1.04,360000,0
1870.HK,D,20230906,000000,1.04,1.04,1.01,1.02,180000,0
1870.HK,D,20230907,000000,1.02,1.06,1.02,1.05,220000,0
1870.HK,D,20230911,000000,1.05,1.07,1.03,1.03,790000,0
1870.HK,D,20230912,000000,1.06,1.06,1.04,1.06,72500,0
1870.HK,D,20230913,000000,1.06,1.07,1.06,1.06,702500,0
1870.HK,D,20230914,000000,1.02,1.06,1.02,1.06,305000,0
1870.HK,D,20230915,000000,1.06,1.06,1.06,1.06,72500,0
1870.HK,D,20230918,000000,1.06,1.06,1.06,1.06,107500,0
1870.HK,D,20230919,000000,1.03,1.05,1.03,1.05,270000,0
1870.HK,D,20230920,000000,1.06,1.07,1.05,1.07,607500,0
1870.HK,D,20230921,000000,1.07,1.1,1.05,1.1,270000,0
1870.HK,D,20230922,000000,1.06,1.09,1.04,1.09,232500,0
1870.HK,D,20230925,000000,1.1,1.1,1.06,1.1,347500,0
1870.HK,D,20230926,000000,1.09,1.11,1.06,1.07,2042500,0
1870.HK,D,20230927,000000,1.07,1.1,1.06,1.06,1370000,0
1870.HK,D,20230928,000000,1.07,1.1,1.06,1.1,377500,0
1870.HK,D,20230929,000000,1.06,1.08,1.06,1.06,142500,0
1870.HK,D,20231003,000000,1.07,1.08,1.06,1.07,202500,0
1870.HK,D,20231004,000000,1.07,1.07,1.06,1.06,247500,0
1870.HK,D,20231005,000000,1.06,1.06,1.04,1.06,100000,0
1870.HK,D,20231006,000000,1.06,1.06,1.06,1.06,10000,0
1870.HK,D,20231009,000000,1.07,1.07,1.07,1.07,10000,0
1870.HK,D,20231010,000000,1.08,1.08,1.05,1.08,207500,0
1870.HK,D,20231011,000000,1.08,1.1,1.07,1.1,390000,0
1870.HK,D,20231012,000000,1.07,1.14,1.07,1.07,790000,0
1870.HK,D,20231013,000000,1.12,1.12,1.08,1.12,80000,0
1870.HK,D,20231016,000000,1.14,1.2,1.12,1.15,1417500,0
1870.HK,D,20231017,000000,1.2,1.22,1.18,1.21,1362500,0
1870.HK,D,20231018,000000,1.22,1.26,1.21,1.26,1705000,0
1870.HK,D,20231019,000000,1.26,1.36,1.24,1.3,2197500,0
1870.HK,D,20231020,000000,1.29,1.35,1.26,1.34,930000,0
1870.HK,D,20231024,000000,1.33,1.38,1.29,1.38,517500,0
1870.HK,D,20231025,000000,1.38,1.46,1.34,1.46,2152500,0
1870.HK,D,20231026,000000,1.47,1.49,1.45,1.48,707500,0
1870.HK,D,20231027,000000,1.48,1.5,1.47,1.5,1727500,0
1870.HK,D,20231030,000000,1.49,1.49,1.45,1.45,585000,0
1870.HK,D,20231031,000000,1.45,1.5,1.37,1.5,2460000,0
1870.HK,D,20231101,000000,1.45,1.54,1.45,1.54,1915000,0
1870.HK,D,20231102,000000,1.53,1.55,1.5,1.5,1030000,0
1870.HK,D,20231103,000000,1.5,1.51,1.42,1.43,1282500,0
1870.HK,D,20231106,000000,1.42,1.44,1.37,1.4,650000,0
1870.HK,D,20231107,000000,1.4,1.4,1.36,1.4,82500,0
1870.HK,D,20231108,000000,1.4,1.4,1.4,1.4,500000,0
1870.HK,D,20231109,000000,1.4,1.4,1.39,1.39,162500,0
1870.HK,D,20231110,000000,1.35,1.4,1.35,1.4,230000,0
1870.HK,D,20231113,000000,1.4,1.42,1.4,1.41,82500,0
1870.HK,D,20231114,000000,1.4,1.4,1.37,1.39,125000,0
1870.HK,D,20231115,000000,1.4,1.45,1.39,1.45,885000,0
1870.HK,D,20231116,000000,1.45,1.48,1.42,1.48,732500,0
1870.HK,D,20231117,000000,1.49,1.6,1.48,1.58,2647500,0
1870.HK,D,20231120,000000,1.58,1.66,1.58,1.58,2745000,0
1870.HK,D,20231121,000000,1.58,1.58,1.5,1.52,1432500,0
1870.HK,D,20231122,000000,1.52,1.56,1.48,1.48,3425000,0
1870.HK,D,20231123,000000,1.48,1.54,1.48,1.53,1422500,0
1870.HK,D,20231124,000000,1.49,1.61,1.48,1.59,1405000,0
1870.HK,D,20231127,000000,1.6,1.69,1.6,1.65,1672500,0
1870.HK,D,20231128,000000,1.61,1.65,1.6,1.65,992500,0
1870.HK,D,20231129,000000,1.6,1.69,1.59,1.6,892500,0
1870.HK,D,20231130,000000,1.6,1.7,1.6,1.66,1845000,0
1870.HK,D,20231201,000000,1.65,1.76,1.65,1.73,1957500,0
1870.HK,D,20231204,000000,1.7,1.83,1.69,1.78,3525000,0
1870.HK,D,20231205,000000,1.75,1.76,1.7,1.7,205000,0
1870.HK,D,20231206,000000,1.75,1.76,1.71,1.72,605000,0
1870.HK,D,20231207,000000,1.72,1.76,1.72,1.75,250000,0
1870.HK,D,20231208,000000,1.77,1.77,1.7,1.71,405000,0
1870.HK,D,20231211,000000,1.66,1.76,1.61,1.72,1347500,0
1870.HK,D,20231212,000000,1.75,1.78,1.65,1.68,492500,0
1870.HK,D,20231213,000000,1.61,1.73,1.61,1.72,690000,0
1870.HK,D,20231214,000000,1.75,1.78,1.73,1.75,1340000,0
1870.HK,D,20231215,000000,1.8,1.88,1.71,1.87,7002500,0
1870.HK,D,20231218,000000,1.87,1.87,1.71,1.8,335000,0
1870.HK,D,20231219,000000,1.8,1.8,1.55,1.69,1582500,0
1870.HK,D,20231220,000000,1.69,1.72,1.63,1.69,2820000,0
1870.HK,D,20231221,000000,1.69,1.69,1.56,1.65,1327500,0
1870.HK,D,20231222,000000,1.6,1.67,1.59,1.65,880000,0
1870.HK,D,20231227,000000,1.66,1.7,1.59,1.61,267500,0
1870.HK,D,20231228,000000,1.64,1.68,1.61,1.67,1017500,0
1870.HK,D,20231229,000000,1.7,1.75,1.6,1.74,1852500,0
1870.HK,D,20240102,000000,1.74,1.74,1.66,1.72,112500,0
1870.HK,D,20240103,000000,1.72,1.73,1.66,1.71,247500,0
1870.HK,D,20240104,000000,1.71,1.72,1.65,1.72,587500,0
1870.HK,D,20240105,000000,1.72,1.73,1.65,1.65,305000,0
1870.HK,D,20240108,000000,1.65,1.66,1.64,1.64,182500,0
1870.HK,D,20240109,000000,1.7,1.7,1.6,1.67,632500,0
1870.HK,D,20240110,000000,1.67,1.68,1.63,1.67,152500,0
1870.HK,D,20240111,000000,1.67,1.67,1.67,1.67,0,0
1870.HK,D,20240112,000000,1.66,1.67,1.61,1.67,2035000,0
1870.HK,D,20240115,000000,1.63,1.64,1.58,1.58,1090000,0
1870.HK,D,20240116,000000,1.58,1.59,1.56,1.56,562500,0
1870.HK,D,20240117,000000,1.52,1.52,1.11,1.38,1055000,0
1870.HK,D,20240118,000000,1.34,1.5,1.27,1.5,1915000,0
1870.HK,D,20240119,000000,1.49,1.62,1.41,1.57,1507500,0
1870.HK,D,20240122,000000,1.47,1.62,1.47,1.57,502500,0
1870.HK,D,20240123,000000,1.57,1.62,1.47,1.47,232500,0
1870.HK,D,20240124,000000,1.54,1.62,1.48,1.62,1762500,0
1870.HK,D,20240125,000000,1.64,1.64,1.52,1.56,227500,0
1870.HK,D,20240126,000000,1.66,1.66,1.52,1.66,1000000,0
1870.HK,D,20240129,000000,1.66,1.77,1.64,1.74,897500,0
1870.HK,D,20240130,000000,1.72,1.74,1.65,1.72,962500,0
1870.HK,D,20240131,000000,1.61,1.74,1.61,1.71,610000,0
1870.HK,D,20240201,000000,1.72,1.77,1.7,1.7,465000,0
1870.HK,D,20240202,000000,1.75,1.8,1.72,1.73,1400000,0
1870.HK,D,20240205,000000,1.74,1.83,1.74,1.76,837500,0
1870.HK,D,20240206,000000,1.8,1.8,1.74,1.75,570000,0
1870.HK,D,20240207,000000,1.75,1.78,1.75,1.76,1292500,0
1870.HK,D,20240208,000000,1.72,1.78,1.72,1.76,42500,0
1870.HK,D,20240209,000000,1.71,1.77,1.71,1.76,65000,0
1870.HK,D,20240214,000000,1.79,1.8,1.77,1.77,187500,0
1870.HK,D,20240215,000000,1.75,1.76,1.7,1.7,357500,0
1870.HK,D,20240216,000000,1.71,1.71,1.7,1.7,47500,0
1870.HK,D,20240219,000000,1.74,1.76,1.74,1.74,377500,0
1870.HK,D,20240220,000000,1.74,1.77,1.71,1.77,782500,0
1870.HK,D,20240221,000000,1.75,1.77,1.72,1.76,290000,0
1870.HK,D,20240222,000000,1.75,1.76,1.71,1.76,367500,0
1870.HK,D,20240223,000000,1.66,1.75,1.64,1.75,865000,0
1870.HK,D,20240226,000000,1.74,1.76,1.74,1.75,932500,0
1870.HK,D,20240227,000000,1.76,1.76,1.75,1.76,177500,0
1870.HK,D,20240228,000000,1.75,1.77,1.68,1.77,640000,0
1870.HK,D,20240229,000000,1.76,1.77,1.73,1.76,480000,0
1870.HK,D,20240301,000000,1.74,1.76,1.69,1.71,435000,0
1870.HK,D,20240304,000000,1.78,1.78,1.69,1.75,440000,0
1870.HK,D,20240305,000000,1.75,1.75,1.61,1.73,755000,0
1870.HK,D,20240306,000000,1.62,1.74,1.62,1.7,192500,0
1870.HK,D,20240307,000000,1.7,1.75,1.68,1.73,910000,0
1870.HK,D,20240308,000000,1.76,1.76,1.7,1.76,95000,0
1870.HK,D,20240311,000000,1.76,1.76,1.74,1.76,25000,0
1870.HK,D,20240312,000000,1.76,1.76,1.73,1.76,275000,0
1870.HK,D,20240313,000000,1.75,1.76,1.7,1.75,115000,0
1870.HK,D,20240314,000000,1.68,1.75,1.67,1.75,115000,0
1870.HK,D,20240315,000000,1.75,1.75,1.75,1.75,0,0
1870.HK,D,20240318,000000,1.69,1.7,1.69,1.69,70000,0
1870.HK,D,20240319,000000,1.69,1.73,1.69,1.72,50000,0
1870.HK,D,20240320,000000,1.68,1.72,1.68,1.72,247500,0
1870.HK,D,20240321,000000,1.72,1.75,1.7,1.7,892500,0
1870.HK,D,20240322,000000,1.7,1.75,1.7,1.7,177500,0
1870.HK,D,20240325,000000,1.7,1.72,1.7,1.7,397500,0
1870.HK,D,20240326,000000,1.75,1.75,1.71,1.75,120000,0
1870.HK,D,20240327,000000,1.75,1.8,1.75,1.79,842500,0
1870.HK,D,20240328,000000,1.74,1.83,1.74,1.83,555000,0
1870.HK,D,20240402,000000,1.83,1.85,1.77,1.85,410000,0
1870.HK,D,20240403,000000,1.79,1.9,1.79,1.9,607500,0
1870.HK,D,20240405,000000,1.92,1.98,1.9,1.95,545000,0
1870.HK,D,20240408,000000,1.96,2,1.94,2,400000,0
1870.HK,D,20240409,000000,2,2,1.96,1.99,180000,0
1870.HK,D,20240410,000000,1.94,1.98,1.89,1.94,127500,0
1870.HK,D,20240411,000000,1.93,1.95,1.86,1.94,462500,0
1870.HK,D,20240412,000000,1.93,1.94,1.93,1.94,432500,0
1870.HK,D,20240415,000000,1.94,2.06,1.92,2.04,1822500,0
1870.HK,D,20240416,000000,2.08,2.08,1.94,2.05,1072500,0
1870.HK,D,20240417,000000,1.98,2.04,1.98,2.04,1345000,0
1870.HK,D,20240418,000000,2,2.12,2,2.08,662500,0
1870.HK,D,20240419,000000,2,2.09,1.96,2.09,810000,0
1870.HK,D,20240422,000000,1.95,2.1,1.95,2.09,740000,0
1870.HK,D,20240423,000000,2.09,2.13,2.03,2.13,440000,0
1870.HK,D,20240424,000000,2.1,2.14,2.09,2.13,690000,0
1870.HK,D,20240425,000000,2.13,2.13,2.12,2.13,240000,0
1870.HK,D,20240426,000000,2.1,2.13,2.1,2.1,195000,0
1870.HK,D,20240429,000000,2.1,2.1,2,2.05,340000,0
1870.HK,D,20240430,000000,1.96,2.07,1.87,2.02,460000,0
1870.HK,D,20240502,000000,2.04,2.04,1.95,2.02,35000,0
1870.HK,D,20240503,000000,2.04,2.04,1.98,2.03,67500,0
1870.HK,D,20240506,000000,1.95,2,1.95,1.95,130000,0
1870.HK,D,20240507,000000,1.94,1.94,1.93,1.93,102500,0
1870.HK,D,20240508,000000,1.9,2.02,1.85,2.02,1287500,0
1870.HK,D,20240509,000000,2.02,2.04,2,2.03,45000,0
1870.HK,D,20240510,000000,1.96,2.02,1.96,1.99,90000,0
1870.HK,D,20240513,000000,1.99,2,1.97,2,107500,0
1870.HK,D,20240514,000000,2,2,1.93,2,42500,0
1870.HK,D,20240516,000000,2.05,2.05,1.93,2.05,112500,0
1870.HK,D,20240517,000000,2.06,2.06,1.93,2.06,427500,0
1870.HK,D,20240520,000000,1.94,1.97,1.89,1.92,237500,0
1870.HK,D,20240521,000000,1.98,1.99,1.93,1.99,1102500,0
1870.HK,D,20240522,000000,1.99,1.99,1.99,1.99,5000,0
1870.HK,D,20240523,000000,1.98,2,1.9,2,440000,0
1870.HK,D,20240524,000000,1.9,1.9,1.87,1.9,32500,0
1870.HK,D,20240527,000000,2.01,2.1,1.95,1.99,292500,0
1870.HK,D,20240528,000000,1.99,1.99,1.93,1.97,40000,0
1870.HK,D,20240529,000000,1.95,1.95,1.95,1.95,45000,0
1870.HK,D,20240530,000000,2.05,2.1,1.96,1.99,457500,0
1870.HK,D,20240531,000000,2.05,2.05,2,2,15000,0
1870.HK,D,20240603,000000,2.04,2.16,1.95,2.08,900000,0
1870.HK,D,20240604,000000,2.15,2.15,2,2,502500,0
1870.HK,D,20240605,000000,2.02,2.14,2,2.05,1230000,0
1870.HK,D,20240606,000000,2,2.05,2,2,30000,0
1870.HK,D,20240607,000000,2.04,2.05,2.01,2.04,97500,0
1870.HK,D,20240611,000000,2.04,2.04,2,2.02,12500,0
1870.HK,D,20240612,000000,2,2,2,2,22500,0
1870.HK,D,20240613,000000,1.95,2.02,1.92,1.99,37500,0
1870.HK,D,20240614,000000,2.06,2.08,1.93,2.06,497500,0
1870.HK,D,20240617,000000,2.05,2.05,2.05,2.05,0,0
1870.HK,D,20240618,000000,2.05,2.05,2,2.02,320000,0
1870.HK,D,20240619,000000,2.01,2.06,2.01,2.01,582500,0
1870.HK,D,20240620,000000,2.01,2.04,1.96,1.99,362500,0
1870.HK,D,20240621,000000,2.03,2.04,1.99,2.03,260000,0
1870.HK,D,20240624,000000,2.03,2.03,2.03,2.03,0,0
1870.HK,D,20240625,000000,1.96,1.98,1.94,1.98,140000,0
1870.HK,D,20240626,000000,1.98,1.98,1.93,1.93,1105000,0
1870.HK,D,20240627,000000,1.97,1.97,1.92,1.97,540000,0
1870.HK,D,20240628,000000,1.92,1.99,1.92,1.97,107500,0
1870.HK,D,20240702,000000,1.99,2.07,1.99,2.03,520000,0
1870.HK,D,20240703,000000,2,2.04,2,2.01,62500,0
1870.HK,D,20240704,000000,2.01,2.03,1.99,1.99,277500,0
1870.HK,D,20240705,000000,1.98,1.98,1.93,1.96,62500,0
1870.HK,D,20240708,000000,1.93,1.98,1.9,1.97,550000,0
1870.HK,D,20240709,000000,1.97,1.97,1.97,1.97,42500,0
1870.HK,D,20240710,000000,1.96,2.03,1.94,2.02,572500,0
1870.HK,D,20240711,000000,2.02,2.05,1.94,2.04,602500,0
1870.HK,D,20240712,000000,2.03,2.04,1.96,2.03,257500,0
1870.HK,D,20240715,000000,2.03,2.03,1.98,2,262500,0
1870.HK,D,20240716,000000,2,2,2,2,0,0
1870.HK,D,20240717,000000,1.96,2.04,1.96,2.01,555000,0
1870.HK,D,20240718,000000,2.02,2.05,1.97,2.03,465000,0
1870.HK,D,20240719,000000,2.03,2.04,1.99,1.99,152500,0
1870.HK,D,20240722,000000,1.97,2.05,1.97,2,272500,0
1870.HK,D,20240723,000000,2,2.03,1.99,1.99,325000,0
1870.HK,D,20240724,000000,1.97,2.02,1.97,1.99,977500,0
1870.HK,D,20240725,000000,2,2,1.96,2,110000,0
1870.HK,D,20240726,000000,1.95,2.01,1.94,1.99,995000,0
1870.HK,D,20240729,000000,1.99,2.01,1.95,2,547500,0
1870.HK,D,20240730,000000,1.99,2,1.98,2,237500,0
1870.HK,D,20240731,000000,1.98,2,1.95,1.98,450000,0
1870.HK,D,20240801,000000,1.93,1.96,1.93,1.93,75000,0
1870.HK,D,20240802,000000,1.95,1.96,1.95,1.95,60000,0
1870.HK,D,20240805,000000,1.9,1.93,1.9,1.9,37500,0
1870.HK,D,20240806,000000,1.95,1.96,1.85,1.96,265000,0
1870.HK,D,20240807,000000,1.9,1.98,1.9,1.95,727500,0
1870.HK,D,20240808,000000,1.94,1.94,1.94,1.94,0,0
1870.HK,D,20240809,000000,1.92,1.98,1.88,1.94,455000,0
1870.HK,D,20240812,000000,1.94,1.99,1.86,1.97,490000,0
1870.HK,D,20240813,000000,1.96,2.03,1.95,2.03,555000,0
1870.HK,D,20240814,000000,2.03,2.1,2,2.08,650000,0
1870.HK,D,20240815,000000,2.08,2.1,1.97,2.01,305000,0
1870.HK,D,20240816,000000,2.01,2.12,2,2.07,980000,0
1870.HK,D,20240819,000000,2.07,2.11,2.02,2.1,655000,0
1870.HK,D,20240820,000000,2.07,2.09,2.04,2.08,445000,0
1870.HK,D,20240821,000000,2.05,2.08,2.02,2.08,437500,0
1870.HK,D,20240822,000000,2.04,2.07,2.01,2.01,515000,0
1870.HK,D,20240823,000000,2.03,2.07,2.01,2.03,422500,0
1870.HK,D,20240826,000000,2.03,2.15,2.03,2.1,1382500,0
1870.HK,D,20240827,000000,2.13,2.14,2.08,2.13,402500,0
1870.HK,D,20240828,000000,2.08,2.16,2.08,2.16,795000,0
1870.HK,D,20240829,000000,2.16,2.16,2.1,2.14,817500,0
1870.HK,D,20240830,000000,2.1,2.16,2.07,2.1,2490000,0
1870.HK,D,20240902,000000,2.08,2.09,2.06,2.09,510000,0
1870.HK,D,20240903,000000,2.09,2.09,2.03,2.03,175000,0
1870.HK,D,20240904,000000,2.04,2.08,2.02,2.08,120000,0
1870.HK,D,20240905,000000,2.08,2.08,2.01,2.01,57500,0
1870.HK,D,20240909,000000,2.01,2.01,1.97,1.97,130000,0
1870.HK,D,20240910,000000,1.98,1.99,1.97,1.97,165000,0
1870.HK,D,20240911,000000,2.05,2.05,1.96,2.01,457500,0
1870.HK,D,20240912,000000,2,2.05,1.99,2.05,695000,0
1870.HK,D,20240913,000000,2.06,2.08,2.02,2.07,1097500,0
1870.HK,D,20240916,000000,2.03,2.09,2.02,2.09,360000,0
1870.HK,D,20240917,000000,2.1,2.1,2.04,2.07,430000,0
1870.HK,D,20240919,000000,2.03,2.03,2,2.01,935000,0
1870.HK,D,20240920,000000,2.02,2.02,2.01,2.02,5000,0
1870.HK,D,20240923,000000,1.98,2.02,1.98,1.98,17500,0
1870.HK,D,20240924,000000,2,2,1.96,1.98,217500,0
1870.HK,D,20240925,000000,2.03,2.03,1.99,2.03,995000,0
1870.HK,D,20240926,000000,2.03,2.05,1.97,2.03,177500,0
1870.HK,D,20240927,000000,1.99,2.01,1.97,2.01,722500,0
1870.HK,D,20240930,000000,1.97,2,1.94,2,142500,0
1870.HK,D,20241002,000000,1.97,1.99,1.9,1.99,555000,0
1870.HK,D,20241003,000000,1.99,1.99,1.95,1.99,337500,0
1870.HK,D,20241004,000000,1.98,1.98,1.86,1.92,522500,0
1870.HK,D,20241007,000000,1.92,1.97,1.88,1.92,570000,0
1870.HK,D,20241008,000000,1.9,1.95,1.83,1.84,452500,0
1870.HK,D,20241009,000000,1.86,1.86,1.7,1.79,675000,0
1870.HK,D,20241010,000000,1.71,1.82,1.71,1.8,182500,0
1870.HK,D,20241014,000000,1.81,1.85,1.77,1.85,377500,0
1870.HK,D,20241015,000000,1.85,1.85,1.75,1.85,190000,0
1870.HK,D,20241016,000000,1.83,1.87,1.82,1.87,67500,0
1870.HK,D,20241017,000000,1.85,1.87,1.83,1.87,195000,0
1870.HK,D,20241018,000000,1.82,1.87,1.8,1.87,120000,0
1870.HK,D,20241021,000000,1.84,2,1.84,2,1435000,0
1870.HK,D,20241022,000000,2.03,2.04,1.93,2,4082500,0
1870.HK,D,20241023,000000,2,2,1.92,1.92,1277500,0
1870.HK,D,20241024,000000,1.92,1.96,1.88,1.96,602500,0
1870.HK,D,20241025,000000,1.91,1.94,1.89,1.9,762500,0
1870.HK,D,20241028,000000,1.9,1.9,1.85,1.9,1455000,0
1870.HK,D,20241029,000000,1.95,1.95,1.84,1.9,417500,0
1870.HK,D,20241030,000000,1.85,1.89,1.83,1.88,582500,0
1870.HK,D,20241031,000000,1.87,1.87,1.8,1.87,412500,0
1870.HK,D,20241101,000000,1.79,1.84,1.77,1.8,222500,0
1870.HK,D,20241104,000000,1.8,1.8,1.76,1.8,65000,0
1870.HK,D,20241105,000000,1.77,1.84,1.7,1.71,570000,0
1870.HK,D,20241106,000000,1.72,1.74,1.6,1.74,582500,0
1870.HK,D,20241107,000000,1.74,1.74,1.6,1.67,607500,0
1870.HK,D,20241108,000000,1.61,1.69,1.55,1.68,575000,0
1870.HK,D,20241111,000000,1.61,1.7,1.6,1.7,648000,0
1870.HK,D,20241112,000000,1.72,1.73,1.6,1.72,687500,0
1870.HK,D,20241113,000000,1.66,1.72,1.66,1.72,1055000,0
1870.HK,D,20241114,000000,1.67,1.72,1.67,1.72,550000,0
1870.HK,D,20241115,000000,1.68,1.73,1.67,1.72,495000,0
1870.HK,D,20241118,000000,1.68,1.71,1.65,1.68,487500,0
1870.HK,D,20241119,000000,1.69,1.7,1.65,1.66,150000,0
1870.HK,D,20241120,000000,1.66,1.66,1.62,1.66,70000,0
1870.HK,D,20241121,000000,1.65,1.67,1.63,1.66,1000000,0
1870.HK,D,20241122,000000,1.67,1.67,1.6,1.61,1095000,0
1870.HK,D,20241125,000000,1.63,1.63,1.57,1.62,295000,0
1870.HK,D,20241126,000000,1.62,1.67,1.6,1.67,160000,0
1870.HK,D,20241127,000000,1.68,1.68,1.68,1.68,2500,0
1870.HK,D,20241128,000000,1.7,1.7,1.63,1.68,165000,0
1870.HK,D,20241129,000000,1.64,1.65,1.6,1.62,240000,0
1870.HK,D,20241202,000000,1.66,1.69,1.63,1.63,135000,0
1870.HK,D,20241203,000000,1.68,1.68,1.68,1.68,12500,0
1870.HK,D,20241204,000000,1.69,1.7,1.68,1.69,657500,0
1870.HK,D,20241205,000000,1.7,1.7,1.7,1.7,25000,0
1870.HK,D,20241206,000000,1.7,1.7,1.65,1.65,82500,0
1870.HK,D,20241209,000000,1.67,1.67,1.67,1.67,5000,0
1870.HK,D,20241210,000000,1.61,1.67,1.61,1.65,70000,0
1870.HK,D,20241211,000000,1.65,1.65,1.6,1.65,55000,0
1870.HK,D,20241212,000000,1.64,1.64,1.64,1.64,2500,0
1870.HK,D,20241213,000000,1.62,1.62,1.62,1.62,2500,0
1870.HK,D,20241216,000000,1.61,1.63,1.6,1.62,137500,0
1870.HK,D,20241217,000000,1.6,1.62,1.6,1.62,77500,0
1870.HK,D,20241218,000000,1.62,1.62,1.61,1.61,60000,0
1870.HK,D,20241219,000000,1.62,1.62,1.61,1.62,22500,0
1870.HK,D,20241220,000000,1.57,1.63,1.5,1.63,295000,0
1870.HK,D,20241223,000000,1.68,1.68,1.68,1.68,60000,0
1870.HK,D,20241224,000000,1.68,1.97,1.68,1.82,210000,0
1870.HK,D,20241227,000000,1.68,1.82,1.68,1.82,100000,0
1870.HK,D,20241230,000000,1.8,1.84,1.75,1.83,940000,0
1870.HK,D,20241231,000000,1.76,1.84,1.75,1.84,85000,0
1870.HK,D,20250102,000000,1.84,1.84,1.76,1.84,1395000,0
1870.HK,D,20250103,000000,1.82,1.82,1.76,1.8,245000,0
1870.HK,D,20250106,000000,1.79,1.8,1.65,1.65,217500,0
1870.HK,D,20250107,000000,1.61,1.75,1.6,1.75,237500,0
1870.HK,D,20250108,000000,1.75,1.75,1.75,1.75,32500,0
1870.HK,D,20250109,000000,1.74,1.74,1.66,1.74,12500,0
1870.HK,D,20250110,000000,1.67,1.75,1.64,1.75,155000,0
1870.HK,D,20250113,000000,1.7,1.71,1.67,1.71,2050000,0
1870.HK,D,20250114,000000,1.7,1.7,1.65,1.67,4265000,0
1870.HK,D,20250115,000000,1.67,1.67,1.59,1.65,795000,0
1870.HK,D,20250116,000000,1.61,1.68,1.6,1.68,112500,0
1870.HK,D,20250117,000000,1.61,1.7,1.61,1.7,130000,0
1870.HK,D,20250120,000000,1.71,1.71,1.58,1.61,390000,0
1870.HK,D,20250121,000000,1.59,1.64,1.55,1.64,305000,0
1870.HK,D,20250122,000000,1.6,1.63,1.58,1.63,457500,0
1870.HK,D,20250123,000000,1.6,1.6,1.57,1.6,65000,0
1870.HK,D,20250124,000000,1.58,1.6,1.55,1.58,77500,0
1870.HK,D,20250127,000000,1.56,1.6,1.55,1.6,192500,0
1870.HK,D,20250128,000000,1.6,1.7,1.6,1.7,175000,0
1870.HK,D,20250203,000000,1.7,1.7,1.69,1.7,72500,0
1870.HK,D,20250204,000000,1.63,1.7,1.63,1.68,87500,0
1870.HK,D,20250205,000000,1.68,1.72,1.66,1.72,217500,0
1870.HK,D,20250206,000000,1.66,1.7,1.66,1.7,10000,0
1870.HK,D,20250207,000000,1.7,1.7,1.64,1.7,77500,0
1870.HK,D,20250210,000000,1.66,1.7,1.62,1.68,190000,0
1870.HK,D,20250211,000000,1.65,1.69,1.62,1.69,192500,0
1870.HK,D,20250212,000000,1.65,1.66,1.6,1.6,605000,0
1870.HK,D,20250213,000000,1.61,1.66,1.58,1.65,965000,0
1870.HK,D,20250214,000000,1.6,1.65,1.59,1.64,1107500,0
1870.HK,D,20250217,000000,1.63,1.63,1.61,1.63,135000,0
1870.HK,D,20250218,000000,1.6,1.6,1.55,1.6,335000,0
1870.HK,D,20250219,000000,1.6,1.66,1.56,1.59,32500,0
1870.HK,D,20250220,000000,1.59,1.59,1.49,1.57,490000,0
1870.HK,D,20250221,000000,1.52,1.6,1.52,1.6,1970000,0
1870.HK,D,20250224,000000,1.55,1.59,1.55,1.58,157500,0
1870.HK,D,20250225,000000,1.58,1.58,1.58,1.58,0,0
1870.HK,D,20250226,000000,1.55,1.58,1.5,1.58,670000,0
1870.HK,D,20250227,000000,1.54,1.58,1.53,1.58,482500,0
1870.HK,D,20250228,000000,1.54,1.57,1.54,1.57,650000,0
1870.HK,D,20250303,000000,1.54,1.55,1.51,1.53,387500,0
1870.HK,D,20250304,000000,1.52,1.52,1.45,1.45,700000,0
1870.HK,D,20250305,000000,1.45,1.45,0.115,0.156,344647500,0
1870.HK,D,20250306,000000,0.184,0.195,0.146,0.148,301397500,0
1870.HK,D,20250307,000000,0.15,0.17,0.105,0.152,165297500,0
1870.HK,D,20250310,000000,0.16,0.17,0.157,0.164,40247500,0
1870.HK,D,20250311,000000,0.168,0.168,0.149,0.151,31612500,0
1870.HK,D,20250312,000000,0.15,0.15,0.134,0.134,22137500,0
1870.HK,D,20250313,000000,0.134,0.139,0.128,0.135,7597500,0
1870.HK,D,20250314,000000,0.132,0.134,0.128,0.131,10437500,0
1870.HK,D,20250317,000000,0.134,0.174,0.133,0.172,54175000,0
1870.HK,D,20250318,000000,0.164,0.188,0.16,0.166,40335000,0
1870.HK,D,20250319,000000,0.17,0.174,0.157,0.157,7612500,0
1870.HK,D,20250320,000000,0.159,0.17,0.159,0.164,15790000,0
1870.HK,D,20250321,000000,0.167,0.172,0.161,0.17,7447500,0
1870.HK,D,20250324,000000,0.168,0.183,0.16,0.165,22007500,0
1870.HK,D,20250325,000000,0.166,0.167,0.163,0.167,2680000,0
1870.HK,D,20250326,000000,0.169,0.17,0.165,0.165,3777500,0
1870.HK,D,20250327,000000,0.165,0.18,0.16,0.175,16590000,0
1870.HK,D,20250328,000000,0.175,0.179,0.168,0.169,4140000,0
1870.HK,D,20250331,000000,0.167,0.173,0.165,0.17,1877500,0
1870.HK,D,20250401,000000,0.17,0.174,0.166,0.171,1922500,0
1870.HK,D,20250402,000000,0.17,0.192,0.169,0.192,6430000,0
1870.HK,D,20250403,000000,0.192,0.247,0.185,0.241,24387500,0
1870.HK,D,20250407,000000,0.236,0.33,0.19,0.285,38630000,0
1870.HK,D,20250408,000000,0.29,0.325,0.265,0.285,19162500,0
1870.HK,D,20250409,000000,0.27,0.305,0.25,0.26,15452500,0
1870.HK,D,20250410,000000,0.26,0.28,0.245,0.245,6297500,0
1870.HK,D,20250411,000000,0.248,0.25,0.22,0.235,6775000,0
1870.HK,D,20250414,000000,0.235,0.27,0.235,0.255,5557500,0
1870.HK,D,20250415,000000,0.255,0.255,0.24,0.245,2560000,0
1870.HK,D,20250416,000000,0.24,0.245,0.227,0.232,2430000,0
1870.HK,D,20250417,000000,0.225,0.242,0.22,0.237,6725000,0
