<TICKER>,<PER>,<DATE>,<TIME>,<OPEN>,<HIGH>,<LOW>,<CLOSE>,<VOL>,<OPENINT>
204.HK,D,20230213,000000,0.06,0.07,0.059,0.067,26870000,0
204.HK,D,20230214,000000,0.063,0.067,0.059,0.059,11501000,0
204.HK,D,20230216,000000,0.46,0.46,0.445,0.45,378750,0
204.HK,D,20230217,000000,0.52,0.6,0.43,0.455,166000,0
204.HK,D,20230220,000000,0.455,0.465,0.455,0.465,2000,0
204.HK,D,20230221,000000,0.465,0.48,0.465,0.48,38800,0
204.HK,D,20230222,000000,0.6,0.61,0.6,0.6,530000,0
204.HK,D,20230223,000000,0.6,0.7,0.6,0.64,121400,0
204.HK,D,20230224,000000,0.64,0.64,0.63,0.63,12000,0
204.HK,D,20230227,000000,0.63,0.63,0.63,0.63,10000,0
204.HK,D,20230228,000000,0.63,0.63,0.475,0.62,35400,0
204.HK,D,20230301,000000,0.62,0.63,0.62,0.63,144000,0
204.HK,D,20230302,000000,0.63,0.63,0.51,0.62,110600,0
204.HK,D,20230303,000000,0.52,0.63,0.52,0.58,218000,0
204.HK,D,20230306,000000,0.53,0.61,0.53,0.6,185000,0
204.HK,D,20230307,000000,0.61,0.61,0.59,0.61,123000,0
204.HK,D,20230308,000000,0.6,0.6,0.56,0.56,163400,0
204.HK,D,20230309,000000,0.59,0.6,0.59,0.6,66000,0
204.HK,D,20230310,000000,0.6,0.6,0.56,0.56,687000,0
204.HK,D,20230313,000000,0.56,0.6,0.48,0.52,292200,0
204.HK,D,20230314,000000,0.52,0.52,0.52,0.52,0,0
204.HK,D,20230315,000000,0.51,0.51,0.51,0.51,0,0
204.HK,D,20230316,000000,0.405,0.51,0.405,0.51,400,0
204.HK,D,20230317,000000,0.46,0.46,0.415,0.46,120000,0
204.HK,D,20230320,000000,0.455,0.465,0.455,0.465,360000,0
204.HK,D,20230321,000000,0.465,0.5,0.46,0.47,2604000,0
204.HK,D,20230322,000000,0.47,0.48,0.47,0.47,140400,0
204.HK,D,20230323,000000,0.47,0.47,0.47,0.47,20000,0
204.HK,D,20230324,000000,0.4,0.47,0.4,0.47,600,0
204.HK,D,20230327,000000,0.47,0.47,0.47,0.47,0,0
204.HK,D,20230328,000000,0.47,0.49,0.47,0.47,9684000,0
204.HK,D,20230329,000000,0.46,0.46,0.44,0.445,1786000,0
204.HK,D,20230330,000000,0.415,0.445,0.41,0.415,323000,0
204.HK,D,20230331,000000,0.41,0.41,0.395,0.395,266000,0
204.HK,D,20230403,000000,0.385,0.42,0.35,0.42,578000,0
204.HK,D,20230404,000000,0.385,0.41,0.37,0.4,1016000,0
204.HK,D,20230406,000000,0.37,0.4,0.335,0.38,1320000,0
204.HK,D,20230411,000000,0.38,0.38,0.33,0.33,4052000,0
204.HK,D,20230412,000000,0.31,0.33,0.3,0.33,3798000,0
204.HK,D,20230413,000000,0.31,0.34,0.31,0.34,3896000,0
204.HK,D,20230414,000000,0.315,0.38,0.315,0.38,7116000,0
204.HK,D,20230417,000000,0.35,0.375,0.35,0.375,19360000,0
204.HK,D,20230418,000000,0.35,0.375,0.35,0.365,7982000,0
204.HK,D,20230419,000000,0.375,0.4,0.375,0.4,6940000,0
204.HK,D,20230420,000000,0.4,0.4,0.385,0.395,3165000,0
204.HK,D,20230421,000000,0.35,0.39,0.3,0.385,24228000,0
204.HK,D,20230424,000000,0.325,0.37,0.32,0.325,1180000,0
204.HK,D,20230425,000000,0.325,0.36,0.325,0.36,2057500,0
204.HK,D,20230426,000000,0.335,0.345,0.335,0.335,240000,0
204.HK,D,20230427,000000,0.34,0.355,0.34,0.355,5180000,0
204.HK,D,20230428,000000,0.355,0.36,0.345,0.35,3505000,0
204.HK,D,20230502,000000,0.35,0.35,0.305,0.305,160000,0
204.HK,D,20230503,000000,0.31,0.33,0.255,0.255,1880000,0
204.HK,D,20230504,000000,0.25,0.31,0.25,0.3,1837437,0
204.HK,D,20230505,000000,0.3,0.325,0.3,0.305,1180000,0
204.HK,D,20230508,000000,0.305,0.305,0.28,0.29,322000,0
204.HK,D,20230509,000000,0.295,0.325,0.295,0.31,400000,0
204.HK,D,20230510,000000,0.31,0.32,0.28,0.28,2120000,0
204.HK,D,20230511,000000,0.295,0.295,0.255,0.265,1240000,0
204.HK,D,20230512,000000,0.265,0.29,0.25,0.255,980000,0
204.HK,D,20230515,000000,0.26,0.265,0.25,0.255,540000,0
204.HK,D,20230516,000000,0.26,0.305,0.245,0.25,1060000,0
204.HK,D,20230517,000000,0.25,0.25,0.24,0.24,365180,0
204.HK,D,20230518,000000,0.245,0.25,0.239,0.239,960600,0
204.HK,D,20230519,000000,0.249,0.265,0.249,0.265,280000,0
204.HK,D,20230522,000000,0.265,0.29,0.25,0.25,180000,0
204.HK,D,20230523,000000,0.255,0.265,0.255,0.26,162000,0
204.HK,D,20230524,000000,0.26,0.285,0.26,0.26,341000,0
204.HK,D,20230525,000000,0.245,0.265,0.245,0.255,2000800,0
204.HK,D,20230529,000000,0.255,0.26,0.255,0.26,310000,0
204.HK,D,20230530,000000,0.26,0.27,0.25,0.27,610800,0
204.HK,D,20230531,000000,0.27,0.27,0.27,0.27,220000,0
204.HK,D,20230601,000000,0.275,0.275,0.275,0.275,220000,0
204.HK,D,20230602,000000,0.29,0.29,0.275,0.285,740000,0
204.HK,D,20230605,000000,0.285,0.285,0.275,0.285,341000,0
204.HK,D,20230606,000000,0.285,0.285,0.285,0.285,200000,0
204.HK,D,20230607,000000,0.295,0.295,0.285,0.295,660000,0
204.HK,D,20230608,000000,0.3,0.33,0.3,0.31,1830200,0
204.HK,D,20230609,000000,0.32,0.38,0.32,0.35,2404000,0
204.HK,D,20230612,000000,0.38,0.54,0.38,0.54,6113000,0
204.HK,D,20230613,000000,0.62,0.69,0.54,0.59,3708200,0
204.HK,D,20230614,000000,0.62,0.62,0.455,0.53,3320800,0
204.HK,D,20230615,000000,0.5,0.5,0.45,0.455,740000,0
204.HK,D,20230616,000000,0.48,0.54,0.475,0.48,1770000,0
204.HK,D,20230619,000000,0.47,0.53,0.47,0.485,733600,0
204.HK,D,20230620,000000,0.49,0.5,0.44,0.495,540000,0
204.HK,D,20230621,000000,0.51,0.51,0.455,0.48,1030000,0
204.HK,D,20230623,000000,0.46,0.47,0.455,0.47,126000,0
204.HK,D,20230626,000000,0.47,0.485,0.455,0.475,180000,0
204.HK,D,20230627,000000,0.47,0.475,0.46,0.46,132000,0
204.HK,D,20230628,000000,0.46,0.46,0.455,0.455,186000,0
204.HK,D,20230629,000000,0.415,0.455,0.415,0.455,1800,0
204.HK,D,20230630,000000,0.38,0.39,0.355,0.375,821181,0
204.HK,D,20230703,000000,0.39,0.39,0.375,0.39,160000,0
204.HK,D,20230704,000000,0.4,0.43,0.36,0.36,280000,0
204.HK,D,20230705,000000,0.34,0.365,0.3,0.365,788284,0
204.HK,D,20230706,000000,0.365,0.385,0.35,0.35,360000,0
204.HK,D,20230707,000000,0.32,0.335,0.32,0.335,40000,0
204.HK,D,20230710,000000,0.305,0.52,0.305,0.34,1030400,0
204.HK,D,20230711,000000,0.39,0.47,0.38,0.395,472000,0
204.HK,D,20230712,000000,0.4,0.405,0.4,0.405,672000,0
204.HK,D,20230713,000000,0.37,0.395,0.37,0.395,62000,0
204.HK,D,20230714,000000,0.38,0.395,0.38,0.38,264000,0
204.HK,D,20230718,000000,0.4,0.43,0.3,0.305,1101600,0
204.HK,D,20230719,000000,0.28,0.335,0.28,0.3,2341800,0
204.HK,D,20230720,000000,0.26,0.305,0.26,0.3,2004024,0
204.HK,D,20230721,000000,0.32,0.325,0.28,0.29,652200,0
204.HK,D,20230724,000000,0.255,0.29,0.255,0.275,166000,0
204.HK,D,20230725,000000,0.285,0.3,0.275,0.28,7276400,0
204.HK,D,20230726,000000,0.28,0.285,0.26,0.275,6531600,0
204.HK,D,20230727,000000,0.26,0.36,0.255,0.33,2784490,0
204.HK,D,20230728,000000,0.365,0.455,0.365,0.4,3122400,0
204.HK,D,20230731,000000,0.44,0.55,0.435,0.51,6197300,0
204.HK,D,20230801,000000,0.57,0.62,0.52,0.6,3317154,0
204.HK,D,20230802,000000,0.69,0.69,0.59,0.69,6216464,0
204.HK,D,20230803,000000,0.71,0.72,0.63,0.7,4097400,0
204.HK,D,20230804,000000,0.63,0.7,0.6,0.68,7852200,0
204.HK,D,20230807,000000,0.67,0.7,0.57,0.57,8990000,0
204.HK,D,20230808,000000,0.57,0.57,0.45,0.45,6840000,0
204.HK,D,20230809,000000,0.45,0.49,0.39,0.41,3141800,0
204.HK,D,20230810,000000,0.415,0.485,0.395,0.4,2943800,0
204.HK,D,20230811,000000,0.4,0.42,0.4,0.415,1505400,0
204.HK,D,20230814,000000,0.4,0.44,0.375,0.41,2560000,0
204.HK,D,20230815,000000,0.39,0.39,0.3,0.36,9945800,0
204.HK,D,20230816,000000,0.35,0.43,0.35,0.38,5020000,0
204.HK,D,20230817,000000,0.36,0.365,0.35,0.365,3294200,0
204.HK,D,20230818,000000,0.36,0.365,0.35,0.355,1440000,0
204.HK,D,20230821,000000,0.355,0.415,0.355,0.415,13284000,0
204.HK,D,20230822,000000,0.41,0.445,0.38,0.4,5558400,0
204.HK,D,20230823,000000,0.4,0.42,0.395,0.395,13440800,0
204.HK,D,20230824,000000,0.42,0.42,0.39,0.4,12290000,0
204.HK,D,20230825,000000,0.39,0.45,0.385,0.445,3364000,0
204.HK,D,20230828,000000,0.45,0.48,0.43,0.455,3566000,0
204.HK,D,20230829,000000,0.455,0.58,0.425,0.5,24900800,0
204.HK,D,20230830,000000,0.53,0.53,0.5,0.52,3260000,0
204.HK,D,20230831,000000,0.55,0.55,0.465,0.475,2000000,0
204.HK,D,20230904,000000,0.475,0.475,0.445,0.47,1241202,0
204.HK,D,20230905,000000,0.475,0.485,0.44,0.485,1711000,0
204.HK,D,20230906,000000,0.5,0.52,0.475,0.49,1140000,0
204.HK,D,20230907,000000,0.485,0.485,0.46,0.465,620000,0
204.HK,D,20230911,000000,0.465,0.48,0.445,0.445,5406600,0
204.HK,D,20230912,000000,0.405,0.475,0.405,0.46,8824000,0
204.HK,D,20230913,000000,0.43,0.52,0.43,0.48,900800,0
204.HK,D,20230914,000000,0.48,0.49,0.48,0.48,595800,0
204.HK,D,20230915,000000,0.485,0.49,0.475,0.475,333200,0
204.HK,D,20230918,000000,0.475,0.48,0.465,0.465,543174,0
204.HK,D,20230919,000000,0.455,0.475,0.455,0.475,280000,0
204.HK,D,20230920,000000,0.48,0.48,0.475,0.48,40000,0
204.HK,D,20230921,000000,0.47,0.47,0.46,0.46,180000,0
204.HK,D,20230922,000000,0.44,0.465,0.44,0.46,181000,0
204.HK,D,20230925,000000,0.455,0.455,0.44,0.445,592000,0
204.HK,D,20230926,000000,0.4,0.46,0.4,0.45,360000,0
204.HK,D,20230927,000000,0.45,0.45,0.425,0.425,700000,0
204.HK,D,20230928,000000,0.43,0.51,0.425,0.44,17224000,0
204.HK,D,20230929,000000,0.445,0.49,0.445,0.48,1103302,0
204.HK,D,20231003,000000,0.455,0.48,0.455,0.48,134000,0
204.HK,D,20231004,000000,0.48,0.48,0.48,0.48,80000,0
204.HK,D,20231005,000000,0.48,0.48,0.48,0.48,1800,0
204.HK,D,20231006,000000,0.45,0.475,0.45,0.46,650000,0
204.HK,D,20231009,000000,0.46,0.46,0.46,0.46,80000,0
204.HK,D,20231010,000000,0.46,0.47,0.46,0.47,720000,0
204.HK,D,20231011,000000,0.48,0.48,0.46,0.46,420000,0
204.HK,D,20231012,000000,0.46,0.465,0.44,0.44,852000,0
204.HK,D,20231013,000000,0.44,0.44,0.35,0.41,2500000,0
204.HK,D,20231016,000000,0.405,0.435,0.385,0.43,4220000,0
204.HK,D,20231017,000000,0.43,0.43,0.42,0.42,440000,0
204.HK,D,20231018,000000,0.41,0.42,0.4,0.42,720000,0
204.HK,D,20231019,000000,0.43,0.47,0.425,0.43,2220000,0
204.HK,D,20231020,000000,0.41,0.43,0.41,0.425,420000,0
204.HK,D,20231024,000000,0.42,0.455,0.415,0.425,1120000,0
204.HK,D,20231025,000000,0.41,0.445,0.4,0.43,980000,0
204.HK,D,20231026,000000,0.415,0.44,0.37,0.375,1720000,0
204.HK,D,20231027,000000,0.375,0.405,0.37,0.37,3300000,0
204.HK,D,20231030,000000,0.375,0.385,0.36,0.385,420000,0
204.HK,D,20231031,000000,0.385,0.385,0.385,0.385,20000,0
204.HK,D,20231101,000000,0.355,0.385,0.355,0.385,444800,0
204.HK,D,20231102,000000,0.37,0.41,0.37,0.395,880000,0
204.HK,D,20231103,000000,0.395,0.41,0.395,0.4,514000,0
204.HK,D,20231106,000000,0.405,0.42,0.395,0.415,1328000,0
204.HK,D,20231107,000000,0.415,0.43,0.415,0.43,879600,0
204.HK,D,20231108,000000,0.43,0.435,0.405,0.435,150000,0
204.HK,D,20231109,000000,0.435,0.46,0.435,0.45,1280000,0
204.HK,D,20231110,000000,0.46,0.485,0.455,0.48,1980200,0
204.HK,D,20231113,000000,0.48,0.53,0.48,0.52,3060000,0
204.HK,D,20231114,000000,0.53,0.59,0.53,0.57,2424000,0
204.HK,D,20231115,000000,0.6,0.61,0.49,0.55,5829700,0
204.HK,D,20231116,000000,0.62,0.63,0.55,0.63,5856800,0
204.HK,D,20231117,000000,0.62,0.66,0.59,0.66,9283000,0
204.HK,D,20231120,000000,0.66,0.8,0.66,0.67,5093004,0
204.HK,D,20231121,000000,0.7,0.77,0.66,0.77,5464000,0
204.HK,D,20231122,000000,0.75,0.79,0.69,0.78,3960000,0
204.HK,D,20231123,000000,0.78,0.8,0.74,0.8,3665772,0
204.HK,D,20231124,000000,0.73,0.95,0.73,0.95,8780200,0
204.HK,D,20231127,000000,0.95,0.95,0.81,0.87,8508000,0
204.HK,D,20231128,000000,0.91,0.96,0.79,0.8,3375000,0
204.HK,D,20231129,000000,0.83,0.85,0.79,0.82,2025800,0
204.HK,D,20231130,000000,0.87,0.87,0.77,0.78,3864000,0
204.HK,D,20231201,000000,0.82,0.85,0.6,0.84,8118400,0
204.HK,D,20231204,000000,0.81,0.87,0.8,0.84,2840000,0
204.HK,D,20231205,000000,0.84,0.94,0.84,0.88,4400000,0
204.HK,D,20231206,000000,0.88,0.89,0.85,0.88,1439000,0
204.HK,D,20231207,000000,0.88,0.92,0.84,0.86,1574000,0
204.HK,D,20231208,000000,0.86,0.92,0.85,0.88,6480400,0
204.HK,D,20231211,000000,0.88,0.88,0.83,0.88,1640000,0
204.HK,D,20231212,000000,0.9,0.95,0.87,0.89,2888600,0
204.HK,D,20231213,000000,0.87,0.87,0.85,0.87,940000,0
204.HK,D,20231214,000000,0.85,0.88,0.84,0.87,470000,0
204.HK,D,20231215,000000,0.87,0.87,0.84,0.87,1660000,0
204.HK,D,20231218,000000,0.84,0.84,0.8,0.82,1521000,0
204.HK,D,20231219,000000,0.83,0.84,0.8,0.83,260000,0
204.HK,D,20231220,000000,0.79,0.82,0.78,0.78,460000,0
204.HK,D,20231221,000000,0.78,0.78,0.73,0.75,1573400,0
204.HK,D,20231222,000000,0.75,0.79,0.74,0.75,300400,0
204.HK,D,20231227,000000,0.73,0.76,0.73,0.73,300400,0
204.HK,D,20231228,000000,0.73,0.75,0.73,0.74,1093200,0
204.HK,D,20231229,000000,0.76,0.77,0.74,0.76,280000,0
204.HK,D,20240102,000000,0.76,0.78,0.75,0.75,620000,0
204.HK,D,20240103,000000,0.77,0.78,0.75,0.76,901000,0
204.HK,D,20240104,000000,0.76,0.78,0.74,0.75,280000,0
204.HK,D,20240105,000000,0.76,0.76,0.73,0.73,380000,0
204.HK,D,20240108,000000,0.73,0.74,0.71,0.71,630000,0
204.HK,D,20240109,000000,0.71,0.73,0.7,0.7,481200,0
204.HK,D,20240110,000000,0.7,0.71,0.67,0.71,922000,0
204.HK,D,20240111,000000,0.71,0.76,0.71,0.73,363600,0
204.HK,D,20240112,000000,0.73,0.78,0.73,0.78,940000,0
204.HK,D,20240115,000000,0.79,0.81,0.76,0.76,345800,0
204.HK,D,20240116,000000,0.76,0.78,0.73,0.75,680000,0
204.HK,D,20240117,000000,0.72,0.76,0.72,0.76,400000,0
204.HK,D,20240118,000000,0.74,0.77,0.73,0.76,376000,0
204.HK,D,20240119,000000,0.75,0.78,0.75,0.78,382000,0
204.HK,D,20240122,000000,0.75,0.78,0.75,0.78,221200,0
204.HK,D,20240123,000000,0.79,0.8,0.77,0.8,420000,0
204.HK,D,20240124,000000,0.8,0.84,0.79,0.84,2800800,0
204.HK,D,20240125,000000,0.84,0.85,0.81,0.81,1046000,0
204.HK,D,20240126,000000,0.81,0.83,0.81,0.81,223000,0
204.HK,D,20240129,000000,0.8,0.8,0.79,0.8,580000,0
204.HK,D,20240130,000000,0.8,0.81,0.79,0.8,120000,0
204.HK,D,20240131,000000,0.79,0.85,0.78,0.85,1310600,0
204.HK,D,20240201,000000,0.84,0.88,0.83,0.87,1412000,0
204.HK,D,20240202,000000,0.82,0.89,0.6,0.77,2100000,0
204.HK,D,20240205,000000,0.76,0.8,0.76,0.79,551400,0
204.HK,D,20240206,000000,0.77,0.8,0.77,0.78,360000,0
204.HK,D,20240207,000000,0.78,0.78,0.76,0.76,72000,0
204.HK,D,20240208,000000,0.76,0.79,0.75,0.79,220400,0
204.HK,D,20240209,000000,0.75,0.82,0.75,0.79,60200,0
204.HK,D,20240214,000000,0.71,0.84,0.71,0.82,40000,0
204.HK,D,20240215,000000,0.82,0.84,0.77,0.78,680000,0
204.HK,D,20240216,000000,0.78,0.82,0.78,0.78,280000,0
204.HK,D,20240219,000000,0.78,0.79,0.73,0.74,988600,0
204.HK,D,20240220,000000,0.74,0.75,0.74,0.75,60000,0
204.HK,D,20240221,000000,0.78,0.79,0.75,0.75,242000,0
204.HK,D,20240222,000000,0.75,0.79,0.75,0.76,160140,0
204.HK,D,20240223,000000,0.75,0.77,0.75,0.75,60000,0
204.HK,D,20240226,000000,0.75,0.78,0.75,0.78,280000,0
204.HK,D,20240227,000000,0.8,0.8,0.79,0.79,60000,0
204.HK,D,20240228,000000,0.78,0.82,0.78,0.8,160000,0
204.HK,D,20240229,000000,0.79,0.82,0.73,0.79,1115200,0
204.HK,D,20240301,000000,0.79,0.79,0.77,0.78,250000,0
204.HK,D,20240304,000000,0.76,0.8,0.72,0.72,1827400,0
204.HK,D,20240305,000000,0.72,0.75,0.68,0.73,260000,0
204.HK,D,20240306,000000,0.74,0.74,0.73,0.74,120000,0
204.HK,D,20240307,000000,0.74,0.74,0.68,0.71,280000,0
204.HK,D,20240308,000000,0.71,0.73,0.69,0.73,4250000,0
204.HK,D,20240311,000000,0.7,0.76,0.7,0.75,324000,0
204.HK,D,20240312,000000,0.73,0.76,0.66,0.67,4960000,0
204.HK,D,20240313,000000,0.64,0.68,0.64,0.65,860000,0
204.HK,D,20240314,000000,0.65,0.73,0.65,0.72,848000,0
204.HK,D,20240315,000000,0.7,0.75,0.7,0.75,500000,0
204.HK,D,20240318,000000,0.73,0.74,0.71,0.73,834000,0
204.HK,D,20240319,000000,0.73,0.73,0.73,0.73,0,0
204.HK,D,20240320,000000,0.7,0.74,0.7,0.73,40000,0
204.HK,D,20240321,000000,0.71,0.73,0.68,0.7,241000,0
204.HK,D,20240322,000000,0.68,0.7,0.68,0.68,258600,0
204.HK,D,20240325,000000,0.65,0.69,0.65,0.69,280420,0
204.HK,D,20240326,000000,0.71,0.72,0.69,0.69,200000,0
204.HK,D,20240327,000000,0.68,0.71,0.68,0.68,120000,0
204.HK,D,20240328,000000,0.64,0.69,0.64,0.68,108600,0
204.HK,D,20240402,000000,0.67,0.67,0.66,0.67,240000,0
204.HK,D,20240403,000000,0.67,0.69,0.66,0.68,340000,0
204.HK,D,20240405,000000,0.67,0.68,0.66,0.68,80000,0
204.HK,D,20240408,000000,0.68,0.68,0.64,0.64,245860,0
204.HK,D,20240409,000000,0.64,0.67,0.6,0.6,700000,0
204.HK,D,20240410,000000,0.6,0.61,0.5,0.61,1660000,0
204.HK,D,20240411,000000,0.61,0.61,0.61,0.61,320000,0
204.HK,D,20240412,000000,0.58,0.64,0.58,0.59,480000,0
204.HK,D,20240415,000000,0.61,0.61,0.58,0.58,162000,0
204.HK,D,20240416,000000,0.58,0.58,0.58,0.58,0,0
204.HK,D,20240417,000000,0.56,0.59,0.56,0.57,200000,0
204.HK,D,20240418,000000,0.57,0.61,0.57,0.57,160000,0
204.HK,D,20240419,000000,0.56,0.58,0.5,0.54,1580000,0
204.HK,D,20240422,000000,0.55,0.55,0.51,0.51,800000,0
204.HK,D,20240423,000000,0.51,0.53,0.51,0.53,520000,0
204.HK,D,20240424,000000,0.52,0.55,0.52,0.55,120000,0
204.HK,D,20240425,000000,0.54,0.6,0.54,0.6,243400,0
204.HK,D,20240426,000000,0.6,0.67,0.6,0.65,552000,0
204.HK,D,20240429,000000,0.65,0.71,0.57,0.58,780000,0
204.HK,D,20240430,000000,0.59,0.68,0.59,0.6,406000,0
204.HK,D,20240502,000000,0.6,0.6,0.6,0.6,180000,0
204.HK,D,20240503,000000,0.6,0.6,0.57,0.6,320000,0
204.HK,D,20240506,000000,0.59,0.63,0.58,0.59,420000,0
204.HK,D,20240507,000000,0.56,0.6,0.56,0.58,240000,0
204.HK,D,20240508,000000,0.56,0.61,0.56,0.6,209800,0
204.HK,D,20240509,000000,0.59,0.59,0.58,0.58,402000,0
204.HK,D,20240510,000000,0.56,0.6,0.56,0.59,81624,0
204.HK,D,20240513,000000,0.57,0.6,0.56,0.6,178800,0
204.HK,D,20240514,000000,0.59,0.59,0.59,0.59,320000,0
204.HK,D,20240516,000000,0.58,0.59,0.56,0.57,641000,0
204.HK,D,20240517,000000,0.57,0.58,0.54,0.57,404200,0
204.HK,D,20240520,000000,0.51,0.58,0.51,0.55,433800,0
204.HK,D,20240521,000000,0.53,0.56,0.53,0.54,388000,0
204.HK,D,20240522,000000,0.53,0.53,0.5,0.51,861000,0
204.HK,D,20240523,000000,0.52,0.52,0.5,0.51,180000,0
204.HK,D,20240524,000000,0.51,0.53,0.5,0.52,320000,0
204.HK,D,20240527,000000,0.5,0.5,0.48,0.48,421000,0
204.HK,D,20240528,000000,0.43,0.47,0.43,0.46,1006300,0
204.HK,D,20240529,000000,0.42,0.47,0.42,0.43,240000,0
204.HK,D,20240530,000000,0.45,0.66,0.445,0.51,1364000,0
204.HK,D,20240531,000000,0.54,0.59,0.53,0.57,930050,0
204.HK,D,20240603,000000,0.6,0.6,0.56,0.6,380000,0
204.HK,D,20240604,000000,0.66,0.66,0.57,0.59,580000,0
204.HK,D,20240605,000000,0.58,0.58,0.58,0.58,20000,0
204.HK,D,20240606,000000,0.53,0.56,0.53,0.56,9000,0
204.HK,D,20240607,000000,0.56,0.56,0.53,0.53,240000,0
204.HK,D,20240611,000000,0.53,0.53,0.53,0.53,41000,0
204.HK,D,20240612,000000,0.51,0.55,0.5,0.53,540000,0
204.HK,D,20240613,000000,0.6,0.6,0.51,0.56,100000,0
204.HK,D,20240614,000000,0.56,0.59,0.56,0.56,200000,0
204.HK,D,20240617,000000,0.6,0.6,0.52,0.53,342000,0
204.HK,D,20240618,000000,0.58,0.58,0.54,0.58,80000,0
204.HK,D,20240619,000000,0.6,0.6,0.53,0.6,400000,0
204.HK,D,20240620,000000,0.64,0.64,0.52,0.53,732000,0
204.HK,D,20240621,000000,0.54,0.54,0.54,0.54,20000,0
204.HK,D,20240624,000000,0.55,0.55,0.51,0.51,300000,0
204.HK,D,20240625,000000,0.53,0.54,0.51,0.52,160000,0
204.HK,D,20240626,000000,0.445,0.55,0.445,0.5,523400,0
204.HK,D,20240627,000000,0.51,0.55,0.5,0.5,200000,0
204.HK,D,20240628,000000,0.51,0.52,0.5,0.52,100000,0
204.HK,D,20240702,000000,0.48,0.54,0.48,0.49,310000,0
204.HK,D,20240703,000000,0.495,0.52,0.495,0.51,40000,0
204.HK,D,20240704,000000,0.5,0.51,0.49,0.5,120000,0
204.HK,D,20240705,000000,0.54,0.54,0.485,0.54,1140000,0
204.HK,D,20240708,000000,0.6,0.6,0.5,0.55,1220000,0
204.HK,D,20240709,000000,0.58,0.58,0.48,0.48,1524000,0
204.HK,D,20240710,000000,0.49,0.5,0.48,0.5,225000,0
204.HK,D,20240711,000000,0.49,0.53,0.49,0.53,170000,0
204.HK,D,20240712,000000,0.53,0.53,0.475,0.495,288000,0
204.HK,D,20240715,000000,0.51,0.51,0.495,0.495,40000,0
204.HK,D,20240716,000000,0.495,0.55,0.49,0.5,940000,0
204.HK,D,20240717,000000,0.52,0.54,0.5,0.5,80000,0
204.HK,D,20240718,000000,0.52,0.52,0.5,0.51,60000,0
204.HK,D,20240719,000000,0.51,0.52,0.46,0.49,340000,0
204.HK,D,20240722,000000,0.51,0.52,0.47,0.47,720000,0
204.HK,D,20240723,000000,0.495,0.51,0.47,0.47,680000,0
204.HK,D,20240724,000000,0.47,0.47,0.44,0.46,244000,0
204.HK,D,20240725,000000,0.43,0.455,0.43,0.445,160000,0
204.HK,D,20240726,000000,0.45,0.5,0.45,0.49,500000,0
204.HK,D,20240729,000000,0.48,0.48,0.48,0.48,20000,0
204.HK,D,20240730,000000,0.51,0.51,0.47,0.48,160000,0
204.HK,D,20240731,000000,0.49,0.52,0.45,0.52,3740000,0
204.HK,D,20240801,000000,0.6,0.6,0.485,0.52,183000,0
204.HK,D,20240802,000000,0.52,0.54,0.485,0.54,1180000,0
204.HK,D,20240805,000000,0.54,0.54,0.49,0.49,460000,0
204.HK,D,20240806,000000,0.49,0.5,0.49,0.5,100000,0
204.HK,D,20240807,000000,0.51,0.51,0.48,0.48,310000,0
204.HK,D,20240808,000000,0.51,0.54,0.475,0.495,700000,0
204.HK,D,20240809,000000,0.495,0.5,0.48,0.49,4200000,0
204.HK,D,20240812,000000,0.5,0.5,0.46,0.48,409600,0
204.HK,D,20240813,000000,0.485,0.5,0.46,0.46,620000,0
204.HK,D,20240814,000000,0.475,0.495,0.44,0.48,4600000,0
204.HK,D,20240815,000000,0.51,0.51,0.47,0.485,200000,0
204.HK,D,20240816,000000,0.54,0.54,0.48,0.49,201800,0
204.HK,D,20240819,000000,0.49,0.49,0.47,0.49,281400,0
204.HK,D,20240820,000000,0.56,0.56,0.46,0.475,448600,0
204.HK,D,20240821,000000,0.475,0.485,0.475,0.48,60000,0
204.HK,D,20240822,000000,0.48,0.48,0.465,0.47,110000,0
204.HK,D,20240823,000000,0.47,0.485,0.47,0.485,140000,0
204.HK,D,20240826,000000,0.485,0.485,0.475,0.485,184000,0
204.HK,D,20240827,000000,0.495,0.51,0.435,0.48,1540000,0
204.HK,D,20240828,000000,0.5,0.5,0.46,0.485,2702000,0
204.HK,D,20240829,000000,0.47,0.475,0.45,0.45,7260000,0
204.HK,D,20240830,000000,0.46,0.475,0.455,0.455,4360000,0
204.HK,D,20240902,000000,0.47,0.48,0.45,0.475,2265000,0
204.HK,D,20240903,000000,0.48,0.485,0.455,0.465,3240000,0
204.HK,D,20240904,000000,0.46,0.465,0.445,0.455,1992000,0
204.HK,D,20240905,000000,0.455,0.46,0.425,0.46,4684000,0
204.HK,D,20240909,000000,0.47,0.47,0.445,0.455,2000000,0
204.HK,D,20240910,000000,0.465,0.465,0.45,0.45,2340000,0
204.HK,D,20240911,000000,0.46,0.46,0.44,0.45,2641000,0
204.HK,D,20240912,000000,0.46,0.46,0.44,0.445,2460000,0
204.HK,D,20240913,000000,0.445,0.445,0.43,0.435,4700000,0
204.HK,D,20240916,000000,0.435,0.44,0.405,0.42,4340000,0
204.HK,D,20240917,000000,0.405,0.58,0.405,0.435,4940000,0
204.HK,D,20240919,000000,0.44,0.44,0.415,0.42,2870000,0
204.HK,D,20240920,000000,0.415,0.435,0.4,0.425,9700000,0
204.HK,D,20240923,000000,0.42,0.435,0.395,0.405,7546800,0
204.HK,D,20240924,000000,0.405,0.405,0.355,0.4,9300000,0
204.HK,D,20240925,000000,0.41,0.52,0.41,0.445,6620000,0
204.HK,D,20240926,000000,0.455,0.455,0.41,0.43,3051000,0
204.HK,D,20240927,000000,0.42,0.45,0.42,0.45,2912000,0
204.HK,D,20240930,000000,0.49,0.49,0.42,0.435,3940000,0
204.HK,D,20241002,000000,0.455,0.455,0.425,0.445,2869800,0
204.HK,D,20241003,000000,0.48,0.49,0.42,0.43,4414000,0
204.HK,D,20241004,000000,0.425,0.44,0.4,0.42,3434000,0
204.HK,D,20241007,000000,0.45,0.45,0.405,0.425,2614000,0
204.HK,D,20241008,000000,0.425,0.45,0.4,0.435,8820000,0
204.HK,D,20241009,000000,0.425,0.435,0.41,0.415,2518200,0
204.HK,D,20241010,000000,0.425,0.43,0.4,0.405,2640000,0
204.HK,D,20241014,000000,0.39,0.39,0.36,0.365,2940000,0
204.HK,D,20241015,000000,0.38,0.385,0.36,0.36,1100000,0
204.HK,D,20241016,000000,0.375,0.375,0.3,0.33,1880000,0
204.HK,D,20241017,000000,0.315,0.34,0.315,0.335,410000,0
204.HK,D,20241018,000000,0.34,0.35,0.32,0.32,680000,0
204.HK,D,20241021,000000,0.33,0.33,0.275,0.275,2268000,0
204.HK,D,20241022,000000,0.275,0.28,0.2,0.22,11740000,0
204.HK,D,20241023,000000,0.235,0.235,0.211,0.22,2680000,0
204.HK,D,20241024,000000,0.238,0.335,0.216,0.226,32496000,0
204.HK,D,20241025,000000,0.24,0.24,0.206,0.215,5852000,0
204.HK,D,20241028,000000,0.215,0.222,0.203,0.213,7060000,0
204.HK,D,20241029,000000,0.228,0.255,0.221,0.255,4680000,0
204.HK,D,20241030,000000,0.246,0.246,0.227,0.239,1360000,0
204.HK,D,20241031,000000,0.223,0.26,0.223,0.248,2649100,0
204.HK,D,20241101,000000,0.25,0.265,0.242,0.265,2240000,0
204.HK,D,20241104,000000,0.27,0.275,0.249,0.26,1820000,0
204.HK,D,20241105,000000,0.27,0.27,0.25,0.25,841200,0
204.HK,D,20241106,000000,0.24,0.255,0.24,0.242,900000,0
204.HK,D,20241107,000000,0.234,0.25,0.234,0.242,364000,0
204.HK,D,20241108,000000,0.241,0.241,0.232,0.232,1200000,0
204.HK,D,20241111,000000,0.229,0.248,0.224,0.24,1400000,0
204.HK,D,20241112,000000,0.235,0.239,0.235,0.238,60000,0
204.HK,D,20241113,000000,0.239,0.265,0.221,0.26,25994000,0
204.HK,D,20241114,000000,0.26,0.265,0.211,0.247,30664800,0
204.HK,D,20241115,000000,0.255,0.365,0.224,0.224,48830000,0
204.HK,D,20241118,000000,0.23,0.23,0.21,0.218,4120000,0
204.HK,D,20241119,000000,0.224,0.227,0.165,0.183,45996000,0
204.HK,D,20241120,000000,0.183,0.195,0.18,0.185,27180000,0
204.HK,D,20241121,000000,0.188,0.193,0.175,0.179,13680000,0
204.HK,D,20241122,000000,0.175,0.176,0.143,0.147,7080000,0
204.HK,D,20241125,000000,0.147,0.154,0.12,0.129,5180000,0
204.HK,D,20241126,000000,0.129,0.13,0.12,0.127,960000,0
204.HK,D,20241127,000000,0.123,0.163,0.123,0.131,2240000,0
204.HK,D,20241128,000000,0.131,0.14,0.122,0.139,10940000,0
204.HK,D,20241129,000000,0.134,0.149,0.134,0.145,400000,0
204.HK,D,20241202,000000,0.131,0.155,0.131,0.15,1240400,0
204.HK,D,20241203,000000,0.155,0.16,0.153,0.158,640000,0
204.HK,D,20241204,000000,0.189,0.189,0.154,0.162,1880000,0
204.HK,D,20241205,000000,0.155,0.159,0.145,0.145,1020000,0
204.HK,D,20241206,000000,0.161,0.177,0.135,0.14,1020000,0
204.HK,D,20241209,000000,0.158,0.159,0.135,0.138,579200,0
204.HK,D,20241210,000000,0.138,0.142,0.138,0.141,320000,0
204.HK,D,20241211,000000,0.133,0.152,0.129,0.143,46840000,0
204.HK,D,20241212,000000,0.143,0.177,0.134,0.138,20020000,0
204.HK,D,20241213,000000,0.135,0.136,0.133,0.135,840000,0
204.HK,D,20241216,000000,0.14,0.14,0.133,0.133,200000,0
204.HK,D,20241217,000000,0.133,0.151,0.126,0.13,1360000,0
204.HK,D,20241218,000000,0.124,0.143,0.1,0.101,10699700,0
204.HK,D,20241219,000000,0.102,0.107,0.085,0.09,15500000,0
204.HK,D,20241220,000000,0.09,0.099,0.078,0.083,2720000,0
204.HK,D,20241223,000000,0.08,0.091,0.076,0.086,1640000,0
204.HK,D,20241224,000000,0.093,0.093,0.084,0.091,260000,0
204.HK,D,20241227,000000,0.09,0.097,0.082,0.084,6740000,0
204.HK,D,20241230,000000,0.082,0.086,0.078,0.082,15540400,0
204.HK,D,20241231,000000,0.082,0.084,0.082,0.084,360000,0
204.HK,D,20250102,000000,0.082,0.093,0.078,0.093,1360000,0
204.HK,D,20250103,000000,0.097,0.11,0.097,0.105,4480000,0
204.HK,D,20250106,000000,0.104,0.128,0.083,0.085,13960000,0
204.HK,D,20250107,000000,0.085,0.09,0.063,0.065,20288000,0
204.HK,D,20250108,000000,0.064,0.07,0.062,0.067,1440000,0
204.HK,D,20250109,000000,0.071,0.072,0.067,0.067,680000,0
204.HK,D,20250110,000000,0.067,0.075,0.067,0.073,1906000,0
204.HK,D,20250113,000000,0.075,0.078,0.073,0.077,2436600,0
204.HK,D,20250114,000000,0.082,0.083,0.076,0.083,1120000,0
204.HK,D,20250115,000000,0.083,0.083,0.083,0.083,20000,0
204.HK,D,20250116,000000,0.085,0.086,0.079,0.084,1320000,0
204.HK,D,20250117,000000,0.081,0.095,0.081,0.089,20045200,0
204.HK,D,20250120,000000,0.1,0.168,0.092,0.13,64787000,0
204.HK,D,20250121,000000,0.131,0.139,0.106,0.109,9900000,0
204.HK,D,20250122,000000,0.11,0.111,0.094,0.106,1740000,0
204.HK,D,20250123,000000,0.096,0.096,0.05,0.079,140380000,0
204.HK,D,20250124,000000,0.075,0.076,0.053,0.055,45920000,0
204.HK,D,20250127,000000,0.059,0.068,0.054,0.058,99500800,0
204.HK,D,20250128,000000,0.058,0.058,0.056,0.057,960000,0
204.HK,D,20250203,000000,0.057,0.057,0.054,0.057,5846400,0
204.HK,D,20250204,000000,0.062,0.062,0.055,0.057,4480000,0
204.HK,D,20250205,000000,0.057,0.061,0.057,0.059,4962000,0
204.HK,D,20250206,000000,0.058,0.06,0.055,0.058,3014200,0
204.HK,D,20250207,000000,0.056,0.059,0.056,0.058,1401000,0
204.HK,D,20250210,000000,0.058,0.062,0.058,0.059,1520000,0
204.HK,D,20250211,000000,0.061,0.061,0.057,0.058,1261400,0
204.HK,D,20250212,000000,0.06,0.062,0.058,0.062,3300000,0
204.HK,D,20250213,000000,0.06,0.061,0.06,0.06,1900600,0
204.HK,D,20250214,000000,0.061,0.061,0.059,0.06,880270,0
204.HK,D,20250217,000000,0.062,0.063,0.059,0.06,1587000,0
204.HK,D,20250218,000000,0.061,0.062,0.058,0.059,760000,0
204.HK,D,20250219,000000,0.057,0.06,0.057,0.058,1783800,0
204.HK,D,20250220,000000,0.059,0.059,0.058,0.059,740000,0
204.HK,D,20250221,000000,0.059,0.061,0.057,0.058,1107600,0
204.HK,D,20250224,000000,0.06,0.062,0.057,0.058,2560000,0
204.HK,D,20250225,000000,0.059,0.06,0.058,0.058,416600,0
204.HK,D,20250226,000000,0.06,0.06,0.055,0.058,16060000,0
204.HK,D,20250227,000000,0.058,0.062,0.058,0.061,5970000,0
204.HK,D,20250228,000000,0.061,0.077,0.061,0.067,17320000,0
204.HK,D,20250303,000000,0.07,0.075,0.065,0.07,5224000,0
204.HK,D,20250304,000000,0.076,0.076,0.069,0.073,2300000,0
204.HK,D,20250305,000000,0.078,0.078,0.071,0.073,1496600,0
204.HK,D,20250306,000000,0.074,0.075,0.071,0.072,460000,0
204.HK,D,20250307,000000,0.075,0.075,0.069,0.074,30970000,0
204.HK,D,20250310,000000,0.077,0.077,0.068,0.069,5520100,0
204.HK,D,20250311,000000,0.073,0.073,0.065,0.069,900600,0
204.HK,D,20250312,000000,0.063,0.07,0.063,0.069,1440000,0
204.HK,D,20250313,000000,0.066,0.07,0.066,0.066,880000,0
204.HK,D,20250314,000000,0.064,0.068,0.064,0.067,12470000,0
204.HK,D,20250317,000000,0.065,0.072,0.065,0.072,3250000,0
204.HK,D,20250318,000000,0.073,0.075,0.069,0.069,5900000,0
204.HK,D,20250319,000000,0.074,0.076,0.068,0.069,20441000,0
204.HK,D,20250320,000000,0.07,0.072,0.067,0.068,13540000,0
204.HK,D,20250321,000000,0.068,0.078,0.068,0.069,44504000,0
204.HK,D,20250324,000000,0.069,0.07,0.067,0.07,2121000,0
204.HK,D,20250325,000000,0.071,0.073,0.067,0.068,46760000,0
204.HK,D,20250326,000000,0.067,0.072,0.064,0.066,43380000,0
204.HK,D,20250327,000000,0.058,0.068,0.055,0.058,5480000,0
204.HK,D,20250328,000000,0.057,0.058,0.051,0.053,21380000,0
204.HK,D,20250331,000000,0.053,0.056,0.05,0.055,9630000,0
204.HK,D,20250401,000000,0.047,0.055,0.047,0.053,1605000,0
204.HK,D,20250402,000000,0.053,0.055,0.051,0.051,3020000,0
204.HK,D,20250403,000000,0.051,0.055,0.051,0.052,1701000,0
204.HK,D,20250407,000000,0.052,0.055,0.051,0.051,3520000,0
204.HK,D,20250408,000000,0.051,0.052,0.05,0.051,2040000,0
204.HK,D,20250409,000000,0.05,0.051,0.05,0.05,981000,0
204.HK,D,20250410,000000,0.054,0.056,0.05,0.05,2080000,0
204.HK,D,20250411,000000,0.049,0.051,0.049,0.049,4100000,0
204.HK,D,20250414,000000,0.05,0.054,0.049,0.049,1480000,0
204.HK,D,20250415,000000,0.051,0.051,0.048,0.048,1540000,0
204.HK,D,20250416,000000,0.046,0.05,0.045,0.046,3880000,0
204.HK,D,20250417,000000,0.048,0.05,0.045,0.045,1852600,0
