<TICKER>,<PER>,<DATE>,<TIME>,<OPEN>,<HIGH>,<LOW>,<CLOSE>,<VOL>,<OPENINT>
2142.HK,D,20201210,000000,11.94,11.94,11.02,11.02,57898000,0
2142.HK,D,20201211,000000,11,11,9.66,10.02,21864000,0
2142.HK,D,20201214,000000,10.22,11,9.7,11,8514500,0
2142.HK,D,20201215,000000,11.2,11.3,10.4,10.84,4065380,0
2142.HK,D,20201216,000000,10.92,10.92,10.32,10.8,3063000,0
2142.HK,D,20201217,000000,10.7,10.78,10.48,10.78,2478000,0
2142.HK,D,20201218,000000,10.8,10.8,10.52,10.7,1663100,0
2142.HK,D,20201221,000000,10.6,10.7,10.2,10.32,3097000,0
2142.HK,D,20201222,000000,10.32,10.32,9.9,10,2772000,0
2142.HK,D,20201223,000000,10,10.2,9.94,10,2094100,0
2142.HK,D,20201224,000000,10,10.02,9.86,10,1030000,0
2142.HK,D,20201228,000000,10,10.04,9.93,10,1101000,0
2142.HK,D,20201229,000000,10,10.1,9.95,10,658000,0
2142.HK,D,20201230,000000,10,10.5,9.93,10.5,1697000,0
2142.HK,D,20201231,000000,10.6,10.78,10,10.56,3356000,0
2142.HK,D,20210104,000000,10.38,10.5,9.98,9.98,1067000,0
2142.HK,D,20210105,000000,9.94,9.98,9.31,9.37,2316000,0
2142.HK,D,20210106,000000,9.43,9.5,9.23,9.25,978000,0
2142.HK,D,20210107,000000,9.23,9.39,8.84,8.98,1501000,0
2142.HK,D,20210108,000000,8.98,9.25,8.78,8.89,1477600,0
2142.HK,D,20210111,000000,8.92,8.95,8.68,8.69,791000,0
2142.HK,D,20210112,000000,8.68,8.69,8.31,8.33,1855000,0
2142.HK,D,20210113,000000,8.33,8.77,8.01,8.41,1884000,0
2142.HK,D,20210114,000000,8.41,9.5,8.41,9.41,3141000,0
2142.HK,D,20210115,000000,9.42,9.8,8.89,9.33,1929000,0
2142.HK,D,20210118,000000,9.52,10,9.52,10,1824000,0
2142.HK,D,20210119,000000,10,10.84,10,10.8,2684000,0
2142.HK,D,20210120,000000,10.86,11.14,10.08,10.64,1459000,0
2142.HK,D,20210121,000000,10.96,10.96,10.06,10.18,1057000,0
2142.HK,D,20210122,000000,10.18,10.18,9.7,9.91,1211000,0
2142.HK,D,20210125,000000,10.28,10.28,9.93,9.93,1229000,0
2142.HK,D,20210126,000000,9.93,9.93,9.32,9.39,977000,0
2142.HK,D,20210127,000000,9.39,9.47,9.02,9.09,794000,0
2142.HK,D,20210128,000000,9,9.02,8.74,8.75,875000,0
2142.HK,D,20210129,000000,8.8,9.38,8.8,9.17,892000,0
2142.HK,D,20210201,000000,9.13,9.38,9.03,9.21,607000,0
2142.HK,D,20210202,000000,9.1,9.4,9.1,9.31,496000,0
2142.HK,D,20210203,000000,8.1,8.76,7.88,8.39,3901000,0
2142.HK,D,20210204,000000,8.38,8.77,8.3,8.45,972000,0
2142.HK,D,20210205,000000,8.52,9.06,8.5,8.98,1130000,0
2142.HK,D,20210208,000000,8.98,9.09,8.83,9.09,618000,0
2142.HK,D,20210209,000000,8.91,9.07,8.89,9.03,236000,0
2142.HK,D,20210210,000000,9.03,9.06,8.89,9.01,475000,0
2142.HK,D,20210211,000000,9.01,9.04,8.75,9.02,147000,0
2142.HK,D,20210216,000000,9.02,9.08,8.88,9,457000,0
2142.HK,D,20210217,000000,9,9.35,8.96,9.31,783000,0
2142.HK,D,20210218,000000,9.31,9.31,9.15,9.21,332000,0
2142.HK,D,20210219,000000,9.18,9.2,8.88,9.09,544000,0
2142.HK,D,20210222,000000,9.1,9.15,8.96,9.11,556120,0
2142.HK,D,20210223,000000,9.11,9.15,8.98,9.15,326000,0
2142.HK,D,20210224,000000,9.15,9.15,8.73,8.86,519000,0
2142.HK,D,20210225,000000,8.88,9.02,8.56,8.92,927000,0
2142.HK,D,20210226,000000,8.89,8.89,8.63,8.86,424000,0
2142.HK,D,20210301,000000,8.86,9.13,8.86,9.13,481000,0
2142.HK,D,20210302,000000,9.13,9.2,8.9,9.15,315120,0
2142.HK,D,20210303,000000,9.12,9.12,8.9,9.1,153000,0
2142.HK,D,20210304,000000,8.88,8.99,8.74,8.85,211000,0
2142.HK,D,20210305,000000,8.75,8.84,8.33,8.68,486000,0
2142.HK,D,20210308,000000,8.82,8.82,8.2,8.3,442000,0
2142.HK,D,20210309,000000,8.5,8.5,8.12,8.26,442000,0
2142.HK,D,20210310,000000,8.5,8.5,8.35,8.38,141000,0
2142.HK,D,20210311,000000,8.51,8.8,8.42,8.8,249000,0
2142.HK,D,20210312,000000,8.9,8.94,8.63,8.74,132000,0
2142.HK,D,20210315,000000,9,9,8.74,8.8,617000,0
2142.HK,D,20210316,000000,9,9,8.88,8.94,151000,0
2142.HK,D,20210317,000000,9,9.28,8.99,9.17,422000,0
2142.HK,D,20210318,000000,9.22,9.22,8.91,9.05,504000,0
2142.HK,D,20210319,000000,9,9,8.62,8.81,256000,0
2142.HK,D,20210322,000000,8.98,9.05,8.79,9,387000,0
2142.HK,D,20210323,000000,9,9.02,8.81,8.95,405000,0
2142.HK,D,20210324,000000,9,9,8.74,8.86,220000,0
2142.HK,D,20210325,000000,8.96,9.02,8.63,8.97,379000,0
2142.HK,D,20210326,000000,8.99,9.13,8.92,9.13,642000,0
2142.HK,D,20210329,000000,9.01,9.04,8.81,8.96,358000,0
2142.HK,D,20210330,000000,9,9.04,8.9,8.94,351000,0
2142.HK,D,20210331,000000,8.8,9.01,8.8,8.92,86000,0
2142.HK,D,20210401,000000,9.01,9.15,8.95,9.12,291000,0
2142.HK,D,20210407,000000,9.12,9.2,9.03,9.05,274000,0
2142.HK,D,20210408,000000,9.04,9.21,8.91,9.08,207000,0
2142.HK,D,20210409,000000,9,9.14,9,9.07,95000,0
2142.HK,D,20210412,000000,8.98,9.03,8.87,8.95,217000,0
2142.HK,D,20210413,000000,9.1,9.1,8.93,9.02,117000,0
2142.HK,D,20210414,000000,9.03,9.03,8.85,8.89,90000,0
2142.HK,D,20210415,000000,8.86,9.3,8.86,9.21,402000,0
2142.HK,D,20210416,000000,9.28,9.28,9.08,9.08,166000,0
2142.HK,D,20210419,000000,9.1,9.27,9.06,9.25,110000,0
2142.HK,D,20210420,000000,9.27,9.29,9.18,9.25,175000,0
2142.HK,D,20210421,000000,9.1,9.68,9.1,9.56,456000,0
2142.HK,D,20210422,000000,9.66,9.86,9.65,9.85,900000,0
2142.HK,D,20210423,000000,9.75,9.85,9.6,9.7,149000,0
2142.HK,D,20210426,000000,9.7,9.9,9.69,9.79,221000,0
2142.HK,D,20210427,000000,9.9,10.2,9.8,10.1,575000,0
2142.HK,D,20210428,000000,10.12,10.12,9.92,9.96,332000,0
2142.HK,D,20210429,000000,9.97,10.12,9.94,9.99,224000,0
2142.HK,D,20210430,000000,9.94,10.2,9.9,10.02,910000,0
2142.HK,D,20210503,000000,9.81,10.08,9.8,10.02,123000,0
2142.HK,D,20210504,000000,10,10.2,10,10.02,221000,0
2142.HK,D,20210505,000000,10,10.2,9.99,10.04,144000,0
2142.HK,D,20210506,000000,10.04,10.16,10,10.12,324000,0
2142.HK,D,20210507,000000,10.12,10.14,9.72,10.04,315000,0
2142.HK,D,20210510,000000,10,10.06,9.88,9.98,392000,0
2142.HK,D,20210511,000000,9.52,9.93,9.51,9.62,641000,0
2142.HK,D,20210512,000000,10,10,9.16,9.43,1381000,0
2142.HK,D,20210513,000000,9.5,9.56,9.29,9.36,737000,0
2142.HK,D,20210514,000000,9.46,9.55,9.31,9.5,929000,0
2142.HK,D,20210517,000000,9.5,9.73,9.43,9.7,137000,0
2142.HK,D,20210518,000000,9.7,9.81,9.56,9.72,97000,0
2142.HK,D,20210520,000000,9.88,10.04,9.8,9.84,187000,0
2142.HK,D,20210521,000000,9.9,9.9,9.79,9.8,112000,0
2142.HK,D,20210524,000000,9.8,9.99,9.62,9.75,242000,0
2142.HK,D,20210525,000000,9.9,9.9,9.6,9.6,244000,0
2142.HK,D,20210526,000000,9.88,9.91,9.76,9.83,98000,0
2142.HK,D,20210527,000000,9.78,10.8,9.78,10.42,1552031,0
2142.HK,D,20210528,000000,10.58,11.2,10.56,10.58,2131969,0
2142.HK,D,20210531,000000,10.88,12.16,10.54,11.72,21253600,0
2142.HK,D,20210601,000000,11.88,12.4,11.42,12.3,2683031,0
2142.HK,D,20210602,000000,11.98,12.22,11,11.26,2467969,0
2142.HK,D,20210603,000000,11.26,12.06,11.26,11.48,2085000,0
2142.HK,D,20210604,000000,11.5,11.88,11.44,11.62,896000,0
2142.HK,D,20210607,000000,11.62,11.66,11.1,11.18,1033000,0
2142.HK,D,20210608,000000,11.22,11.36,10.58,10.82,936000,0
2142.HK,D,20210609,000000,10.72,11.18,10.72,11.14,416000,0
2142.HK,D,20210610,000000,10.96,11.04,10.6,10.78,507000,0
2142.HK,D,20210611,000000,10.88,11.04,10.5,10.72,755000,0
2142.HK,D,20210615,000000,10.5,10.5,9.15,9.2,20537240,0
2142.HK,D,20210616,000000,9.28,9.3,8.62,8.86,2677000,0
2142.HK,D,20210617,000000,8.86,9.18,8.86,9.11,755000,0
2142.HK,D,20210618,000000,9.11,9.39,8.92,9.3,853000,0
2142.HK,D,20210621,000000,9.33,9.59,9.01,9.44,1678000,0
2142.HK,D,20210622,000000,9.51,10.28,9.49,9.87,5072000,0
2142.HK,D,20210623,000000,10.1,10.3,9.87,10.04,2121000,0
2142.HK,D,20210624,000000,10.1,10.3,9.8,10.16,1101000,0
2142.HK,D,20210625,000000,10.37,10.44,9.81,10.04,1648000,0
2142.HK,D,20210628,000000,10.14,10.26,9.8,9.92,804000,0
2142.HK,D,20210629,000000,9.98,10.14,9.82,9.96,1713000,0
2142.HK,D,20210630,000000,10.02,10.02,9.6,9.9,1097000,0
2142.HK,D,20210702,000000,9.95,9.95,9.4,9.53,790000,0
2142.HK,D,20210705,000000,9.52,9.55,9.15,9.46,1271000,0
2142.HK,D,20210706,000000,9.53,9.53,8.8,8.87,3388000,0
2142.HK,D,20210707,000000,8.92,9.23,8.82,9.18,2083000,0
2142.HK,D,20210708,000000,9.34,9.34,8.94,9.1,1478000,0
2142.HK,D,20210709,000000,9.1,9.12,8.71,8.9,1964000,0
2142.HK,D,20210712,000000,9,9.59,8.71,9.35,1611000,0
2142.HK,D,20210713,000000,9.42,9.44,9.13,9.28,534000,0
2142.HK,D,20210714,000000,9.38,9.83,9.36,9.68,946000,0
2142.HK,D,20210715,000000,9.78,9.79,9.55,9.68,598000,0
2142.HK,D,20210716,000000,9.74,9.74,9.46,9.5,416000,0
2142.HK,D,20210719,000000,9.42,9.72,9.28,9.42,519000,0
2142.HK,D,20210720,000000,9.42,9.47,9.07,9.32,814000,0
2142.HK,D,20210721,000000,9.38,9.89,9.17,9.71,1195000,0
2142.HK,D,20210722,000000,9.82,9.82,9.31,9.5,610000,0
2142.HK,D,20210723,000000,9.56,9.63,9.27,9.37,1026000,0
2142.HK,D,20210726,000000,9.35,9.46,8.9,9.15,1735000,0
2142.HK,D,20210727,000000,9.15,9.15,8.73,9,1554000,0
2142.HK,D,20210728,000000,8.7,9.14,8.34,8.99,964000,0
2142.HK,D,20210729,000000,9.01,9.39,9.01,9.18,510000,0
2142.HK,D,20210730,000000,9.18,9.51,9.03,9.33,307000,0
2142.HK,D,20210802,000000,9.54,9.54,9.01,9.1,869000,0
2142.HK,D,20210803,000000,9.51,9.51,9.02,9.16,573000,0
2142.HK,D,20210804,000000,9.07,9.16,8.9,9.07,740000,0
2142.HK,D,20210805,000000,9,9.09,8.94,9.06,698470,0
2142.HK,D,20210806,000000,9.13,9.13,8.91,8.97,605000,0
2142.HK,D,20210809,000000,9.08,9.08,8.85,9.02,328000,0
2142.HK,D,20210810,000000,8.97,9.04,8.89,9.02,271800,0
2142.HK,D,20210811,000000,9.01,9.01,8.87,8.91,548000,0
2142.HK,D,20210812,000000,8.92,8.99,8.84,8.96,514000,0
2142.HK,D,20210813,000000,8.87,8.98,8.8,8.8,337000,0
2142.HK,D,20210816,000000,8.8,8.85,8.42,8.43,767000,0
2142.HK,D,20210817,000000,8.43,8.55,8.25,8.25,377000,0
2142.HK,D,20210818,000000,8.25,8.43,8.22,8.23,359000,0
2142.HK,D,20210819,000000,8.39,8.39,8,8.02,507000,0
2142.HK,D,20210820,000000,8.11,8.12,7.51,7.69,789000,0
2142.HK,D,20210823,000000,7.6,7.99,7.5,7.64,1432000,0
2142.HK,D,20210824,000000,7.88,7.91,7.67,7.73,440000,0
2142.HK,D,20210825,000000,7.92,8.04,7.54,7.54,1372000,0
2142.HK,D,20210826,000000,7.9,7.9,7.56,7.7,398000,0
2142.HK,D,20210827,000000,7.88,7.9,7.65,7.65,323000,0
2142.HK,D,20210830,000000,7.52,7.9,7.52,7.62,588000,0
2142.HK,D,20210831,000000,7.59,7.59,7.25,7.28,1281000,0
2142.HK,D,20210901,000000,7.68,7.8,7.43,7.58,740000,0
2142.HK,D,20210902,000000,7.83,8.2,7.75,8.03,637322,0
2142.HK,D,20210903,000000,8.25,8.31,7.99,8.05,645000,0
2142.HK,D,20210906,000000,8.3,8.3,8.04,8.3,549000,0
2142.HK,D,20210907,000000,8.6,8.6,8.05,8.08,446000,0
2142.HK,D,20210908,000000,8.03,8.07,7.6,7.71,584000,0
2142.HK,D,20210909,000000,7.89,7.89,7.58,7.75,408000,0
2142.HK,D,20210910,000000,7.81,7.91,7.78,7.83,121000,0
2142.HK,D,20210913,000000,7.9,7.9,7.53,7.66,528000,0
2142.HK,D,20210914,000000,7.96,7.96,7.68,7.75,265000,0
2142.HK,D,20210915,000000,7.75,7.75,7.64,7.64,210842,0
2142.HK,D,20210916,000000,7.51,7.58,7.17,7.2,263000,0
2142.HK,D,20210917,000000,7.2,7.3,7.01,7.2,254000,0
2142.HK,D,20210920,000000,7.21,7.21,6.89,6.94,203000,0
2142.HK,D,20210921,000000,6.81,7.06,6.81,7,116000,0
2142.HK,D,20210923,000000,7,7.34,6.96,7.07,658490,0
2142.HK,D,20210924,000000,7.31,7.31,6.97,6.97,533000,0
2142.HK,D,20210927,000000,6.99,7.15,6.99,7.02,147000,0
2142.HK,D,20210928,000000,7.22,7.22,6.91,6.96,309000,0
2142.HK,D,20210929,000000,6.99,6.99,6.66,6.68,302000,0
2142.HK,D,20210930,000000,6.94,7,6.68,6.7,227000,0
2142.HK,D,20211004,000000,6.95,7.02,6.54,6.69,155000,0
2142.HK,D,20211005,000000,6.52,6.56,6.35,6.39,254192,0
2142.HK,D,20211006,000000,6.44,6.6,6.31,6.39,199000,0
2142.HK,D,20211007,000000,6.39,6.52,6.39,6.52,33000,0
2142.HK,D,20211008,000000,6.6,6.67,6.42,6.51,417000,0
2142.HK,D,20211011,000000,6.59,7.09,6.51,6.78,325470,0
2142.HK,D,20211012,000000,6.78,6.78,6.28,6.46,577000,0
2142.HK,D,20211015,000000,6.34,6.68,6.26,6.51,230000,0
2142.HK,D,20211018,000000,6.45,6.54,6.32,6.53,107000,0
2142.HK,D,20211019,000000,6.53,6.68,6.46,6.65,109000,0
2142.HK,D,20211020,000000,6.55,6.57,6.32,6.5,369000,0
2142.HK,D,20211021,000000,6.45,6.45,6.33,6.42,327000,0
2142.HK,D,20211022,000000,6.5,6.5,6.26,6.45,199000,0
2142.HK,D,20211025,000000,6.4,7.34,6.35,6.78,1987000,0
2142.HK,D,20211026,000000,6.8,6.92,6.42,6.47,845000,0
2142.HK,D,20211027,000000,6.47,6.47,6.32,6.38,191000,0
2142.HK,D,20211028,000000,6.3,6.36,6.22,6.26,450000,0
2142.HK,D,20211029,000000,6.26,6.46,6.21,6.37,511000,0
2142.HK,D,20211101,000000,6.54,7.21,6.46,6.79,6707000,0
2142.HK,D,20211102,000000,6.9,6.96,6.48,6.56,1083000,0
2142.HK,D,20211103,000000,6.59,6.74,6.52,6.6,446000,0
2142.HK,D,20211104,000000,6.61,6.71,6.53,6.59,313000,0
2142.HK,D,20211105,000000,6.53,6.83,6.53,6.62,1125000,0
2142.HK,D,20211108,000000,6.53,6.68,6.5,6.6,740000,0
2142.HK,D,20211109,000000,6.8,6.8,6.56,6.67,530000,0
2142.HK,D,20211110,000000,6.67,6.71,6.49,6.62,1192000,0
2142.HK,D,20211111,000000,6.7,6.7,6.5,6.68,1675000,0
2142.HK,D,20211112,000000,6.66,7.1,6.56,6.95,3832000,0
2142.HK,D,20211115,000000,7.1,7.97,7.1,7.46,6885000,0
2142.HK,D,20211116,000000,7.58,7.99,7.18,7.93,4509000,0
2142.HK,D,20211117,000000,7.93,9.12,7.8,8.77,6913000,0
2142.HK,D,20211118,000000,8.99,9.8,8.84,9.38,7934000,0
2142.HK,D,20211119,000000,9.19,9.96,9.12,9.31,6346000,0
2142.HK,D,20211122,000000,9.21,9.7,9.19,9.32,3744000,0
2142.HK,D,20211123,000000,9.1,9.81,8.81,9.76,5414000,0
2142.HK,D,20211124,000000,9.69,10.4,9.06,9.25,4747000,0
2142.HK,D,20211125,000000,9.01,10.26,9,10.18,5181800,0
2142.HK,D,20211126,000000,10.3,10.5,9.74,9.78,3071000,0
2142.HK,D,20211129,000000,9.79,10.1,9.32,9.63,2412000,0
2142.HK,D,20211130,000000,9.4,9.8,9.1,9.15,2698000,0
2142.HK,D,20211201,000000,9.01,9.31,8.92,9.19,3064000,0
2142.HK,D,20211202,000000,9.04,9.25,8.8,8.8,2633000,0
2142.HK,D,20211203,000000,8.68,9.05,8.68,8.85,2035000,0
2142.HK,D,20211206,000000,8.71,8.79,8.25,8.37,3688722,0
2142.HK,D,20211207,000000,8.41,8.65,8.22,8.54,2752000,0
2142.HK,D,20211208,000000,8.4,8.73,8.18,8.19,2490000,0
2142.HK,D,20211209,000000,8.1,8.37,7.9,8.33,3424000,0
2142.HK,D,20211210,000000,8.38,8.61,8.22,8.33,1246000,0
2142.HK,D,20211213,000000,7.96,8.4,7.96,8.06,1878000,0
2142.HK,D,20211214,000000,8.05,8.43,7.95,8.4,3050000,0
2142.HK,D,20211215,000000,8.31,8.54,7.83,8.04,4338720,0
2142.HK,D,20211216,000000,7.93,8.55,7.93,8.47,2097000,0
2142.HK,D,20211217,000000,8.32,8.89,8.32,8.62,3657000,0
2142.HK,D,20211220,000000,8.2,8.37,8.07,8.14,3437000,0
2142.HK,D,20211221,000000,8.06,8.25,8.06,8.18,999000,0
2142.HK,D,20211222,000000,8.08,8.37,8.08,8.2,1411000,0
2142.HK,D,20211223,000000,8.06,8.3,8.06,8.18,1097000,0
2142.HK,D,20211224,000000,8.25,8.41,8.18,8.27,676000,0
2142.HK,D,20211228,000000,8.21,8.27,7.69,7.72,3120000,0
2142.HK,D,20211229,000000,7.88,7.88,7.42,7.61,508000,0
2142.HK,D,20211230,000000,7.64,7.9,7.5,7.64,396000,0
2142.HK,D,20211231,000000,7.34,7.75,7.34,7.75,507000,0
2142.HK,D,20220103,000000,7.89,7.89,7.3,7.49,753000,0
2142.HK,D,20220104,000000,7.54,7.62,6.88,7,2307000,0
2142.HK,D,20220105,000000,7,7.18,6.63,7,1663000,0
2142.HK,D,20220106,000000,6.77,6.92,6.52,6.79,1930000,0
2142.HK,D,20220107,000000,6.79,6.97,6.65,6.71,919000,0
2142.HK,D,20220110,000000,6.9,6.9,6.59,6.68,1490000,0
2142.HK,D,20220111,000000,6.59,6.83,6.42,6.48,2182000,0
2142.HK,D,20220112,000000,6.52,6.76,6.46,6.76,1817000,0
2142.HK,D,20220113,000000,6.76,6.76,6.52,6.52,1357000,0
2142.HK,D,20220114,000000,6.5,6.75,6.5,6.62,850600,0
2142.HK,D,20220117,000000,6.62,6.7,6.48,6.48,712000,0
2142.HK,D,20220118,000000,6.45,6.66,6.45,6.55,693000,0
2142.HK,D,20220119,000000,6.38,6.65,6.38,6.55,478000,0
2142.HK,D,20220120,000000,6.57,6.58,6.48,6.49,503000,0
2142.HK,D,20220121,000000,6.4,6.6,6.4,6.43,467000,0
2142.HK,D,20220124,000000,6.36,6.54,5.95,5.95,1660000,0
2142.HK,D,20220125,000000,5.95,5.99,5.69,5.75,1338520,0
2142.HK,D,20220126,000000,5.78,5.78,5.39,5.44,1166000,0
2142.HK,D,20220127,000000,5.4,5.4,5.14,5.15,549000,0
2142.HK,D,20220128,000000,5.15,5.29,5,5,498000,0
2142.HK,D,20220131,000000,5.01,5.43,5.01,5.43,177000,0
2142.HK,D,20220204,000000,5.68,5.68,5.26,5.29,70000,0
2142.HK,D,20220207,000000,5.49,5.53,5.06,5.11,1181000,0
2142.HK,D,20220208,000000,5,5.07,4.8,4.81,2999000,0
2142.HK,D,20220209,000000,4.81,5.12,4.81,4.93,1534000,0
2142.HK,D,20220210,000000,4.85,5.24,4.85,5.12,708200,0
2142.HK,D,20220211,000000,5.05,5.2,4.88,4.91,1077000,0
2142.HK,D,20220214,000000,4.85,4.94,4.82,4.88,587000,0
2142.HK,D,20220215,000000,4.77,5,4.77,4.97,560000,0
2142.HK,D,20220216,000000,4.85,5.12,4.85,4.99,563000,0
2142.HK,D,20220217,000000,4.91,5,4.91,4.96,794000,0
2142.HK,D,20220218,000000,4.91,4.98,4.8,4.81,1043000,0
2142.HK,D,20220221,000000,4.66,5,4.51,4.59,1193000,0
2142.HK,D,20220222,000000,4.55,4.69,4.36,4.4,930000,0
2142.HK,D,20220223,000000,4.4,4.55,4.38,4.5,1283000,0
2142.HK,D,20220224,000000,4.35,4.5,4.16,4.19,1341000,0
2142.HK,D,20220225,000000,4.21,4.49,4.21,4.49,1226000,0
2142.HK,D,20220228,000000,4.32,4.57,4.32,4.5,1047000,0
2142.HK,D,20220301,000000,4.53,4.65,4.5,4.55,696000,0
2142.HK,D,20220302,000000,4.34,4.56,4.34,4.51,629000,0
2142.HK,D,20220303,000000,4.51,4.67,4.38,4.48,681000,0
2142.HK,D,20220304,000000,4.48,4.48,4.16,4.21,1735000,0
2142.HK,D,20220307,000000,4.14,4.16,3.91,3.97,1121000,0
2142.HK,D,20220308,000000,3.92,4.06,3.86,3.89,757000,0
2142.HK,D,20220309,000000,3.88,4.09,3.61,4.03,3084000,0
2142.HK,D,20220310,000000,3.97,4.12,3.88,3.94,1246000,0
2142.HK,D,20220311,000000,3.88,3.89,3.64,3.84,1291000,0
2142.HK,D,20220314,000000,3.61,3.69,3.32,3.34,2239000,0
2142.HK,D,20220315,000000,3.11,3.44,3.08,3.32,2115000,0
2142.HK,D,20220316,000000,3.35,3.52,3.12,3.5,2421000,0
2142.HK,D,20220317,000000,3.67,4,3.5,3.99,3723300,0
2142.HK,D,20220318,000000,3.82,4.29,3.77,3.9,1592000,0
2142.HK,D,20220321,000000,3.82,4.05,3.8,3.87,937000,0
2142.HK,D,20220322,000000,3.8,3.92,3.72,3.92,632000,0
2142.HK,D,20220323,000000,3.99,4.13,3.85,3.93,1246000,0
2142.HK,D,20220324,000000,3.81,4.1,3.75,3.93,1488000,0
2142.HK,D,20220325,000000,3.83,4.03,3.61,3.61,1325000,0
2142.HK,D,20220328,000000,3.5,3.69,3.45,3.51,805000,0
2142.HK,D,20220329,000000,3.51,3.63,3.48,3.48,562000,0
2142.HK,D,20220330,000000,3.49,3.71,3.49,3.67,920000,0
2142.HK,D,20220331,000000,3.52,3.73,3.52,3.56,468000,0
2142.HK,D,20220401,000000,3.49,3.5,3.38,3.49,763000,0
2142.HK,D,20220404,000000,3.52,3.65,3.44,3.5,578000,0
2142.HK,D,20220406,000000,3.51,3.84,3.51,3.7,1964000,0
2142.HK,D,20220407,000000,4.25,6.11,4.19,4.19,46344000,0
2142.HK,D,20220408,000000,4.27,4.4,3.89,4.06,17314700,0
2142.HK,D,20220411,000000,4.12,4.26,3.92,3.97,9631000,0
2142.HK,D,20220412,000000,3.98,4.03,3.72,3.74,7455000,0
2142.HK,D,20220413,000000,3.69,3.74,3.54,3.58,6151000,0
2142.HK,D,20220414,000000,3.62,3.73,3.47,3.65,9425360,0
2142.HK,D,20220419,000000,3.67,4.46,3.67,4.31,19835000,0
2142.HK,D,20220420,000000,4.35,4.72,4.15,4.19,13775000,0
2142.HK,D,20220421,000000,4.2,4.28,3.98,4.09,5023000,0
2142.HK,D,20220422,000000,4,4.59,4,4.27,19123000,0
2142.HK,D,20220425,000000,4.15,4.51,4.15,4.21,12418000,0
2142.HK,D,20220426,000000,4.27,4.45,4.01,4.03,7740000,0
2142.HK,D,20220427,000000,4.01,4.04,3.72,4.03,7103000,0
2142.HK,D,20220428,000000,4.14,4.15,3.84,3.93,2480000,0
2142.HK,D,20220429,000000,3.94,4.1,3.73,4.1,3484802,0
2142.HK,D,20220503,000000,4,4.2,3.97,4.04,854000,0
2142.HK,D,20220504,000000,4.01,4.03,3.85,3.85,807000,0
2142.HK,D,20220505,000000,3.89,3.9,3.68,3.7,7342000,0
2142.HK,D,20220506,000000,3.68,3.76,3.55,3.59,3373000,0
2142.HK,D,20220510,000000,3.5,3.6,3.38,3.53,3960000,0
2142.HK,D,20220511,000000,3.53,3.75,3.53,3.58,3294198,0
2142.HK,D,20220512,000000,3.55,3.57,3.25,3.3,6922180,0
2142.HK,D,20220513,000000,3.4,3.48,3.37,3.47,1864000,0
2142.HK,D,20220516,000000,3.53,3.53,3.43,3.46,1712000,0
2142.HK,D,20220517,000000,3.5,3.62,3.46,3.58,2280000,0
2142.HK,D,20220518,000000,3.56,3.79,3.56,3.71,2821000,0
2142.HK,D,20220519,000000,3.62,3.79,3.61,3.73,2635000,0
2142.HK,D,20220520,000000,3.85,3.97,3.8,3.93,3264000,0
2142.HK,D,20220523,000000,3.93,3.99,3.79,3.88,2999000,0
2142.HK,D,20220524,000000,3.9,3.94,3.63,3.67,2005000,0
2142.HK,D,20220525,000000,3.71,3.72,3.61,3.69,1675000,0
2142.HK,D,20220526,000000,3.73,3.73,3.59,3.64,1025000,0
2142.HK,D,20220527,000000,3.74,3.74,3.64,3.67,1256000,0
2142.HK,D,20220530,000000,3.74,3.74,3.59,3.65,2035000,0
2142.HK,D,20220531,000000,3.75,4.11,3.66,3.82,8835000,0
2142.HK,D,20220601,000000,3.82,3.9,3.75,3.83,3474000,0
2142.HK,D,20220602,000000,3.78,3.84,3.58,3.69,2955000,0
2142.HK,D,20220606,000000,3.72,3.72,3.5,3.62,6847000,0
2142.HK,D,20220607,000000,3.57,3.73,3.57,3.66,2602000,0
2142.HK,D,20220608,000000,3.71,4.05,3.7,3.98,7872000,0
2142.HK,D,20220609,000000,4.06,4.17,3.92,3.93,3010000,0
2142.HK,D,20220610,000000,3.84,4,3.84,3.97,2273000,0
2142.HK,D,20220613,000000,3.99,3.99,3.6,3.64,6083396,0
2142.HK,D,20220614,000000,3.57,3.66,3.48,3.65,4103000,0
2142.HK,D,20220615,000000,3.65,3.73,3.58,3.67,1458000,0
2142.HK,D,20220616,000000,3.7,3.7,3.5,3.5,2651000,0
2142.HK,D,20220617,000000,3.46,3.67,3.45,3.66,1663000,0
2142.HK,D,20220620,000000,3.7,3.79,3.6,3.77,2816000,0
2142.HK,D,20220621,000000,3.83,4,3.73,3.96,4093000,0
2142.HK,D,20220622,000000,4,4.07,3.83,3.87,2405000,0
2142.HK,D,20220623,000000,3.88,3.93,3.85,3.93,1246000,0
2142.HK,D,20220624,000000,4.02,4.24,3.98,4.18,7250000,0
2142.HK,D,20220627,000000,4.27,4.31,4.16,4.25,4149000,0
2142.HK,D,20220628,000000,4.49,4.5,4.16,4.24,3906000,0
2142.HK,D,20220629,000000,4.24,4.24,4.01,4.1,2141000,0
2142.HK,D,20220630,000000,4.05,4.2,4,4.07,1692000,0
2142.HK,D,20220704,000000,4.03,4.23,3.96,4.22,2253000,0
2142.HK,D,20220705,000000,4.29,4.29,4.1,4.18,1867000,0
2142.HK,D,20220706,000000,4.24,4.27,4.05,4.2,4929000,0
2142.HK,D,20220707,000000,4.2,4.2,4.07,4.11,1054000,0
2142.HK,D,20220708,000000,4.11,4.16,3.98,4.06,2183000,0
2142.HK,D,20220711,000000,4.02,4.09,3.88,3.91,2756000,0
2142.HK,D,20220712,000000,3.92,3.94,3.7,3.7,2613000,0
2142.HK,D,20220713,000000,3.72,3.78,3.64,3.69,1582000,0
2142.HK,D,20220714,000000,3.7,3.78,3.65,3.7,2134000,0
2142.HK,D,20220715,000000,3.75,3.75,3.5,3.52,2321000,0
2142.HK,D,20220718,000000,3.52,3.7,3.44,3.65,1685000,0
2142.HK,D,20220719,000000,3.63,3.64,3.54,3.54,764000,0
2142.HK,D,20220720,000000,3.54,3.63,3.48,3.53,1307000,0
2142.HK,D,20220721,000000,3.55,3.65,3.54,3.63,683000,0
2142.HK,D,20220722,000000,3.63,3.65,3.5,3.54,740000,0
2142.HK,D,20220725,000000,3.6,3.6,3.45,3.47,417000,0
2142.HK,D,20220726,000000,3.5,3.57,3.45,3.53,807000,0
2142.HK,D,20220727,000000,3.53,3.58,3.45,3.48,1077000,0
2142.HK,D,20220728,000000,3.52,3.54,3.43,3.43,1887000,0
2142.HK,D,20220729,000000,3.43,3.43,3.22,3.29,2765000,0
2142.HK,D,20220801,000000,3.29,3.35,3.16,3.16,2972000,0
2142.HK,D,20220802,000000,3.2,3.2,3.01,3.17,2755000,0
2142.HK,D,20220803,000000,3.18,3.2,3.06,3.06,1167000,0
2142.HK,D,20220804,000000,3.16,3.21,3.11,3.15,1037000,0
2142.HK,D,20220805,000000,3.25,3.3,3.16,3.21,2091000,0
2142.HK,D,20220808,000000,3.22,3.39,3.17,3.35,1745000,0
2142.HK,D,20220809,000000,3.29,3.34,3.22,3.28,767000,0
2142.HK,D,20220810,000000,3.23,3.27,3.14,3.17,917000,0
2142.HK,D,20220811,000000,3.17,3.26,3.17,3.21,1125000,0
2142.HK,D,20220812,000000,3.2,3.21,3.1,3.15,1611000,0
2142.HK,D,20220815,000000,3.15,3.2,3.13,3.18,751000,0
2142.HK,D,20220816,000000,3.2,3.24,3.05,3.12,939000,0
2142.HK,D,20220817,000000,3.2,3.2,3.04,3.04,853000,0
2142.HK,D,20220818,000000,3.05,3.16,3.04,3.1,1155000,0
2142.HK,D,20220819,000000,3.12,3.19,3,3,1768000,0
2142.HK,D,20220822,000000,3.03,3.06,2.93,3,3027000,0
2142.HK,D,20220823,000000,3,3.02,2.94,2.95,3718000,0
2142.HK,D,20220824,000000,3.06,3.06,2.89,3,1157000,0
2142.HK,D,20220825,000000,2.95,3.08,2.92,3.03,757000,0
2142.HK,D,20220826,000000,3.08,3.22,3.05,3.19,2666000,0
2142.HK,D,20220829,000000,3.19,3.24,3.07,3.12,1011000,0
2142.HK,D,20220830,000000,3.15,3.15,2.95,3.01,1746000,0
2142.HK,D,20220831,000000,2.95,3.06,2.92,3.06,2855000,0
2142.HK,D,20220901,000000,2.98,2.98,2.86,2.87,3701000,0
2142.HK,D,20220902,000000,2.84,2.91,2.8,2.86,2333000,0
2142.HK,D,20220905,000000,2.81,2.86,2.53,2.65,4160000,0
2142.HK,D,20220906,000000,2.6,2.6,2.47,2.5,1880000,0
2142.HK,D,20220907,000000,2.49,2.55,2.4,2.49,3388000,0
2142.HK,D,20220908,000000,2.53,2.54,2.39,2.46,1806000,0
2142.HK,D,20220909,000000,2.49,2.52,2.4,2.44,2371000,0
2142.HK,D,20220913,000000,2.44,2.47,2.24,2.27,1807000,0
2142.HK,D,20220914,000000,2.27,2.27,2.1,2.26,1640000,0
2142.HK,D,20220915,000000,2.16,2.28,2.16,2.25,291000,0
2142.HK,D,20220916,000000,2.21,2.21,2.13,2.17,328000,0
2142.HK,D,20220919,000000,2.05,2.11,2,2.04,1105000,0
2142.HK,D,20220920,000000,2,2.05,2,2.04,382000,0
2142.HK,D,20220921,000000,1.93,2.01,1.86,1.98,1045000,0
2142.HK,D,20220922,000000,1.84,2.1,1.82,2.09,985000,0
2142.HK,D,20220923,000000,2.05,2.12,1.86,1.9,1391000,0
2142.HK,D,20220926,000000,1.78,2.2,1.78,1.92,708000,0
2142.HK,D,20220927,000000,1.97,1.99,1.87,1.99,369000,0
2142.HK,D,20220928,000000,2.1,2.1,1.8,1.84,808000,0
2142.HK,D,20220929,000000,1.9,1.9,1.74,1.81,759647,0
2142.HK,D,20220930,000000,1.81,1.89,1.8,1.87,1148353,0
2142.HK,D,20221003,000000,1.85,1.87,1.72,1.81,258000,0
2142.HK,D,20221005,000000,1.88,2.08,1.84,2.08,961000,0
2142.HK,D,20221006,000000,2.03,2.03,1.88,1.94,458000,0
2142.HK,D,20221007,000000,1.92,1.92,1.85,1.9,297000,0
2142.HK,D,20221010,000000,1.88,1.88,1.75,1.75,422000,0
2142.HK,D,20221011,000000,1.72,1.72,1.42,1.47,2074000,0
2142.HK,D,20221012,000000,1.46,1.49,1.26,1.35,2518000,0
2142.HK,D,20221013,000000,1.27,1.42,1.25,1.35,2143000,0
2142.HK,D,20221014,000000,1.28,1.53,1.28,1.36,3935000,0
2142.HK,D,20221017,000000,1.35,1.39,1.28,1.3,1425000,0
2142.HK,D,20221018,000000,1.35,1.35,1.23,1.3,1828000,0
2142.HK,D,20221019,000000,1.29,1.43,1.28,1.37,1828000,0
2142.HK,D,20221020,000000,1.35,1.35,1.22,1.24,1642000,0
2142.HK,D,20221021,000000,1.26,1.28,1.12,1.15,1676000,0
2142.HK,D,20221024,000000,1.15,1.18,1.05,1.05,2104000,0
2142.HK,D,20221025,000000,1.05,1.09,1,1.04,1776000,0
2142.HK,D,20221026,000000,1.04,1.15,1,1.01,2768000,0
2142.HK,D,20221027,000000,1,1.04,0.96,1,3024000,0
2142.HK,D,20221028,000000,1,1.05,0.91,0.92,2264000,0
2142.HK,D,20221031,000000,1.03,1.03,0.87,0.9,1448000,0
2142.HK,D,20221101,000000,0.89,0.98,0.87,0.93,3296000,0
2142.HK,D,20221102,000000,0.91,1.11,0.9,1.07,2595000,0
2142.HK,D,20221103,000000,1.02,1.05,0.97,1,1772000,0
2142.HK,D,20221104,000000,1.05,1.1,0.99,1,2363000,0
2142.HK,D,20221107,000000,0.99,1.18,0.99,1.14,3879080,0
2142.HK,D,20221108,000000,1.15,1.15,1.06,1.07,1792000,0
2142.HK,D,20221109,000000,1.05,1.35,1.04,1.2,5524000,0
2142.HK,D,20221110,000000,1.16,1.25,1.08,1.16,4155000,0
2142.HK,D,20221111,000000,1.4,1.43,1.24,1.3,8660000,0
2142.HK,D,20221114,000000,1.36,1.69,1.26,1.66,8373000,0
2142.HK,D,20221115,000000,1.75,1.82,1.59,1.75,8798243,0
2142.HK,D,20221116,000000,1.7,1.93,1.6,1.71,7169081,0
2142.HK,D,20221117,000000,1.69,1.73,1.55,1.73,3121000,0
2142.HK,D,20221118,000000,1.65,1.71,1.59,1.6,2226909,0
2142.HK,D,20221121,000000,1.59,1.67,1.48,1.62,1069091,0
2142.HK,D,20221122,000000,1.62,1.62,1.52,1.52,1294000,0
2142.HK,D,20221123,000000,1.5,1.5,1.37,1.46,831000,0
2142.HK,D,20221124,000000,1.41,1.56,1.41,1.49,1023000,0
2142.HK,D,20221125,000000,1.45,1.6,1.41,1.55,651000,0
2142.HK,D,20221128,000000,1.53,1.59,1.45,1.59,880000,0
2142.HK,D,20221129,000000,1.63,1.67,1.57,1.62,948000,0
2142.HK,D,20221130,000000,1.64,1.64,1.5,1.55,3019000,0
2142.HK,D,20221201,000000,1.6,1.69,1.56,1.57,1679000,0
2142.HK,D,20221202,000000,1.61,1.72,1.49,1.65,2762000,0
2142.HK,D,20221205,000000,1.66,1.78,1.66,1.77,1757000,0
2142.HK,D,20221206,000000,1.77,1.88,1.69,1.72,1276000,0
2142.HK,D,20221207,000000,1.77,1.86,1.67,1.67,2036000,0
2142.HK,D,20221208,000000,1.72,1.92,1.72,1.88,2181000,0
2142.HK,D,20221209,000000,1.97,2.29,1.97,2.07,4771000,0
2142.HK,D,20221212,000000,2.07,2.13,1.88,1.9,1901000,0
2142.HK,D,20221213,000000,1.88,1.99,1.82,1.92,1581000,0
2142.HK,D,20221214,000000,1.94,2.14,1.91,2.02,1937000,0
2142.HK,D,20221215,000000,2.05,2.26,2.05,2.12,4009000,0
2142.HK,D,20221216,000000,2.05,2.16,2.03,2.11,1513000,0
2142.HK,D,20221219,000000,2.16,2.16,1.9,1.95,2107396,0
2142.HK,D,20221220,000000,1.9,1.97,1.83,1.9,1179000,0
2142.HK,D,20221221,000000,1.86,1.94,1.86,1.88,826000,0
2142.HK,D,20221222,000000,1.9,1.93,1.8,1.82,686000,0
2142.HK,D,20221223,000000,1.82,2.74,1.82,2.48,17335010,0
2142.HK,D,20221228,000000,2.62,2.67,2.36,2.5,4688000,0
2142.HK,D,20221229,000000,2.58,3.01,2.48,2.68,6535000,0
2142.HK,D,20221230,000000,2.77,2.91,2.66,2.81,2547000,0
2142.HK,D,20230103,000000,2.83,3.14,2.68,3.04,3435000,0
2142.HK,D,20230104,000000,3.05,3.05,2.87,2.95,1980000,0
2142.HK,D,20230105,000000,2.95,3.53,2.95,3.43,9632000,0
2142.HK,D,20230106,000000,3.44,3.53,3.18,3.24,5947990,0
2142.HK,D,20230109,000000,3.29,3.37,3.15,3.26,2383000,0
2142.HK,D,20230110,000000,3.29,3.29,3.13,3.2,1706000,0
2142.HK,D,20230111,000000,3.3,3.53,3.2,3.35,3786000,0
2142.HK,D,20230112,000000,3.47,3.65,3.32,3.63,4235221,0
2142.HK,D,20230113,000000,3.75,3.78,3.39,3.55,3217000,0
2142.HK,D,20230116,000000,3.55,3.91,3.5,3.63,3885000,0
2142.HK,D,20230117,000000,3.63,3.65,3.36,3.39,1720000,0
2142.HK,D,20230118,000000,3.43,3.43,3.24,3.3,2073000,0
2142.HK,D,20230119,000000,3.32,3.34,3.2,3.26,927000,0
2142.HK,D,20230120,000000,3.36,3.36,3.18,3.21,1244000,0
2142.HK,D,20230126,000000,3.33,3.64,3.33,3.63,2277000,0
2142.HK,D,20230127,000000,3.71,3.81,3.5,3.51,1778000,0
2142.HK,D,20230130,000000,3.6,3.87,3.45,3.47,3681000,0
2142.HK,D,20230131,000000,3.53,3.53,3.2,3.26,2885000,0
2142.HK,D,20230201,000000,3.3,3.6,3.26,3.56,3091000,0
2142.HK,D,20230202,000000,3.61,3.77,3.51,3.64,4512000,0
2142.HK,D,20230203,000000,3.63,3.72,3.37,3.4,2380800,0
2142.HK,D,20230206,000000,3.36,3.44,3.08,3.13,4126000,0
2142.HK,D,20230207,000000,3.18,3.4,3.1,3.28,3295000,0
2142.HK,D,20230208,000000,3.36,3.36,3.17,3.19,973000,0
2142.HK,D,20230209,000000,3.19,3.25,3.16,3.23,651000,0
2142.HK,D,20230210,000000,3.25,3.25,2.86,2.86,3930000,0
2142.HK,D,20230213,000000,2.85,3,2.8,2.96,1611000,0
2142.HK,D,20230214,000000,3.05,3.37,3.05,3.17,8946000,0
2142.HK,D,20230215,000000,3.14,3.14,2.86,2.89,3199000,0
2142.HK,D,20230216,000000,2.89,3.05,2.83,2.88,2203000,0
2142.HK,D,20230217,000000,2.84,3,2.81,2.85,1778000,0
2142.HK,D,20230220,000000,2.82,3,2.75,2.99,1462000,0
2142.HK,D,20230221,000000,2.99,2.99,2.81,2.84,1315000,0
2142.HK,D,20230222,000000,2.83,2.87,2.72,2.79,1630000,0
2142.HK,D,20230223,000000,2.72,2.83,2.7,2.72,800000,0
2142.HK,D,20230224,000000,2.68,2.72,2.5,2.53,1898000,0
2142.HK,D,20230227,000000,2.42,2.53,2.42,2.47,1119000,0
2142.HK,D,20230228,000000,2.47,2.6,2.41,2.55,1779000,0
2142.HK,D,20230301,000000,2.54,2.72,2.54,2.65,1685000,0
2142.HK,D,20230302,000000,2.61,2.65,2.48,2.51,1140000,0
2142.HK,D,20230303,000000,2.53,2.61,2.4,2.45,2458000,0
2142.HK,D,20230306,000000,2.4,2.8,2.32,2.65,4243000,0
2142.HK,D,20230307,000000,2.61,2.83,2.45,2.54,3155000,0
2142.HK,D,20230308,000000,2.44,2.46,2.3,2.39,3356000,0
2142.HK,D,20230309,000000,2.32,2.33,2.18,2.26,2771000,0
2142.HK,D,20230310,000000,2.2,2.21,2.09,2.11,3903000,0
2142.HK,D,20230313,000000,2.09,2.22,2.05,2.13,1038000,0
2142.HK,D,20230314,000000,2.16,2.25,2.09,2.09,1046000,0
2142.HK,D,20230315,000000,2.09,2.42,2.09,2.4,2431000,0
2142.HK,D,20230316,000000,2.34,2.39,2.28,2.3,1506000,0
2142.HK,D,20230317,000000,2.36,2.43,2.34,2.35,1647000,0
2142.HK,D,20230320,000000,2.34,2.34,2.11,2.2,1239000,0
2142.HK,D,20230321,000000,2.18,2.32,2.18,2.3,1632000,0
2142.HK,D,20230322,000000,2.32,2.33,2.23,2.28,603000,0
2142.HK,D,20230323,000000,2.23,2.29,2.17,2.26,678000,0
2142.HK,D,20230324,000000,2.26,2.34,2.13,2.2,1994000,0
2142.HK,D,20230327,000000,2.19,2.2,2.11,2.12,450000,0
2142.HK,D,20230328,000000,2.12,2.12,2.06,2.11,631000,0
2142.HK,D,20230329,000000,2.08,2.16,2.05,2.14,443000,0
2142.HK,D,20230330,000000,2.14,2.14,2.05,2.08,544000,0
2142.HK,D,20230331,000000,2.14,2.14,2,2.1,1471700,0
2142.HK,D,20230403,000000,2.11,2.2,1.94,2.1,1308000,0
2142.HK,D,20230404,000000,2.1,2.34,2.08,2.32,1046000,0
2142.HK,D,20230406,000000,2.32,2.32,2.2,2.27,705000,0
2142.HK,D,20230411,000000,2.31,2.5,2.28,2.43,2065000,0
2142.HK,D,20230412,000000,2.5,2.51,2.42,2.43,691000,0
2142.HK,D,20230413,000000,2.41,2.55,2.34,2.49,1597000,0
2142.HK,D,20230414,000000,2.56,2.64,2.44,2.45,1523000,0
2142.HK,D,20230417,000000,2.45,2.46,2.24,2.26,1648000,0
2142.HK,D,20230418,000000,2.3,2.3,2.16,2.26,1869000,0
2142.HK,D,20230419,000000,2.18,2.21,2.14,2.15,1241000,0
2142.HK,D,20230420,000000,2.15,2.18,2.11,2.11,1162000,0
2142.HK,D,20230421,000000,2.1,2.13,2.04,2.08,904000,0
2142.HK,D,20230424,000000,2.07,2.11,2.05,2.06,568000,0
2142.HK,D,20230425,000000,2.04,2.04,1.95,2.02,1204000,0
2142.HK,D,20230426,000000,1.99,2.08,1.98,2.03,250000,0
2142.HK,D,20230427,000000,2.04,2.11,1.99,2.11,715000,0
2142.HK,D,20230428,000000,2.1,2.1,1.98,2.06,869000,0
2142.HK,D,20230502,000000,2,2.03,1.91,1.93,893000,0
2142.HK,D,20230503,000000,1.9,1.94,1.85,1.9,630000,0
2142.HK,D,20230504,000000,1.89,1.94,1.85,1.92,488000,0
2142.HK,D,20230505,000000,1.92,1.97,1.9,1.94,422000,0
2142.HK,D,20230508,000000,1.99,1.99,1.87,1.91,492000,0
2142.HK,D,20230509,000000,1.95,1.95,1.83,1.87,717000,0
2142.HK,D,20230510,000000,1.84,1.97,1.84,1.96,507000,0
2142.HK,D,20230511,000000,1.97,2.01,1.93,1.98,607000,0
2142.HK,D,20230512,000000,1.99,2,1.93,1.94,386000,0
2142.HK,D,20230515,000000,1.93,1.93,1.86,1.92,669000,0
2142.HK,D,20230516,000000,1.95,2,1.86,1.94,404000,0
2142.HK,D,20230517,000000,1.92,1.92,1.84,1.84,524000,0
2142.HK,D,20230518,000000,1.84,1.84,1.73,1.8,1068000,0
2142.HK,D,20230519,000000,1.75,1.75,1.69,1.75,1045000,0
2142.HK,D,20230522,000000,1.75,1.82,1.75,1.76,312000,0
2142.HK,D,20230523,000000,1.75,1.82,1.71,1.73,983000,0
2142.HK,D,20230524,000000,1.73,1.77,1.71,1.76,347000,0
2142.HK,D,20230525,000000,1.73,1.79,1.69,1.73,602000,0
2142.HK,D,20230529,000000,1.73,1.74,1.69,1.71,768000,0
2142.HK,D,20230530,000000,1.71,1.73,1.68,1.72,445000,0
2142.HK,D,20230531,000000,1.7,1.74,1.65,1.7,635000,0
2142.HK,D,20230601,000000,1.66,1.8,1.66,1.79,659000,0
2142.HK,D,20230602,000000,1.79,1.89,1.72,1.86,1174000,0
2142.HK,D,20230605,000000,1.79,1.82,1.79,1.82,188000,0
2142.HK,D,20230606,000000,1.84,1.85,1.77,1.77,240000,0
2142.HK,D,20230607,000000,1.8,1.84,1.75,1.76,625000,0
2142.HK,D,20230608,000000,1.75,1.76,1.7,1.71,498000,0
2142.HK,D,20230609,000000,1.71,1.78,1.71,1.73,329000,0
2142.HK,D,20230612,000000,1.74,1.74,1.66,1.66,369000,0
2142.HK,D,20230613,000000,1.63,1.7,1.63,1.67,330000,0
2142.HK,D,20230614,000000,1.71,1.71,1.63,1.64,388000,0
2142.HK,D,20230615,000000,1.67,1.81,1.61,1.81,1426000,0
2142.HK,D,20230616,000000,1.9,2.01,1.82,1.89,1789000,0
2142.HK,D,20230619,000000,1.89,1.93,1.78,1.81,580000,0
2142.HK,D,20230620,000000,1.77,1.85,1.73,1.78,989000,0
2142.HK,D,20230621,000000,1.77,1.77,1.67,1.67,516000,0
2142.HK,D,20230623,000000,1.66,1.67,1.54,1.64,1193000,0
2142.HK,D,20230626,000000,1.64,1.68,1.56,1.56,533000,0
2142.HK,D,20230627,000000,1.56,1.6,1.55,1.6,237000,0
2142.HK,D,20230628,000000,1.6,1.62,1.54,1.54,267000,0
2142.HK,D,20230629,000000,1.58,1.58,1.51,1.52,332000,0
2142.HK,D,20230630,000000,1.55,1.58,1.46,1.47,932000,0
2142.HK,D,20230703,000000,1.47,1.7,1.47,1.54,1419000,0
2142.HK,D,20230704,000000,1.52,1.65,1.52,1.59,2188000,0
2142.HK,D,20230705,000000,1.58,1.58,1.51,1.51,447000,0
2142.HK,D,20230706,000000,1.51,1.51,1.4,1.41,933000,0
2142.HK,D,20230707,000000,1.4,1.44,1.34,1.36,921000,0
2142.HK,D,20230710,000000,1.4,1.41,1.36,1.36,451000,0
2142.HK,D,20230711,000000,1.34,1.43,1.34,1.42,801000,0
2142.HK,D,20230712,000000,1.41,1.41,1.36,1.38,651000,0
2142.HK,D,20230713,000000,1.48,1.48,1.43,1.48,1118000,0
2142.HK,D,20230714,000000,1.69,1.98,1.68,1.8,9827000,0
2142.HK,D,20230718,000000,1.81,1.81,1.65,1.68,1971000,0
2142.HK,D,20230719,000000,1.65,1.69,1.61,1.64,906000,0
2142.HK,D,20230720,000000,1.66,1.68,1.58,1.6,620000,0
2142.HK,D,20230721,000000,1.61,1.64,1.55,1.6,1868000,0
2142.HK,D,20230724,000000,1.61,1.63,1.58,1.6,533000,0
2142.HK,D,20230725,000000,1.62,1.73,1.6,1.7,1165000,0
2142.HK,D,20230726,000000,1.65,1.68,1.63,1.65,662000,0
2142.HK,D,20230727,000000,1.66,1.69,1.65,1.68,891000,0
2142.HK,D,20230728,000000,1.65,1.8,1.63,1.76,1244000,0
2142.HK,D,20230731,000000,1.85,2.02,1.81,1.9,5021000,0
2142.HK,D,20230801,000000,1.9,2.03,1.9,1.95,1391000,0
2142.HK,D,20230802,000000,1.95,1.96,1.76,1.83,1280000,0
2142.HK,D,20230803,000000,1.8,1.87,1.75,1.78,615000,0
2142.HK,D,20230804,000000,1.75,1.8,1.69,1.72,1482000,0
2142.HK,D,20230807,000000,1.72,1.75,1.63,1.75,2540000,0
2142.HK,D,20230808,000000,1.75,1.75,1.67,1.68,2925000,0
2142.HK,D,20230809,000000,1.69,1.87,1.69,1.78,2753000,0
2142.HK,D,20230810,000000,1.77,1.8,1.72,1.74,637000,0
2142.HK,D,20230811,000000,1.73,1.74,1.7,1.72,541000,0
2142.HK,D,20230814,000000,1.71,1.73,1.66,1.7,544000,0
2142.HK,D,20230815,000000,1.68,1.74,1.64,1.74,975000,0
2142.HK,D,20230816,000000,1.7,1.73,1.67,1.69,668000,0
2142.HK,D,20230817,000000,1.67,1.76,1.67,1.7,646000,0
2142.HK,D,20230818,000000,1.71,1.73,1.68,1.68,800000,0
2142.HK,D,20230821,000000,1.7,1.75,1.64,1.64,818000,0
2142.HK,D,20230822,000000,1.64,1.65,1.58,1.61,624000,0
2142.HK,D,20230823,000000,1.6,1.6,1.55,1.56,564000,0
2142.HK,D,20230824,000000,1.61,1.65,1.57,1.61,577000,0
2142.HK,D,20230825,000000,1.62,1.62,1.58,1.58,365000,0
2142.HK,D,20230828,000000,1.67,1.67,1.61,1.62,643000,0
2142.HK,D,20230829,000000,1.67,1.73,1.64,1.7,899000,0
2142.HK,D,20230830,000000,1.74,1.76,1.69,1.71,417000,0
2142.HK,D,20230831,000000,1.72,1.72,1.63,1.69,686000,0
2142.HK,D,20230904,000000,1.69,1.82,1.68,1.77,1705000,0
2142.HK,D,20230905,000000,1.77,1.77,1.72,1.74,366000,0
2142.HK,D,20230906,000000,1.71,1.71,1.51,1.63,4612000,0
2142.HK,D,20230907,000000,1.61,1.68,1.61,1.63,294000,0
2142.HK,D,20230911,000000,1.67,1.71,1.6,1.68,1702000,0
2142.HK,D,20230912,000000,1.64,1.69,1.64,1.66,106000,0
2142.HK,D,20230913,000000,1.66,1.66,1.61,1.61,338000,0
2142.HK,D,20230914,000000,1.64,1.64,1.59,1.61,1627000,0
2142.HK,D,20230915,000000,1.6,1.68,1.59,1.63,1462000,0
2142.HK,D,20230918,000000,1.63,1.68,1.61,1.61,431000,0
2142.HK,D,20230919,000000,1.61,1.61,1.56,1.56,293000,0
2142.HK,D,20230920,000000,1.55,1.59,1.52,1.52,552000,0
2142.HK,D,20230921,000000,1.53,1.54,1.5,1.5,394000,0
2142.HK,D,20230922,000000,1.48,1.55,1.43,1.49,623000,0
2142.HK,D,20230925,000000,1.52,1.52,1.46,1.46,244000,0
2142.HK,D,20230926,000000,1.46,1.48,1.42,1.44,386000,0
2142.HK,D,20230927,000000,1.44,1.53,1.4,1.49,907000,0
2142.HK,D,20230928,000000,1.49,1.51,1.46,1.47,268000,0
2142.HK,D,20230929,000000,1.51,1.51,1.44,1.46,255000,0
2142.HK,D,20231003,000000,1.43,1.45,1.4,1.4,256000,0
2142.HK,D,20231004,000000,1.39,1.42,1.36,1.39,336000,0
2142.HK,D,20231005,000000,1.4,1.43,1.4,1.41,131000,0
2142.HK,D,20231006,000000,1.43,1.46,1.43,1.44,189000,0
2142.HK,D,20231009,000000,1.46,1.5,1.44,1.45,123000,0
2142.HK,D,20231010,000000,1.48,1.49,1.41,1.41,510000,0
2142.HK,D,20231011,000000,1.42,1.54,1.42,1.47,834000,0
2142.HK,D,20231012,000000,1.48,1.58,1.46,1.53,778000,0
2142.HK,D,20231013,000000,1.52,1.56,1.49,1.53,1020000,0
2142.HK,D,20231016,000000,1.53,1.62,1.52,1.55,1148000,0
2142.HK,D,20231017,000000,1.55,1.58,1.54,1.54,122000,0
2142.HK,D,20231018,000000,1.54,1.57,1.49,1.49,536000,0
2142.HK,D,20231019,000000,1.46,1.47,1.42,1.47,855000,0
2142.HK,D,20231020,000000,1.43,1.48,1.43,1.43,296000,0
2142.HK,D,20231024,000000,1.41,1.45,1.33,1.37,1553000,0
2142.HK,D,20231025,000000,1.41,1.41,1.36,1.37,724000,0
2142.HK,D,20231026,000000,1.37,1.38,1.35,1.36,728155,0
2142.HK,D,20231027,000000,1.37,1.5,1.36,1.4,2340000,0
2142.HK,D,20231030,000000,1.48,1.54,1.43,1.45,1774000,0
2142.HK,D,20231031,000000,1.45,1.49,1.39,1.41,2566000,0
2142.HK,D,20231101,000000,1.41,1.66,1.41,1.59,4091000,0
2142.HK,D,20231102,000000,1.61,1.64,1.53,1.53,876000,0
2142.HK,D,20231103,000000,1.54,1.56,1.49,1.52,1482000,0
2142.HK,D,20231106,000000,1.56,1.74,1.56,1.71,3581000,0
2142.HK,D,20231107,000000,1.68,1.82,1.68,1.73,2087000,0
2142.HK,D,20231108,000000,1.78,1.8,1.67,1.69,1261000,0
2142.HK,D,20231109,000000,1.68,1.7,1.58,1.59,1575000,0
2142.HK,D,20231110,000000,1.59,1.63,1.56,1.56,1814000,0
2142.HK,D,20231113,000000,1.6,1.64,1.59,1.61,1686000,0
2142.HK,D,20231114,000000,1.63,1.63,1.57,1.59,977000,0
2142.HK,D,20231115,000000,1.62,1.65,1.6,1.62,894000,0
2142.HK,D,20231116,000000,1.64,1.64,1.59,1.62,650000,0
2142.HK,D,20231117,000000,1.6,1.65,1.59,1.6,1151000,0
2142.HK,D,20231120,000000,1.61,1.68,1.57,1.66,2832000,0
2142.HK,D,20231121,000000,1.67,1.75,1.66,1.72,2049000,0
2142.HK,D,20231122,000000,1.72,1.74,1.6,1.63,1229000,0
2142.HK,D,20231123,000000,1.67,1.69,1.63,1.66,1430000,0
2142.HK,D,20231124,000000,1.67,1.69,1.63,1.67,832000,0
2142.HK,D,20231127,000000,1.69,1.69,1.62,1.67,526000,0
2142.HK,D,20231128,000000,1.68,1.72,1.66,1.69,1227000,0
2142.HK,D,20231129,000000,1.69,1.7,1.6,1.63,1285000,0
2142.HK,D,20231130,000000,1.65,1.65,1.6,1.64,735000,0
2142.HK,D,20231201,000000,1.62,1.63,1.53,1.55,2604000,0
2142.HK,D,20231204,000000,1.5,1.55,1.4,1.42,4647000,0
2142.HK,D,20231205,000000,1.42,1.5,1.42,1.45,1636000,0
2142.HK,D,20231206,000000,1.44,1.49,1.44,1.45,1263000,0
2142.HK,D,20231207,000000,1.45,1.46,1.39,1.43,2687000,0
2142.HK,D,20231208,000000,1.43,1.46,1.4,1.41,1503000,0
2142.HK,D,20231211,000000,1.42,1.58,1.4,1.58,11697887,0
2142.HK,D,20231212,000000,1.58,1.63,1.58,1.62,992000,0
2142.HK,D,20231213,000000,1.62,1.74,1.62,1.71,4200000,0
2142.HK,D,20231214,000000,1.73,1.79,1.73,1.77,1242000,0
2142.HK,D,20231215,000000,1.98,1.98,1.61,1.64,13253000,0
2142.HK,D,20231218,000000,1.67,1.67,1.44,1.52,7101000,0
2142.HK,D,20231219,000000,1.53,1.53,1.47,1.53,1513000,0
2142.HK,D,20231220,000000,1.55,1.65,1.53,1.54,5259000,0
2142.HK,D,20231221,000000,1.53,1.63,1.53,1.6,2092000,0
2142.HK,D,20231222,000000,1.62,1.62,1.53,1.57,1908000,0
2142.HK,D,20231227,000000,1.62,1.78,1.6,1.7,5129000,0
2142.HK,D,20231228,000000,1.78,1.93,1.72,1.92,7309400,0
2142.HK,D,20231229,000000,1.83,1.95,1.83,1.94,1715000,0
2142.HK,D,20240102,000000,1.93,1.95,1.85,1.92,772000,0
2142.HK,D,20240103,000000,1.89,1.91,1.77,1.79,2190000,0
2142.HK,D,20240104,000000,1.8,1.8,1.75,1.75,515000,0
2142.HK,D,20240105,000000,1.75,1.77,1.71,1.72,951000,0
2142.HK,D,20240108,000000,1.71,1.72,1.64,1.7,1315000,0
2142.HK,D,20240109,000000,1.69,1.81,1.69,1.73,1997000,0
2142.HK,D,20240110,000000,1.75,1.79,1.71,1.71,1579000,0
2142.HK,D,20240111,000000,1.75,1.8,1.75,1.78,1381000,0
2142.HK,D,20240112,000000,1.78,1.78,1.7,1.7,543000,0
2142.HK,D,20240115,000000,1.7,1.7,1.64,1.65,890000,0
2142.HK,D,20240116,000000,1.65,1.69,1.61,1.64,1317000,0
2142.HK,D,20240117,000000,1.65,1.65,1.53,1.53,3414000,0
2142.HK,D,20240118,000000,1.57,1.61,1.53,1.59,1038000,0
2142.HK,D,20240119,000000,1.59,1.8,1.55,1.73,6069000,0
2142.HK,D,20240122,000000,1.73,1.86,1.68,1.73,4653000,0
2142.HK,D,20240123,000000,1.73,1.86,1.73,1.77,2054000,0
2142.HK,D,20240124,000000,1.8,1.82,1.69,1.79,1841000,0
2142.HK,D,20240125,000000,1.79,1.95,1.73,1.88,4562000,0
2142.HK,D,20240126,000000,1.88,1.89,1.68,1.76,2969000,0
2142.HK,D,20240129,000000,1.79,1.8,1.69,1.69,721000,0
2142.HK,D,20240130,000000,1.69,1.74,1.63,1.69,551000,0
2142.HK,D,20240131,000000,1.69,1.69,1.56,1.6,3331000,0
2142.HK,D,20240201,000000,1.6,1.67,1.6,1.63,1002000,0
2142.HK,D,20240202,000000,1.67,1.69,1.56,1.6,2123000,0
2142.HK,D,20240205,000000,1.59,1.61,1.5,1.51,2678000,0
2142.HK,D,20240206,000000,1.54,1.61,1.51,1.6,523000,0
2142.HK,D,20240207,000000,1.61,1.65,1.56,1.58,728000,0
2142.HK,D,20240208,000000,1.57,1.67,1.56,1.64,574000,0
2142.HK,D,20240209,000000,1.64,1.64,1.5,1.59,933000,0
2142.HK,D,20240214,000000,1.55,1.58,1.49,1.54,1048000,0
2142.HK,D,20240215,000000,1.55,1.57,1.51,1.53,633000,0
2142.HK,D,20240216,000000,1.56,1.67,1.56,1.65,1553000,0
2142.HK,D,20240219,000000,1.65,1.68,1.6,1.65,1369000,0
2142.HK,D,20240220,000000,1.65,1.72,1.65,1.68,1042000,0
2142.HK,D,20240221,000000,1.66,1.72,1.66,1.66,1469000,0
2142.HK,D,20240222,000000,1.68,1.68,1.65,1.66,586000,0
2142.HK,D,20240223,000000,1.65,1.68,1.62,1.68,1430000,0
2142.HK,D,20240226,000000,1.68,1.68,1.59,1.61,1576000,0
2142.HK,D,20240227,000000,1.61,1.66,1.59,1.61,1622000,0
2142.HK,D,20240228,000000,1.64,1.66,1.52,1.57,1130000,0
2142.HK,D,20240229,000000,1.57,1.61,1.54,1.57,2064000,0
2142.HK,D,20240301,000000,1.59,1.6,1.55,1.56,534000,0
2142.HK,D,20240304,000000,1.54,1.63,1.53,1.57,1387000,0
2142.HK,D,20240305,000000,1.57,1.57,1.48,1.51,1357000,0
2142.HK,D,20240306,000000,1.5,1.58,1.5,1.55,774000,0
2142.HK,D,20240307,000000,1.52,1.54,1.45,1.46,1765000,0
2142.HK,D,20240308,000000,1.53,1.53,1.49,1.52,861264,0
2142.HK,D,20240311,000000,1.52,1.55,1.5,1.52,630000,0
2142.HK,D,20240312,000000,1.52,1.58,1.52,1.53,1790000,0
2142.HK,D,20240313,000000,1.53,1.59,1.51,1.58,1009000,0
2142.HK,D,20240314,000000,1.61,1.66,1.49,1.55,1996000,0
2142.HK,D,20240315,000000,1.57,1.57,1.49,1.49,518000,0
2142.HK,D,20240318,000000,1.5,1.53,1.46,1.49,686000,0
2142.HK,D,20240319,000000,1.48,1.48,1.4,1.41,2365000,0
2142.HK,D,20240320,000000,1.46,1.48,1.4,1.41,637000,0
2142.HK,D,20240321,000000,1.42,1.45,1.4,1.4,1205000,0
2142.HK,D,20240322,000000,1.38,1.42,1.36,1.42,926000,0
2142.HK,D,20240325,000000,1.42,1.42,1.38,1.38,372000,0
2142.HK,D,20240326,000000,1.38,1.39,1.32,1.34,823000,0
2142.HK,D,20240327,000000,1.33,1.41,1.33,1.35,892000,0
2142.HK,D,20240328,000000,1.35,1.41,1.35,1.38,1063000,0
2142.HK,D,20240402,000000,1.45,1.47,1.3,1.36,2532000,0
2142.HK,D,20240403,000000,1.36,1.4,1.32,1.32,592000,0
2142.HK,D,20240405,000000,1.31,1.31,1.25,1.25,1275000,0
2142.HK,D,20240408,000000,1.25,1.25,1.2,1.21,2376000,0
2142.HK,D,20240409,000000,1.21,1.27,1.2,1.26,1218000,0
2142.HK,D,20240410,000000,1.21,1.27,1.21,1.24,564000,0
2142.HK,D,20240411,000000,1.26,1.26,1.21,1.23,403000,0
2142.HK,D,20240412,000000,1.21,1.22,1.12,1.13,2363000,0
2142.HK,D,20240415,000000,1.15,1.2,1.14,1.16,1197000,0
2142.HK,D,20240416,000000,1.2,1.22,1.06,1.06,2768000,0
2142.HK,D,20240417,000000,1.12,1.14,1.09,1.09,1212000,0
2142.HK,D,20240418,000000,1.08,1.13,1.06,1.07,999000,0
2142.HK,D,20240419,000000,1.07,1.08,1.01,1.04,2919000,0
2142.HK,D,20240422,000000,1.04,1.11,1.04,1.08,1454000,0
2142.HK,D,20240423,000000,1.12,1.16,1.05,1.15,2107280,0
2142.HK,D,20240424,000000,1.15,1.18,1.11,1.12,1303000,0
2142.HK,D,20240425,000000,1.12,1.27,1.11,1.19,1961000,0
2142.HK,D,20240426,000000,1.22,1.3,1.2,1.25,1592000,0
2142.HK,D,20240429,000000,1.29,1.35,1.22,1.24,1961000,0
2142.HK,D,20240430,000000,1.28,1.28,1.17,1.18,603000,0
2142.HK,D,20240502,000000,1.22,1.33,1.19,1.29,2686000,0
2142.HK,D,20240503,000000,1.32,1.41,1.32,1.36,3665528,0
2142.HK,D,20240506,000000,1.39,1.48,1.37,1.45,3104000,0
2142.HK,D,20240507,000000,1.45,1.52,1.41,1.42,1532000,0
2142.HK,D,20240508,000000,1.48,1.48,1.4,1.43,1922000,0
2142.HK,D,20240509,000000,1.46,1.6,1.46,1.54,3677000,0
2142.HK,D,20240510,000000,1.54,1.58,1.46,1.47,2693000,0
2142.HK,D,20240513,000000,1.5,1.5,1.4,1.42,3076000,0
2142.HK,D,20240514,000000,1.44,1.47,1.41,1.44,782000,0
2142.HK,D,20240516,000000,1.44,1.44,1.39,1.4,1904000,0
2142.HK,D,20240517,000000,1.43,1.47,1.38,1.38,2068000,0
2142.HK,D,20240520,000000,1.44,1.51,1.41,1.47,2496000,0
2142.HK,D,20240521,000000,1.47,1.47,1.39,1.41,2346000,0
2142.HK,D,20240522,000000,1.38,1.43,1.37,1.4,948000,0
2142.HK,D,20240523,000000,1.61,1.67,1.46,1.55,14600000,0
2142.HK,D,20240524,000000,1.53,1.54,1.48,1.5,4182000,0
2142.HK,D,20240527,000000,1.49,1.53,1.43,1.49,2519000,0
2142.HK,D,20240528,000000,1.51,1.51,1.48,1.48,1486000,0
2142.HK,D,20240529,000000,1.5,1.5,1.41,1.44,2154264,0
2142.HK,D,20240530,000000,1.44,1.48,1.44,1.46,346000,0
2142.HK,D,20240531,000000,1.5,1.54,1.46,1.46,2129000,0
2142.HK,D,20240603,000000,1.44,1.48,1.4,1.41,2402000,0
2142.HK,D,20240604,000000,1.4,1.44,1.36,1.41,1062000,0
2142.HK,D,20240605,000000,1.4,1.41,1.37,1.38,1118000,0
2142.HK,D,20240606,000000,1.4,1.4,1.35,1.37,2091000,0
2142.HK,D,20240607,000000,1.38,1.41,1.37,1.38,534000,0
2142.HK,D,20240611,000000,1.38,1.38,1.3,1.35,1313000,0
2142.HK,D,20240612,000000,1.33,1.34,1.3,1.3,1235000,0
2142.HK,D,20240613,000000,1.34,1.34,1.28,1.3,692000,0
2142.HK,D,20240614,000000,1.26,1.32,1.26,1.32,557000,0
2142.HK,D,20240617,000000,1.33,1.35,1.3,1.33,1111000,0
2142.HK,D,20240618,000000,1.3,1.31,1.24,1.3,2281000,0
2142.HK,D,20240619,000000,1.29,1.32,1.28,1.31,784000,0
2142.HK,D,20240620,000000,1.32,1.34,1.29,1.31,857000,0
2142.HK,D,20240621,000000,1.31,1.31,1.26,1.26,367000,0
2142.HK,D,20240624,000000,1.28,1.33,1.25,1.3,1554000,0
2142.HK,D,20240625,000000,1.3,1.4,1.3,1.35,554000,0
2142.HK,D,20240626,000000,1.34,1.38,1.34,1.37,519000,0
2142.HK,D,20240627,000000,1.4,1.42,1.35,1.36,918000,0
2142.HK,D,20240628,000000,1.39,1.39,1.33,1.38,983000,0
2142.HK,D,20240702,000000,1.39,1.41,1.37,1.39,335000,0
2142.HK,D,20240703,000000,1.4,1.41,1.36,1.37,540000,0
2142.HK,D,20240704,000000,1.37,1.37,1.31,1.31,366000,0
2142.HK,D,20240705,000000,1.3,1.35,1.3,1.32,241000,0
2142.HK,D,20240708,000000,1.32,1.34,1.29,1.3,903000,0
2142.HK,D,20240709,000000,1.29,1.32,1.27,1.32,490000,0
2142.HK,D,20240710,000000,1.32,1.33,1.28,1.31,511000,0
2142.HK,D,20240711,000000,1.32,1.33,1.29,1.33,639264,0
2142.HK,D,20240712,000000,1.33,1.36,1.28,1.36,743000,0
2142.HK,D,20240715,000000,1.35,1.42,1.35,1.42,948000,0
2142.HK,D,20240716,000000,1.39,1.42,1.38,1.4,1051000,0
2142.HK,D,20240717,000000,1.4,1.48,1.4,1.47,1489000,0
2142.HK,D,20240718,000000,1.47,1.47,1.41,1.45,765000,0
2142.HK,D,20240719,000000,1.46,1.46,1.36,1.36,1686000,0
2142.HK,D,20240722,000000,1.35,1.39,1.31,1.32,884000,0
2142.HK,D,20240723,000000,1.32,1.33,1.28,1.31,1518000,0
2142.HK,D,20240724,000000,1.3,1.31,1.27,1.29,1422000,0
2142.HK,D,20240725,000000,1.26,1.31,1.26,1.26,1112000,0
2142.HK,D,20240726,000000,1.3,1.32,1.28,1.29,646000,0
2142.HK,D,20240729,000000,1.3,1.33,1.3,1.32,459000,0
2142.HK,D,20240730,000000,1.3,1.36,1.29,1.32,584000,0
2142.HK,D,20240731,000000,1.36,1.4,1.32,1.38,379000,0
2142.HK,D,20240801,000000,1.36,1.36,1.33,1.36,366000,0
2142.HK,D,20240802,000000,1.33,1.38,1.32,1.37,251000,0
2142.HK,D,20240805,000000,1.35,1.38,1.3,1.3,552000,0
2142.HK,D,20240806,000000,1.33,1.35,1.29,1.35,430000,0
2142.HK,D,20240807,000000,1.33,1.36,1.31,1.33,587000,0
2142.HK,D,20240808,000000,1.31,1.35,1.31,1.32,104000,0
2142.HK,D,20240809,000000,1.3,1.32,1.25,1.25,2308000,0
2142.HK,D,20240812,000000,1.27,1.27,1.25,1.25,466000,0
2142.HK,D,20240813,000000,1.25,1.25,1.24,1.25,292000,0
2142.HK,D,20240814,000000,1.26,1.28,1.23,1.26,220000,0
2142.HK,D,20240815,000000,1.27,1.27,1.24,1.24,372000,0
2142.HK,D,20240816,000000,1.25,1.27,1.25,1.26,245000,0
2142.HK,D,20240819,000000,1.26,1.26,1.23,1.23,316000,0
2142.HK,D,20240820,000000,1.25,1.26,1.22,1.22,166000,0
2142.HK,D,20240821,000000,1.22,1.25,1.19,1.21,1053000,0
2142.HK,D,20240822,000000,1.2,1.21,1.14,1.18,656000,0
2142.HK,D,20240823,000000,1.15,1.15,1.11,1.11,1105000,0
2142.HK,D,20240826,000000,1.12,1.16,1.1,1.16,749000,0
2142.HK,D,20240827,000000,1.12,1.19,1.12,1.17,586000,0
2142.HK,D,20240828,000000,1.15,1.15,1.11,1.13,1403000,0
2142.HK,D,20240829,000000,1.11,1.2,1.1,1.14,2245000,0
2142.HK,D,20240830,000000,1.15,1.2,1.15,1.19,1198000,0
2142.HK,D,20240902,000000,1.17,1.17,1.13,1.14,469000,0
2142.HK,D,20240903,000000,1.14,1.19,1.13,1.16,200000,0
2142.HK,D,20240904,000000,1.12,1.14,1.12,1.12,135000,0
2142.HK,D,20240905,000000,1.12,1.13,1.11,1.13,324000,0
2142.HK,D,20240909,000000,1.13,1.14,1.09,1.13,2233000,0
2142.HK,D,20240910,000000,1.13,1.13,1.08,1.08,904000,0
2142.HK,D,20240911,000000,1.08,1.13,1.06,1.1,745000,0
2142.HK,D,20240912,000000,1.11,1.15,1.1,1.14,506000,0
2142.HK,D,20240913,000000,1.13,1.16,1.11,1.13,562000,0
2142.HK,D,20240916,000000,1.08,1.19,1.07,1.19,1669000,0
2142.HK,D,20240917,000000,1.16,1.3,1.16,1.26,2161000,0
2142.HK,D,20240919,000000,1.24,1.26,1.19,1.23,1223000,0
2142.HK,D,20240920,000000,1.25,1.27,1.2,1.24,706000,0
2142.HK,D,20240923,000000,1.24,1.25,1.19,1.22,718000,0
2142.HK,D,20240924,000000,1.2,1.26,1.15,1.2,1831000,0
2142.HK,D,20240925,000000,1.23,1.26,1.15,1.15,2544000,0
2142.HK,D,20240926,000000,1.18,1.22,1.14,1.22,1364000,0
2142.HK,D,20240927,000000,1.23,1.37,1.23,1.32,4096000,0
2142.HK,D,20240930,000000,1.35,1.45,1.32,1.44,3319000,0
2142.HK,D,20241002,000000,1.44,1.55,1.35,1.48,5053569,0
2142.HK,D,20241003,000000,1.52,1.55,1.35,1.4,3262000,0
2142.HK,D,20241004,000000,1.42,1.5,1.38,1.5,3322000,0
2142.HK,D,20241007,000000,1.55,1.65,1.5,1.64,7427000,0
2142.HK,D,20241008,000000,1.64,1.68,1.31,1.38,4662000,0
2142.HK,D,20241009,000000,1.4,1.43,1.3,1.33,3875000,0
2142.HK,D,20241010,000000,1.33,1.38,1.31,1.33,1670000,0
2142.HK,D,20241014,000000,1.31,1.34,1.31,1.33,1679000,0
2142.HK,D,20241015,000000,1.33,1.33,1.23,1.23,1419000,0
2142.HK,D,20241016,000000,1.23,1.26,1.22,1.23,896000,0
2142.HK,D,20241017,000000,1.3,1.31,1.21,1.21,1074000,0
2142.HK,D,20241018,000000,1.26,1.29,1.24,1.26,715000,0
2142.HK,D,20241021,000000,1.26,1.27,1.23,1.27,1638000,0
2142.HK,D,20241022,000000,1.24,1.27,1.22,1.24,1264000,0
2142.HK,D,20241023,000000,1.24,1.28,1.22,1.23,879000,0
2142.HK,D,20241024,000000,1.23,1.23,1.16,1.2,1843000,0
2142.HK,D,20241025,000000,1.18,1.3,1.18,1.29,2325000,0
2142.HK,D,20241028,000000,1.29,1.31,1.26,1.29,1923000,0
2142.HK,D,20241029,000000,1.27,1.28,1.22,1.23,1191000,0
2142.HK,D,20241030,000000,1.21,1.24,1.18,1.23,1796000,0
2142.HK,D,20241031,000000,1.2,1.23,1.18,1.21,1167000,0
2142.HK,D,20241101,000000,1.2,1.21,1.17,1.2,1388000,0
2142.HK,D,20241104,000000,1.22,1.23,1.18,1.2,795000,0
2142.HK,D,20241105,000000,1.18,1.22,1.16,1.2,1896000,0
2142.HK,D,20241106,000000,1.19,1.19,1.14,1.16,2808000,0
2142.HK,D,20241107,000000,1.15,1.19,1.14,1.18,1594000,0
2142.HK,D,20241108,000000,1.18,1.22,1.15,1.19,3052000,0
2142.HK,D,20241111,000000,1.19,1.21,1.16,1.19,2016000,0
2142.HK,D,20241112,000000,1.19,1.24,1.18,1.2,1613880,0
2142.HK,D,20241113,000000,1.2,1.2,1.17,1.19,1218000,0
2142.HK,D,20241114,000000,1.18,1.2,1.17,1.18,1355000,0
2142.HK,D,20241115,000000,1.18,1.2,1.17,1.19,586000,0
2142.HK,D,20241118,000000,1.18,1.19,1.17,1.17,1559000,0
2142.HK,D,20241119,000000,1.18,1.21,1.18,1.2,595000,0
2142.HK,D,20241120,000000,1.17,1.31,1.17,1.28,4114264,0
2142.HK,D,20241121,000000,1.31,1.31,1.23,1.28,3407000,0
2142.HK,D,20241122,000000,1.26,1.26,1.19,1.22,2151000,0
2142.HK,D,20241125,000000,1.23,1.23,1.18,1.2,621000,0
2142.HK,D,20241126,000000,1.18,1.2,1.18,1.18,1019000,0
2142.HK,D,20241127,000000,1.2,1.22,1.18,1.22,1104000,0
2142.HK,D,20241128,000000,1.19,1.22,1.16,1.17,2295000,0
2142.HK,D,20241129,000000,1.19,1.19,1.16,1.17,2153000,0
2142.HK,D,20241202,000000,1.19,1.21,1.16,1.18,1702000,0
2142.HK,D,20241203,000000,1.17,1.2,1.17,1.19,1343000,0
2142.HK,D,20241204,000000,1.18,1.19,1.17,1.19,427000,0
2142.HK,D,20241205,000000,1.19,1.22,1.19,1.22,1312000,0
2142.HK,D,20241206,000000,1.2,1.23,1.18,1.19,2156000,0
2142.HK,D,20241209,000000,1.2,1.21,1.18,1.2,1621000,0
2142.HK,D,20241210,000000,1.24,1.24,1.19,1.21,1582000,0
2142.HK,D,20241211,000000,1.21,1.22,1.19,1.21,982000,0
2142.HK,D,20241212,000000,1.2,1.21,1.18,1.19,1528000,0
2142.HK,D,20241213,000000,1.19,1.19,1.15,1.16,1543000,0
2142.HK,D,20241216,000000,1.14,1.15,1.12,1.14,880000,0
2142.HK,D,20241217,000000,1.18,1.27,1.18,1.24,5142000,0
2142.HK,D,20241218,000000,1.23,1.24,1.21,1.22,871000,0
2142.HK,D,20241219,000000,1.22,1.29,1.22,1.29,1950000,0
2142.HK,D,20241220,000000,1.24,1.34,1.23,1.34,3577528,0
2142.HK,D,20241223,000000,1.34,1.48,1.32,1.42,6066000,0
2142.HK,D,20241224,000000,1.41,1.47,1.41,1.43,2418000,0
2142.HK,D,20241227,000000,1.51,1.9,1.51,1.8,18893000,0
2142.HK,D,20241230,000000,1.8,1.89,1.78,1.81,6956000,0
2142.HK,D,20241231,000000,1.81,1.88,1.77,1.86,3609000,0
2142.HK,D,20250102,000000,1.86,2.08,1.86,1.98,11743000,0
2142.HK,D,20250103,000000,1.83,2.18,1.83,2.08,12154000,0
2142.HK,D,20250106,000000,2,2.54,2,2.43,12541000,0
2142.HK,D,20250107,000000,2.5,2.59,2.35,2.4,6672000,0
2142.HK,D,20250108,000000,2.31,2.35,2.14,2.24,8532000,0
2142.HK,D,20250109,000000,2.25,2.56,2.24,2.42,9303000,0
2142.HK,D,20250110,000000,2.39,2.5,2.31,2.41,5684000,0
2142.HK,D,20250113,000000,2.42,2.85,2.42,2.67,12596000,0
2142.HK,D,20250114,000000,2.6,2.73,2.54,2.65,7074440,0
2142.HK,D,20250115,000000,2.67,2.67,2.56,2.58,3277000,0
2142.HK,D,20250116,000000,2.62,2.93,2.59,2.84,7127000,0
2142.HK,D,20250117,000000,2.87,3.1,2.87,2.88,8318000,0
2142.HK,D,20250120,000000,2.9,3.07,2.9,3.03,3440400,0
2142.HK,D,20250121,000000,3.06,3.06,2.9,2.98,3351000,0
2142.HK,D,20250122,000000,3.06,3.36,2.97,3.34,6793000,0
2142.HK,D,20250123,000000,3.31,3.44,3.07,3.18,8972000,0
2142.HK,D,20250124,000000,3.22,3.41,3.09,3.4,5134000,0
2142.HK,D,20250127,000000,3.44,3.63,3.39,3.53,5103000,0
2142.HK,D,20250128,000000,3.69,3.7,3.44,3.66,3402000,0
2142.HK,D,20250203,000000,3.61,3.8,3.61,3.74,4030000,0
2142.HK,D,20250204,000000,3.8,3.93,3.74,3.89,5663000,0
2142.HK,D,20250205,000000,3.95,4.19,3.77,4.16,6185000,0
2142.HK,D,20250206,000000,4.16,4.47,4.07,4.23,8313500,0
2142.HK,D,20250207,000000,4.35,4.35,3.34,3.62,29134000,0
2142.HK,D,20250210,000000,3.69,4.27,3.62,4.17,11427000,0
2142.HK,D,20250211,000000,4.25,4.35,4.14,4.3,3675400,0
2142.HK,D,20250212,000000,4.37,4.54,4.15,4.25,9715000,0
2142.HK,D,20250213,000000,4.27,4.37,3.93,4,9900000,0
2142.HK,D,20250214,000000,4.1,4.14,3.78,4.02,8868613,0
2142.HK,D,20250217,000000,4.09,4.59,4.08,4.58,11671000,0
2142.HK,D,20250218,000000,4.6,5.11,4.52,5.08,10724000,0
2142.HK,D,20250219,000000,5.03,5.5,4.92,5.45,8488000,0
2142.HK,D,20250220,000000,5.4,5.46,5.22,5.3,6895000,0
2142.HK,D,20250221,000000,5.3,5.5,5.12,5.48,6531000,0
2142.HK,D,20250224,000000,5.5,5.82,5.05,5.71,10136000,0
2142.HK,D,20250225,000000,5.4,5.78,5.4,5.55,5042000,0
2142.HK,D,20250226,000000,5.77,5.94,5.46,5.5,8857070,0
2142.HK,D,20250227,000000,5.5,5.81,5.37,5.59,8905043,0
2142.HK,D,20250228,000000,5.59,5.74,5.12,5.2,8106000,0
2142.HK,D,20250303,000000,5.25,5.58,5.19,5.5,7209350,0
2142.HK,D,20250304,000000,5.37,5.57,5.16,5.47,6398000,0
2142.HK,D,20250305,000000,5.55,6.07,5.38,5.98,8106000,0
2142.HK,D,20250306,000000,6,6.86,6,6.7,16069000,0
2142.HK,D,20250307,000000,6.6,6.8,6.44,6.77,8825000,0
2142.HK,D,20250310,000000,6.9,7.62,6.9,7.47,13672226,0
2142.HK,D,20250311,000000,7.42,8.48,7.14,8.33,16650000,0
2142.HK,D,20250312,000000,8.6,8.94,7.65,8.4,26821472,0
2142.HK,D,20250313,000000,8.42,8.42,8.02,8.3,12588000,0
2142.HK,D,20250314,000000,8.3,8.4,7.73,8.15,13838000,0
2142.HK,D,20250317,000000,8.02,8.49,7.81,8.32,9681000,0
2142.HK,D,20250318,000000,8.49,8.74,8.1,8.64,9799388,0
2142.HK,D,20250319,000000,8.65,8.77,8.35,8.6,7504000,0
2142.HK,D,20250320,000000,8.6,8.63,8.12,8.47,12284000,0
2142.HK,D,20250321,000000,8.48,8.5,7.47,7.83,17993000,0
2142.HK,D,20250324,000000,9,10,8.06,8.26,42296070,0
2142.HK,D,20250325,000000,8.24,8.95,7.88,7.93,15262276,0
2142.HK,D,20250326,000000,8,8.56,7.88,8.37,6681000,0
2142.HK,D,20250327,000000,8.37,8.66,8.15,8.58,6535000,0
2142.HK,D,20250328,000000,8.65,9.28,8.45,9.18,10918000,0
2142.HK,D,20250331,000000,9.19,9.19,8.6,9,6324000,0
2142.HK,D,20250401,000000,8.95,9.18,8.32,8.7,12119000,0
2142.HK,D,20250402,000000,8.7,8.89,8.5,8.7,5842000,0
2142.HK,D,20250403,000000,8.42,8.55,7.51,7.55,47860000,0
2142.HK,D,20250407,000000,6.42,6.42,5.32,5.43,38449283,0
2142.HK,D,20250408,000000,5.55,5.95,5.45,5.9,20309360,0
2142.HK,D,20250409,000000,5.6,6.1,5.36,5.98,16139600,0
2142.HK,D,20250410,000000,6.46,6.8,6.28,6.47,10432000,0
2142.HK,D,20250411,000000,6.3,7.38,6.3,7.15,9130000,0
2142.HK,D,20250414,000000,7.46,7.9,7.39,7.77,8456000,0
2142.HK,D,20250415,000000,7.8,7.95,7.57,7.66,5076002,0
2142.HK,D,20250416,000000,7.62,7.7,6.9,7.18,10071000,0
2142.HK,D,20250417,000000,7.2,7.46,7.12,7.18,4464000,0
