<TICKER>,<PER>,<DATE>,<TIME>,<OPEN>,<HIGH>,<LOW>,<CLOSE>,<VOL>,<OPENINT>
2185.HK,D,20211223,000000,18.88,20.45,18.32,20.1,3952000,0
2185.HK,D,20211224,000000,20,20.5,19.4,20.4,657500,0
2185.HK,D,20211228,000000,20.45,24.5,20.05,22.75,1074000,0
2185.HK,D,20211229,000000,22.55,23.5,21.3,23.2,492000,0
2185.HK,D,20211230,000000,23.25,24.6,23,24.6,493700,0
2185.HK,D,20211231,000000,25.1,28,25,27.05,292000,0
2185.HK,D,20220103,000000,27.05,36.5,26.55,34.55,562700,0
2185.HK,D,20220104,000000,35.1,38,30.05,34.3,466000,0
2185.HK,D,20220105,000000,34.3,38,30.45,36,393200,0
2185.HK,D,20220106,000000,35.95,39.05,34.05,37.45,356500,0
2185.HK,D,20220107,000000,38.15,38.45,33.75,35.9,282500,0
2185.HK,D,20220110,000000,35.55,35.55,32.6,33.4,290500,0
2185.HK,D,20220111,000000,33.3,33.3,29.15,31.45,350200,0
2185.HK,D,20220112,000000,31.4,31.95,29.4,31.5,304500,0
2185.HK,D,20220113,000000,31.5,32.1,29,30,212000,0
2185.HK,D,20220114,000000,30.1,30.1,26.95,28.2,169000,0
2185.HK,D,20220117,000000,29.2,29.95,26.55,28.05,125000,0
2185.HK,D,20220118,000000,28.2,28.85,27.9,28.2,241500,0
2185.HK,D,20220119,000000,27.4,29.95,26.85,29.5,228000,0
2185.HK,D,20220120,000000,29.5,29.7,27.8,28.85,212000,0
2185.HK,D,20220121,000000,28.2,29.55,27.5,28.9,305000,0
2185.HK,D,20220124,000000,29.45,29.95,29,29.15,290000,0
2185.HK,D,20220125,000000,29.55,34.3,29.55,34.3,357000,0
2185.HK,D,20220126,000000,36,38,33.85,35.4,370500,0
2185.HK,D,20220127,000000,36.2,37,33.05,35,262500,0
2185.HK,D,20220128,000000,35,36,34.55,35.3,296000,0
2185.HK,D,20220131,000000,34.95,35.3,33.95,34.35,108000,0
2185.HK,D,20220204,000000,34.35,35.1,32.9,33.3,229500,0
2185.HK,D,20220207,000000,33.8,35.45,33.75,35.05,193000,0
2185.HK,D,20220208,000000,34.8,34.95,33,34.9,179500,0
2185.HK,D,20220209,000000,34.9,34.9,34.4,34.55,167000,0
2185.HK,D,20220210,000000,34.7,34.9,33.7,33.9,156500,0
2185.HK,D,20220211,000000,34.2,34.5,30.7,32.7,196500,0
2185.HK,D,20220214,000000,32.3,33.55,32.1,33.05,186500,0
2185.HK,D,20220215,000000,32.5,34.05,32.3,34.05,166000,0
2185.HK,D,20220216,000000,34,35.85,33.25,35.6,195500,0
2185.HK,D,20220217,000000,35.05,35.5,34.35,35.5,101000,0
2185.HK,D,20220218,000000,35.5,37.2,34.2,36,186500,0
2185.HK,D,20220221,000000,34.95,39.75,34.95,39.75,592000,0
2185.HK,D,20220222,000000,39.75,40.5,37.1,39.25,193940,0
2185.HK,D,20220223,000000,39.2,42,39.2,41.8,239000,0
2185.HK,D,20220224,000000,41.2,41.3,36.5,38,230500,0
2185.HK,D,20220225,000000,37.75,38.6,37.2,38.5,177500,0
2185.HK,D,20220228,000000,38.95,41.65,37.8,41.15,163000,0
2185.HK,D,20220301,000000,41.5,42.95,40.1,42.1,269000,0
2185.HK,D,20220302,000000,42.1,42.45,40.55,41.7,179000,0
2185.HK,D,20220303,000000,42,42.05,39.55,40.35,168000,0
2185.HK,D,20220304,000000,39.25,40.8,38,40.3,197500,0
2185.HK,D,20220307,000000,40.3,40.95,39,40.7,210000,0
2185.HK,D,20220308,000000,39.65,43,39.65,42,208000,0
2185.HK,D,20220309,000000,42.5,42.5,39.1,39.55,185000,0
2185.HK,D,20220310,000000,40.4,40.4,37.5,38.1,363500,0
2185.HK,D,20220311,000000,37.1,40,37.1,39.5,222500,0
2185.HK,D,20220314,000000,39.6,39.8,37.8,38.9,257500,0
2185.HK,D,20220315,000000,38.2,39.5,36,36.95,247000,0
2185.HK,D,20220316,000000,36.95,38.1,35.9,38,369000,0
2185.HK,D,20220317,000000,38.5,40.35,37.6,40.35,156000,0
2185.HK,D,20220318,000000,40.35,42.1,38.65,41.45,282500,0
2185.HK,D,20220321,000000,41.6,45.95,40.2,45.8,280200,0
2185.HK,D,20220322,000000,46.3,49.2,43.9,43.9,135000,0
2185.HK,D,20220323,000000,43.75,44.45,41.7,42.55,191500,0
2185.HK,D,20220324,000000,42.55,44.9,41.05,44.9,180500,0
2185.HK,D,20220325,000000,45.2,45.3,43,44,146000,0
2185.HK,D,20220328,000000,44.6,45.2,43,44.8,188000,0
2185.HK,D,20220329,000000,44.85,48,44.85,47.75,169500,0
2185.HK,D,20220330,000000,48.9,48.9,46.7,47.85,206000,0
2185.HK,D,20220331,000000,47.45,48.45,45.35,46.9,197500,0
2185.HK,D,20220401,000000,46.2,47.6,45.5,47.6,130500,0
2185.HK,D,20220404,000000,47.6,52.7,46.8,51.3,215500,0
2185.HK,D,20220406,000000,51.35,51.7,49.65,50.6,135000,0
2185.HK,D,20220407,000000,50.6,53.7,50.6,53.7,147500,0
2185.HK,D,20220408,000000,52.5,56.6,52.5,56,166500,0
2185.HK,D,20220411,000000,55.8,56.95,54.5,56.6,126500,0
2185.HK,D,20220412,000000,55.75,57.35,53,55.3,155500,0
2185.HK,D,20220413,000000,55.2,55.2,50,50.9,224000,0
2185.HK,D,20220414,000000,50,54.5,47.5,54.5,194000,0
2185.HK,D,20220419,000000,53.5,53.6,51.8,52.8,201000,0
2185.HK,D,20220420,000000,51.8,55.5,51.6,54,201500,0
2185.HK,D,20220421,000000,53.2,54,52.7,53.5,193500,0
2185.HK,D,20220422,000000,52.5,53.5,52.4,53.5,190500,0
2185.HK,D,20220425,000000,53,54.3,51,51.9,214000,0
2185.HK,D,20220426,000000,51.9,51.9,45,45.1,261000,0
2185.HK,D,20220427,000000,45.1,48.45,41.5,48.3,280500,0
2185.HK,D,20220428,000000,47.95,49,46.6,47.85,208500,0
2185.HK,D,20220429,000000,48.5,49.2,46.25,47.55,200000,0
2185.HK,D,20220503,000000,47.2,47.8,46.05,46.05,185500,0
2185.HK,D,20220504,000000,45.9,46.9,43.8,45.5,171683,0
2185.HK,D,20220505,000000,44.6,47.3,44.6,46.3,132000,0
2185.HK,D,20220506,000000,45.3,47.6,45.05,47.5,173500,0
2185.HK,D,20220510,000000,47.5,49.85,46,49.3,179000,0
2185.HK,D,20220511,000000,48.5,52.35,48.5,52.3,146000,0
2185.HK,D,20220512,000000,51.6,52.4,48.4,48.5,154000,0
2185.HK,D,20220513,000000,48.6,48.9,44.9,47.2,200500,0
2185.HK,D,20220516,000000,47.8,49.2,45.55,47.9,194000,0
2185.HK,D,20220517,000000,47.5,49.7,47.45,48.5,137500,0
2185.HK,D,20220518,000000,48,50.25,48,50.25,148000,0
2185.HK,D,20220519,000000,49,51,49,49.7,157500,0
2185.HK,D,20220520,000000,50.8,51.6,49.5,50,171500,0
2185.HK,D,20220523,000000,50.3,51.1,49,49.6,130000,0
2185.HK,D,20220524,000000,50.4,51,50.4,50.75,123000,0
2185.HK,D,20220525,000000,51,51.4,48.5,48.5,177000,0
2185.HK,D,20220526,000000,49.5,49.5,46.95,49.5,156000,0
2185.HK,D,20220527,000000,49.5,50.9,49.5,50.45,230500,0
2185.HK,D,20220530,000000,51,51.4,49.8,50.2,134500,0
2185.HK,D,20220531,000000,51.4,54.8,50.2,54.8,339500,0
2185.HK,D,20220601,000000,53.8,58,53.6,56.5,199000,0
2185.HK,D,20220602,000000,56,56.85,54.7,55.9,134500,0
2185.HK,D,20220606,000000,57,57.35,53.5,57,235000,0
2185.HK,D,20220607,000000,57.15,57.15,55.7,56.05,160000,0
2185.HK,D,20220608,000000,56,61.8,56,60.1,197000,0
2185.HK,D,20220609,000000,60.95,60.95,58.7,60.35,103500,0
2185.HK,D,20220610,000000,59.6,60,58.3,59.3,85000,0
2185.HK,D,20220613,000000,59.3,59.4,56.8,57.5,120000,0
2185.HK,D,20220614,000000,57.5,59.5,56.85,59.5,153000,0
2185.HK,D,20220615,000000,59.5,60,59,59.6,137000,0
2185.HK,D,20220616,000000,59.2,59.3,57.6,57.6,133000,0
2185.HK,D,20220617,000000,57.4,59.7,57.4,58.2,145500,0
2185.HK,D,20220620,000000,58.5,63.4,58.5,62.95,178000,0
2185.HK,D,20220621,000000,63.2,63.65,60.7,61.9,162000,0
2185.HK,D,20220622,000000,61.9,62.3,59.6,60.2,149000,0
2185.HK,D,20220623,000000,61.2,61.2,55.7,58.3,153500,0
2185.HK,D,20220624,000000,58.05,61.1,58.05,60.8,146000,0
2185.HK,D,20220627,000000,62.2,62.3,60.2,61.3,120000,0
2185.HK,D,20220628,000000,60.25,64.95,60.25,63.5,151500,0
2185.HK,D,20220629,000000,64.3,64.3,61.4,62.4,123500,0
2185.HK,D,20220630,000000,62.6,63.2,61.25,62.4,109400,0
2185.HK,D,20220704,000000,62.4,69,62,68,193000,0
2185.HK,D,20220705,000000,71.3,71.5,66.05,68.65,180000,0
2185.HK,D,20220706,000000,68.65,72.6,68.65,70.25,164000,0
2185.HK,D,20220707,000000,70,71.4,69.15,69.4,152368,0
2185.HK,D,20220708,000000,69.95,69.95,67.5,68.5,169000,0
2185.HK,D,20220711,000000,68.5,70,67.9,69.65,165900,0
2185.HK,D,20220712,000000,70,70.25,68.5,69.95,149000,0
2185.HK,D,20220713,000000,69.6,69.6,68.15,68.6,190500,0
2185.HK,D,20220714,000000,68.8,68.8,66.4,67.25,216500,0
2185.HK,D,20220715,000000,68.5,68.7,66.25,68,201000,0
2185.HK,D,20220718,000000,67.4,68.3,66.9,67.55,191000,0
2185.HK,D,20220719,000000,68,68.5,67.65,68.4,174000,0
2185.HK,D,20220720,000000,68.8,73.7,68.45,70.5,201000,0
2185.HK,D,20220721,000000,70.95,71.2,69.2,70,183000,0
2185.HK,D,20220722,000000,70,71.4,68.05,68.5,161000,0
2185.HK,D,20220725,000000,69,70,68.7,69,191000,0
2185.HK,D,20220726,000000,69.4,70.5,68.35,69.4,207500,0
2185.HK,D,20220727,000000,69.1,69.1,65,68,230500,0
2185.HK,D,20220728,000000,68,69.5,67,68.8,163000,0
2185.HK,D,20220729,000000,69,71,66.05,69.25,167500,0
2185.HK,D,20220801,000000,69.8,69.8,65.1,67.9,244000,0
2185.HK,D,20220802,000000,65.8,67,62.95,64.4,280000,0
2185.HK,D,20220803,000000,63.95,66.9,62.75,66.9,240000,0
2185.HK,D,20220804,000000,67.8,67.8,63.1,63.65,209500,0
2185.HK,D,20220805,000000,63.35,67.5,62.5,67,311000,0
2185.HK,D,20220808,000000,67.5,71.2,66.8,70.3,368000,0
2185.HK,D,20220809,000000,70.3,70.6,67.1,67.9,397500,0
2185.HK,D,20220810,000000,67.15,69.9,66.7,69.9,316000,0
2185.HK,D,20220811,000000,70,70,68,68.95,456000,0
2185.HK,D,20220812,000000,68.95,69.6,67.25,69.1,491868,0
2185.HK,D,20220815,000000,70,71.75,67.1,71.75,504500,0
2185.HK,D,20220816,000000,72.1,73.5,68.45,68.5,540500,0
2185.HK,D,20220817,000000,71.95,71.95,67.1,67.95,455700,0
2185.HK,D,20220818,000000,68.2,72.6,68.2,70.6,516400,0
2185.HK,D,20220819,000000,69.9,75.55,69.65,71.5,453800,0
2185.HK,D,20220822,000000,71,71,48.7,60.5,2813548,0
2185.HK,D,20220823,000000,58.8,60.75,54,55.5,1560500,0
2185.HK,D,20220824,000000,53.7,57,53.1,56.4,881800,0
2185.HK,D,20220825,000000,56.4,57.15,53.45,56.3,467700,0
2185.HK,D,20220826,000000,56,59,54.65,57.35,489200,0
2185.HK,D,20220829,000000,54.95,59,54.85,58.35,544500,0
2185.HK,D,20220830,000000,57.9,59.1,57.35,58.65,616000,0
2185.HK,D,20220831,000000,58.8,61.65,57.9,59,459600,0
2185.HK,D,20220901,000000,59.2,59.85,58.55,59.15,543900,0
2185.HK,D,20220902,000000,58.4,62,58.4,59.35,338600,0
2185.HK,D,20220905,000000,60.5,60.5,58,59,404000,0
2185.HK,D,20220906,000000,59.7,59.95,58.45,59.05,400700,0
2185.HK,D,20220907,000000,59.2,59.7,58.7,59.05,372000,0
2185.HK,D,20220908,000000,58.9,59,58.4,59,323400,0
2185.HK,D,20220909,000000,59.2,59.35,58.55,59,315300,0
2185.HK,D,20220913,000000,59,59,58.2,59,266200,0
2185.HK,D,20220914,000000,59.25,59.25,57.25,57.85,231800,0
2185.HK,D,20220915,000000,58,59.2,57.85,59.2,323100,0
2185.HK,D,20220916,000000,59.2,60.5,56.6,57.9,269200,0
2185.HK,D,20220919,000000,57.35,58.4,56.35,56.95,314700,0
2185.HK,D,20220920,000000,57.1,57.95,52.7,52.7,304000,0
2185.HK,D,20220921,000000,56,56,53.05,55.3,294100,0
2185.HK,D,20220922,000000,55,55,47.4,52.15,2053400,0
2185.HK,D,20220923,000000,50.1,58.95,49.3,56.25,629900,0
2185.HK,D,20220926,000000,56,61.3,55.6,59.1,432100,0
2185.HK,D,20220927,000000,59.8,59.95,56.25,58.8,254300,0
2185.HK,D,20220928,000000,58.5,58.8,57,58.05,289500,0
2185.HK,D,20220929,000000,58.1,59.95,57.05,57.6,255100,0
2185.HK,D,20220930,000000,57.5,58.45,56.35,58.3,196700,0
2185.HK,D,20221003,000000,58,58,56.6,57.3,181900,0
2185.HK,D,20221005,000000,57.5,59.5,56.1,59,241900,0
2185.HK,D,20221006,000000,60,60,57.7,59.35,269800,0
2185.HK,D,20221007,000000,59,59.3,57.4,59.3,188400,0
2185.HK,D,20221010,000000,59,59,57.25,58.5,142100,0
2185.HK,D,20221011,000000,59,59.45,57.05,58.2,213100,0
2185.HK,D,20221012,000000,58.2,58.2,53.5,56.05,201100,0
2185.HK,D,20221013,000000,54.1,55.7,52.3,53.5,252100,0
2185.HK,D,20221014,000000,55,56.45,53.3,55.6,232800,0
2185.HK,D,20221017,000000,55.6,56,53,55.85,242300,0
2185.HK,D,20221018,000000,55.85,57.5,53.55,57,306700,0
2185.HK,D,20221019,000000,56.8,56.8,51.45,55,318900,0
2185.HK,D,20221020,000000,52.5,53.5,51.05,51.6,311800,0
2185.HK,D,20221021,000000,52,52.55,50.55,51.5,288000,0
2185.HK,D,20221024,000000,51.5,52,50.9,52,251800,0
2185.HK,D,20221025,000000,52,52.1,50.05,50.9,278900,0
2185.HK,D,20221026,000000,50.95,50.95,48.4,50.3,263700,0
2185.HK,D,20221027,000000,50.3,51,49.65,50.8,232000,0
2185.HK,D,20221028,000000,50.8,53.3,48.35,48.75,273500,0
2185.HK,D,20221031,000000,48.75,50.3,47.65,50.3,241200,0
2185.HK,D,20221101,000000,50.5,51.7,48.05,51,261300,0
2185.HK,D,20221102,000000,51.2,51.65,50.05,51.6,121200,0
2185.HK,D,20221103,000000,51.6,52.05,49.35,51.8,175300,0
2185.HK,D,20221104,000000,51.6,53,51,53,166600,0
2185.HK,D,20221107,000000,53,56.25,52.6,56,155700,0
2185.HK,D,20221108,000000,55.95,56,53.75,55.9,152400,0
2185.HK,D,20221109,000000,55.6,56.5,52.95,55.3,156600,0
2185.HK,D,20221110,000000,54.6,54.6,47.75,50,193200,0
2185.HK,D,20221111,000000,50,54.55,49.35,49.35,234100,0
2185.HK,D,20221114,000000,50.3,53.3,49.55,49.8,592800,0
2185.HK,D,20221115,000000,49.5,49.7,48.5,49.5,532400,0
2185.HK,D,20221116,000000,50.15,50.15,46,48.45,238200,0
2185.HK,D,20221117,000000,48.45,48.45,45.7,48.4,81800,0
2185.HK,D,20221118,000000,48.05,48.05,15.46,21.65,980400,0
2185.HK,D,20221121,000000,23.1,31.15,20.95,29.3,1293500,0
2185.HK,D,20221122,000000,30.1,30.15,23.2,26,1379300,0
2185.HK,D,20221123,000000,26,26,22.2,23.35,1033900,0
2185.HK,D,20221124,000000,22.35,24,22.3,23.4,243800,0
2185.HK,D,20221125,000000,23.1,23.1,22,22.8,177800,0
2185.HK,D,20221128,000000,22.5,23.55,22.15,22.45,370500,0
2185.HK,D,20221129,000000,22.95,23.8,21.8,22.45,4835604,0
2185.HK,D,20221130,000000,21.9,22.4,18.78,18.78,868400,0
2185.HK,D,20221201,000000,20.45,20.45,13,13,3278600,0
2185.HK,D,20221202,000000,13.1,14.02,8.65,9.49,6600504,0
2185.HK,D,20221205,000000,9.49,10.3,8.68,9.49,3380160,0
2185.HK,D,20221206,000000,9.09,9.3,8.78,9,1062000,0
2185.HK,D,20221207,000000,8.85,9.8,8.8,8.9,2091300,0
2185.HK,D,20221208,000000,9,9.4,8.5,8.76,1944400,0
2185.HK,D,20221209,000000,8.76,8.81,8.08,8.26,1777400,0
2185.HK,D,20221212,000000,8.29,9.69,8.29,8.79,2593800,0
2185.HK,D,20221213,000000,9.5,9.5,8.3,8.35,1239000,0
2185.HK,D,20221214,000000,8.35,8.67,8.2,8.38,420800,0
2185.HK,D,20221215,000000,8.38,8.38,7,7.05,2281000,0
2185.HK,D,20221216,000000,7.15,7.69,7.1,7.5,1054000,0
2185.HK,D,20221219,000000,7.51,7.52,6.51,6.64,1794000,0
2185.HK,D,20221220,000000,7.05,7.05,6.01,6.5,1502400,0
2185.HK,D,20221221,000000,6.74,6.74,5.85,6.4,2475800,0
2185.HK,D,20221222,000000,6.75,7.07,6.2,6.41,1276800,0
2185.HK,D,20221223,000000,6.21,6.56,6.1,6.33,706100,0
2185.HK,D,20221228,000000,6.16,6.25,5.88,5.89,771300,0
2185.HK,D,20221229,000000,5.8,6.28,5.59,5.98,912200,0
2185.HK,D,20221230,000000,5.61,6.2,5.61,5.84,623000,0
2185.HK,D,20230103,000000,5.84,6.04,5.6,5.88,740700,0
2185.HK,D,20230104,000000,5.88,6.7,5.69,6.31,1344500,0
2185.HK,D,20230105,000000,6.31,6.38,5.97,6.2,1015200,0
2185.HK,D,20230106,000000,6.2,6.24,6.02,6.13,597100,0
2185.HK,D,20230109,000000,6.1,6.6,6,6.33,738400,0
2185.HK,D,20230110,000000,6.39,7.2,6.3,6.36,1796000,0
2185.HK,D,20230111,000000,6.51,6.77,6.2,6.3,962600,0
2185.HK,D,20230112,000000,6.3,6.41,6.18,6.25,283300,0
2185.HK,D,20230113,000000,6.21,6.6,6.21,6.5,507500,0
2185.HK,D,20230116,000000,6.62,7.08,6.23,6.25,1193800,0
2185.HK,D,20230117,000000,6.26,6.26,6.03,6.17,570200,0
2185.HK,D,20230118,000000,6.17,6.19,6.03,6.06,288800,0
2185.HK,D,20230119,000000,6.06,6.19,5.92,5.94,193700,0
2185.HK,D,20230120,000000,5.98,6.1,5.94,6.02,228200,0
2185.HK,D,20230126,000000,6.01,6.38,6,6.22,342100,0
2185.HK,D,20230127,000000,6.03,6.19,6.03,6.12,162700,0
2185.HK,D,20230130,000000,6.12,6.12,5.8,5.85,349700,0
2185.HK,D,20230131,000000,5.92,5.93,5.68,5.73,316200,0
2185.HK,D,20230201,000000,5.73,6.19,5.73,6,384500,0
2185.HK,D,20230202,000000,5.97,6.36,5.97,6.04,413900,0
2185.HK,D,20230203,000000,5.86,6.2,5.86,6.12,184300,0
2185.HK,D,20230206,000000,6.12,6.12,5.92,6.01,217500,0
2185.HK,D,20230207,000000,6.1,6.24,5.98,6.2,296000,0
2185.HK,D,20230208,000000,6.28,6.82,6.07,6.1,1235900,0
2185.HK,D,20230209,000000,6.32,6.48,6.06,6.39,410400,0
2185.HK,D,20230210,000000,6.29,6.39,6.05,6.16,291200,0
2185.HK,D,20230213,000000,6.16,6.18,6,6.15,356500,0
2185.HK,D,20230214,000000,6.12,6.22,5.91,6.09,165900,0
2185.HK,D,20230215,000000,6.09,6.09,5.88,5.93,250300,0
2185.HK,D,20230216,000000,6,6.15,5.89,5.95,178700,0
2185.HK,D,20230217,000000,6.11,6.11,5.85,5.89,161500,0
2185.HK,D,20230220,000000,6.09,6.09,5.69,5.88,117500,0
2185.HK,D,20230221,000000,5.95,5.95,5.78,5.78,142800,0
2185.HK,D,20230222,000000,5.78,5.93,5.75,5.77,129300,0
2185.HK,D,20230223,000000,5.88,5.88,5.63,5.72,225300,0
2185.HK,D,20230224,000000,5.65,5.82,5.63,5.74,175100,0
2185.HK,D,20230227,000000,5.74,5.8,5.62,5.64,107100,0
2185.HK,D,20230228,000000,5.7,5.78,5.5,5.5,546600,0
2185.HK,D,20230301,000000,5.7,5.7,5.42,5.57,216553,0
2185.HK,D,20230302,000000,5.64,5.64,5.37,5.53,106300,0
2185.HK,D,20230303,000000,5.64,5.64,5.36,5.55,130900,0
2185.HK,D,20230306,000000,5.64,5.64,5.35,5.58,125100,0
2185.HK,D,20230307,000000,5.58,5.59,5.32,5.42,97300,0
2185.HK,D,20230308,000000,5.42,5.42,5.17,5.25,415200,0
2185.HK,D,20230309,000000,5.25,5.28,5.11,5.11,109100,0
2185.HK,D,20230310,000000,5.08,5.08,4.71,4.78,233300,0
2185.HK,D,20230313,000000,4.78,4.78,4.62,4.66,159800,0
2185.HK,D,20230314,000000,4.67,4.9,4.65,4.67,113000,0
2185.HK,D,20230315,000000,4.68,4.98,4.68,4.89,88400,0
2185.HK,D,20230316,000000,4.89,4.9,4.7,4.7,98200,0
2185.HK,D,20230317,000000,4.71,4.76,4.63,4.65,55300,0
2185.HK,D,20230320,000000,4.67,4.67,4.22,4.29,185500,0
2185.HK,D,20230321,000000,4.3,4.3,4.15,4.28,165100,0
2185.HK,D,20230322,000000,4.28,4.47,4.21,4.32,111200,0
2185.HK,D,20230323,000000,4.19,4.29,4.16,4.23,135300,0
2185.HK,D,20230324,000000,4.2,4.29,4.19,4.22,31300,0
2185.HK,D,20230327,000000,4.26,4.29,4.11,4.12,80500,0
2185.HK,D,20230328,000000,4.29,4.29,4.12,4.16,175100,0
2185.HK,D,20230329,000000,4.17,4.29,4.1,4.16,83300,0
2185.HK,D,20230330,000000,4.16,4.16,3.93,3.96,84800,0
2185.HK,D,20230331,000000,3.94,4.13,3.88,3.98,151200,0
2185.HK,D,20230403,000000,3.9,3.91,3.78,3.78,159500,0
2185.HK,D,20230404,000000,3.7,4.22,3.65,4.16,418500,0
2185.HK,D,20230406,000000,4.17,4.41,4.07,4.08,241200,0
2185.HK,D,20230411,000000,4.08,4.3,3.93,4.3,303600,0
2185.HK,D,20230412,000000,4.94,7.52,4.94,6.24,5100700,0
2185.HK,D,20230413,000000,6.23,6.26,5.22,5.39,1410098,0
2185.HK,D,20230414,000000,5.44,6.6,5.41,6.18,1866798,0
2185.HK,D,20230417,000000,6.3,8.68,6.27,8.68,4920200,0
2185.HK,D,20230418,000000,9,9.5,7.92,8.8,2381400,0
2185.HK,D,20230419,000000,8.96,9.46,8.25,9.08,1694700,0
2185.HK,D,20230420,000000,9.08,9.28,8.6,8.63,924100,0
2185.HK,D,20230421,000000,8.62,8.62,7.16,7.32,1396900,0
2185.HK,D,20230424,000000,7.39,8.4,7.38,8.09,840900,0
2185.HK,D,20230425,000000,8.17,8.17,7.53,7.65,385500,0
2185.HK,D,20230426,000000,7.65,7.65,6.7,6.86,775200,0
2185.HK,D,20230427,000000,6.8,7.23,6.63,6.79,255400,0
2185.HK,D,20230428,000000,7,7,6.4,6.55,400600,0
2185.HK,D,20230502,000000,6.61,6.7,6.28,6.32,161000,0
2185.HK,D,20230503,000000,6.2,6.2,5.8,5.9,335700,0
2185.HK,D,20230504,000000,6.09,6.69,5.98,6.48,238600,0
2185.HK,D,20230505,000000,6.44,6.68,6.25,6.6,111000,0
2185.HK,D,20230508,000000,6.72,6.77,5.8,5.94,380300,0
2185.HK,D,20230509,000000,6.01,6.7,6.01,6.36,371000,0
2185.HK,D,20230510,000000,6.36,6.7,6.15,6.18,108000,0
2185.HK,D,20230511,000000,6.16,6.29,6.02,6.02,125500,0
2185.HK,D,20230512,000000,6.02,6.02,5.82,5.91,240500,0
2185.HK,D,20230515,000000,5.8,5.98,5.73,5.92,160798,0
2185.HK,D,20230516,000000,5.92,5.95,5.84,5.85,61500,0
2185.HK,D,20230517,000000,5.84,5.85,5.7,5.74,79500,0
2185.HK,D,20230518,000000,5.68,5.8,5.51,5.61,162198,0
2185.HK,D,20230519,000000,5.55,5.74,5.4,5.56,89400,0
2185.HK,D,20230522,000000,5.41,5.5,5.31,5.45,57300,0
2185.HK,D,20230523,000000,5.4,5.53,5.17,5.4,147600,0
2185.HK,D,20230524,000000,5.22,5.26,4.97,5.03,233600,0
2185.HK,D,20230525,000000,4.86,4.89,4.6,4.65,601900,0
2185.HK,D,20230529,000000,4.68,4.73,4.2,4.32,433000,0
2185.HK,D,20230530,000000,4.32,4.83,4.16,4.79,195300,0
2185.HK,D,20230531,000000,4.72,4.78,4.29,4.58,102400,0
2185.HK,D,20230601,000000,4.58,4.58,4.32,4.45,101500,0
2185.HK,D,20230602,000000,4.45,4.83,4.4,4.75,211100,0
2185.HK,D,20230605,000000,4.89,5.7,4.88,5.3,658800,0
2185.HK,D,20230606,000000,5.3,5.3,5,5.01,112000,0
2185.HK,D,20230607,000000,5.11,5.19,4.8,4.81,95100,0
2185.HK,D,20230608,000000,4.7,5.15,4.6,5.11,285900,0
2185.HK,D,20230609,000000,5.11,5.4,5.11,5.27,147500,0
2185.HK,D,20230612,000000,5.15,5.27,5.05,5.27,53900,0
2185.HK,D,20230613,000000,5.26,5.27,4.96,5.07,360000,0
2185.HK,D,20230614,000000,4.96,5.36,4.96,5.09,262400,0
2185.HK,D,20230615,000000,5.38,5.44,5.11,5.38,99700,0
2185.HK,D,20230616,000000,5.4,5.4,5.08,5.25,65000,0
2185.HK,D,20230619,000000,5.24,5.24,5.04,5.05,56600,0
2185.HK,D,20230620,000000,5.2,5.2,4.87,4.88,63600,0
2185.HK,D,20230621,000000,4.72,4.97,4.63,4.7,55500,0
2185.HK,D,20230623,000000,4.68,4.94,4.63,4.65,50400,0
2185.HK,D,20230626,000000,4.65,4.85,4.56,4.6,67200,0
2185.HK,D,20230627,000000,4.6,4.6,4.45,4.59,24000,0
2185.HK,D,20230628,000000,4.58,4.72,4.58,4.64,10200,0
2185.HK,D,20230629,000000,4.67,4.68,4.65,4.67,5500,0
2185.HK,D,20230630,000000,4.68,4.77,4.54,4.67,63300,0
2185.HK,D,20230703,000000,4.67,4.67,4.37,4.58,283300,0
2185.HK,D,20230704,000000,4.58,4.73,4.5,4.58,40900,0
2185.HK,D,20230705,000000,4.61,4.61,4.2,4.4,202500,0
2185.HK,D,20230706,000000,4.2,4.41,4.16,4.38,149300,0
2185.HK,D,20230707,000000,4.38,4.42,4.35,4.38,29400,0
2185.HK,D,20230710,000000,4.39,4.39,4.16,4.29,20200,0
2185.HK,D,20230711,000000,4.28,4.39,4.18,4.3,59149,0
2185.HK,D,20230712,000000,4.3,4.41,4.25,4.32,60700,0
2185.HK,D,20230713,000000,4.34,4.55,4.33,4.46,158000,0
2185.HK,D,20230714,000000,4.46,4.46,4.46,4.46,0,0
2185.HK,D,20230718,000000,4.48,4.48,4.3,4.36,21400,0
2185.HK,D,20230719,000000,4.23,4.37,4.21,4.37,45000,0
2185.HK,D,20230720,000000,4.36,4.38,4.24,4.25,69000,0
2185.HK,D,20230721,000000,4.26,4.29,4.24,4.26,45700,0
2185.HK,D,20230724,000000,4.11,4.21,4.11,4.14,82900,0
2185.HK,D,20230725,000000,4.16,4.29,4.15,4.2,100351,0
2185.HK,D,20230726,000000,4.2,4.29,4.2,4.22,5100,0
2185.HK,D,20230727,000000,4.18,4.3,4.15,4.26,56000,0
2185.HK,D,20230728,000000,4.26,4.47,4.22,4.38,63800,0
2185.HK,D,20230731,000000,4.25,4.34,4.25,4.3,52200,0
2185.HK,D,20230801,000000,4.23,4.29,4.18,4.18,83700,0
2185.HK,D,20230802,000000,4.18,4.31,4.11,4.2,64800,0
2185.HK,D,20230803,000000,4.19,4.4,4.19,4.24,14600,0
2185.HK,D,20230804,000000,4.12,4.25,4.12,4.2,77100,0
2185.HK,D,20230807,000000,4.2,4.21,4,4,77100,0
2185.HK,D,20230808,000000,4,4,3.95,4,190700,0
2185.HK,D,20230809,000000,4.17,4.2,4,4.17,21900,0
2185.HK,D,20230810,000000,4,4.2,4,4.2,32100,0
2185.HK,D,20230811,000000,4.1,4.2,4.1,4.13,45600,0
2185.HK,D,20230814,000000,4,4.22,4,4.07,90800,0
2185.HK,D,20230815,000000,4.19,4.19,4.07,4.07,69900,0
2185.HK,D,20230816,000000,4.07,4.07,3.9,3.93,15000,0
2185.HK,D,20230817,000000,3.9,3.94,3.88,3.9,54600,0
2185.HK,D,20230818,000000,3.86,3.9,3.79,3.79,66400,0
2185.HK,D,20230821,000000,3.94,4.44,3.94,4.3,254400,0
2185.HK,D,20230822,000000,4.46,4.46,3.9,4.01,98600,0
2185.HK,D,20230823,000000,4.15,4.4,4.02,4.39,286500,0
2185.HK,D,20230824,000000,4.2,4.2,3.62,4.03,543600,0
2185.HK,D,20230825,000000,3.9,3.93,3.8,3.81,33400,0
2185.HK,D,20230828,000000,3.81,3.85,3.67,3.71,189800,0
2185.HK,D,20230829,000000,3.71,3.82,3.68,3.68,88800,0
2185.HK,D,20230830,000000,3.68,3.8,3.68,3.7,76200,0
2185.HK,D,20230831,000000,3.7,3.7,3.62,3.66,31800,0
2185.HK,D,20230904,000000,3.64,3.77,3.64,3.71,65400,0
2185.HK,D,20230905,000000,3.63,3.67,3.6,3.67,24500,0
2185.HK,D,20230906,000000,3.6,3.67,3.58,3.6,100600,0
2185.HK,D,20230907,000000,3.56,3.65,3.56,3.6,29900,0
2185.HK,D,20230911,000000,3.47,3.64,3.47,3.53,121900,0
2185.HK,D,20230912,000000,3.55,3.58,3.5,3.58,73200,0
2185.HK,D,20230913,000000,3.59,3.59,3.5,3.53,50500,0
2185.HK,D,20230914,000000,3.54,3.54,3.5,3.54,41500,0
2185.HK,D,20230915,000000,3.5,3.51,3.44,3.45,232700,0
2185.HK,D,20230918,000000,3.45,3.45,3.36,3.36,20400,0
2185.HK,D,20230919,000000,3.31,3.34,3.31,3.31,35300,0
2185.HK,D,20230920,000000,3.31,3.55,3.23,3.36,123300,0
2185.HK,D,20230921,000000,3.36,3.63,3.35,3.37,35100,0
2185.HK,D,20230922,000000,3.31,3.4,3.25,3.39,36200,0
2185.HK,D,20230925,000000,3.39,3.39,3.25,3.26,29700,0
2185.HK,D,20230926,000000,3.26,3.32,3.2,3.23,67200,0
2185.HK,D,20230927,000000,3.32,3.34,3.2,3.2,18500,0
2185.HK,D,20230928,000000,3.21,3.21,3.2,3.21,2100,0
2185.HK,D,20230929,000000,3.21,3.45,3.21,3.21,600,0
2185.HK,D,20231003,000000,3.22,3.22,3.11,3.15,52800,0
2185.HK,D,20231004,000000,3.15,3.15,3.15,3.15,0,0
2185.HK,D,20231005,000000,3.15,3.2,3.01,3.01,21200,0
2185.HK,D,20231006,000000,3.02,3.16,3.02,3.08,21100,0
2185.HK,D,20231009,000000,3.14,3.14,3.13,3.13,12100,0
2185.HK,D,20231010,000000,3.01,3.12,2.8,2.84,191600,0
2185.HK,D,20231011,000000,2.84,3.04,2.82,3.04,93000,0
2185.HK,D,20231012,000000,3.04,3.04,2.82,2.91,39100,0
2185.HK,D,20231013,000000,2.92,2.99,2.9,2.92,26600,0
2185.HK,D,20231016,000000,2.86,2.99,2.85,2.99,6400,0
2185.HK,D,20231017,000000,2.81,2.81,2.8,2.81,500,0
2185.HK,D,20231018,000000,2.8,2.84,2.79,2.8,39200,0
2185.HK,D,20231019,000000,2.69,2.7,2.51,2.61,78400,0
2185.HK,D,20231020,000000,2.54,2.56,2.39,2.41,95000,0
2185.HK,D,20231024,000000,2.4,2.4,2.25,2.4,85700,0
2185.HK,D,20231025,000000,2.41,2.94,2.4,2.76,84100,0
2185.HK,D,20231026,000000,2.76,2.84,2.75,2.75,30500,0
2185.HK,D,20231027,000000,2.72,2.72,2.44,2.6,54800,0
2185.HK,D,20231030,000000,2.7,2.99,2.7,2.92,54400,0
2185.HK,D,20231031,000000,3,3,2.93,2.96,74400,0
2185.HK,D,20231101,000000,2.96,3.04,2.95,2.95,110000,0
2185.HK,D,20231102,000000,3,3.25,3,3.1,86500,0
2185.HK,D,20231103,000000,3.3,3.3,3.19,3.24,133000,0
2185.HK,D,20231106,000000,3.4,3.49,3.3,3.3,63300,0
2185.HK,D,20231107,000000,3.4,3.4,3.26,3.28,124900,0
2185.HK,D,20231108,000000,3.38,4.11,3.38,4.08,782900,0
2185.HK,D,20231109,000000,4.08,4.51,3.71,3.75,274700,0
2185.HK,D,20231110,000000,3.76,3.76,3.4,3.49,127300,0
2185.HK,D,20231113,000000,3.4,3.49,3.4,3.44,24000,0
2185.HK,D,20231114,000000,3.46,3.65,3.45,3.55,16000,0
2185.HK,D,20231115,000000,3.54,3.55,3.43,3.55,32700,0
2185.HK,D,20231116,000000,3.37,3.41,3.36,3.36,12000,0
2185.HK,D,20231117,000000,3.36,3.53,3.18,3.53,18400,0
2185.HK,D,20231120,000000,4.01,4.58,4.01,4.5,1122300,0
2185.HK,D,20231121,000000,4.55,4.55,4.13,4.27,248000,0
2185.HK,D,20231122,000000,4.5,4.5,4.08,4.27,48200,0
2185.HK,D,20231123,000000,4.26,4.35,4.05,4.28,56300,0
2185.HK,D,20231124,000000,4.28,4.28,4.1,4.15,71700,0
2185.HK,D,20231127,000000,4.21,4.56,4.15,4.23,410700,0
2185.HK,D,20231128,000000,4.21,4.21,3.99,4.05,64100,0
2185.HK,D,20231129,000000,4.05,4.05,3.84,3.99,94700,0
2185.HK,D,20231130,000000,4.02,4.23,4,4.05,55700,0
2185.HK,D,20231201,000000,4.04,4.14,4.01,4.02,74200,0
2185.HK,D,20231204,000000,4.02,4.3,3.96,3.96,224200,0
2185.HK,D,20231205,000000,3.98,3.99,3.8,3.8,78800,0
2185.HK,D,20231206,000000,3.8,4.27,3.75,3.77,81500,0
2185.HK,D,20231207,000000,3.77,3.99,3.7,3.93,24900,0
2185.HK,D,20231208,000000,3.93,3.93,3.75,3.78,2800,0
2185.HK,D,20231211,000000,3.6,3.74,3.35,3.49,94900,0
2185.HK,D,20231212,000000,3.67,3.67,3.62,3.65,41600,0
2185.HK,D,20231213,000000,3.66,3.85,3.64,3.65,42900,0
2185.HK,D,20231214,000000,3.66,3.76,3.5,3.65,103600,0
2185.HK,D,20231215,000000,3.65,3.65,3.41,3.43,91100,0
2185.HK,D,20231218,000000,3.39,3.6,3.37,3.6,33300,0
2185.HK,D,20231219,000000,3.5,3.5,3.34,3.4,37300,0
2185.HK,D,20231220,000000,3.52,3.57,3.52,3.54,19800,0
2185.HK,D,20231221,000000,3.55,3.98,3.55,3.6,13200,0
2185.HK,D,20231222,000000,3.58,3.58,3.3,3.35,20700,0
2185.HK,D,20231227,000000,3.41,3.58,3.41,3.54,21500,0
2185.HK,D,20231228,000000,3.55,3.55,3.43,3.55,27500,0
2185.HK,D,20231229,000000,3.54,3.6,3.4,3.42,60500,0
2185.HK,D,20240102,000000,3.42,3.69,3.42,3.42,13300,0
2185.HK,D,20240103,000000,3.64,3.64,3.4,3.5,27600,0
2185.HK,D,20240104,000000,3.55,3.7,3.4,3.6,76300,0
2185.HK,D,20240105,000000,3.6,3.6,3.6,3.6,5000,0
2185.HK,D,20240108,000000,3.45,3.5,3.33,3.45,26400,0
2185.HK,D,20240109,000000,3.32,3.57,3.32,3.53,1400,0
2185.HK,D,20240110,000000,3.32,3.41,3.31,3.32,21600,0
2185.HK,D,20240111,000000,3.36,3.36,3.36,3.36,10000,0
2185.HK,D,20240112,000000,3.34,3.34,3.24,3.29,32900,0
2185.HK,D,20240115,000000,2.97,3.34,2.97,2.97,24000,0
2185.HK,D,20240116,000000,3.08,3.21,3.08,3.18,109700,0
2185.HK,D,20240117,000000,2.99,3.13,2.98,2.99,99100,0
2185.HK,D,20240118,000000,2.85,3.1,2.8,3.06,72000,0
2185.HK,D,20240119,000000,2.99,3.03,2.99,2.99,21200,0
2185.HK,D,20240122,000000,3.22,3.22,2.82,2.82,27100,0
2185.HK,D,20240123,000000,2.82,2.99,2.82,2.96,28300,0
2185.HK,D,20240124,000000,2.96,2.96,2.96,2.96,32100,0
2185.HK,D,20240125,000000,2.99,3.07,2.96,2.99,8200,0
2185.HK,D,20240126,000000,2.9,2.96,2.85,2.9,3700,0
2185.HK,D,20240129,000000,2.87,2.87,2.87,2.87,5000,0
2185.HK,D,20240130,000000,2.87,2.9,2.8,2.83,22400,0
2185.HK,D,20240131,000000,2.83,2.83,2.66,2.74,85000,0
2185.HK,D,20240201,000000,2.74,2.74,2.74,2.74,17500,0
2185.HK,D,20240202,000000,2.74,2.75,2.61,2.61,41400,0
2185.HK,D,20240205,000000,2.6,2.6,2.18,2.29,40770,0
2185.HK,D,20240206,000000,2.29,2.41,2.29,2.41,11496,0
2185.HK,D,20240207,000000,2.39,2.39,2.36,2.38,21100,0
2185.HK,D,20240208,000000,2.5,2.5,2.49,2.5,10000,0
2185.HK,D,20240209,000000,2.5,2.5,2.5,2.5,0,0
2185.HK,D,20240214,000000,2.48,2.48,2.46,2.46,1100,0
2185.HK,D,20240215,000000,2.5,2.5,2.2,2.48,9200,0
2185.HK,D,20240216,000000,2.5,2.54,2.5,2.54,4800,0
2185.HK,D,20240219,000000,2.55,2.55,2.55,2.55,1300,0
2185.HK,D,20240220,000000,2.54,2.54,2.35,2.42,18700,0
2185.HK,D,20240221,000000,2.55,2.55,2.55,2.55,10000,0
2185.HK,D,20240222,000000,2.63,2.9,2.57,2.79,43900,0
2185.HK,D,20240223,000000,2.8,2.8,2.77,2.77,9200,0
2185.HK,D,20240226,000000,2.84,2.85,2.8,2.84,10200,0
2185.HK,D,20240227,000000,2.9,2.93,2.9,2.93,15100,0
2185.HK,D,20240228,000000,3,3,2.95,2.96,21300,0
2185.HK,D,20240229,000000,2.96,2.97,2.63,2.72,5100,0
2185.HK,D,20240301,000000,2.8,2.81,2.8,2.8,6700,0
2185.HK,D,20240304,000000,2.81,2.81,2.78,2.78,11700,0
2185.HK,D,20240305,000000,2.55,2.75,2.55,2.55,4400,0
2185.HK,D,20240306,000000,2.55,2.68,2.32,2.68,11800,0
2185.HK,D,20240307,000000,2.55,2.56,2.55,2.56,100,0
2185.HK,D,20240308,000000,2.56,2.56,2.3,2.43,25400,0
2185.HK,D,20240311,000000,2.8,2.8,2.52,2.8,12900,0
2185.HK,D,20240312,000000,2.8,3.18,2.8,2.82,10600,0
2185.HK,D,20240313,000000,2.82,2.82,2.82,2.82,300,0
2185.HK,D,20240314,000000,2.97,3.05,2.93,2.94,25600,0
2185.HK,D,20240315,000000,2.94,2.94,2.82,2.82,2900,0
2185.HK,D,20240318,000000,2.93,2.93,2.52,2.65,226200,0
2185.HK,D,20240319,000000,2.51,2.51,2.49,2.51,42600,0
2185.HK,D,20240320,000000,2.6,2.6,2.52,2.6,100,0
2185.HK,D,20240321,000000,2.39,2.55,2.38,2.55,51400,0
2185.HK,D,20240322,000000,2.4,2.5,2.4,2.4,58400,0
2185.HK,D,20240325,000000,2.34,2.38,2.3,2.38,12400,0
2185.HK,D,20240326,000000,2.4,2.4,2.4,2.4,10000,0
2185.HK,D,20240327,000000,2.26,2.28,2.26,2.26,142900,0
2185.HK,D,20240328,000000,2.28,2.29,2.26,2.28,10100,0
2185.HK,D,20240402,000000,2.35,2.36,2.34,2.36,31400,0
2185.HK,D,20240403,000000,2.38,2.38,2.35,2.35,38900,0
2185.HK,D,20240405,000000,2.35,2.35,2.35,2.35,0,0
2185.HK,D,20240408,000000,2.35,2.35,2.3,2.35,33000,0
2185.HK,D,20240409,000000,2.3,2.3,2.28,2.29,5700,0
2185.HK,D,20240410,000000,2.29,2.3,2.29,2.3,14300,0
2185.HK,D,20240411,000000,2.15,2.24,2.15,2.24,111100,0
2185.HK,D,20240412,000000,2.3,2.3,2.24,2.24,18900,0
2185.HK,D,20240415,000000,2.16,2.16,2.16,2.16,200,0
2185.HK,D,20240416,000000,2.15,2.17,2.12,2.14,116400,0
2185.HK,D,20240417,000000,2.14,2.14,2.01,2.02,183100,0
2185.HK,D,20240418,000000,2.02,2.02,1.97,1.97,82500,0
2185.HK,D,20240419,000000,1.91,1.91,1.88,1.9,74900,0
2185.HK,D,20240422,000000,1.91,1.91,1.8,1.86,51300,0
2185.HK,D,20240423,000000,1.81,1.93,1.8,1.92,25800,0
2185.HK,D,20240424,000000,1.86,1.94,1.82,1.86,124500,0
2185.HK,D,20240425,000000,1.9,2,1.79,1.95,51200,0
2185.HK,D,20240426,000000,1.97,2.02,1.97,2.02,47900,0
2185.HK,D,20240429,000000,2.06,2.16,1.96,2.15,46800,0
2185.HK,D,20240430,000000,2.2,2.2,2.11,2.11,22700,0
2185.HK,D,20240502,000000,2.06,2.11,2.05,2.06,59400,0
2185.HK,D,20240503,000000,2.06,2.12,2.01,2.1,364200,0
2185.HK,D,20240506,000000,2.1,2.21,2.08,2.12,220600,0
2185.HK,D,20240507,000000,2.18,2.18,2.09,2.18,9100,0
2185.HK,D,20240508,000000,2.18,2.18,2.05,2.05,35600,0
2185.HK,D,20240509,000000,1.95,2.2,1.95,2.2,44500,0
2185.HK,D,20240510,000000,2.14,2.14,2.04,2.14,17100,0
2185.HK,D,20240513,000000,2.13,2.13,2.13,2.13,5000,0
2185.HK,D,20240514,000000,2.13,2.13,2,2,80900,0
2185.HK,D,20240516,000000,2,2.1,1.98,2.07,44100,0
2185.HK,D,20240517,000000,2.07,2.14,2.06,2.08,67000,0
2185.HK,D,20240520,000000,2.2,2.2,2.08,2.08,44000,0
2185.HK,D,20240521,000000,2.1,2.19,2.1,2.1,38600,0
2185.HK,D,20240522,000000,2.15,2.28,2.1,2.15,32800,0
2185.HK,D,20240523,000000,2.01,2.05,2.01,2.04,14900,0
2185.HK,D,20240524,000000,2.01,2.05,2.01,2.05,26500,0
2185.HK,D,20240527,000000,2,2.22,1.98,2.19,37200,0
2185.HK,D,20240528,000000,2.02,2.02,2.02,2.02,5000,0
2185.HK,D,20240529,000000,2,2.17,1.98,2.1,35500,0
2185.HK,D,20240530,000000,1.99,2,1.99,1.99,2100,0
2185.HK,D,20240531,000000,2.09,2.09,1.99,1.99,26300,0
2185.HK,D,20240603,000000,2.09,2.09,2,2.09,3000,0
2185.HK,D,20240604,000000,1.97,1.97,1.9,1.97,29800,0
2185.HK,D,20240605,000000,1.97,2.09,1.95,2.09,9600,0
2185.HK,D,20240606,000000,2,2.08,1.99,1.99,10500,0
2185.HK,D,20240607,000000,2.09,2.09,1.99,2.09,13600,0
2185.HK,D,20240611,000000,2.09,2.09,2.09,2.09,100,0
2185.HK,D,20240612,000000,2.09,2.09,2.07,2.07,12900,0
2185.HK,D,20240613,000000,2.07,2.07,2.07,2.07,0,0
2185.HK,D,20240614,000000,2.07,2.07,2.07,2.07,0,0
2185.HK,D,20240617,000000,2.07,2.07,2.07,2.07,0,0
2185.HK,D,20240618,000000,2.07,2.07,2.07,2.07,0,0
2185.HK,D,20240619,000000,2.07,2.07,2.07,2.07,400,0
2185.HK,D,20240620,000000,2.01,2.01,1.91,1.91,34400,0
2185.HK,D,20240621,000000,1.89,1.91,1.89,1.91,14915,0
2185.HK,D,20240624,000000,1.9,1.9,1.84,1.88,8100,0
2185.HK,D,20240625,000000,1.9,1.92,1.9,1.9,28900,0
2185.HK,D,20240626,000000,1.9,1.9,1.9,1.9,0,0
2185.HK,D,20240627,000000,1.82,1.84,1.75,1.84,14800,0
2185.HK,D,20240628,000000,1.86,1.86,1.86,1.86,1200,0
2185.HK,D,20240702,000000,1.87,1.87,1.87,1.87,5000,0
2185.HK,D,20240703,000000,1.87,1.88,1.87,1.87,8600,0
2185.HK,D,20240704,000000,1.85,1.85,1.85,1.85,30000,0
2185.HK,D,20240705,000000,1.85,1.85,1.73,1.85,20100,0
2185.HK,D,20240708,000000,1.85,1.85,1.7,1.85,73600,0
2185.HK,D,20240709,000000,1.84,1.84,1.84,1.84,7700,0
2185.HK,D,20240710,000000,1.83,1.83,1.83,1.83,300,0
2185.HK,D,20240711,000000,1.83,1.93,1.7,1.93,30600,0
2185.HK,D,20240712,000000,1.93,2,1.88,1.88,23200,0
2185.HK,D,20240715,000000,1.92,1.92,1.8,1.91,66500,0
2185.HK,D,20240716,000000,1.91,1.91,1.91,1.91,0,0
2185.HK,D,20240717,000000,1.9,1.9,1.9,1.9,0,0
2185.HK,D,20240718,000000,1.85,2.13,1.75,1.89,45600,0
2185.HK,D,20240719,000000,1.8,1.85,1.67,1.8,91200,0
2185.HK,D,20240722,000000,1.75,1.75,1.72,1.72,18200,0
2185.HK,D,20240723,000000,1.73,1.74,1.63,1.64,47000,0
2185.HK,D,20240724,000000,1.65,1.65,1.62,1.62,12100,0
2185.HK,D,20240725,000000,1.58,1.6,1.58,1.6,21500,0
2185.HK,D,20240726,000000,1.6,1.6,1.6,1.6,200,0
2185.HK,D,20240729,000000,1.6,1.6,1.6,1.6,5000,0
2185.HK,D,20240730,000000,1.6,1.6,1.6,1.6,0,0
2185.HK,D,20240731,000000,1.52,1.6,1.51,1.55,69800,0
2185.HK,D,20240801,000000,1.55,1.55,1.55,1.55,0,0
2185.HK,D,20240802,000000,1.63,1.64,1.5,1.63,35500,0
2185.HK,D,20240805,000000,1.65,1.65,1.44,1.46,38200,0
2185.HK,D,20240806,000000,1.45,1.56,1.35,1.38,123200,0
2185.HK,D,20240807,000000,1.44,1.55,1.44,1.44,7500,0
2185.HK,D,20240808,000000,1.44,1.45,1.44,1.45,13800,0
2185.HK,D,20240809,000000,1.45,1.45,1.45,1.45,20000,0
2185.HK,D,20240812,000000,1.31,1.39,1.31,1.39,20700,0
2185.HK,D,20240813,000000,1.39,1.39,1.39,1.39,0,0
2185.HK,D,20240814,000000,1.42,1.42,1.4,1.41,24700,0
2185.HK,D,20240815,000000,1.41,1.41,1.41,1.41,17300,0
2185.HK,D,20240816,000000,1.41,1.41,1.4,1.4,78200,0
2185.HK,D,20240819,000000,1.4,1.4,1.4,1.4,0,0
2185.HK,D,20240820,000000,1.36,1.54,1.3,1.54,59800,0
2185.HK,D,20240821,000000,1.52,1.52,1.52,1.52,0,0
2185.HK,D,20240822,000000,1.4,1.59,1.4,1.4,26419,0
2185.HK,D,20240823,000000,1.39,1.39,1.39,1.39,0,0
2185.HK,D,20240826,000000,1.36,1.38,1.26,1.38,68200,0
2185.HK,D,20240827,000000,1.38,1.5,1.26,1.43,85800,0
2185.HK,D,20240828,000000,1.43,1.43,1.43,1.43,0,0
2185.HK,D,20240829,000000,1.4,1.4,1.4,1.4,3000,0
2185.HK,D,20240830,000000,1.32,1.52,1.32,1.5,6900,0
2185.HK,D,20240902,000000,1.5,1.5,1.49,1.49,17600,0
2185.HK,D,20240903,000000,1.49,1.49,1.49,1.49,0,0
2185.HK,D,20240904,000000,1.39,1.43,1.39,1.43,2000,0
2185.HK,D,20240905,000000,1.43,1.43,1.43,1.43,0,0
2185.HK,D,20240909,000000,1.35,1.45,1.34,1.35,11300,0
2185.HK,D,20240910,000000,1.36,1.41,1.36,1.39,20500,0
2185.HK,D,20240911,000000,1.54,1.54,1.37,1.38,8400,0
2185.HK,D,20240912,000000,1.4,1.4,1.4,1.4,200000,0
2185.HK,D,20240913,000000,1.41,1.52,1.41,1.47,111900,0
2185.HK,D,20240916,000000,1.45,1.45,1.45,1.45,1200,0
2185.HK,D,20240917,000000,1.54,1.65,1.54,1.65,128000,0
2185.HK,D,20240919,000000,1.79,1.91,1.59,1.82,72700,0
2185.HK,D,20240920,000000,1.94,1.95,1.8,1.82,38600,0
2185.HK,D,20240923,000000,1.71,1.71,1.71,1.71,28300,0
2185.HK,D,20240924,000000,1.68,1.78,1.68,1.71,23400,0
2185.HK,D,20240925,000000,1.71,1.77,1.71,1.73,46400,0
2185.HK,D,20240926,000000,1.73,1.73,1.73,1.73,3700,0
2185.HK,D,20240927,000000,1.73,1.91,1.7,1.8,23800,0
2185.HK,D,20240930,000000,1.75,1.81,1.7,1.72,118500,0
2185.HK,D,20241002,000000,1.72,2.07,1.58,2.07,450900,0
2185.HK,D,20241003,000000,2.18,2.25,1.8,1.93,188200,0
2185.HK,D,20241004,000000,1.93,2.2,1.9,2.2,212000,0
2185.HK,D,20241007,000000,2.16,2.45,2.16,2.32,408900,0
2185.HK,D,20241008,000000,2.35,2.35,1.81,1.95,90800,0
2185.HK,D,20241009,000000,1.84,1.93,1.8,1.84,83800,0
2185.HK,D,20241010,000000,1.84,1.87,1.77,1.77,9100,0
2185.HK,D,20241014,000000,1.84,1.84,1.76,1.84,4700,0
2185.HK,D,20241015,000000,1.7,1.78,1.63,1.75,130800,0
2185.HK,D,20241016,000000,1.7,1.7,1.65,1.7,42700,0
2185.HK,D,20241017,000000,1.7,1.76,1.65,1.76,45100,0
2185.HK,D,20241018,000000,1.75,1.82,1.66,1.78,27000,0
2185.HK,D,20241021,000000,1.82,1.9,1.72,1.73,38500,0
2185.HK,D,20241022,000000,1.76,1.76,1.66,1.76,72200,0
2185.HK,D,20241023,000000,1.75,1.75,1.67,1.72,13200,0
2185.HK,D,20241024,000000,1.7,1.7,1.7,1.7,0,0
2185.HK,D,20241025,000000,1.77,1.78,1.62,1.77,27800,0
2185.HK,D,20241028,000000,1.88,1.97,1.79,1.93,115200,0
2185.HK,D,20241029,000000,1.93,1.93,1.8,1.93,12400,0
2185.HK,D,20241030,000000,1.93,1.93,1.93,1.93,0,0
2185.HK,D,20241031,000000,2.1,2.1,1.9,1.91,19100,0
2185.HK,D,20241101,000000,1.88,1.91,1.86,1.88,40100,0
2185.HK,D,20241104,000000,1.88,1.99,1.86,1.97,44800,0
2185.HK,D,20241105,000000,1.95,1.97,1.92,1.95,18000,0
2185.HK,D,20241106,000000,1.94,1.94,1.81,1.93,27900,0
2185.HK,D,20241107,000000,2.1,2.15,2,2,25600,0
2185.HK,D,20241108,000000,2,2,2,2,9200,0
2185.HK,D,20241111,000000,1.91,1.92,1.91,1.92,7600,0
2185.HK,D,20241112,000000,1.92,1.92,1.92,1.92,1900,0
2185.HK,D,20241113,000000,1.85,1.85,1.85,1.85,1300,0
2185.HK,D,20241114,000000,1.87,1.87,1.85,1.86,13300,0
2185.HK,D,20241115,000000,1.85,1.85,1.71,1.78,42700,0
2185.HK,D,20241118,000000,1.71,1.71,1.7,1.71,6300,0
2185.HK,D,20241119,000000,1.71,1.74,1.71,1.74,20200,0
2185.HK,D,20241120,000000,1.75,1.8,1.72,1.74,45600,0
2185.HK,D,20241121,000000,1.74,1.74,1.74,1.74,2600,0
2185.HK,D,20241122,000000,1.63,1.68,1.63,1.63,200,0
2185.HK,D,20241125,000000,1.61,1.61,1.46,1.58,145600,0
2185.HK,D,20241126,000000,1.5,1.57,1.5,1.57,10600,0
2185.HK,D,20241127,000000,1.58,1.58,1.53,1.58,15200,0
2185.HK,D,20241128,000000,1.58,1.58,1.58,1.58,0,0
2185.HK,D,20241129,000000,1.55,1.55,1.55,1.55,6200,0
2185.HK,D,20241202,000000,1.68,1.68,1.68,1.68,500,0
2185.HK,D,20241203,000000,1.68,1.68,1.68,1.68,100,0
2185.HK,D,20241204,000000,1.68,1.68,1.68,1.68,300,0
2185.HK,D,20241205,000000,1.68,1.68,1.6,1.68,2800,0
2185.HK,D,20241206,000000,1.69,1.73,1.68,1.72,21400,0
2185.HK,D,20241209,000000,1.66,1.69,1.59,1.66,13200,0
2185.HK,D,20241210,000000,1.6,1.78,1.6,1.78,800,0
2185.HK,D,20241211,000000,1.77,1.77,1.52,1.67,134900,0
2185.HK,D,20241212,000000,1.65,1.66,1.65,1.66,20000,0
2185.HK,D,20241213,000000,1.58,1.66,1.56,1.66,31000,0
2185.HK,D,20241216,000000,1.59,1.6,1.58,1.6,24500,0
2185.HK,D,20241217,000000,1.6,1.6,1.6,1.6,0,0
2185.HK,D,20241218,000000,1.6,1.6,1.6,1.6,5000,0
2185.HK,D,20241219,000000,1.66,1.66,1.6,1.61,400,0
2185.HK,D,20241220,000000,1.61,1.71,1.61,1.71,56100,0
2185.HK,D,20241223,000000,1.71,1.71,1.71,1.71,0,0
2185.HK,D,20241224,000000,1.71,1.71,1.71,1.71,0,0
2185.HK,D,20241227,000000,1.71,1.71,1.56,1.71,23700,0
2185.HK,D,20241230,000000,1.69,1.69,1.69,1.69,0,0
2185.HK,D,20241231,000000,1.64,1.65,1.64,1.64,6600,0
2185.HK,D,20250102,000000,1.6,1.6,1.54,1.56,43100,0
2185.HK,D,20250103,000000,1.77,1.77,1.66,1.66,14300,0
2185.HK,D,20250106,000000,1.66,1.66,1.66,1.66,20000,0
2185.HK,D,20250107,000000,1.55,1.55,1.48,1.55,11800,0
2185.HK,D,20250108,000000,1.55,1.55,1.55,1.55,0,0
2185.HK,D,20250109,000000,1.59,1.59,1.58,1.58,27000,0
2185.HK,D,20250110,000000,1.51,1.52,1.51,1.51,26200,0
2185.HK,D,20250113,000000,1.45,1.64,1.43,1.54,48500,0
2185.HK,D,20250114,000000,1.58,1.61,1.57,1.58,95100,0
2185.HK,D,20250115,000000,1.58,1.58,1.58,1.58,0,0
2185.HK,D,20250116,000000,1.48,1.6,1.48,1.49,60100,0
2185.HK,D,20250117,000000,1.49,1.5,1.45,1.5,53900,0
2185.HK,D,20250120,000000,1.52,1.54,1.52,1.52,4000,0
2185.HK,D,20250121,000000,1.54,1.54,1.5,1.5,12700,0
2185.HK,D,20250122,000000,1.5,1.52,1.5,1.5,2700,0
2185.HK,D,20250123,000000,1.5,1.6,1.48,1.54,12300,0
2185.HK,D,20250124,000000,1.55,1.57,1.55,1.55,25200,0
2185.HK,D,20250127,000000,1.64,1.64,1.64,1.64,19000,0
2185.HK,D,20250128,000000,1.68,1.8,1.68,1.8,15200,0
2185.HK,D,20250203,000000,1.66,1.74,1.65,1.7,12100,0
2185.HK,D,20250204,000000,1.66,1.82,1.52,1.75,39700,0
2185.HK,D,20250205,000000,1.81,1.81,1.66,1.81,500,0
2185.HK,D,20250206,000000,1.81,1.81,1.64,1.71,1700,0
2185.HK,D,20250207,000000,1.75,1.75,1.66,1.71,130600,0
2185.HK,D,20250210,000000,1.66,1.71,1.66,1.68,71000,0
2185.HK,D,20250211,000000,1.69,1.69,1.63,1.65,427300,0
2185.HK,D,20250212,000000,1.65,1.73,1.6,1.73,652800,0
2185.HK,D,20250213,000000,1.75,1.82,1.73,1.82,256000,0
2185.HK,D,20250214,000000,1.81,1.81,1.71,1.8,34100,0
2185.HK,D,20250217,000000,1.86,1.88,1.73,1.81,38400,0
2185.HK,D,20250218,000000,1.76,1.77,1.72,1.72,49500,0
2185.HK,D,20250219,000000,1.73,1.78,1.72,1.76,31500,0
2185.HK,D,20250220,000000,1.84,1.85,1.7,1.84,216200,0
2185.HK,D,20250221,000000,1.8,1.85,1.72,1.8,93800,0
2185.HK,D,20250224,000000,1.72,1.73,1.7,1.73,43500,0
2185.HK,D,20250225,000000,1.73,1.79,1.65,1.79,219700,0
2185.HK,D,20250226,000000,1.9,1.91,1.84,1.9,236500,0
2185.HK,D,20250227,000000,2.08,2.8,1.99,2.04,3729300,0
2185.HK,D,20250228,000000,2,2,1.77,1.77,827700,0
2185.HK,D,20250303,000000,1.8,1.97,1.8,1.86,312200,0
2185.HK,D,20250304,000000,2,2.3,1.99,2.19,958500,0
2185.HK,D,20250305,000000,2.33,2.33,2,2.13,1157900,0
2185.HK,D,20250306,000000,2.15,2.38,2.13,2.3,971200,0
2185.HK,D,20250307,000000,2.3,2.72,2.3,2.65,2147400,0
2185.HK,D,20250310,000000,2.65,2.68,2.41,2.58,826200,0
2185.HK,D,20250311,000000,2.58,2.58,2.47,2.51,499300,0
2185.HK,D,20250312,000000,2.51,2.51,2.42,2.49,318200,0
2185.HK,D,20250313,000000,2.46,2.47,2.31,2.43,431600,0
2185.HK,D,20250314,000000,2.42,2.59,2.42,2.55,329900,0
2185.HK,D,20250317,000000,2.6,3.3,2.6,3.2,800000,0
2185.HK,D,20250318,000000,3.2,3.67,3.05,3.15,1034500,0
2185.HK,D,20250319,000000,3.13,3.2,2.97,3.2,258400,0
2185.HK,D,20250320,000000,3.2,3.21,3.02,3.17,194300,0
2185.HK,D,20250321,000000,3.16,3.21,2.95,2.96,124000,0
2185.HK,D,20250324,000000,2.96,3.09,2.88,3.08,57800,0
2185.HK,D,20250325,000000,2.87,3.07,2.87,2.9,140000,0
2185.HK,D,20250326,000000,2.78,2.95,2.78,2.9,227200,0
2185.HK,D,20250327,000000,2.9,3.04,2.9,2.99,98000,0
2185.HK,D,20250328,000000,3.05,3.05,2.98,2.98,1500,0
2185.HK,D,20250331,000000,2.81,2.81,2.66,2.7,309200,0
2185.HK,D,20250401,000000,2.7,2.85,2.68,2.77,187700,0
2185.HK,D,20250402,000000,2.76,2.76,2.7,2.7,60300,0
2185.HK,D,20250403,000000,2.3,2.7,2.3,2.7,2300,0
2185.HK,D,20250407,000000,2.54,2.56,1.7,1.86,559500,0
2185.HK,D,20250408,000000,1.86,1.9,1.78,1.9,241300,0
2185.HK,D,20250409,000000,1.95,1.95,1.9,1.95,8800,0
2185.HK,D,20250410,000000,2,2.2,1.95,2,48100,0
2185.HK,D,20250411,000000,2.09,2.1,1.99,2.09,200,0
2185.HK,D,20250414,000000,2.09,2.15,1.99,2.15,81000,0
2185.HK,D,20250415,000000,2.19,2.19,2.19,2.19,500,0
2185.HK,D,20250416,000000,2.18,2.18,2.08,2.18,7400,0
2185.HK,D,20250417,000000,2.18,2.18,2.05,2.14,97100,0
