<TICKER>,<PER>,<DATE>,<TIME>,<OPEN>,<HIGH>,<LOW>,<CLOSE>,<VOL>,<OPENINT>
2195.HK,D,20210331,000000,0.4,0.41,0.325,0.33,105215000,0
2195.HK,D,20210401,000000,0.33,0.35,0.33,0.33,7410000,0
2195.HK,D,20210407,000000,0.33,0.335,0.325,0.325,7120000,0
2195.HK,D,20210408,000000,0.325,0.33,0.305,0.305,11090000,0
2195.HK,D,20210409,000000,0.31,0.315,0.29,0.305,10740000,0
2195.HK,D,20210412,000000,0.305,0.305,0.29,0.3,2965000,0
2195.HK,D,20210413,000000,0.3,0.35,0.3,0.34,4205000,0
2195.HK,D,20210414,000000,0.34,0.365,0.32,0.335,7865000,0
2195.HK,D,20210415,000000,0.335,0.335,0.325,0.325,1695000,0
2195.HK,D,20210416,000000,0.335,0.375,0.32,0.375,22715000,0
2195.HK,D,20210419,000000,0.37,0.39,0.35,0.365,6065000,0
2195.HK,D,20210420,000000,0.365,0.43,0.36,0.43,29285000,0
2195.HK,D,20210421,000000,0.425,0.475,0.41,0.45,29540000,0
2195.HK,D,20210422,000000,0.455,0.47,0.375,0.395,14725000,0
2195.HK,D,20210423,000000,0.39,0.435,0.385,0.415,14670000,0
2195.HK,D,20210426,000000,0.415,0.415,0.4,0.41,15995000,0
2195.HK,D,20210427,000000,0.41,0.41,0.38,0.395,8015000,0
2195.HK,D,20210428,000000,0.395,0.44,0.39,0.415,8810000,0
2195.HK,D,20210429,000000,0.415,0.445,0.405,0.42,17085000,0
2195.HK,D,20210430,000000,0.42,0.44,0.405,0.415,6530000,0
2195.HK,D,20210503,000000,0.415,0.51,0.4,0.47,30215000,0
2195.HK,D,20210504,000000,0.47,0.485,0.43,0.46,11730000,0
2195.HK,D,20210505,000000,0.45,0.45,0.42,0.43,5935000,0
2195.HK,D,20210506,000000,0.42,0.435,0.41,0.41,2550000,0
2195.HK,D,20210507,000000,0.415,0.445,0.405,0.44,7770000,0
2195.HK,D,20210510,000000,0.44,0.44,0.41,0.42,7290000,0
2195.HK,D,20210511,000000,0.42,0.42,0.385,0.4,16760000,0
2195.HK,D,20210512,000000,0.4,0.4,0.39,0.4,1325000,0
2195.HK,D,20210513,000000,0.4,0.425,0.38,0.385,4270000,0
2195.HK,D,20210514,000000,0.385,0.395,0.365,0.375,1520000,0
2195.HK,D,20210517,000000,0.375,0.39,0.37,0.37,2555000,0
2195.HK,D,20210518,000000,0.365,0.385,0.365,0.37,1290000,0
2195.HK,D,20210520,000000,0.37,0.39,0.365,0.385,1255000,0
2195.HK,D,20210521,000000,0.385,0.385,0.355,0.375,1350000,0
2195.HK,D,20210524,000000,0.37,0.37,0.36,0.36,6260000,0
2195.HK,D,20210525,000000,0.36,0.375,0.355,0.375,7520000,0
2195.HK,D,20210526,000000,0.375,0.375,0.35,0.36,4815000,0
2195.HK,D,20210527,000000,0.35,0.36,0.345,0.36,790000,0
2195.HK,D,20210528,000000,0.36,0.36,0.335,0.34,1860000,0
2195.HK,D,20210531,000000,0.34,0.36,0.335,0.36,580000,0
2195.HK,D,20210601,000000,0.365,0.38,0.36,0.36,990000,0
2195.HK,D,20210602,000000,0.36,0.365,0.355,0.36,265000,0
2195.HK,D,20210603,000000,0.36,0.36,0.345,0.355,6145000,0
2195.HK,D,20210604,000000,0.355,0.355,0.34,0.35,7885000,0
2195.HK,D,20210607,000000,0.37,0.37,0.34,0.35,3570000,0
2195.HK,D,20210608,000000,0.34,0.345,0.335,0.34,835000,0
2195.HK,D,20210609,000000,0.335,0.355,0.335,0.35,930000,0
2195.HK,D,20210610,000000,0.34,0.405,0.34,0.37,1985000,0
2195.HK,D,20210611,000000,0.37,0.375,0.355,0.365,525000,0
2195.HK,D,20210615,000000,0.36,0.375,0.36,0.375,365000,0
2195.HK,D,20210616,000000,0.37,0.37,0.36,0.36,170000,0
2195.HK,D,20210617,000000,0.36,0.405,0.36,0.395,24705000,0
2195.HK,D,20210618,000000,0.395,0.425,0.38,0.415,3855000,0
2195.HK,D,20210621,000000,0.41,0.435,0.39,0.42,24850000,0
2195.HK,D,20210622,000000,0.415,0.46,0.415,0.45,13735000,0
2195.HK,D,20210623,000000,0.45,0.47,0.42,0.44,3890000,0
2195.HK,D,20210624,000000,0.44,0.445,0.425,0.43,1275000,0
2195.HK,D,20210625,000000,0.44,0.44,0.405,0.405,1635000,0
2195.HK,D,20210628,000000,0.4,0.41,0.385,0.41,4350000,0
2195.HK,D,20210629,000000,0.41,0.46,0.4,0.43,6035000,0
2195.HK,D,20210630,000000,0.42,0.435,0.42,0.425,775000,0
2195.HK,D,20210702,000000,0.42,0.43,0.42,0.425,670000,0
2195.HK,D,20210705,000000,0.425,0.455,0.425,0.43,2325000,0
2195.HK,D,20210706,000000,0.43,0.43,0.42,0.425,655000,0
2195.HK,D,20210707,000000,0.425,0.425,0.41,0.42,435000,0
2195.HK,D,20210708,000000,0.415,0.42,0.39,0.395,2285000,0
2195.HK,D,20210709,000000,0.39,0.4,0.38,0.385,1290000,0
2195.HK,D,20210712,000000,0.395,0.42,0.39,0.4,750000,0
2195.HK,D,20210713,000000,0.395,0.41,0.39,0.41,545000,0
2195.HK,D,20210714,000000,0.395,0.41,0.39,0.395,285000,0
2195.HK,D,20210715,000000,0.39,0.395,0.385,0.395,375000,0
2195.HK,D,20210716,000000,0.395,0.395,0.39,0.395,440000,0
2195.HK,D,20210719,000000,0.395,0.395,0.39,0.39,640000,0
2195.HK,D,20210720,000000,0.38,0.39,0.375,0.39,625000,0
2195.HK,D,20210721,000000,0.38,0.41,0.375,0.4,710000,0
2195.HK,D,20210722,000000,0.4,0.4,0.39,0.39,675000,0
2195.HK,D,20210723,000000,0.39,0.41,0.385,0.395,550000,0
2195.HK,D,20210726,000000,0.395,0.4,0.375,0.395,1025000,0
2195.HK,D,20210727,000000,0.38,0.38,0.37,0.38,970000,0
2195.HK,D,20210728,000000,0.365,0.385,0.36,0.37,1080000,0
2195.HK,D,20210729,000000,0.37,0.42,0.37,0.41,2705000,0
2195.HK,D,20210730,000000,0.41,0.425,0.38,0.4,2465000,0
2195.HK,D,20210802,000000,0.4,0.42,0.4,0.415,905000,0
2195.HK,D,20210803,000000,0.405,0.41,0.395,0.41,245000,0
2195.HK,D,20210804,000000,0.415,0.415,0.395,0.405,365000,0
2195.HK,D,20210805,000000,0.415,0.425,0.395,0.4,1365000,0
2195.HK,D,20210806,000000,0.4,0.4,0.38,0.39,955000,0
2195.HK,D,20210809,000000,0.385,0.395,0.385,0.395,505000,0
2195.HK,D,20210810,000000,0.385,0.395,0.38,0.395,805000,0
2195.HK,D,20210811,000000,0.385,0.395,0.38,0.385,1505000,0
2195.HK,D,20210812,000000,0.385,0.405,0.375,0.395,21395000,0
2195.HK,D,20210813,000000,0.395,0.48,0.385,0.48,25420000,0
2195.HK,D,20210816,000000,0.48,0.53,0.45,0.48,40880000,0
2195.HK,D,20210817,000000,0.48,0.55,0.47,0.495,31395000,0
2195.HK,D,20210818,000000,0.495,0.52,0.47,0.495,30110000,0
2195.HK,D,20210819,000000,0.5,0.53,0.495,0.5,18440000,0
2195.HK,D,20210820,000000,0.51,0.52,0.455,0.485,16755000,0
2195.HK,D,20210823,000000,0.485,0.485,0.47,0.485,2445000,0
2195.HK,D,20210824,000000,0.49,0.5,0.465,0.47,18515000,0
2195.HK,D,20210825,000000,0.465,0.47,0.42,0.43,4495000,0
2195.HK,D,20210826,000000,0.42,0.445,0.42,0.43,675000,0
2195.HK,D,20210827,000000,0.43,0.44,0.43,0.435,245000,0
2195.HK,D,20210830,000000,0.445,0.445,0.425,0.43,1590000,0
2195.HK,D,20210831,000000,0.43,0.445,0.425,0.43,12250000,0
2195.HK,D,20210901,000000,0.43,0.43,0.42,0.42,930000,0
2195.HK,D,20210902,000000,0.42,0.44,0.405,0.42,940000,0
2195.HK,D,20210903,000000,0.42,0.42,0.405,0.41,970000,0
2195.HK,D,20210906,000000,0.405,0.41,0.405,0.41,965000,0
2195.HK,D,20210907,000000,0.41,0.42,0.4,0.41,1690000,0
2195.HK,D,20210908,000000,0.41,0.42,0.4,0.415,735000,0
2195.HK,D,20210909,000000,0.415,0.42,0.405,0.405,960000,0
2195.HK,D,20210910,000000,0.405,0.41,0.395,0.4,965000,0
2195.HK,D,20210913,000000,0.395,0.405,0.385,0.4,630000,0
2195.HK,D,20210914,000000,0.395,0.395,0.385,0.395,785000,0
2195.HK,D,20210915,000000,0.385,0.395,0.385,0.395,215000,0
2195.HK,D,20210916,000000,0.39,0.39,0.38,0.38,1275000,0
2195.HK,D,20210917,000000,0.38,0.38,0.37,0.38,825000,0
2195.HK,D,20210920,000000,0.38,0.385,0.365,0.37,595000,0
2195.HK,D,20210921,000000,0.385,0.385,0.37,0.37,255000,0
2195.HK,D,20210923,000000,0.37,0.375,0.36,0.37,1015000,0
2195.HK,D,20210924,000000,0.365,0.38,0.365,0.375,310000,0
2195.HK,D,20210927,000000,0.37,0.385,0.37,0.37,650000,0
2195.HK,D,20210928,000000,0.37,0.37,0.365,0.37,70000,0
2195.HK,D,20210929,000000,0.365,0.37,0.365,0.365,155000,0
2195.HK,D,20210930,000000,0.355,0.385,0.355,0.37,155000,0
2195.HK,D,20211004,000000,0.38,0.38,0.375,0.375,55000,0
2195.HK,D,20211005,000000,0.37,0.37,0.365,0.37,70000,0
2195.HK,D,20211006,000000,0.365,0.365,0.365,0.365,125000,0
2195.HK,D,20211007,000000,0.365,0.365,0.365,0.365,110000,0
2195.HK,D,20211008,000000,0.365,0.375,0.365,0.37,145000,0
2195.HK,D,20211011,000000,0.375,0.41,0.375,0.385,1225000,0
2195.HK,D,20211012,000000,0.39,0.39,0.38,0.385,120000,0
2195.HK,D,20211015,000000,0.38,0.39,0.38,0.38,370000,0
2195.HK,D,20211018,000000,0.38,0.39,0.38,0.38,85000,0
2195.HK,D,20211019,000000,0.375,0.385,0.37,0.37,150000,0
2195.HK,D,20211020,000000,0.37,0.38,0.37,0.38,190000,0
2195.HK,D,20211021,000000,0.38,0.38,0.37,0.37,355000,0
2195.HK,D,20211022,000000,0.375,0.385,0.375,0.385,345000,0
2195.HK,D,20211025,000000,0.38,0.385,0.375,0.38,230000,0
2195.HK,D,20211026,000000,0.375,0.38,0.365,0.365,985000,0
2195.HK,D,20211027,000000,0.365,0.37,0.36,0.36,990000,0
2195.HK,D,20211028,000000,0.36,0.36,0.345,0.345,660000,0
2195.HK,D,20211029,000000,0.345,0.375,0.33,0.375,2435000,0
2195.HK,D,20211101,000000,0.375,0.375,0.365,0.365,225000,0
2195.HK,D,20211102,000000,0.365,0.365,0.365,0.365,110000,0
2195.HK,D,20211103,000000,0.35,0.355,0.35,0.35,195000,0
2195.HK,D,20211104,000000,0.345,0.35,0.34,0.345,270000,0
2195.HK,D,20211105,000000,0.34,0.35,0.34,0.35,110000,0
2195.HK,D,20211108,000000,0.345,0.37,0.345,0.355,845000,0
2195.HK,D,20211109,000000,0.35,0.35,0.34,0.345,90000,0
2195.HK,D,20211110,000000,0.34,0.34,0.34,0.34,15000,0
2195.HK,D,20211111,000000,0.34,0.345,0.34,0.345,10000,0
2195.HK,D,20211112,000000,0.34,0.345,0.33,0.345,515000,0
2195.HK,D,20211115,000000,0.335,0.35,0.335,0.34,1005000,0
2195.HK,D,20211116,000000,0.335,0.345,0.335,0.34,410000,0
2195.HK,D,20211117,000000,0.355,0.355,0.34,0.34,40000,0
2195.HK,D,20211118,000000,0.355,0.355,0.355,0.355,135000,0
2195.HK,D,20211119,000000,0.35,0.35,0.35,0.35,40000,0
2195.HK,D,20211122,000000,0.345,0.355,0.335,0.355,4535000,0
2195.HK,D,20211123,000000,0.405,0.415,0.35,0.405,18765000,0
2195.HK,D,20211124,000000,0.41,0.42,0.385,0.39,2050000,0
2195.HK,D,20211125,000000,0.39,0.4,0.38,0.395,415000,0
2195.HK,D,20211126,000000,0.395,0.405,0.37,0.395,22050000,0
2195.HK,D,20211129,000000,0.405,0.41,0.39,0.4,150000,0
2195.HK,D,20211130,000000,0.4,0.4,0.385,0.385,205000,0
2195.HK,D,20211201,000000,0.385,0.4,0.385,0.395,255000,0
2195.HK,D,20211202,000000,0.395,0.395,0.37,0.39,100000,0
2195.HK,D,20211203,000000,0.37,0.39,0.36,0.385,665000,0
2195.HK,D,20211206,000000,0.37,0.37,0.37,0.37,10000,0
2195.HK,D,20211207,000000,0.37,0.385,0.36,0.36,925000,0
2195.HK,D,20211208,000000,0.36,0.38,0.36,0.38,180000,0
2195.HK,D,20211209,000000,0.375,0.38,0.355,0.375,14815000,0
2195.HK,D,20211210,000000,0.365,0.375,0.355,0.37,7400000,0
2195.HK,D,20211213,000000,0.375,0.38,0.37,0.375,4785000,0
2195.HK,D,20211214,000000,0.375,0.385,0.37,0.38,225000,0
2195.HK,D,20211215,000000,0.375,0.38,0.37,0.38,380000,0
2195.HK,D,20211216,000000,0.38,0.38,0.37,0.375,360000,0
2195.HK,D,20211217,000000,0.37,0.375,0.36,0.37,470000,0
2195.HK,D,20211220,000000,0.37,0.37,0.35,0.355,505000,0
2195.HK,D,20211221,000000,0.345,0.36,0.34,0.355,485000,0
2195.HK,D,20211222,000000,0.355,0.365,0.355,0.365,250000,0
2195.HK,D,20211223,000000,0.355,0.39,0.355,0.38,1225000,0
2195.HK,D,20211224,000000,0.39,0.39,0.39,0.39,5000,0
2195.HK,D,20211228,000000,0.38,0.38,0.355,0.37,640000,0
2195.HK,D,20211229,000000,0.365,0.39,0.355,0.36,10390000,0
2195.HK,D,20211230,000000,0.36,0.365,0.355,0.365,20000,0
2195.HK,D,20211231,000000,0.365,0.37,0.36,0.37,60000,0
2195.HK,D,20220103,000000,0.36,0.365,0.34,0.36,265000,0
2195.HK,D,20220104,000000,0.365,0.365,0.35,0.355,300000,0
2195.HK,D,20220105,000000,0.36,0.365,0.335,0.335,835000,0
2195.HK,D,20220106,000000,0.335,0.35,0.33,0.345,745000,0
2195.HK,D,20220107,000000,0.34,0.345,0.34,0.345,35000,0
2195.HK,D,20220110,000000,0.34,0.355,0.34,0.35,450000,0
2195.HK,D,20220111,000000,0.34,0.345,0.33,0.34,310000,0
2195.HK,D,20220112,000000,0.33,0.345,0.33,0.34,855000,0
2195.HK,D,20220113,000000,0.325,0.35,0.325,0.335,975000,0
2195.HK,D,20220114,000000,0.335,0.34,0.33,0.335,265000,0
2195.HK,D,20220117,000000,0.335,0.335,0.32,0.33,365000,0
2195.HK,D,20220118,000000,0.33,0.33,0.33,0.33,0,0
2195.HK,D,20220119,000000,0.325,0.34,0.325,0.33,13945000,0
2195.HK,D,20220120,000000,0.33,0.34,0.32,0.33,535000,0
2195.HK,D,20220121,000000,0.33,0.33,0.32,0.32,5675000,0
2195.HK,D,20220124,000000,0.32,0.335,0.31,0.325,485000,0
2195.HK,D,20220125,000000,0.32,0.325,0.31,0.32,440000,0
2195.HK,D,20220126,000000,0.32,0.33,0.315,0.33,635000,0
2195.HK,D,20220127,000000,0.315,0.325,0.31,0.315,5765000,0
2195.HK,D,20220128,000000,0.31,0.315,0.31,0.31,295000,0
2195.HK,D,20220131,000000,0.31,0.315,0.31,0.315,45000,0
2195.HK,D,20220204,000000,0.305,0.305,0.3,0.305,410000,0
2195.HK,D,20220207,000000,0.305,0.31,0.305,0.305,250000,0
2195.HK,D,20220208,000000,0.305,0.315,0.3,0.305,1150000,0
2195.HK,D,20220209,000000,0.305,0.31,0.3,0.3,225000,0
2195.HK,D,20220210,000000,0.3,0.33,0.275,0.32,1640000,0
2195.HK,D,20220211,000000,0.305,0.32,0.305,0.315,10130000,0
2195.HK,D,20220214,000000,0.315,0.315,0.315,0.315,65000,0
2195.HK,D,20220215,000000,0.315,0.32,0.315,0.32,10000,0
2195.HK,D,20220216,000000,0.32,0.33,0.32,0.325,100000,0
2195.HK,D,20220217,000000,0.325,0.325,0.315,0.315,205000,0
2195.HK,D,20220218,000000,0.32,0.32,0.3,0.305,2060000,0
2195.HK,D,20220221,000000,0.295,0.305,0.295,0.305,35000,0
2195.HK,D,20220222,000000,0.3,0.31,0.285,0.3,2365000,0
2195.HK,D,20220223,000000,0.295,0.295,0.295,0.295,0,0
2195.HK,D,20220224,000000,0.285,0.29,0.285,0.285,110000,0
2195.HK,D,20220225,000000,0.3,0.3,0.285,0.3,4200000,0
2195.HK,D,20220228,000000,0.3,0.3,0.3,0.3,85000,0
2195.HK,D,20220301,000000,0.3,0.3,0.3,0.3,525000,0
2195.HK,D,20220302,000000,0.285,0.3,0.285,0.295,160000,0
2195.HK,D,20220303,000000,0.295,0.31,0.295,0.31,190000,0
2195.HK,D,20220304,000000,0.31,0.31,0.295,0.31,40000,0
2195.HK,D,20220307,000000,0.295,0.31,0.285,0.295,685000,0
2195.HK,D,20220308,000000,0.29,0.31,0.29,0.3,190000,0
2195.HK,D,20220309,000000,0.295,0.295,0.295,0.295,15000,0
2195.HK,D,20220310,000000,0.31,0.32,0.295,0.31,22690000,0
2195.HK,D,20220311,000000,0.3,0.31,0.295,0.31,20525000,0
2195.HK,D,20220314,000000,0.3,0.3,0.285,0.295,1115000,0
2195.HK,D,20220315,000000,0.275,0.305,0.275,0.295,1760000,0
2195.HK,D,20220316,000000,0.285,0.34,0.285,0.315,6795000,0
2195.HK,D,20220317,000000,0.315,0.37,0.315,0.35,1670000,0
2195.HK,D,20220318,000000,0.36,0.36,0.335,0.335,7615000,0
2195.HK,D,20220321,000000,0.36,0.36,0.345,0.345,195000,0
2195.HK,D,20220322,000000,0.345,0.345,0.345,0.345,10000,0
2195.HK,D,20220323,000000,0.345,0.37,0.345,0.36,75000,0
2195.HK,D,20220324,000000,0.36,0.37,0.36,0.36,20000,0
2195.HK,D,20220325,000000,0.345,0.345,0.325,0.345,65000,0
2195.HK,D,20220328,000000,0.345,0.345,0.325,0.34,370000,0
2195.HK,D,20220329,000000,0.335,0.355,0.335,0.35,185000,0
2195.HK,D,20220330,000000,0.335,0.345,0.325,0.335,20155000,0
2195.HK,D,20220331,000000,0.375,0.375,0.36,0.365,1860000,0
2195.HK,D,20220401,000000,0.36,0.36,0.335,0.355,275000,0
2195.HK,D,20220404,000000,0.35,0.395,0.34,0.39,4815000,0
2195.HK,D,20220406,000000,0.39,0.435,0.39,0.435,3430000,0
2195.HK,D,20220407,000000,0.43,0.43,0.41,0.42,905000,0
2195.HK,D,20220408,000000,0.42,0.425,0.4,0.4,875000,0
2195.HK,D,20220411,000000,0.415,0.415,0.4,0.415,40000,0
2195.HK,D,20220412,000000,0.405,0.415,0.385,0.415,1105000,0
2195.HK,D,20220413,000000,0.42,0.48,0.41,0.47,61775000,0
2195.HK,D,20220414,000000,0.475,0.5,0.465,0.485,48705000,0
2195.HK,D,20220419,000000,0.48,0.52,0.48,0.52,20125000,0
2195.HK,D,20220420,000000,0.52,0.57,0.495,0.52,17075000,0
2195.HK,D,20220421,000000,0.52,0.55,0.52,0.54,7060000,0
2195.HK,D,20220422,000000,0.53,0.72,0.53,0.72,28395000,0
2195.HK,D,20220425,000000,0.7,0.75,0.66,0.71,8450000,0
2195.HK,D,20220426,000000,0.71,0.71,0.52,0.59,11020000,0
2195.HK,D,20220427,000000,0.58,0.67,0.53,0.59,6070000,0
2195.HK,D,20220428,000000,0.59,0.65,0.59,0.62,3990000,0
2195.HK,D,20220429,000000,0.62,0.7,0.62,0.67,7575000,0
2195.HK,D,20220503,000000,0.67,0.73,0.66,0.72,4700000,0
2195.HK,D,20220504,000000,0.73,0.78,0.66,0.74,9990000,0
2195.HK,D,20220505,000000,0.76,0.87,0.74,0.86,7070000,0
2195.HK,D,20220506,000000,0.82,0.95,0.82,0.86,4224400,0
2195.HK,D,20220510,000000,0.82,0.94,0.79,0.89,8595000,0
2195.HK,D,20220511,000000,0.89,0.92,0.89,0.9,2345000,0
2195.HK,D,20220512,000000,0.9,0.92,0.84,0.84,3130000,0
2195.HK,D,20220513,000000,0.82,0.94,0.82,0.94,10000000,0
2195.HK,D,20220516,000000,0.94,0.99,0.9,0.98,3215000,0
2195.HK,D,20220517,000000,1,1.01,0.93,0.95,1865000,0
2195.HK,D,20220518,000000,0.95,0.97,0.9,0.93,2540000,0
2195.HK,D,20220519,000000,0.93,0.95,0.86,0.9,12470000,0
2195.HK,D,20220520,000000,0.88,0.91,0.83,0.88,11020000,0
2195.HK,D,20220523,000000,0.89,0.92,0.86,0.91,15875000,0
2195.HK,D,20220524,000000,0.92,0.93,0.88,0.89,21210000,0
2195.HK,D,20220525,000000,0.89,0.91,0.87,0.9,5210000,0
2195.HK,D,20220526,000000,0.9,1,0.9,0.99,17890000,0
2195.HK,D,20220527,000000,0.98,1.07,0.96,1.05,14195000,0
2195.HK,D,20220530,000000,1.03,1.04,0.91,0.95,27990000,0
2195.HK,D,20220531,000000,0.93,0.93,0.83,0.93,44650000,0
2195.HK,D,20220601,000000,0.93,0.95,0.87,0.91,75220000,0
2195.HK,D,20220602,000000,0.9,0.92,0.89,0.92,53205000,0
2195.HK,D,20220606,000000,0.88,0.93,0.81,0.92,23200000,0
2195.HK,D,20220607,000000,0.92,0.95,0.89,0.91,27575000,0
2195.HK,D,20220608,000000,0.91,0.96,0.89,0.93,47075000,0
2195.HK,D,20220609,000000,0.94,1.17,0.94,1.02,24220000,0
2195.HK,D,20220610,000000,1.02,1.02,0.93,0.97,19505000,0
2195.HK,D,20220613,000000,0.97,1.05,0.95,1,24905000,0
2195.HK,D,20220614,000000,0.99,1.02,0.97,0.98,35185000,0
2195.HK,D,20220615,000000,0.95,1.11,0.93,1.1,47155000,0
2195.HK,D,20220616,000000,1.11,1.17,1.07,1.17,18985000,0
2195.HK,D,20220617,000000,1.1,1.18,1.05,1.11,28605000,0
2195.HK,D,20220620,000000,1.11,1.11,1.05,1.07,3175000,0
2195.HK,D,20220621,000000,1.08,1.08,0.95,0.97,9895000,0
2195.HK,D,20220622,000000,0.95,1,0.94,0.97,1860000,0
2195.HK,D,20220623,000000,0.95,0.99,0.93,0.95,8525000,0
2195.HK,D,20220624,000000,0.97,1.06,0.97,1.04,3570000,0
2195.HK,D,20220627,000000,1.01,1.04,1,1.02,84825000,0
2195.HK,D,20220628,000000,1.02,1.05,0.98,1,5360000,0
2195.HK,D,20220629,000000,1,1.03,0.96,0.98,15910000,0
2195.HK,D,20220630,000000,0.99,0.99,0.94,0.95,39290000,0
2195.HK,D,20220704,000000,0.94,0.99,0.91,0.95,1955000,0
2195.HK,D,20220705,000000,0.96,0.98,0.94,0.96,280000,0
2195.HK,D,20220706,000000,0.98,0.98,0.93,0.98,1510000,0
2195.HK,D,20220707,000000,0.97,0.99,0.95,0.96,2195000,0
2195.HK,D,20220708,000000,0.96,0.97,0.94,0.96,3355000,0
2195.HK,D,20220711,000000,0.95,0.98,0.93,0.95,260000,0
2195.HK,D,20220712,000000,0.94,0.96,0.93,0.93,15995000,0
2195.HK,D,20220713,000000,0.93,0.95,0.92,0.93,6480000,0
2195.HK,D,20220714,000000,0.93,0.96,0.93,0.93,145000,0
2195.HK,D,20220715,000000,0.92,0.95,0.91,0.92,5930000,0
2195.HK,D,20220718,000000,0.92,0.95,0.91,0.92,4695000,0
2195.HK,D,20220719,000000,0.93,0.93,0.88,0.9,3945000,0
2195.HK,D,20220720,000000,0.89,0.93,0.89,0.89,9765000,0
2195.HK,D,20220721,000000,0.9,0.91,0.86,0.9,485000,0
2195.HK,D,20220722,000000,0.88,0.93,0.88,0.93,14000000,0
2195.HK,D,20220725,000000,0.93,0.93,0.9,0.9,985000,0
2195.HK,D,20220726,000000,0.9,0.95,0.87,0.9,555000,0
2195.HK,D,20220727,000000,0.9,0.9,0.85,0.9,335000,0
2195.HK,D,20220728,000000,0.9,0.91,0.89,0.9,9700000,0
2195.HK,D,20220729,000000,0.9,0.95,0.88,0.93,30390000,0
2195.HK,D,20220801,000000,0.93,0.96,0.92,0.94,2030000,0
2195.HK,D,20220802,000000,0.89,0.93,0.87,0.93,385000,0
2195.HK,D,20220803,000000,0.9,0.95,0.9,0.94,1675000,0
2195.HK,D,20220804,000000,0.94,1.05,0.94,1.05,4330000,0
2195.HK,D,20220805,000000,1,1.07,1,1,960000,0
2195.HK,D,20220808,000000,0.99,1.05,0.98,1,4335000,0
2195.HK,D,20220809,000000,0.98,1.05,0.98,1.05,4730000,0
2195.HK,D,20220810,000000,1.02,1.05,1.01,1.03,2925000,0
2195.HK,D,20220811,000000,1.03,1.05,1.03,1.03,1065000,0
2195.HK,D,20220812,000000,1.03,1.09,1.02,1.02,3045000,0
2195.HK,D,20220815,000000,1.02,1.06,1.02,1.03,3545000,0
2195.HK,D,20220816,000000,1.04,1.05,1.02,1.05,17035000,0
2195.HK,D,20220817,000000,1.06,1.13,1.05,1.13,11880000,0
2195.HK,D,20220818,000000,1.15,1.16,1.1,1.1,3465000,0
2195.HK,D,20220819,000000,1.1,1.16,1.1,1.16,4010000,0
2195.HK,D,20220822,000000,1.17,1.22,1.15,1.21,1305000,0
2195.HK,D,20220823,000000,1.22,1.27,1.22,1.25,1390000,0
2195.HK,D,20220824,000000,1.25,1.25,1.16,1.18,775000,0
2195.HK,D,20220825,000000,1.17,1.22,1.17,1.21,540000,0
2195.HK,D,20220826,000000,1.21,1.23,1.18,1.2,1020000,0
2195.HK,D,20220829,000000,1.13,1.2,1.11,1.18,1200000,0
2195.HK,D,20220830,000000,1.16,1.17,1.09,1.16,715000,0
2195.HK,D,20220831,000000,1.13,1.13,1.09,1.13,5415000,0
2195.HK,D,20220901,000000,1.14,1.14,1.08,1.08,17035000,0
2195.HK,D,20220902,000000,1.07,1.12,1.07,1.07,920000,0
2195.HK,D,20220905,000000,1.08,1.11,1.04,1.06,9235000,0
2195.HK,D,20220906,000000,1.11,1.14,1.05,1.06,4100000,0
2195.HK,D,20220907,000000,1.05,1.08,1.04,1.05,2525000,0
2195.HK,D,20220908,000000,1.05,1.08,1.05,1.06,610000,0
2195.HK,D,20220909,000000,1.06,1.1,1.06,1.08,280000,0
2195.HK,D,20220913,000000,1.07,1.07,1.04,1.07,210000,0
2195.HK,D,20220914,000000,1.03,1.06,1.02,1.04,6905000,0
2195.HK,D,20220915,000000,1.03,1.06,1.02,1.05,5130000,0
2195.HK,D,20220916,000000,1.05,1.15,1.05,1.11,20740000,0
2195.HK,D,20220919,000000,1.11,1.16,1.09,1.1,12570000,0
2195.HK,D,20220920,000000,1.1,1.11,1.03,1.05,7825000,0
2195.HK,D,20220921,000000,1.05,1.07,1.01,1.06,9330000,0
2195.HK,D,20220922,000000,1.06,1.16,1.06,1.16,6865000,0
2195.HK,D,20220923,000000,1.16,1.2,1.12,1.13,5735000,0
2195.HK,D,20220926,000000,1.13,1.16,1.06,1.13,3105000,0
2195.HK,D,20220927,000000,1.1,1.16,1.04,1.15,13235000,0
2195.HK,D,20220928,000000,1.11,1.18,1.08,1.17,28800000,0
2195.HK,D,20220929,000000,1.16,1.26,0.185,0.25,219515000,0
2195.HK,D,20220930,000000,0.255,0.33,0.214,0.3,105795000,0
2195.HK,D,20221003,000000,0.3,0.43,0.295,0.37,34410000,0
2195.HK,D,20221005,000000,0.375,0.38,0.29,0.3,39800000,0
2195.HK,D,20221006,000000,0.3,0.3,0.27,0.285,15925000,0
2195.HK,D,20221007,000000,0.29,0.29,0.27,0.285,4960000,0
2195.HK,D,20221010,000000,0.285,0.34,0.255,0.27,21690000,0
2195.HK,D,20221011,000000,0.26,0.27,0.255,0.26,13555000,0
2195.HK,D,20221012,000000,0.25,0.27,0.245,0.27,15032600,0
2195.HK,D,20221013,000000,0.27,0.27,0.24,0.255,2985000,0
2195.HK,D,20221014,000000,0.265,0.27,0.245,0.245,3600000,0
2195.HK,D,20221017,000000,0.22,0.249,0.22,0.243,4660000,0
2195.HK,D,20221018,000000,0.244,0.25,0.233,0.245,12240000,0
2195.HK,D,20221019,000000,0.243,0.25,0.241,0.248,585000,0
2195.HK,D,20221020,000000,0.235,0.247,0.231,0.235,1785000,0
2195.HK,D,20221021,000000,0.235,0.239,0.23,0.236,3515000,0
2195.HK,D,20221024,000000,0.23,0.231,0.219,0.22,1570000,0
2195.HK,D,20221025,000000,0.22,0.221,0.207,0.215,1710000,0
2195.HK,D,20221026,000000,0.212,0.212,0.19,0.199,2635000,0
2195.HK,D,20221027,000000,0.182,0.197,0.18,0.195,7220000,0
2195.HK,D,20221028,000000,0.199,0.2,0.18,0.199,15280000,0
2195.HK,D,20221031,000000,0.199,0.199,0.187,0.187,235000,0
2195.HK,D,20221101,000000,0.186,0.201,0.179,0.2,7730000,0
2195.HK,D,20221102,000000,0.199,0.205,0.19,0.205,465000,0
2195.HK,D,20221103,000000,0.201,0.209,0.2,0.204,795000,0
2195.HK,D,20221104,000000,0.204,0.205,0.2,0.205,530000,0
2195.HK,D,20221107,000000,0.205,0.21,0.199,0.21,1005000,0
2195.HK,D,20221108,000000,0.21,0.21,0.205,0.206,195000,0
2195.HK,D,20221109,000000,0.206,0.21,0.203,0.209,250000,0
2195.HK,D,20221110,000000,0.204,0.207,0.204,0.204,140000,0
2195.HK,D,20221111,000000,0.187,0.204,0.187,0.201,1905000,0
2195.HK,D,20221114,000000,0.195,0.2,0.19,0.198,12215000,0
2195.HK,D,20221115,000000,0.2,0.22,0.2,0.205,14410000,0
2195.HK,D,20221116,000000,0.2,0.205,0.2,0.2,535000,0
2195.HK,D,20221117,000000,0.2,0.202,0.191,0.202,350000,0
2195.HK,D,20221118,000000,0.2,0.2,0.196,0.198,190000,0
2195.HK,D,20221121,000000,0.198,0.2,0.195,0.198,215000,0
2195.HK,D,20221122,000000,0.191,0.193,0.19,0.19,210000,0
2195.HK,D,20221123,000000,0.189,0.19,0.186,0.186,145000,0
2195.HK,D,20221124,000000,0.186,0.186,0.185,0.186,130000,0
2195.HK,D,20221125,000000,0.186,0.186,0.18,0.18,205000,0
2195.HK,D,20221128,000000,0.174,0.18,0.173,0.18,200000,0
2195.HK,D,20221129,000000,0.181,0.185,0.175,0.18,240000,0
2195.HK,D,20221130,000000,0.171,0.175,0.17,0.175,470000,0
2195.HK,D,20221201,000000,0.174,0.174,0.16,0.16,920000,0
2195.HK,D,20221202,000000,0.16,0.17,0.159,0.17,385000,0
2195.HK,D,20221205,000000,0.171,0.171,0.161,0.165,165000,0
2195.HK,D,20221206,000000,0.165,0.165,0.159,0.159,3980000,0
2195.HK,D,20221207,000000,0.161,0.167,0.161,0.163,240000,0
2195.HK,D,20221208,000000,0.163,0.199,0.162,0.19,15190000,0
2195.HK,D,20221209,000000,0.199,0.199,0.19,0.19,150000,0
2195.HK,D,20221212,000000,0.19,0.19,0.185,0.185,65000,0
2195.HK,D,20221213,000000,0.185,0.202,0.185,0.196,325000,0
2195.HK,D,20221214,000000,0.2,0.2,0.196,0.196,80000,0
2195.HK,D,20221215,000000,0.2,0.2,0.197,0.197,65000,0
2195.HK,D,20221216,000000,0.196,0.196,0.196,0.196,0,0
2195.HK,D,20221219,000000,0.195,0.195,0.175,0.175,315000,0
2195.HK,D,20221220,000000,0.175,0.175,0.175,0.175,0,0
2195.HK,D,20221221,000000,0.178,0.179,0.164,0.17,475000,0
2195.HK,D,20221222,000000,0.17,0.178,0.17,0.17,275000,0
2195.HK,D,20221223,000000,0.165,0.17,0.164,0.165,135000,0
2195.HK,D,20221228,000000,0.165,0.201,0.165,0.184,270000,0
2195.HK,D,20221229,000000,0.182,0.182,0.182,0.182,0,0
2195.HK,D,20221230,000000,0.19,0.197,0.168,0.19,15695000,0
2195.HK,D,20230103,000000,0.189,0.189,0.189,0.189,0,0
2195.HK,D,20230104,000000,0.185,0.185,0.185,0.185,0,0
2195.HK,D,20230113,000000,0.057,0.2,0.057,0.178,3920000,0
2195.HK,D,20230116,000000,0.185,0.193,0.168,0.174,540000,0
2195.HK,D,20230117,000000,0.166,0.173,0.166,0.166,70000,0
2195.HK,D,20230118,000000,0.16,0.182,0.16,0.178,13035000,0
2195.HK,D,20230119,000000,0.178,0.178,0.178,0.178,0,0
2195.HK,D,20230120,000000,0.17,0.175,0.164,0.17,185000,0
2195.HK,D,20230126,000000,0.17,0.17,0.153,0.169,1375000,0
2195.HK,D,20230127,000000,0.165,0.165,0.16,0.163,1315000,0
2195.HK,D,20230130,000000,0.153,0.16,0.153,0.153,85000,0
2195.HK,D,20230131,000000,0.154,0.156,0.154,0.154,270000,0
2195.HK,D,20230201,000000,0.155,0.155,0.146,0.146,720000,0
2195.HK,D,20230202,000000,0.143,0.143,0.135,0.138,815000,0
2195.HK,D,20230203,000000,0.138,0.138,0.125,0.129,810000,0
2195.HK,D,20230206,000000,0.125,0.125,0.111,0.113,510000,0
2195.HK,D,20230207,000000,0.11,0.115,0.101,0.109,660000,0
2195.HK,D,20230208,000000,0.106,0.11,0.103,0.103,800000,0
2195.HK,D,20230209,000000,0.1,0.104,0.096,0.096,695000,0
2195.HK,D,20230210,000000,0.095,0.096,0.087,0.087,380000,0
2195.HK,D,20230213,000000,0.09,0.09,0.08,0.085,1180000,0
2195.HK,D,20230214,000000,0.084,0.084,0.081,0.081,855000,0
2195.HK,D,20230215,000000,0.08,0.08,0.075,0.079,1200000,0
2195.HK,D,20230216,000000,0.079,0.085,0.074,0.081,25950000,0
2195.HK,D,20230217,000000,0.08,0.08,0.074,0.08,18635000,0
2195.HK,D,20230220,000000,0.076,0.077,0.076,0.076,970000,0
2195.HK,D,20230221,000000,0.072,0.072,0.07,0.072,1990000,0
2195.HK,D,20230222,000000,0.07,0.072,0.065,0.068,745000,0
2195.HK,D,20230223,000000,0.068,0.075,0.068,0.07,2650000,0
2195.HK,D,20230224,000000,0.067,0.067,0.061,0.062,1585000,0
2195.HK,D,20230227,000000,0.069,0.188,0.068,0.124,96925000,0
2195.HK,D,20230228,000000,0.12,0.122,0.088,0.094,28750000,0
2195.HK,D,20230301,000000,0.089,0.098,0.08,0.086,12470000,0
2195.HK,D,20230302,000000,0.087,0.087,0.076,0.079,3360000,0
2195.HK,D,20230303,000000,0.074,0.078,0.072,0.075,3045000,0
2195.HK,D,20230306,000000,0.072,0.084,0.072,0.084,2780000,0
2195.HK,D,20230307,000000,0.096,0.175,0.096,0.116,161435000,0
2195.HK,D,20230308,000000,0.113,0.12,0.098,0.105,17435000,0
2195.HK,D,20230309,000000,0.105,0.105,0.09,0.094,7155000,0
2195.HK,D,20230310,000000,0.094,0.115,0.093,0.106,8575000,0
2195.HK,D,20230313,000000,0.121,0.126,0.095,0.105,6175000,0
2195.HK,D,20230314,000000,0.115,0.115,0.094,0.094,2305000,0
2195.HK,D,20230315,000000,0.094,0.104,0.093,0.098,5190000,0
2195.HK,D,20230316,000000,0.097,0.097,0.086,0.094,355000,0
2195.HK,D,20230317,000000,0.094,0.094,0.087,0.09,560000,0
2195.HK,D,20230320,000000,0.089,0.095,0.081,0.095,2260000,0
2195.HK,D,20230321,000000,0.095,0.098,0.085,0.086,1255000,0
2195.HK,D,20230322,000000,0.085,0.096,0.085,0.088,2195000,0
2195.HK,D,20230323,000000,0.089,0.089,0.082,0.082,2610000,0
2195.HK,D,20230324,000000,0.082,0.083,0.08,0.083,1370000,0
2195.HK,D,20230327,000000,0.08,0.08,0.076,0.076,2080000,0
2195.HK,D,20230328,000000,0.076,0.078,0.073,0.078,490000,0
2195.HK,D,20230329,000000,0.074,0.078,0.074,0.074,45000,0
2195.HK,D,20230330,000000,0.072,0.075,0.072,0.073,640000,0
2195.HK,D,20230331,000000,0.074,0.076,0.074,0.075,365000,0
2195.HK,D,20230403,000000,0.074,0.084,0.073,0.084,1265000,0
2195.HK,D,20230404,000000,0.096,0.12,0.084,0.084,11710000,0
2195.HK,D,20230406,000000,0.084,0.085,0.078,0.078,1690000,0
2195.HK,D,20230411,000000,0.078,0.08,0.075,0.076,285000,0
2195.HK,D,20230412,000000,0.08,0.08,0.075,0.075,180000,0
2195.HK,D,20230413,000000,0.073,0.075,0.073,0.075,520000,0
2195.HK,D,20230414,000000,0.075,0.075,0.075,0.075,65000,0
2195.HK,D,20230417,000000,0.071,0.072,0.07,0.071,745000,0
2195.HK,D,20230418,000000,0.07,0.072,0.07,0.072,280000,0
2195.HK,D,20230419,000000,0.073,0.073,0.073,0.073,5000,0
2195.HK,D,20230420,000000,0.077,0.079,0.075,0.077,145000,0
2195.HK,D,20230421,000000,0.077,0.077,0.075,0.075,265000,0
2195.HK,D,20230424,000000,0.074,0.074,0.074,0.074,5000,0
2195.HK,D,20230425,000000,0.073,0.074,0.073,0.073,30000,0
2195.HK,D,20230426,000000,0.076,0.08,0.07,0.076,555000,0
2195.HK,D,20230427,000000,0.08,0.08,0.066,0.069,195000,0
2195.HK,D,20230428,000000,0.069,0.07,0.069,0.069,50000,0
2195.HK,D,20230502,000000,0.069,0.074,0.068,0.07,480000,0
2195.HK,D,20230503,000000,0.07,0.07,0.07,0.07,5000,0
2195.HK,D,20230504,000000,0.07,0.07,0.07,0.07,50000,0
2195.HK,D,20230505,000000,0.07,0.07,0.07,0.07,0,0
2195.HK,D,20230508,000000,0.071,0.075,0.063,0.064,570000,0
2195.HK,D,20230509,000000,0.065,0.066,0.065,0.065,10000,0
2195.HK,D,20230510,000000,0.065,0.065,0.065,0.065,25000,0
2195.HK,D,20230511,000000,0.065,0.065,0.065,0.065,0,0
2195.HK,D,20230512,000000,0.062,0.074,0.062,0.062,1120000,0
2195.HK,D,20230515,000000,0.07,0.092,0.07,0.078,16325000,0
2195.HK,D,20230516,000000,0.075,0.085,0.075,0.08,2565000,0
2195.HK,D,20230517,000000,0.071,0.104,0.071,0.095,24525000,0
2195.HK,D,20230518,000000,0.095,0.095,0.081,0.084,1430000,0
2195.HK,D,20230519,000000,0.085,0.09,0.081,0.087,1185000,0
2195.HK,D,20230522,000000,0.082,0.085,0.08,0.084,490000,0
2195.HK,D,20230523,000000,0.084,0.084,0.075,0.077,500000,0
2195.HK,D,20230524,000000,0.079,0.079,0.076,0.077,200000,0
2195.HK,D,20230525,000000,0.077,0.08,0.076,0.079,170000,0
2195.HK,D,20230529,000000,0.08,0.081,0.079,0.081,660000,0
2195.HK,D,20230530,000000,0.076,0.081,0.075,0.076,770000,0
2195.HK,D,20230531,000000,0.075,0.081,0.071,0.079,450000,0
2195.HK,D,20230601,000000,0.079,0.079,0.079,0.079,0,0
2195.HK,D,20230602,000000,0.079,0.079,0.079,0.079,5000,0
2195.HK,D,20230605,000000,0.08,0.08,0.077,0.077,295000,0
2195.HK,D,20230606,000000,0.078,0.078,0.074,0.078,700000,0
2195.HK,D,20230607,000000,0.085,0.09,0.078,0.085,1045000,0
2195.HK,D,20230608,000000,0.09,0.104,0.081,0.081,1295000,0
2195.HK,D,20230609,000000,0.086,0.099,0.083,0.089,715000,0
2195.HK,D,20230612,000000,0.085,0.093,0.085,0.086,930000,0
2195.HK,D,20230613,000000,0.086,0.088,0.084,0.086,5445000,0
2195.HK,D,20230614,000000,0.086,0.091,0.086,0.089,1500000,0
2195.HK,D,20230615,000000,0.087,0.09,0.087,0.09,335000,0
2195.HK,D,20230616,000000,0.085,0.09,0.085,0.09,180000,0
2195.HK,D,20230619,000000,0.085,0.085,0.085,0.085,150000,0
2195.HK,D,20230620,000000,0.09,0.103,0.088,0.093,1135000,0
2195.HK,D,20230621,000000,0.09,0.09,0.088,0.088,270000,0
2195.HK,D,20230623,000000,0.087,0.1,0.086,0.089,18560000,0
2195.HK,D,20230626,000000,0.089,0.089,0.089,0.089,0,0
2195.HK,D,20230627,000000,0.09,0.09,0.09,0.09,10000,0
2195.HK,D,20230628,000000,0.091,0.091,0.09,0.09,110000,0
2195.HK,D,20230629,000000,0.09,0.09,0.086,0.09,155000,0
2195.HK,D,20230630,000000,0.089,0.09,0.089,0.089,280000,0
2195.HK,D,20230703,000000,0.1,0.106,0.087,0.091,23090000,0
2195.HK,D,20230704,000000,0.09,0.09,0.086,0.09,235000,0
2195.HK,D,20230705,000000,0.084,0.084,0.083,0.084,55000,0
2195.HK,D,20230706,000000,0.083,0.084,0.083,0.084,255000,0
2195.HK,D,20230707,000000,0.081,0.088,0.075,0.088,745000,0
2195.HK,D,20230710,000000,0.085,0.085,0.085,0.085,45000,0
2195.HK,D,20230711,000000,0.085,0.085,0.085,0.085,0,0
2195.HK,D,20230712,000000,0.08,0.085,0.08,0.085,70000,0
2195.HK,D,20230713,000000,0.083,0.083,0.083,0.083,5000,0
2195.HK,D,20230714,000000,0.085,0.085,0.085,0.085,25000,0
2195.HK,D,20230718,000000,0.086,0.086,0.079,0.085,180000,0
2195.HK,D,20230719,000000,0.084,0.084,0.084,0.084,0,0
2195.HK,D,20230720,000000,0.084,0.084,0.084,0.084,5000,0
2195.HK,D,20230721,000000,0.084,0.084,0.08,0.082,4285000,0
2195.HK,D,20230724,000000,0.081,0.081,0.079,0.079,20000,0
2195.HK,D,20230725,000000,0.079,0.084,0.079,0.083,5095000,0
2195.HK,D,20230726,000000,0.077,0.081,0.077,0.081,2615000,0
2195.HK,D,20230727,000000,0.082,0.089,0.082,0.087,2590000,0
2195.HK,D,20230728,000000,0.078,0.078,0.077,0.077,555000,0
2195.HK,D,20230731,000000,0.08,0.08,0.075,0.08,8310000,0
2195.HK,D,20230801,000000,0.098,0.098,0.076,0.098,36490000,0
2195.HK,D,20230802,000000,0.09,0.105,0.09,0.096,5565000,0
2195.HK,D,20230803,000000,0.095,0.095,0.084,0.094,2200000,0
2195.HK,D,20230804,000000,0.091,0.093,0.085,0.093,4620000,0
2195.HK,D,20230807,000000,0.086,0.086,0.085,0.086,50000,0
2195.HK,D,20230808,000000,0.082,0.084,0.082,0.084,250000,0
2195.HK,D,20230809,000000,0.083,0.086,0.083,0.083,195000,0
2195.HK,D,20230810,000000,0.081,0.092,0.081,0.087,2085000,0
2195.HK,D,20230811,000000,0.087,0.094,0.087,0.088,4210000,0
2195.HK,D,20230814,000000,0.089,0.09,0.089,0.089,4110000,0
2195.HK,D,20230815,000000,0.092,0.094,0.092,0.094,330000,0
2195.HK,D,20230816,000000,0.097,0.097,0.087,0.095,235000,0
2195.HK,D,20230817,000000,0.092,0.092,0.087,0.092,50000,0
2195.HK,D,20230818,000000,0.085,0.093,0.085,0.089,11050000,0
2195.HK,D,20230821,000000,0.089,0.089,0.084,0.089,355000,0
2195.HK,D,20230822,000000,0.088,0.088,0.088,0.088,0,0
2195.HK,D,20230823,000000,0.088,0.093,0.088,0.091,30000,0
2195.HK,D,20230824,000000,0.091,0.091,0.091,0.091,0,0
2195.HK,D,20230825,000000,0.091,0.091,0.082,0.083,1435000,0
2195.HK,D,20230828,000000,0.091,0.217,0.082,0.206,20460000,0
2195.HK,D,20230829,000000,0.23,0.42,0.23,0.35,63965000,0
2195.HK,D,20230830,000000,0.36,0.395,0.265,0.385,30810000,0
2195.HK,D,20230831,000000,0.385,0.475,0.32,0.435,37885000,0
2195.HK,D,20230904,000000,0.42,0.495,0.405,0.45,33955000,0
2195.HK,D,20230905,000000,0.45,0.49,0.42,0.47,13230000,0
2195.HK,D,20230906,000000,0.47,0.5,0.435,0.5,20000000,0
2195.HK,D,20230907,000000,0.5,0.7,0.5,0.7,48305000,0
2195.HK,D,20230911,000000,0.77,0.78,0.67,0.74,37320000,0
2195.HK,D,20230912,000000,0.74,0.76,0.67,0.72,12435000,0
2195.HK,D,20230913,000000,0.7,0.75,0.5,0.58,21920000,0
2195.HK,D,20230914,000000,0.6,0.6,0.35,0.59,43505000,0
2195.HK,D,20230915,000000,0.59,0.63,0.58,0.62,8910000,0
2195.HK,D,20230918,000000,0.64,0.67,0.56,0.63,7830000,0
2195.HK,D,20230919,000000,0.6,0.62,0.54,0.55,18275000,0
2195.HK,D,20230920,000000,0.6,0.6,0.49,0.58,20120000,0
2195.HK,D,20230921,000000,0.58,0.62,0.48,0.51,15410000,0
2195.HK,D,20230922,000000,0.55,0.55,0.48,0.5,16195000,0
2195.HK,D,20230925,000000,0.5,0.5,0.47,0.485,4990000,0
2195.HK,D,20230926,000000,0.495,0.495,0.45,0.495,7380000,0
2195.HK,D,20230927,000000,0.495,0.55,0.435,0.55,10245000,0
2195.HK,D,20230928,000000,0.54,0.6,0.53,0.59,7755000,0
2195.HK,D,20230929,000000,0.62,0.64,0.59,0.6,4310000,0
2195.HK,D,20231003,000000,0.6,0.6,0.55,0.57,1035000,0
2195.HK,D,20231004,000000,0.56,0.57,0.53,0.56,4345000,0
2195.HK,D,20231005,000000,0.55,0.6,0.54,0.58,1395000,0
2195.HK,D,20231006,000000,0.58,0.6,0.53,0.57,2170000,0
2195.HK,D,20231009,000000,0.54,0.54,0.49,0.52,4100000,0
2195.HK,D,20231010,000000,0.59,0.59,0.475,0.495,38290000,0
2195.HK,D,20231011,000000,0.495,0.51,0.44,0.475,14590000,0
2195.HK,D,20231012,000000,0.475,0.49,0.43,0.43,13990000,0
2195.HK,D,20231013,000000,0.43,0.48,0.405,0.405,8525000,0
2195.HK,D,20231016,000000,0.425,0.445,0.295,0.44,16645000,0
2195.HK,D,20231017,000000,0.465,0.465,0.36,0.36,13335000,0
2195.HK,D,20231018,000000,0.38,0.38,0.24,0.243,44485000,0
2195.HK,D,20231019,000000,0.26,0.275,0.242,0.26,22745000,0
2195.HK,D,20231020,000000,0.28,0.28,0.237,0.255,26365000,0
2195.HK,D,20231024,000000,0.265,0.265,0.242,0.255,28930000,0
2195.HK,D,20231025,000000,0.265,0.265,0.239,0.247,21885000,0
2195.HK,D,20231026,000000,0.247,0.26,0.235,0.255,8855000,0
2195.HK,D,20231027,000000,0.25,0.25,0.22,0.248,65120000,0
2195.HK,D,20231030,000000,0.25,0.25,0.225,0.235,15780000,0
2195.HK,D,20231031,000000,0.23,0.24,0.175,0.185,47005000,0
2195.HK,D,20231101,000000,0.186,0.22,0.169,0.199,40805000,0
2195.HK,D,20231102,000000,0.199,0.22,0.19,0.22,28435000,0
2195.HK,D,20231103,000000,0.239,0.305,0.219,0.285,12985000,0
2195.HK,D,20231106,000000,0.325,0.325,0.265,0.285,7630000,0
2195.HK,D,20231107,000000,0.29,0.29,0.232,0.285,12645000,0
2195.HK,D,20231108,000000,0.29,0.29,0.25,0.285,3355000,0
2195.HK,D,20231109,000000,0.275,0.285,0.245,0.27,7570000,0
2195.HK,D,20231110,000000,0.285,0.285,0.245,0.265,8040000,0
2195.HK,D,20231113,000000,0.275,0.275,0.224,0.24,17150000,0
2195.HK,D,20231114,000000,0.25,0.25,0.208,0.227,15735000,0
2195.HK,D,20231115,000000,0.227,0.23,0.194,0.21,40555000,0
2195.HK,D,20231116,000000,0.218,0.23,0.2,0.207,14555000,0
2195.HK,D,20231117,000000,0.208,0.21,0.185,0.187,11950000,0
2195.HK,D,20231120,000000,0.189,0.224,0.187,0.216,3230000,0
2195.HK,D,20231121,000000,0.225,0.225,0.208,0.214,3085000,0
2195.HK,D,20231122,000000,0.22,0.227,0.185,0.201,20045000,0
2195.HK,D,20231123,000000,0.204,0.22,0.195,0.212,15955000,0
2195.HK,D,20231124,000000,0.211,0.217,0.196,0.215,7490000,0
2195.HK,D,20231127,000000,0.22,0.22,0.192,0.201,8380000,0
2195.HK,D,20231128,000000,0.2,0.205,0.18,0.204,5985000,0
2195.HK,D,20231129,000000,0.203,0.208,0.192,0.208,3870000,0
2195.HK,D,20231130,000000,0.2,0.208,0.192,0.207,3350000,0
2195.HK,D,20231201,000000,0.2,0.205,0.185,0.194,16990000,0
2195.HK,D,20231204,000000,0.2,0.2,0.178,0.18,30890000,0
2195.HK,D,20231205,000000,0.193,0.193,0.168,0.169,3225000,0
2195.HK,D,20231206,000000,0.177,0.177,0.158,0.164,4545000,0
2195.HK,D,20231207,000000,0.156,0.171,0.155,0.17,2825000,0
2195.HK,D,20231208,000000,0.162,0.188,0.162,0.188,2725000,0
2195.HK,D,20231211,000000,0.186,0.198,0.185,0.196,1350000,0
2195.HK,D,20231212,000000,0.207,0.207,0.185,0.193,13695000,0
2195.HK,D,20231213,000000,0.195,0.195,0.173,0.188,2225000,0
2195.HK,D,20231214,000000,0.181,0.185,0.171,0.18,4995000,0
2195.HK,D,20231215,000000,0.18,0.185,0.17,0.182,3840000,0
2195.HK,D,20231218,000000,0.18,0.18,0.17,0.178,3015000,0
2195.HK,D,20231219,000000,0.17,0.18,0.17,0.179,695000,0
2195.HK,D,20231220,000000,0.179,0.179,0.172,0.176,1355000,0
2195.HK,D,20231221,000000,0.171,0.174,0.17,0.173,885000,0
2195.HK,D,20231222,000000,0.179,0.216,0.173,0.197,8810000,0
2195.HK,D,20231227,000000,0.2,0.218,0.199,0.215,19030000,0
2195.HK,D,20231228,000000,0.22,0.23,0.207,0.211,6100000,0
2195.HK,D,20231229,000000,0.223,0.223,0.205,0.218,3895000,0
2195.HK,D,20240102,000000,0.223,0.246,0.221,0.223,7605000,0
2195.HK,D,20240103,000000,0.239,0.239,0.213,0.216,3020000,0
2195.HK,D,20240104,000000,0.228,0.228,0.205,0.209,1750000,0
2195.HK,D,20240105,000000,0.214,0.22,0.206,0.22,2545000,0
2195.HK,D,20240108,000000,0.229,0.243,0.216,0.236,1905000,0
2195.HK,D,20240109,000000,0.23,0.235,0.22,0.231,1190000,0
2195.HK,D,20240110,000000,0.224,0.235,0.222,0.232,525000,0
2195.HK,D,20240111,000000,0.225,0.235,0.198,0.203,5025000,0
2195.HK,D,20240112,000000,0.217,0.228,0.203,0.216,4145000,0
2195.HK,D,20240115,000000,0.222,0.222,0.198,0.207,2800000,0
2195.HK,D,20240116,000000,0.2,0.214,0.185,0.205,2575000,0
2195.HK,D,20240117,000000,0.202,0.209,0.195,0.2,870000,0
2195.HK,D,20240118,000000,0.207,0.207,0.192,0.201,1665000,0
2195.HK,D,20240119,000000,0.194,0.201,0.17,0.19,12370000,0
2195.HK,D,20240122,000000,0.189,0.209,0.181,0.195,1165000,0
2195.HK,D,20240123,000000,0.195,0.207,0.179,0.19,1280000,0
2195.HK,D,20240124,000000,0.181,0.189,0.178,0.178,1980000,0
2195.HK,D,20240125,000000,0.18,0.18,0.17,0.178,4620000,0
2195.HK,D,20240126,000000,0.175,0.18,0.17,0.18,3105000,0
2195.HK,D,20240129,000000,0.18,0.183,0.17,0.18,3765000,0
2195.HK,D,20240130,000000,0.178,0.179,0.166,0.179,985000,0
2195.HK,D,20240131,000000,0.176,0.176,0.169,0.176,305000,0
2195.HK,D,20240201,000000,0.171,0.176,0.168,0.168,635000,0
2195.HK,D,20240202,000000,0.175,0.175,0.167,0.169,835000,0
2195.HK,D,20240205,000000,0.169,0.179,0.168,0.169,440000,0
2195.HK,D,20240206,000000,0.175,0.175,0.166,0.171,1635000,0
2195.HK,D,20240207,000000,0.172,0.175,0.169,0.17,3850000,0
2195.HK,D,20240208,000000,0.17,0.173,0.164,0.173,800000,0
2195.HK,D,20240209,000000,0.173,0.173,0.173,0.173,5000,0
2195.HK,D,20240214,000000,0.178,0.18,0.162,0.18,1780000,0
2195.HK,D,20240215,000000,0.18,0.18,0.162,0.169,3035000,0
2195.HK,D,20240216,000000,0.162,0.172,0.162,0.163,1025000,0
2195.HK,D,20240219,000000,0.163,0.164,0.155,0.164,1475000,0
2195.HK,D,20240220,000000,0.167,0.172,0.162,0.162,380000,0
2195.HK,D,20240221,000000,0.168,0.168,0.157,0.167,220000,0
2195.HK,D,20240222,000000,0.164,0.166,0.164,0.166,670000,0
2195.HK,D,20240223,000000,0.165,0.168,0.16,0.167,840000,0
2195.HK,D,20240226,000000,0.167,0.169,0.159,0.159,715000,0
2195.HK,D,20240227,000000,0.159,0.166,0.157,0.163,2535000,0
2195.HK,D,20240228,000000,0.163,0.168,0.159,0.164,755000,0
2195.HK,D,20240229,000000,0.165,0.168,0.163,0.168,315000,0
2195.HK,D,20240301,000000,0.165,0.169,0.16,0.166,695000,0
2195.HK,D,20240304,000000,0.166,0.172,0.16,0.16,3125000,0
2195.HK,D,20240305,000000,0.16,0.167,0.158,0.163,230000,0
2195.HK,D,20240306,000000,0.163,0.166,0.16,0.163,1145000,0
2195.HK,D,20240307,000000,0.159,0.163,0.155,0.162,630000,0
2195.HK,D,20240308,000000,0.16,0.165,0.158,0.16,210000,0
2195.HK,D,20240311,000000,0.165,0.165,0.156,0.158,405000,0
2195.HK,D,20240312,000000,0.162,0.164,0.14,0.161,3445000,0
2195.HK,D,20240313,000000,0.16,0.163,0.155,0.162,1180000,0
2195.HK,D,20240314,000000,0.155,0.16,0.154,0.158,155000,0
2195.HK,D,20240315,000000,0.159,0.16,0.151,0.158,75000,0
2195.HK,D,20240318,000000,0.151,0.158,0.15,0.156,410000,0
2195.HK,D,20240319,000000,0.156,0.16,0.151,0.156,400000,0
2195.HK,D,20240320,000000,0.153,0.158,0.149,0.157,930000,0
2195.HK,D,20240321,000000,0.152,0.155,0.149,0.153,585000,0
2195.HK,D,20240322,000000,0.152,0.152,0.139,0.15,1240000,0
2195.HK,D,20240325,000000,0.15,0.15,0.136,0.14,1625000,0
2195.HK,D,20240326,000000,0.14,0.149,0.135,0.141,1110000,0
2195.HK,D,20240327,000000,0.141,0.143,0.131,0.14,1145000,0
2195.HK,D,20240328,000000,0.132,0.14,0.125,0.138,1050000,0
2195.HK,D,20240402,000000,0.138,0.138,0.136,0.136,105000,0
2195.HK,D,20240403,000000,0.136,0.15,0.136,0.142,615000,0
2195.HK,D,20240405,000000,0.145,0.148,0.137,0.146,600000,0
2195.HK,D,20240408,000000,0.159,0.175,0.14,0.145,2645000,0
2195.HK,D,20240409,000000,0.145,0.148,0.136,0.141,470000,0
2195.HK,D,20240410,000000,0.14,0.143,0.13,0.14,1085000,0
2195.HK,D,20240411,000000,0.139,0.142,0.132,0.134,1410000,0
2195.HK,D,20240412,000000,0.14,0.14,0.13,0.135,1900000,0
2195.HK,D,20240415,000000,0.135,0.139,0.122,0.129,6025000,0
2195.HK,D,20240416,000000,0.129,0.129,0.105,0.12,4250000,0
2195.HK,D,20240417,000000,0.128,0.128,0.11,0.119,3730000,0
2195.HK,D,20240418,000000,0.113,0.113,0.103,0.11,3105000,0
2195.HK,D,20240419,000000,0.104,0.105,0.099,0.099,2335000,0
2195.HK,D,20240422,000000,0.1,0.106,0.099,0.106,1515000,0
2195.HK,D,20240423,000000,0.121,0.123,0.106,0.114,1475000,0
2195.HK,D,20240424,000000,0.114,0.12,0.109,0.112,1045000,0
2195.HK,D,20240425,000000,0.106,0.11,0.104,0.105,370000,0
2195.HK,D,20240426,000000,0.107,0.112,0.101,0.112,565000,0
2195.HK,D,20240429,000000,0.11,0.123,0.11,0.117,495000,0
2195.HK,D,20240430,000000,0.123,0.123,0.113,0.119,510000,0
2195.HK,D,20240502,000000,0.134,0.134,0.114,0.119,1250000,0
2195.HK,D,20240503,000000,0.118,0.145,0.113,0.138,1825000,0
2195.HK,D,20240506,000000,0.124,0.17,0.124,0.162,4230000,0
2195.HK,D,20240507,000000,0.178,0.22,0.162,0.211,11130000,0
2195.HK,D,20240508,000000,0.222,0.23,0.194,0.207,7385000,0
2195.HK,D,20240509,000000,0.206,0.209,0.195,0.202,5710000,0
2195.HK,D,20240510,000000,0.196,0.202,0.181,0.193,2705000,0
2195.HK,D,20240513,000000,0.192,0.213,0.168,0.197,17235000,0
2195.HK,D,20240514,000000,0.204,0.204,0.183,0.188,1260000,0
2195.HK,D,20240516,000000,0.199,0.205,0.185,0.185,2505000,0
2195.HK,D,20240517,000000,0.195,0.198,0.182,0.186,445000,0
2195.HK,D,20240520,000000,0.194,0.202,0.186,0.192,775000,0
2195.HK,D,20240521,000000,0.198,0.198,0.186,0.195,1345000,0
2195.HK,D,20240522,000000,0.195,0.202,0.193,0.197,5240000,0
2195.HK,D,20240523,000000,0.192,0.2,0.19,0.195,2305000,0
2195.HK,D,20240524,000000,0.194,0.201,0.181,0.192,1405000,0
2195.HK,D,20240527,000000,0.197,0.197,0.18,0.193,1710000,0
2195.HK,D,20240528,000000,0.19,0.192,0.181,0.189,2165000,0
2195.HK,D,20240529,000000,0.189,0.193,0.181,0.188,635000,0
2195.HK,D,20240530,000000,0.181,0.187,0.175,0.181,465000,0
2195.HK,D,20240531,000000,0.175,0.18,0.163,0.163,1875000,0
2195.HK,D,20240603,000000,0.163,0.17,0.149,0.153,1670000,0
2195.HK,D,20240604,000000,0.155,0.162,0.15,0.158,755000,0
2195.HK,D,20240605,000000,0.181,0.189,0.15,0.168,3125000,0
2195.HK,D,20240606,000000,0.159,0.178,0.149,0.176,2425000,0
2195.HK,D,20240607,000000,0.176,0.18,0.168,0.178,2410000,0
2195.HK,D,20240611,000000,0.178,0.188,0.164,0.164,630000,0
2195.HK,D,20240612,000000,0.161,0.185,0.16,0.175,2325000,0
2195.HK,D,20240613,000000,0.174,0.185,0.169,0.169,720000,0
2195.HK,D,20240614,000000,0.182,0.182,0.162,0.172,605000,0
2195.HK,D,20240617,000000,0.169,0.17,0.165,0.17,40000,0
2195.HK,D,20240618,000000,0.183,0.183,0.168,0.183,500000,0
2195.HK,D,20240619,000000,0.178,0.18,0.171,0.178,215000,0
2195.HK,D,20240620,000000,0.168,0.175,0.167,0.168,280000,0
2195.HK,D,20240621,000000,0.167,0.177,0.166,0.176,1590000,0
2195.HK,D,20240624,000000,0.17,0.17,0.17,0.17,330000,0
2195.HK,D,20240625,000000,0.17,0.17,0.16,0.16,340000,0
2195.HK,D,20240626,000000,0.16,0.183,0.16,0.176,1245000,0
2195.HK,D,20240627,000000,0.166,0.171,0.161,0.161,1185000,0
2195.HK,D,20240628,000000,0.166,0.166,0.161,0.161,70000,0
2195.HK,D,20240702,000000,0.161,0.161,0.145,0.157,1530000,0
2195.HK,D,20240703,000000,0.15,0.158,0.141,0.151,815000,0
2195.HK,D,20240704,000000,0.142,0.153,0.141,0.149,495000,0
2195.HK,D,20240705,000000,0.149,0.152,0.143,0.15,625000,0
2195.HK,D,20240708,000000,0.152,0.152,0.136,0.136,1520000,0
2195.HK,D,20240709,000000,0.135,0.139,0.12,0.124,2140000,0
2195.HK,D,20240710,000000,0.123,0.123,0.12,0.122,525000,0
2195.HK,D,20240711,000000,0.122,0.127,0.122,0.125,280000,0
2195.HK,D,20240712,000000,0.122,0.125,0.121,0.125,250000,0
2195.HK,D,20240715,000000,0.121,0.124,0.12,0.12,745000,0
2195.HK,D,20240716,000000,0.125,0.125,0.117,0.118,1515000,0
2195.HK,D,20240717,000000,0.118,0.121,0.114,0.121,1225000,0
2195.HK,D,20240718,000000,0.12,0.12,0.118,0.12,80000,0
2195.HK,D,20240719,000000,0.119,0.121,0.119,0.121,105000,0
2195.HK,D,20240722,000000,0.134,0.134,0.118,0.121,840000,0
2195.HK,D,20240723,000000,0.116,0.12,0.116,0.119,675000,0
2195.HK,D,20240724,000000,0.118,0.148,0.118,0.123,1610000,0
2195.HK,D,20240725,000000,0.124,0.135,0.116,0.125,655000,0
2195.HK,D,20240726,000000,0.138,0.138,0.118,0.119,1095000,0
2195.HK,D,20240729,000000,0.12,0.121,0.117,0.118,830000,0
2195.HK,D,20240730,000000,0.117,0.128,0.112,0.116,2485000,0
2195.HK,D,20240731,000000,0.119,0.12,0.112,0.116,460000,0
2195.HK,D,20240801,000000,0.116,0.123,0.114,0.118,675000,0
2195.HK,D,20240802,000000,0.119,0.119,0.115,0.117,505000,0
2195.HK,D,20240805,000000,0.121,0.121,0.114,0.121,445000,0
2195.HK,D,20240806,000000,0.133,0.133,0.115,0.125,420000,0
2195.HK,D,20240807,000000,0.12,0.127,0.12,0.125,185000,0
2195.HK,D,20240808,000000,0.126,0.126,0.119,0.122,1250000,0
2195.HK,D,20240809,000000,0.129,0.129,0.117,0.124,1015000,0
2195.HK,D,20240812,000000,0.116,0.119,0.115,0.116,690000,0
2195.HK,D,20240813,000000,0.114,0.116,0.114,0.114,430000,0
2195.HK,D,20240814,000000,0.115,0.123,0.112,0.113,1585000,0
2195.HK,D,20240815,000000,0.123,0.123,0.113,0.118,125000,0
2195.HK,D,20240816,000000,0.125,0.125,0.113,0.116,255000,0
2195.HK,D,20240819,000000,0.113,0.116,0.111,0.116,595000,0
2195.HK,D,20240820,000000,0.115,0.117,0.11,0.117,1035000,0
2195.HK,D,20240821,000000,0.118,0.118,0.114,0.114,135000,0
2195.HK,D,20240822,000000,0.112,0.115,0.112,0.114,210000,0
2195.HK,D,20240823,000000,0.11,0.11,0.099,0.102,3240000,0
2195.HK,D,20240826,000000,0.102,0.12,0.102,0.12,2610000,0
2195.HK,D,20240827,000000,0.115,0.12,0.113,0.113,385000,0
2195.HK,D,20240828,000000,0.129,0.129,0.11,0.115,1610000,0
2195.HK,D,20240829,000000,0.106,0.111,0.106,0.109,440000,0
2195.HK,D,20240830,000000,0.109,0.119,0.104,0.113,2035000,0
2195.HK,D,20240902,000000,0.121,0.121,0.105,0.112,865000,0
2195.HK,D,20240903,000000,0.115,0.116,0.102,0.111,765000,0
2195.HK,D,20240904,000000,0.115,0.116,0.111,0.113,355000,0
2195.HK,D,20240905,000000,0.116,0.116,0.101,0.103,4480000,0
2195.HK,D,20240909,000000,0.105,0.108,0.1,0.1,960000,0
2195.HK,D,20240910,000000,0.106,0.112,0.1,0.104,950000,0
2195.HK,D,20240911,000000,0.105,0.105,0.098,0.103,1005000,0
2195.HK,D,20240912,000000,0.098,0.104,0.098,0.103,1070000,0
2195.HK,D,20240913,000000,0.107,0.107,0.1,0.102,1170000,0
2195.HK,D,20240916,000000,0.102,0.105,0.098,0.103,1660000,0
2195.HK,D,20240917,000000,0.107,0.107,0.099,0.101,715000,0
2195.HK,D,20240919,000000,0.1,0.103,0.099,0.103,1370000,0
2195.HK,D,20240920,000000,0.115,0.115,0.1,0.1,1720000,0
2195.HK,D,20240923,000000,0.109,0.109,0.089,0.097,3695000,0
2195.HK,D,20240924,000000,0.097,0.099,0.093,0.099,1560000,0
2195.HK,D,20240925,000000,0.107,0.107,0.096,0.099,815000,0
2195.HK,D,20240926,000000,0.095,0.102,0.093,0.098,2105000,0
2195.HK,D,20240927,000000,0.101,0.101,0.085,0.095,5655000,0
2195.HK,D,20240930,000000,0.094,0.094,0.086,0.088,2430000,0
2195.HK,D,20241002,000000,0.088,0.088,0.069,0.071,18410000,0
2195.HK,D,20241003,000000,0.072,0.08,0.068,0.069,7980000,0
2195.HK,D,20241004,000000,0.069,0.075,0.065,0.073,3130000,0
2195.HK,D,20241007,000000,0.074,0.088,0.072,0.088,8270000,0
2195.HK,D,20241008,000000,0.092,0.14,0.082,0.11,11150000,0
2195.HK,D,20241009,000000,0.118,0.12,0.097,0.109,6180000,0
2195.HK,D,20241010,000000,0.118,0.118,0.103,0.111,1770000,0
2195.HK,D,20241014,000000,0.12,0.159,0.108,0.126,32375000,0
2195.HK,D,20241015,000000,0.138,0.153,0.088,0.091,31675000,0
2195.HK,D,20241016,000000,0.084,0.091,0.045,0.05,65830000,0
2195.HK,D,20241017,000000,0.054,0.069,0.054,0.064,25940000,0
2195.HK,D,20241018,000000,0.058,0.069,0.058,0.061,13795000,0
2195.HK,D,20241021,000000,0.068,0.105,0.065,0.073,80760000,0
2195.HK,D,20241022,000000,0.075,0.092,0.071,0.074,34215000,0
2195.HK,D,20241023,000000,0.078,0.081,0.073,0.077,13465000,0
2195.HK,D,20241024,000000,0.07,0.079,0.07,0.071,4385000,0
2195.HK,D,20241025,000000,0.071,0.074,0.07,0.072,2110000,0
2195.HK,D,20241028,000000,0.071,0.076,0.07,0.072,1550000,0
2195.HK,D,20241029,000000,0.072,0.076,0.07,0.073,1475000,0
2195.HK,D,20241030,000000,0.075,0.075,0.069,0.072,4035000,0
2195.HK,D,20241031,000000,0.07,0.071,0.068,0.071,2115000,0
2195.HK,D,20241101,000000,0.068,0.07,0.068,0.07,95000,0
2195.HK,D,20241104,000000,0.073,0.073,0.07,0.071,875000,0
2195.HK,D,20241105,000000,0.074,0.074,0.072,0.073,1210000,0
2195.HK,D,20241106,000000,0.071,0.073,0.068,0.069,1750000,0
2195.HK,D,20241107,000000,0.069,0.072,0.069,0.071,615000,0
2195.HK,D,20241108,000000,0.068,0.072,0.068,0.072,1955000,0
2195.HK,D,20241111,000000,0.072,0.072,0.069,0.069,1680000,0
2195.HK,D,20241112,000000,0.069,0.07,0.068,0.068,1580000,0
2195.HK,D,20241113,000000,0.068,0.069,0.067,0.069,380000,0
2195.HK,D,20241114,000000,0.069,0.069,0.066,0.067,310000,0
2195.HK,D,20241115,000000,0.068,0.068,0.063,0.065,1100000,0
2195.HK,D,20241118,000000,0.064,0.065,0.063,0.065,1300000,0
2195.HK,D,20241119,000000,0.065,0.068,0.064,0.064,730000,0
2195.HK,D,20241120,000000,0.064,0.064,0.062,0.062,765000,0
2195.HK,D,20241121,000000,0.061,0.061,0.06,0.061,745000,0
2195.HK,D,20241122,000000,0.058,0.06,0.058,0.058,1180000,0
2195.HK,D,20241125,000000,0.058,0.058,0.056,0.058,95000,0
2195.HK,D,20241126,000000,0.056,0.056,0.053,0.056,1275000,0
2195.HK,D,20241127,000000,0.056,0.056,0.051,0.055,185000,0
2195.HK,D,20241128,000000,0.055,0.068,0.055,0.065,1350000,0
2195.HK,D,20241129,000000,0.065,0.065,0.065,0.065,0,0
2195.HK,D,20241202,000000,0.057,0.058,0.055,0.057,345000,0
2195.HK,D,20241203,000000,0.057,0.068,0.056,0.065,2190000,0
2195.HK,D,20241204,000000,0.07,0.074,0.062,0.065,285000,0
2195.HK,D,20241205,000000,0.069,0.069,0.061,0.064,125000,0
2195.HK,D,20241206,000000,0.065,0.065,0.063,0.063,310000,0
2195.HK,D,20241209,000000,0.069,0.069,0.058,0.062,290000,0
2195.HK,D,20241210,000000,0.069,0.069,0.061,0.067,3175000,0
2195.HK,D,20241211,000000,0.067,0.07,0.061,0.067,2220000,0
2195.HK,D,20241212,000000,0.07,0.071,0.066,0.068,750000,0
2195.HK,D,20241213,000000,0.067,0.067,0.062,0.067,35000,0
2195.HK,D,20241216,000000,0.067,0.07,0.067,0.068,1970000,0
2195.HK,D,20241217,000000,0.069,0.069,0.062,0.065,2090000,0
2195.HK,D,20241218,000000,0.061,0.063,0.06,0.063,2600000,0
2195.HK,D,20241219,000000,0.06,0.063,0.06,0.063,3470000,0
2195.HK,D,20241220,000000,0.062,0.068,0.061,0.065,295000,0
2195.HK,D,20241223,000000,0.065,0.065,0.06,0.063,860000,0
2195.HK,D,20241224,000000,0.061,0.065,0.061,0.063,310000,0
2195.HK,D,20241227,000000,0.061,0.066,0.058,0.065,1270000,0
2195.HK,D,20241230,000000,0.062,0.066,0.061,0.066,1820000,0
2195.HK,D,20241231,000000,0.07,0.07,0.061,0.065,270000,0
2195.HK,D,20250102,000000,0.061,0.064,0.06,0.064,350000,0
2195.HK,D,20250103,000000,0.063,0.066,0.063,0.066,85000,0
2195.HK,D,20250106,000000,0.066,0.066,0.06,0.064,135000,0
2195.HK,D,20250107,000000,0.063,0.063,0.063,0.063,0,0
2195.HK,D,20250108,000000,0.066,0.066,0.061,0.063,120000,0
2195.HK,D,20250109,000000,0.062,0.062,0.061,0.061,20000,0
2195.HK,D,20250110,000000,0.065,0.065,0.058,0.061,145000,0
2195.HK,D,20250113,000000,0.06,0.06,0.057,0.06,50000,0
2195.HK,D,20250114,000000,0.058,0.061,0.058,0.059,120000,0
2195.HK,D,20250115,000000,0.061,0.066,0.057,0.062,215000,0
2195.HK,D,20250116,000000,0.061,0.063,0.06,0.062,320000,0
2195.HK,D,20250117,000000,0.062,0.062,0.062,0.062,0,0
2195.HK,D,20250120,000000,0.062,0.066,0.06,0.065,330000,0
2195.HK,D,20250121,000000,0.06,0.064,0.06,0.064,165000,0
2195.HK,D,20250122,000000,0.065,0.065,0.06,0.064,85000,0
2195.HK,D,20250123,000000,0.06,0.063,0.06,0.063,555000,0
2195.HK,D,20250124,000000,0.062,0.066,0.062,0.066,115000,0
2195.HK,D,20250127,000000,0.066,0.066,0.063,0.063,205000,0
2195.HK,D,20250128,000000,0.068,0.068,0.063,0.063,255000,0
2195.HK,D,20250203,000000,0.062,0.062,0.061,0.062,110000,0
2195.HK,D,20250204,000000,0.059,0.061,0.056,0.058,530000,0
2195.HK,D,20250205,000000,0.065,0.065,0.059,0.06,1525000,0
2195.HK,D,20250206,000000,0.058,0.061,0.058,0.061,885000,0
2195.HK,D,20250207,000000,0.06,0.06,0.059,0.059,690000,0
2195.HK,D,20250210,000000,0.056,0.059,0.05,0.055,3370000,0
2195.HK,D,20250211,000000,0.061,0.061,0.056,0.056,1875000,0
2195.HK,D,20250212,000000,0.053,0.057,0.053,0.057,1080000,0
2195.HK,D,20250213,000000,0.052,0.06,0.052,0.06,1005000,0
2195.HK,D,20250214,000000,0.058,0.058,0.055,0.058,305000,0
2195.HK,D,20250217,000000,0.06,0.06,0.052,0.056,365000,0
2195.HK,D,20250218,000000,0.054,0.059,0.054,0.054,185000,0
2195.HK,D,20250219,000000,0.06,0.06,0.055,0.056,285000,0
2195.HK,D,20250220,000000,0.056,0.056,0.054,0.056,605000,0
2195.HK,D,20250221,000000,0.056,0.056,0.054,0.054,600000,0
2195.HK,D,20250224,000000,0.059,0.059,0.053,0.056,770000,0
2195.HK,D,20250225,000000,0.055,0.055,0.053,0.055,605000,0
2195.HK,D,20250226,000000,0.054,0.055,0.053,0.054,510000,0
2195.HK,D,20250227,000000,0.053,0.054,0.053,0.054,1060000,0
2195.HK,D,20250228,000000,0.052,0.055,0.052,0.054,45000,0
2195.HK,D,20250303,000000,0.051,0.054,0.051,0.052,1495000,0
2195.HK,D,20250304,000000,0.053,0.059,0.053,0.055,380000,0
2195.HK,D,20250305,000000,0.053,0.054,0.052,0.053,140000,0
2195.HK,D,20250306,000000,0.051,0.056,0.051,0.054,20000,0
2195.HK,D,20250307,000000,0.053,0.053,0.053,0.053,50000,0
2195.HK,D,20250310,000000,0.053,0.079,0.05,0.054,14640000,0
2195.HK,D,20250311,000000,0.054,0.07,0.053,0.053,5060000,0
2195.HK,D,20250312,000000,0.056,0.056,0.054,0.054,1285000,0
2195.HK,D,20250313,000000,0.053,0.054,0.053,0.053,65000,0
2195.HK,D,20250314,000000,0.053,0.053,0.053,0.053,5000,0
2195.HK,D,20250317,000000,0.052,0.054,0.05,0.054,925000,0
2195.HK,D,20250318,000000,0.054,0.054,0.054,0.054,5000,0
2195.HK,D,20250319,000000,0.051,0.056,0.051,0.056,260000,0
2195.HK,D,20250320,000000,0.055,0.055,0.055,0.055,0,0
2195.HK,D,20250321,000000,0.052,0.055,0.051,0.052,170000,0
2195.HK,D,20250324,000000,0.054,0.054,0.051,0.052,270000,0
2195.HK,D,20250325,000000,0.051,0.054,0.05,0.05,925000,0
2195.HK,D,20250326,000000,0.05,0.052,0.05,0.052,415000,0
2195.HK,D,20250327,000000,0.052,0.053,0.05,0.053,1085000,0
2195.HK,D,20250328,000000,0.053,0.053,0.05,0.05,205000,0
2195.HK,D,20250331,000000,0.05,0.05,0.048,0.049,1040000,0
2195.HK,D,20250401,000000,0.048,0.052,0.048,0.052,470000,0
2195.HK,D,20250402,000000,0.05,0.051,0.05,0.051,500000,0
2195.HK,D,20250403,000000,0.051,0.051,0.051,0.051,5000,0
2195.HK,D,20250407,000000,0.05,0.05,0.046,0.047,1845000,0
2195.HK,D,20250408,000000,0.046,0.047,0.046,0.046,175000,0
2195.HK,D,20250409,000000,0.046,0.046,0.046,0.046,55000,0
2195.HK,D,20250410,000000,0.046,0.046,0.045,0.046,840000,0
2195.HK,D,20250411,000000,0.046,0.046,0.046,0.046,185000,0
2195.HK,D,20250414,000000,0.046,0.046,0.043,0.045,405000,0
2195.HK,D,20250415,000000,0.047,0.047,0.046,0.047,90000,0
2195.HK,D,20250416,000000,0.047,0.047,0.047,0.047,0,0
2195.HK,D,20250417,000000,0.054,0.054,0.044,0.054,2240000,0
