<TICKER>,<PER>,<DATE>,<TIME>,<OPEN>,<HIGH>,<LOW>,<CLOSE>,<VOL>,<OPENINT>
2221.HK,D,20190215,000000,3.83,3.83,1.86,1.93,13916000,0
2221.HK,D,20190218,000000,1.96,1.98,1.6,1.85,3500000,0
2221.HK,D,20190219,000000,1.85,1.91,1.63,1.77,1452000,0
2221.HK,D,20190220,000000,1.87,1.87,1.65,1.7,1763000,0
2221.HK,D,20190221,000000,1.7,1.73,1.66,1.72,764000,0
2221.HK,D,20190222,000000,1.68,1.7,1.65,1.67,1012000,0
2221.HK,D,20190225,000000,1.71,1.72,1.68,1.69,1184000,0
2221.HK,D,20190226,000000,1.68,1.69,1.62,1.68,720000,0
2221.HK,D,20190227,000000,1.63,1.69,1.61,1.66,428000,0
2221.HK,D,20190228,000000,1.66,1.66,1.61,1.65,332000,0
2221.HK,D,20190301,000000,1.55,1.65,1.55,1.6,136000,0
2221.HK,D,20190304,000000,1.66,1.69,1.62,1.64,445000,0
2221.HK,D,20190305,000000,1.68,1.68,1.6,1.61,364000,0
2221.HK,D,20190306,000000,1.61,1.61,1.6,1.6,340000,0
2221.HK,D,20190307,000000,1.6,1.6,1.55,1.55,460000,0
2221.HK,D,20190308,000000,1.62,1.65,1.55,1.56,220000,0
2221.HK,D,20190311,000000,1.55,1.69,1.55,1.63,120000,0
2221.HK,D,20190312,000000,1.63,1.63,1.49,1.62,364000,0
2221.HK,D,20190313,000000,1.6,1.61,1.55,1.6,56000,0
2221.HK,D,20190314,000000,1.5,1.6,1.5,1.53,700000,0
2221.HK,D,20190315,000000,1.55,1.6,1.53,1.57,40000,0
2221.HK,D,20190318,000000,1.57,1.63,1.52,1.57,108000,0
2221.HK,D,20190319,000000,1.5,1.56,1.49,1.56,56000,0
2221.HK,D,20190320,000000,1.56,1.59,1.5,1.55,196000,0
2221.HK,D,20190321,000000,1.55,1.63,1.48,1.55,320000,0
2221.HK,D,20190322,000000,1.56,1.59,1.55,1.56,24000,0
2221.HK,D,20190325,000000,1.5,1.58,1.38,1.52,108000,0
2221.HK,D,20190326,000000,1.44,1.5,1.44,1.5,28000,0
2221.HK,D,20190327,000000,1.5,1.5,1.5,1.5,0,0
2221.HK,D,20190328,000000,1.49,1.54,1.49,1.5,56000,0
2221.HK,D,20190329,000000,1.49,1.49,1.39,1.49,120000,0
2221.HK,D,20190401,000000,1.53,1.59,1.42,1.5,112000,0
2221.HK,D,20190402,000000,1.4,1.53,1.4,1.48,52000,0
2221.HK,D,20190403,000000,1.42,1.48,1.38,1.47,372000,0
2221.HK,D,20190404,000000,1.47,1.55,1.47,1.5,88000,0
2221.HK,D,20190408,000000,1.49,1.49,1.48,1.48,140000,0
2221.HK,D,20190409,000000,1.47,1.55,1.47,1.47,108000,0
2221.HK,D,20190410,000000,1.48,1.48,1.48,1.48,200000,0
2221.HK,D,20190411,000000,1.54,1.54,1.47,1.47,292000,0
2221.HK,D,20190412,000000,1.3,1.45,1.27,1.3,20000,0
2221.HK,D,20190415,000000,1.4,1.48,1.4,1.43,84000,0
2221.HK,D,20190416,000000,1.43,1.43,1.43,1.43,8000,0
2221.HK,D,20190417,000000,1.43,1.43,1.3,1.39,376000,0
2221.HK,D,20190418,000000,1.31,1.38,1.29,1.37,340000,0
2221.HK,D,20190423,000000,1.31,1.55,1.31,1.55,316000,0
2221.HK,D,20190424,000000,1.45,1.5,1.34,1.45,146000,0
2221.HK,D,20190425,000000,1.52,1.52,1.39,1.45,44000,0
2221.HK,D,20190426,000000,1.45,1.45,1.45,1.45,0,0
2221.HK,D,20190429,000000,1.54,1.54,1.34,1.44,28000,0
2221.HK,D,20190430,000000,1.5,1.5,1.38,1.4,28000,0
2221.HK,D,20190502,000000,1.54,1.54,1.29,1.43,236000,0
2221.HK,D,20190503,000000,1.44,1.44,1.44,1.44,8000,0
2221.HK,D,20190506,000000,1.38,1.38,1.38,1.38,0,0
2221.HK,D,20190507,000000,1.45,1.5,1.27,1.35,172000,0
2221.HK,D,20190508,000000,1.45,1.45,1.32,1.32,36000,0
2221.HK,D,20190509,000000,1.38,1.4,1.22,1.26,412000,0
2221.HK,D,20190510,000000,1.29,1.29,1.26,1.27,24000,0
2221.HK,D,20190514,000000,1.26,1.35,1.26,1.32,60000,0
2221.HK,D,20190515,000000,1.23,1.33,1.23,1.29,28000,0
2221.HK,D,20190516,000000,1.24,1.28,1.2,1.21,200000,0
2221.HK,D,20190517,000000,1.1,1.28,1.1,1.22,452000,0
2221.HK,D,20190520,000000,1.14,1.32,1.14,1.27,96000,0
2221.HK,D,20190521,000000,1.25,1.25,1.2,1.25,52000,0
2221.HK,D,20190522,000000,1.25,1.25,1.25,1.25,0,0
2221.HK,D,20190523,000000,1.28,1.28,1.23,1.28,116000,0
2221.HK,D,20190524,000000,1.21,1.44,1.2,1.37,216000,0
2221.HK,D,20190527,000000,1.5,1.5,1.26,1.48,168000,0
2221.HK,D,20190528,000000,1.4,1.48,1.37,1.46,192000,0
2221.HK,D,20190529,000000,1.49,1.49,1.35,1.49,148000,0
2221.HK,D,20190530,000000,1.36,1.48,1.35,1.41,152000,0
2221.HK,D,20190531,000000,1.42,1.47,1.37,1.45,20000,0
2221.HK,D,20190603,000000,1.42,1.48,1.36,1.42,196000,0
2221.HK,D,20190604,000000,1.46,1.46,1.39,1.46,52000,0
2221.HK,D,20190605,000000,1.39,1.41,1.31,1.4,56000,0
2221.HK,D,20190606,000000,1.4,1.4,1.39,1.4,24000,0
2221.HK,D,20190610,000000,1.34,1.39,1.26,1.37,100000,0
2221.HK,D,20190611,000000,1.29,1.33,1.28,1.33,84000,0
2221.HK,D,20190612,000000,1.26,1.36,1.21,1.23,236000,0
2221.HK,D,20190613,000000,1.23,1.3,1.13,1.25,296000,0
2221.HK,D,20190614,000000,1.27,1.28,1.15,1.19,188000,0
2221.HK,D,20190617,000000,1.16,1.35,1.16,1.25,96000,0
2221.HK,D,20190618,000000,1.35,1.35,1.22,1.35,20000,0
2221.HK,D,20190619,000000,1.24,1.26,1.15,1.17,192000,0
2221.HK,D,20190620,000000,1.21,1.21,1.17,1.21,16000,0
2221.HK,D,20190621,000000,1.22,1.22,1.22,1.22,4000,0
2221.HK,D,20190624,000000,1.21,1.21,1.21,1.21,0,0
2221.HK,D,20190625,000000,1.14,1.18,0.97,1.14,332000,0
2221.HK,D,20190626,000000,1.14,1.2,1.09,1.2,44000,0
2221.HK,D,20190627,000000,1.2,1.2,1.2,1.2,100000,0
2221.HK,D,20190628,000000,1.19,1.19,1.19,1.19,0,0
2221.HK,D,20190702,000000,1.2,1.26,1.04,1.04,224000,0
2221.HK,D,20190703,000000,1.15,1.2,1.15,1.18,56000,0
2221.HK,D,20190704,000000,1.09,1.24,1.08,1.23,200000,0
2221.HK,D,20190705,000000,1.13,1.27,1.13,1.27,128000,0
2221.HK,D,20190708,000000,1.21,1.43,1.14,1.39,832000,0
2221.HK,D,20190709,000000,1.39,1.54,1.34,1.34,616000,0
2221.HK,D,20190710,000000,1.38,1.43,1.3,1.4,148000,0
2221.HK,D,20190711,000000,1.25,1.98,1.25,1.65,976000,0
2221.HK,D,20190712,000000,1.79,1.79,1.36,1.38,600000,0
2221.HK,D,20190715,000000,1.36,1.53,1.27,1.4,308000,0
2221.HK,D,20190716,000000,1.32,1.37,1.28,1.34,160000,0
2221.HK,D,20190717,000000,1.38,1.38,1.33,1.38,24000,0
2221.HK,D,20190718,000000,1.37,1.37,1.28,1.37,96000,0
2221.HK,D,20190719,000000,1.37,1.45,1.3,1.37,128000,0
2221.HK,D,20190722,000000,1.44,1.44,1.3,1.39,44005,0
2221.HK,D,20190723,000000,1.31,1.35,1.26,1.35,88000,0
2221.HK,D,20190724,000000,1.33,1.33,1.26,1.33,36000,0
2221.HK,D,20190725,000000,1.27,1.3,1.27,1.3,52000,0
2221.HK,D,20190726,000000,1.3,1.34,1.29,1.31,220000,0
2221.HK,D,20190729,000000,1.31,1.4,1.31,1.34,8000,0
2221.HK,D,20190730,000000,1.5,1.5,1.37,1.38,768000,0
2221.HK,D,20190731,000000,1.41,1.45,1.35,1.43,208000,0
2221.HK,D,20190801,000000,1.47,1.65,1.44,1.59,1276000,0
2221.HK,D,20190802,000000,1.78,1.78,1.44,1.56,104000,0
2221.HK,D,20190805,000000,1.67,1.68,1.54,1.66,142000,0
2221.HK,D,20190806,000000,1.6,1.8,1.5,1.78,1096000,0
2221.HK,D,20190807,000000,1.7,1.85,1.62,1.78,596000,0
2221.HK,D,20190808,000000,1.63,1.95,1.56,1.86,2076000,0
2221.HK,D,20190809,000000,1.76,1.86,1.67,1.7,684000,0
2221.HK,D,20190812,000000,1.58,1.7,1.55,1.58,536000,0
2221.HK,D,20190813,000000,1.57,1.67,1.41,1.44,120000,0
2221.HK,D,20190814,000000,1.44,1.59,1.44,1.5,416000,0
2221.HK,D,20190815,000000,1.5,1.67,1.49,1.65,864000,0
2221.HK,D,20190816,000000,1.65,1.85,1.57,1.74,1992000,0
2221.HK,D,20190819,000000,1.76,1.76,1.7,1.7,848000,0
2221.HK,D,20190820,000000,1.76,1.77,1.64,1.7,996000,0
2221.HK,D,20190821,000000,1.75,1.76,1.61,1.7,771500,0
2221.HK,D,20190822,000000,1.76,1.76,1.58,1.65,116000,0
2221.HK,D,20190823,000000,1.55,1.74,1.45,1.54,648000,0
2221.HK,D,20190826,000000,1.66,2,1.46,1.89,896000,0
2221.HK,D,20190827,000000,1.88,1.96,1.68,1.91,17564000,0
2221.HK,D,20190828,000000,1.92,2.1,1.72,1.95,31432000,0
2221.HK,D,20190829,000000,1.94,1.94,1.02,1.23,24392000,0
2221.HK,D,20190830,000000,1.13,1.13,0.71,0.77,22980000,0
2221.HK,D,20190902,000000,0.67,0.77,0.63,0.65,7044000,0
2221.HK,D,20190903,000000,0.66,0.79,0.65,0.71,6156000,0
2221.HK,D,20190904,000000,0.7,0.79,0.67,0.69,4684000,0
2221.HK,D,20190905,000000,0.72,0.77,0.68,0.74,1956000,0
2221.HK,D,20190906,000000,0.74,0.74,0.7,0.7,932000,0
2221.HK,D,20190909,000000,0.69,0.7,0.63,0.66,1340000,0
2221.HK,D,20190910,000000,0.67,0.7,0.63,0.65,1408000,0
2221.HK,D,20190911,000000,0.66,0.68,0.64,0.65,964000,0
2221.HK,D,20190912,000000,0.63,0.66,0.62,0.63,688000,0
2221.HK,D,20190913,000000,0.63,0.65,0.63,0.63,160000,0
2221.HK,D,20190916,000000,0.63,0.66,0.62,0.63,480000,0
2221.HK,D,20190917,000000,0.63,0.63,0.61,0.61,980000,0
2221.HK,D,20190918,000000,0.61,0.61,0.6,0.61,244000,0
2221.HK,D,20190919,000000,0.61,0.61,0.54,0.58,2432000,0
2221.HK,D,20190920,000000,0.56,0.58,0.54,0.55,680000,0
2221.HK,D,20190923,000000,0.54,0.54,0.49,0.51,1488000,0
2221.HK,D,20190924,000000,0.5,0.51,0.48,0.51,792000,0
2221.HK,D,20190925,000000,0.5,0.6,0.5,0.52,3040000,0
2221.HK,D,20190926,000000,0.51,0.51,0.49,0.5,608000,0
2221.HK,D,20190927,000000,0.45,0.485,0.44,0.47,2092000,0
2221.HK,D,20190930,000000,0.45,0.495,0.45,0.45,304000,0
2221.HK,D,20191002,000000,0.445,0.45,0.445,0.445,100000,0
2221.HK,D,20191003,000000,0.445,0.445,0.435,0.445,80000,0
2221.HK,D,20191004,000000,0.44,0.445,0.42,0.425,256000,0
2221.HK,D,20191008,000000,0.495,1.14,0.495,0.67,46664000,0
2221.HK,D,20191009,000000,0.72,0.72,0.56,0.6,6380000,0
2221.HK,D,20191010,000000,0.6,0.6,0.51,0.52,5528000,0
2221.HK,D,20191011,000000,0.51,0.53,0.49,0.52,2640000,0
2221.HK,D,20191014,000000,0.52,0.55,0.51,0.53,848000,0
2221.HK,D,20191015,000000,0.53,0.55,0.485,0.495,1056000,0
2221.HK,D,20191016,000000,0.47,0.52,0.47,0.48,748000,0
2221.HK,D,20191017,000000,0.5,0.5,0.495,0.5,412000,0
2221.HK,D,20191018,000000,0.485,0.5,0.485,0.49,380000,0
2221.HK,D,20191021,000000,0.49,0.495,0.475,0.495,340000,0
2221.HK,D,20191022,000000,0.475,0.49,0.475,0.475,184000,0
2221.HK,D,20191023,000000,0.47,0.49,0.46,0.475,444000,0
2221.HK,D,20191024,000000,0.465,0.475,0.45,0.46,508000,0
2221.HK,D,20191025,000000,0.46,0.49,0.45,0.46,348000,0
2221.HK,D,20191028,000000,0.465,0.49,0.45,0.465,732000,0
2221.HK,D,20191029,000000,0.455,0.46,0.45,0.46,252000,0
2221.HK,D,20191030,000000,0.47,0.47,0.45,0.47,136000,0
2221.HK,D,20191031,000000,0.485,0.485,0.455,0.47,940000,0
2221.HK,D,20191101,000000,0.48,0.6,0.475,0.495,3240000,0
2221.HK,D,20191104,000000,0.5,0.51,0.465,0.49,888000,0
2221.HK,D,20191105,000000,0.485,0.49,0.48,0.48,128000,0
2221.HK,D,20191106,000000,0.495,0.5,0.48,0.48,236000,0
2221.HK,D,20191107,000000,0.48,0.48,0.48,0.48,40000,0
2221.HK,D,20191108,000000,0.51,0.51,0.48,0.48,144000,0
2221.HK,D,20191111,000000,0.465,0.52,0.465,0.475,352000,0
2221.HK,D,20191112,000000,0.52,0.52,0.495,0.495,4000,0
2221.HK,D,20191113,000000,0.49,0.495,0.465,0.47,136000,0
2221.HK,D,20191114,000000,0.465,0.495,0.455,0.475,768000,0
2221.HK,D,20191115,000000,0.47,0.495,0.47,0.47,32000,0
2221.HK,D,20191118,000000,0.47,0.47,0.45,0.46,104000,0
2221.HK,D,20191119,000000,0.485,0.55,0.47,0.495,632000,0
2221.HK,D,20191120,000000,0.495,0.51,0.47,0.475,108000,0
2221.HK,D,20191121,000000,0.465,0.49,0.455,0.49,72000,0
2221.HK,D,20191122,000000,0.485,0.485,0.455,0.485,60000,0
2221.HK,D,20191125,000000,0.465,0.485,0.455,0.46,180000,0
2221.HK,D,20191126,000000,0.47,0.51,0.46,0.46,252000,0
2221.HK,D,20191127,000000,0.455,0.475,0.44,0.46,280000,0
2221.HK,D,20191128,000000,0.45,0.455,0.425,0.455,196000,0
2221.HK,D,20191129,000000,0.43,0.445,0.425,0.44,120000,0
2221.HK,D,20191202,000000,0.42,0.435,0.4,0.41,372000,0
2221.HK,D,20191203,000000,0.41,0.425,0.4,0.42,164000,0
2221.HK,D,20191204,000000,0.4,0.425,0.395,0.425,188000,0
2221.HK,D,20191205,000000,0.415,0.415,0.41,0.415,12000,0
2221.HK,D,20191206,000000,0.415,0.415,0.415,0.415,0,0
2221.HK,D,20191209,000000,0.4,0.45,0.4,0.44,356000,0
2221.HK,D,20191210,000000,0.41,0.425,0.4,0.425,412000,0
2221.HK,D,20191211,000000,0.405,0.42,0.395,0.42,88000,0
2221.HK,D,20191212,000000,0.415,0.415,0.415,0.415,40000,0
2221.HK,D,20191213,000000,0.4,0.415,0.4,0.41,16000,0
2221.HK,D,20191216,000000,0.435,0.435,0.41,0.41,164000,0
2221.HK,D,20191217,000000,0.41,0.425,0.41,0.41,52000,0
2221.HK,D,20191218,000000,0.425,0.425,0.39,0.425,60000,0
2221.HK,D,20191219,000000,0.425,0.425,0.425,0.425,0,0
2221.HK,D,20191220,000000,0.4,0.42,0.4,0.42,204000,0
2221.HK,D,20191223,000000,0.395,0.41,0.395,0.41,8000,0
2221.HK,D,20191224,000000,0.405,0.43,0.405,0.425,96000,0
2221.HK,D,20191227,000000,0.415,0.43,0.39,0.405,68000,0
2221.HK,D,20191230,000000,0.4,0.4,0.395,0.4,92000,0
2221.HK,D,20191231,000000,0.4,0.425,0.4,0.42,8000,0
2221.HK,D,20200102,000000,0.39,0.41,0.39,0.41,48000,0
2221.HK,D,20200103,000000,0.41,0.41,0.41,0.41,212000,0
2221.HK,D,20200106,000000,0.41,0.435,0.4,0.4,200000,0
2221.HK,D,20200107,000000,0.415,0.43,0.405,0.405,152000,0
2221.HK,D,20200108,000000,0.405,0.41,0.39,0.405,208000,0
2221.HK,D,20200109,000000,0.39,0.42,0.39,0.41,68000,0
2221.HK,D,20200110,000000,0.4,0.405,0.385,0.405,556000,0
2221.HK,D,20200113,000000,0.39,0.405,0.38,0.4,380000,0
2221.HK,D,20200114,000000,0.395,0.41,0.395,0.4,160000,0
2221.HK,D,20200115,000000,0.4,0.415,0.4,0.41,144000,0
2221.HK,D,20200116,000000,0.385,0.41,0.385,0.41,20000,0
2221.HK,D,20200117,000000,0.385,0.405,0.385,0.405,368000,0
2221.HK,D,20200120,000000,0.385,0.415,0.385,0.385,224000,0
2221.HK,D,20200121,000000,0.385,0.405,0.385,0.395,480000,0
2221.HK,D,20200122,000000,0.395,0.395,0.395,0.395,20000,0
2221.HK,D,20200123,000000,0.4,0.4,0.37,0.395,116000,0
2221.HK,D,20200124,000000,0.35,0.405,0.35,0.405,52000,0
2221.HK,D,20200129,000000,0.39,0.39,0.39,0.39,0,0
2221.HK,D,20200130,000000,0.36,0.385,0.36,0.38,176000,0
2221.HK,D,20200131,000000,0.36,0.36,0.34,0.35,60000,0
2221.HK,D,20200203,000000,0.4,0.4,0.36,0.36,24000,0
2221.HK,D,20200204,000000,0.35,0.36,0.345,0.36,216000,0
2221.HK,D,20200205,000000,0.36,0.37,0.35,0.365,112000,0
2221.HK,D,20200206,000000,0.37,0.37,0.365,0.37,8000,0
2221.HK,D,20200207,000000,0.37,0.37,0.37,0.37,0,0
2221.HK,D,20200210,000000,0.365,0.37,0.34,0.365,60000,0
2221.HK,D,20200211,000000,0.37,0.37,0.365,0.365,84000,0
2221.HK,D,20200212,000000,0.375,0.375,0.365,0.365,84000,0
2221.HK,D,20200213,000000,0.36,0.36,0.36,0.36,0,0
2221.HK,D,20200214,000000,0.375,0.375,0.345,0.35,144000,0
2221.HK,D,20200217,000000,0.35,0.365,0.35,0.35,36000,0
2221.HK,D,20200218,000000,0.36,0.36,0.355,0.355,8000,0
2221.HK,D,20200219,000000,0.355,0.355,0.34,0.355,56000,0
2221.HK,D,20200220,000000,0.365,0.37,0.35,0.365,36000,0
2221.HK,D,20200221,000000,0.37,0.37,0.37,0.37,4000,0
2221.HK,D,20200224,000000,0.37,0.37,0.34,0.37,104000,0
2221.HK,D,20200225,000000,0.365,0.365,0.365,0.365,0,0
2221.HK,D,20200226,000000,0.35,0.35,0.34,0.35,164000,0
2221.HK,D,20200227,000000,0.35,0.35,0.34,0.35,52000,0
2221.HK,D,20200228,000000,0.345,0.35,0.335,0.35,80000,0
2221.HK,D,20200302,000000,0.34,0.36,0.34,0.355,20000,0
2221.HK,D,20200303,000000,0.355,0.355,0.335,0.335,100000,0
2221.HK,D,20200304,000000,0.37,0.37,0.3,0.35,48000,0
2221.HK,D,20200305,000000,0.365,0.365,0.315,0.315,36000,0
2221.HK,D,20200306,000000,0.345,0.345,0.28,0.325,500000,0
2221.HK,D,20200309,000000,0.34,0.34,0.32,0.32,4000,0
2221.HK,D,20200310,000000,0.305,0.305,0.305,0.305,0,0
2221.HK,D,20200311,000000,0.345,0.345,0.32,0.32,4000,0
2221.HK,D,20200312,000000,0.345,0.345,0.29,0.29,240000,0
2221.HK,D,20200313,000000,0.31,0.31,0.25,0.295,288000,0
2221.HK,D,20200316,000000,0.305,0.335,0.275,0.29,240000,0
2221.HK,D,20200317,000000,0.31,0.31,0.29,0.305,964000,0
2221.HK,D,20200318,000000,0.285,0.29,0.285,0.285,32000,0
2221.HK,D,20200319,000000,0.345,0.345,0.3,0.3,16000,0
2221.HK,D,20200320,000000,0.275,0.31,0.275,0.3,28000,0
2221.HK,D,20200323,000000,0.29,0.29,0.29,0.29,0,0
2221.HK,D,20200324,000000,0.29,0.29,0.29,0.29,0,0
2221.HK,D,20200325,000000,0.3,0.3,0.249,0.26,1740000,0
2221.HK,D,20200326,000000,0.28,0.3,0.25,0.26,808000,0
2221.HK,D,20200327,000000,0.3,0.37,0.195,0.255,1200000,0
2221.HK,D,20200330,000000,0.248,0.255,0.243,0.255,100000,0
2221.HK,D,20200331,000000,0.255,0.255,0.255,0.255,0,0
2221.HK,D,20200401,000000,0.255,0.255,0.255,0.255,0,0
2221.HK,D,20200402,000000,0.255,0.255,0.255,0.255,0,0
2221.HK,D,20200403,000000,0.248,0.248,0.248,0.248,20000,0
2221.HK,D,20200406,000000,0.248,0.248,0.248,0.248,0,0
2221.HK,D,20200407,000000,0.25,0.25,0.245,0.25,36000,0
2221.HK,D,20200408,000000,0.25,0.25,0.25,0.25,0,0
2221.HK,D,20200409,000000,0.25,0.25,0.25,0.25,0,0
2221.HK,D,20200414,000000,0.25,0.25,0.25,0.25,0,0
2221.HK,D,20200415,000000,0.25,0.275,0.25,0.255,140000,0
2221.HK,D,20200416,000000,0.27,0.28,0.26,0.28,428000,0
2221.HK,D,20200417,000000,0.255,0.255,0.248,0.255,204000,0
2221.HK,D,20200420,000000,0.25,0.255,0.224,0.249,24000,0
2221.HK,D,20200421,000000,0.255,0.255,0.23,0.249,12000,0
2221.HK,D,20200422,000000,0.24,0.255,0.24,0.245,12000,0
2221.HK,D,20200423,000000,0.243,0.243,0.22,0.243,20000,0
2221.HK,D,20200424,000000,0.243,0.247,0.243,0.247,8000,0
2221.HK,D,20200427,000000,0.238,0.239,0.204,0.238,40000,0
2221.HK,D,20200428,000000,0.226,0.226,0.226,0.226,60000,0
2221.HK,D,20200429,000000,0.216,0.225,0.211,0.219,76000,0
2221.HK,D,20200504,000000,0.21,0.21,0.205,0.21,20000,0
2221.HK,D,20200505,000000,0.204,0.21,0.171,0.204,608000,0
2221.HK,D,20200506,000000,0.196,0.199,0.196,0.196,4000,0
2221.HK,D,20200507,000000,0.196,0.196,0.192,0.196,80000,0
2221.HK,D,20200508,000000,0.193,0.193,0.193,0.193,0,0
2221.HK,D,20200511,000000,0.207,0.207,0.184,0.198,132000,0
2221.HK,D,20200512,000000,0.194,0.205,0.194,0.198,48000,0
2221.HK,D,20200513,000000,0.209,0.209,0.198,0.198,20000,0
2221.HK,D,20200514,000000,0.205,0.255,0.205,0.227,2485500,0
2221.HK,D,20200515,000000,0.2,0.22,0.193,0.209,688000,0
2221.HK,D,20200518,000000,0.255,0.295,0.229,0.29,7104000,0
2221.HK,D,20200519,000000,0.25,0.29,0.238,0.27,328000,0
2221.HK,D,20200520,000000,0.265,0.345,0.265,0.325,3832000,0
2221.HK,D,20200521,000000,0.38,0.38,0.26,0.28,7428000,0
2221.HK,D,20200522,000000,0.265,0.33,0.24,0.255,4912000,0
2221.HK,D,20200525,000000,0.27,0.32,0.255,0.295,1852000,0
2221.HK,D,20200526,000000,0.395,0.395,0.26,0.295,396000,0
2221.HK,D,20200527,000000,0.27,0.27,0.26,0.265,164000,0
2221.HK,D,20200528,000000,0.25,0.255,0.25,0.255,384000,0
2221.HK,D,20200529,000000,0.25,0.285,0.25,0.285,556000,0
2221.HK,D,20200601,000000,0.285,0.3,0.265,0.285,12000,0
2221.HK,D,20200602,000000,0.29,0.3,0.29,0.3,452000,0
2221.HK,D,20200603,000000,0.255,0.3,0.245,0.275,1480000,0
2221.HK,D,20200604,000000,0.26,0.285,0.245,0.25,2336000,0
2221.HK,D,20200605,000000,0.26,0.275,0.245,0.245,2932000,0
2221.HK,D,20200608,000000,0.255,0.26,0.241,0.243,1772000,0
2221.HK,D,20200609,000000,0.245,0.255,0.24,0.248,856000,0
2221.HK,D,20200610,000000,0.246,0.255,0.242,0.246,188000,0
2221.HK,D,20200611,000000,0.25,0.305,0.25,0.275,2276000,0
2221.HK,D,20200612,000000,0.33,0.33,0.275,0.3,1420000,0
2221.HK,D,20200615,000000,0.33,0.33,0.27,0.275,1004000,0
2221.HK,D,20200616,000000,0.35,0.35,0.295,0.3,244000,0
2221.HK,D,20200617,000000,0.34,0.38,0.315,0.37,4636000,0
2221.HK,D,20200618,000000,0.4,0.4,0.36,0.37,1680000,0
2221.HK,D,20200619,000000,0.375,0.39,0.37,0.38,844000,0
2221.HK,D,20200622,000000,0.4,0.4,0.375,0.385,716000,0
2221.HK,D,20200623,000000,0.49,0.49,0.39,0.405,1112000,0
2221.HK,D,20200624,000000,0.43,0.44,0.4,0.41,828000,0
2221.HK,D,20200626,000000,0.46,0.46,0.33,0.41,436000,0
2221.HK,D,20200629,000000,0.55,0.55,0.41,0.425,3712000,0
2221.HK,D,20200630,000000,0.425,0.49,0.42,0.43,1700000,0
2221.HK,D,20200702,000000,0.47,0.47,0.4,0.4,13120000,0
2221.HK,D,20200703,000000,0.44,0.445,0.37,0.405,5696000,0
2221.HK,D,20200706,000000,0.445,0.445,0.37,0.385,3612000,0
2221.HK,D,20200707,000000,0.41,0.41,0.36,0.375,4638000,0
2221.HK,D,20200708,000000,0.38,0.39,0.33,0.365,1598000,0
2221.HK,D,20200709,000000,0.4,0.4,0.225,0.24,14802000,0
2221.HK,D,20200710,000000,0.31,0.31,0.235,0.248,7280000,0
2221.HK,D,20200713,000000,0.275,0.275,0.232,0.24,3404000,0
2221.HK,D,20200714,000000,0.26,0.26,0.243,0.243,728000,0
2221.HK,D,20200715,000000,0.245,0.245,0.212,0.217,6756000,0
2221.HK,D,20200716,000000,0.215,0.22,0.203,0.208,5124000,0
2221.HK,D,20200717,000000,0.23,0.23,0.18,0.204,2032000,0
2221.HK,D,20200720,000000,0.295,0.295,0.19,0.2,5104000,0
2221.HK,D,20200721,000000,0.2,0.201,0.197,0.199,912000,0
2221.HK,D,20200722,000000,0.199,0.231,0.199,0.21,676000,0
2221.HK,D,20200723,000000,0.205,0.209,0.198,0.198,280000,0
2221.HK,D,20200724,000000,0.245,0.245,0.2,0.201,2396000,0
2221.HK,D,20200727,000000,0.22,0.22,0.193,0.201,536000,0
2221.HK,D,20200728,000000,0.204,0.205,0.186,0.2,960000,0
2221.HK,D,20200729,000000,0.2,0.204,0.2,0.203,56000,0
2221.HK,D,20200730,000000,0.2,0.2,0.19,0.195,492000,0
2221.HK,D,20200731,000000,0.205,0.205,0.188,0.2,592000,0
2221.HK,D,20200803,000000,0.204,0.21,0.18,0.2,292000,0
2221.HK,D,20200804,000000,0.186,0.186,0.177,0.186,72000,0
2221.HK,D,20200805,000000,0.2,0.2,0.121,0.185,9760000,0
2221.HK,D,20200806,000000,0.214,0.215,0.162,0.18,1240000,0
2221.HK,D,20200807,000000,0.205,0.205,0.172,0.18,2304000,0
2221.HK,D,20200810,000000,0.166,0.184,0.15,0.165,400000,0
2221.HK,D,20200811,000000,0.204,0.204,0.167,0.174,1604000,0
2221.HK,D,20200812,000000,0.185,0.185,0.158,0.174,996000,0
2221.HK,D,20200813,000000,0.155,0.175,0.155,0.172,1076000,0
2221.HK,D,20200814,000000,0.177,0.177,0.169,0.174,52000,0
2221.HK,D,20200817,000000,0.176,0.176,0.173,0.175,104000,0
2221.HK,D,20200818,000000,0.188,0.188,0.176,0.176,4000,0
2221.HK,D,20200819,000000,0.2,0.2,0.185,0.185,168000,0
2221.HK,D,20200820,000000,0.175,0.175,0.175,0.175,408000,0
2221.HK,D,20200821,000000,0.174,0.175,0.17,0.174,264000,0
2221.HK,D,20200824,000000,0.174,0.174,0.174,0.174,76000,0
2221.HK,D,20200825,000000,0.174,0.174,0.173,0.174,248000,0
2221.HK,D,20200826,000000,0.204,0.204,0.15,0.18,116000,0
2221.HK,D,20200827,000000,0.198,0.198,0.163,0.185,1144000,0
2221.HK,D,20200828,000000,0.179,0.179,0.179,0.179,0,0
2221.HK,D,20200831,000000,0.177,0.182,0.177,0.182,548000,0
2221.HK,D,20200901,000000,0.198,0.199,0.18,0.18,28000,0
2221.HK,D,20200902,000000,0.18,0.18,0.18,0.18,0,0
2221.HK,D,20200903,000000,0.178,0.178,0.178,0.178,1280000,0
2221.HK,D,20200904,000000,0.178,0.178,0.178,0.178,0,0
2221.HK,D,20200907,000000,0.178,0.19,0.178,0.18,1196000,0
2221.HK,D,20200908,000000,0.179,0.18,0.178,0.18,1368000,0
2221.HK,D,20200909,000000,0.18,0.18,0.18,0.18,0,0
2221.HK,D,20200910,000000,0.179,0.179,0.179,0.179,0,0
2221.HK,D,20200911,000000,0.127,0.179,0.127,0.178,280000,0
2221.HK,D,20200914,000000,0.178,0.178,0.178,0.178,0,0
2221.HK,D,20200915,000000,0.178,0.178,0.178,0.178,20000,0
2221.HK,D,20200916,000000,0.178,0.179,0.177,0.179,620000,0
2221.HK,D,20200917,000000,0.178,0.178,0.178,0.178,0,0
2221.HK,D,20200918,000000,0.178,0.178,0.136,0.178,28000,0
2221.HK,D,20200921,000000,0.178,0.178,0.178,0.178,0,0
2221.HK,D,20200922,000000,0.178,0.187,0.178,0.178,148000,0
2221.HK,D,20200923,000000,0.179,0.23,0.179,0.198,1044000,0
2221.HK,D,20200924,000000,0.19,0.23,0.175,0.199,3384000,0
2221.HK,D,20200925,000000,0.215,0.22,0.18,0.185,1112000,0
2221.HK,D,20200928,000000,0.204,0.205,0.19,0.204,500000,0
2221.HK,D,20200929,000000,0.21,0.21,0.181,0.21,1228000,0
2221.HK,D,20200930,000000,0.21,0.224,0.2,0.217,2184000,0
2221.HK,D,20201005,000000,0.23,0.23,0.21,0.218,428000,0
2221.HK,D,20201006,000000,0.218,0.22,0.187,0.21,1816000,0
2221.HK,D,20201007,000000,0.215,0.215,0.215,0.215,8000,0
2221.HK,D,20201008,000000,0.214,0.214,0.214,0.214,0,0
2221.HK,D,20201009,000000,0.21,0.21,0.191,0.21,32000,0
2221.HK,D,20201012,000000,0.22,0.22,0.192,0.208,60000,0
2221.HK,D,20201014,000000,0.209,0.209,0.2,0.209,24000,0
2221.HK,D,20201015,000000,0.193,0.193,0.193,0.193,20000,0
2221.HK,D,20201016,000000,0.202,0.21,0.193,0.2,212000,0
2221.HK,D,20201019,000000,0.2,0.2,0.2,0.2,0,0
2221.HK,D,20201020,000000,0.194,0.21,0.194,0.205,160000,0
2221.HK,D,20201021,000000,0.205,0.205,0.205,0.205,0,0
2221.HK,D,20201022,000000,0.205,0.205,0.205,0.205,0,0
2221.HK,D,20201023,000000,0.192,0.192,0.192,0.192,8000,0
2221.HK,D,20201027,000000,0.19,0.19,0.19,0.19,0,0
2221.HK,D,20201028,000000,0.185,0.185,0.142,0.183,36000,0
2221.HK,D,20201029,000000,0.183,0.184,0.179,0.179,176000,0
2221.HK,D,20201030,000000,0.195,0.195,0.192,0.192,12000,0
2221.HK,D,20201102,000000,0.19,0.19,0.19,0.19,0,0
2221.HK,D,20201103,000000,0.189,0.189,0.185,0.185,340000,0
2221.HK,D,20201104,000000,0.185,0.185,0.185,0.185,56000,0
2221.HK,D,20201105,000000,0.186,0.186,0.161,0.183,468000,0
2221.HK,D,20201106,000000,0.182,0.19,0.182,0.19,1788000,0
2221.HK,D,20201109,000000,0.201,0.201,0.196,0.196,8000,0
2221.HK,D,20201110,000000,0.195,0.195,0.195,0.195,0,0
2221.HK,D,20201111,000000,0.194,0.194,0.194,0.194,0,0
2221.HK,D,20201112,000000,0.194,0.194,0.194,0.194,0,0
2221.HK,D,20201113,000000,0.17,0.198,0.17,0.196,8000,0
2221.HK,D,20201116,000000,0.198,0.198,0.174,0.194,84000,0
2221.HK,D,20201117,000000,0.188,0.202,0.188,0.19,1092000,0
2221.HK,D,20201118,000000,0.187,0.188,0.186,0.187,976000,0
2221.HK,D,20201119,000000,0.187,0.187,0.187,0.187,0,0
2221.HK,D,20201120,000000,0.188,0.194,0.162,0.175,8912000,0
2221.HK,D,20201123,000000,0.18,0.183,0.175,0.175,880000,0
2221.HK,D,20201124,000000,0.174,0.175,0.174,0.174,212000,0
2221.HK,D,20201125,000000,0.174,0.18,0.168,0.168,920000,0
2221.HK,D,20201126,000000,0.17,0.173,0.17,0.173,224000,0
2221.HK,D,20201127,000000,0.173,0.173,0.173,0.173,0,0
2221.HK,D,20201130,000000,0.173,0.185,0.173,0.182,16000,0
2221.HK,D,20201201,000000,0.19,0.19,0.184,0.184,12000,0
2221.HK,D,20201202,000000,0.183,0.183,0.157,0.183,104000,0
2221.HK,D,20201203,000000,0.2,0.2,0.156,0.189,132000,0
2221.HK,D,20201204,000000,0.173,0.187,0.173,0.187,84000,0
2221.HK,D,20201207,000000,0.182,0.182,0.166,0.182,388000,0
2221.HK,D,20201208,000000,0.166,0.181,0.166,0.179,20000,0
2221.HK,D,20201209,000000,0.179,0.179,0.179,0.179,0,0
2221.HK,D,20201210,000000,0.168,0.184,0.168,0.183,124000,0
2221.HK,D,20201211,000000,0.18,0.2,0.172,0.172,1084000,0
2221.HK,D,20201214,000000,0.19,0.19,0.19,0.19,4000,0
2221.HK,D,20201215,000000,0.174,0.185,0.174,0.185,80000,0
2221.HK,D,20201216,000000,0.175,0.19,0.175,0.188,260000,0
2221.HK,D,20201217,000000,0.177,0.2,0.177,0.2,364000,0
2221.HK,D,20201218,000000,0.199,0.208,0.188,0.204,328000,0
2221.HK,D,20201221,000000,0.204,0.21,0.204,0.208,152000,0
2221.HK,D,20201222,000000,0.21,0.219,0.204,0.204,104000,0
2221.HK,D,20201223,000000,0.21,0.21,0.21,0.21,248000,0
2221.HK,D,20201224,000000,0.219,0.22,0.21,0.21,52000,0
2221.HK,D,20201228,000000,0.186,0.21,0.186,0.209,64000,0
2221.HK,D,20201229,000000,0.208,0.208,0.208,0.208,0,0
2221.HK,D,20201230,000000,0.204,0.21,0.2,0.2,560000,0
2221.HK,D,20201231,000000,0.21,0.21,0.207,0.207,100000,0
2221.HK,D,20210104,000000,0.21,0.21,0.208,0.21,400000,0
2221.HK,D,20210105,000000,0.208,0.208,0.199,0.208,304000,0
2221.HK,D,20210106,000000,0.208,0.208,0.208,0.208,0,0
2221.HK,D,20210107,000000,0.208,0.208,0.208,0.208,0,0
2221.HK,D,20210108,000000,0.206,0.207,0.206,0.206,180000,0
2221.HK,D,20210111,000000,0.188,0.208,0.188,0.208,588000,0
2221.HK,D,20210112,000000,0.208,0.208,0.208,0.208,0,0
2221.HK,D,20210113,000000,0.209,0.209,0.207,0.209,220000,0
2221.HK,D,20210114,000000,0.198,0.2,0.198,0.2,616000,0
2221.HK,D,20210115,000000,0.199,0.199,0.198,0.199,308000,0
2221.HK,D,20210118,000000,0.209,0.209,0.204,0.205,308000,0
2221.HK,D,20210119,000000,0.202,0.202,0.201,0.202,332000,0
2221.HK,D,20210120,000000,0.209,0.209,0.199,0.209,452000,0
2221.HK,D,20210121,000000,0.204,0.204,0.203,0.204,208000,0
2221.HK,D,20210122,000000,0.188,0.209,0.188,0.209,68000,0
2221.HK,D,20210125,000000,0.208,0.208,0.207,0.208,208000,0
2221.HK,D,20210126,000000,0.206,0.206,0.205,0.206,248000,0
2221.HK,D,20210127,000000,0.205,0.205,0.19,0.205,244000,0
2221.HK,D,20210128,000000,0.198,0.2,0.19,0.198,240000,0
2221.HK,D,20210129,000000,0.194,0.194,0.194,0.194,16000,0
2221.HK,D,20210201,000000,0.197,0.198,0.196,0.197,28000,0
2221.HK,D,20210202,000000,0.195,0.196,0.182,0.194,264000,0
2221.HK,D,20210203,000000,0.194,0.194,0.193,0.194,108000,0
2221.HK,D,20210204,000000,0.18,0.18,0.16,0.172,3072000,0
2221.HK,D,20210209,000000,0.31,0.31,0.171,0.181,19312000,0
2221.HK,D,20210210,000000,0.181,0.191,0.168,0.184,1504000,0
2221.HK,D,20210211,000000,0.173,0.197,0.165,0.174,808000,0
2221.HK,D,20210216,000000,0.18,0.19,0.151,0.173,3260000,0
2221.HK,D,20210217,000000,0.173,0.173,0.161,0.173,508000,0
2221.HK,D,20210218,000000,0.173,0.189,0.161,0.177,284000,0
2221.HK,D,20210219,000000,0.163,0.176,0.161,0.172,456000,0
2221.HK,D,20210222,000000,0.172,0.184,0.172,0.176,80000,0
2221.HK,D,20210223,000000,0.196,0.196,0.179,0.188,260000,0
2221.HK,D,20210224,000000,0.2,0.2,0.186,0.186,96000,0
2221.HK,D,20210225,000000,0.186,0.186,0.172,0.186,124000,0
2221.HK,D,20210226,000000,0.173,0.189,0.167,0.187,196000,0
2221.HK,D,20210301,000000,0.182,0.182,0.171,0.182,84000,0
2221.HK,D,20210302,000000,0.177,0.192,0.166,0.18,1132000,0
2221.HK,D,20210303,000000,0.18,0.192,0.17,0.18,356000,0
2221.HK,D,20210304,000000,0.174,0.179,0.161,0.179,248000,0
2221.HK,D,20210305,000000,0.17,0.177,0.15,0.17,2836000,0
2221.HK,D,20210308,000000,0.17,0.18,0.165,0.172,240000,0
2221.HK,D,20210309,000000,0.175,0.175,0.17,0.175,388000,0
2221.HK,D,20210310,000000,0.175,0.191,0.173,0.18,280000,0
2221.HK,D,20210311,000000,0.181,0.181,0.178,0.181,162000,0
2221.HK,D,20210312,000000,0.18,0.192,0.178,0.191,1488000,0
2221.HK,D,20210315,000000,0.19,0.226,0.189,0.211,3390000,0
2221.HK,D,20210316,000000,0.203,0.21,0.2,0.202,3924000,0
2221.HK,D,20210317,000000,0.203,0.21,0.202,0.203,2100000,0
2221.HK,D,20210318,000000,0.203,0.208,0.203,0.207,2052000,0
2221.HK,D,20210319,000000,0.207,0.208,0.19,0.198,2924000,0
2221.HK,D,20210322,000000,0.199,0.208,0.199,0.201,2184000,0
2221.HK,D,20210323,000000,0.2,0.2,0.199,0.2,2052000,0
2221.HK,D,20210324,000000,0.196,0.208,0.195,0.195,1824000,0
2221.HK,D,20210325,000000,0.22,0.236,0.197,0.212,3652000,0
2221.HK,D,20210326,000000,0.218,0.23,0.214,0.23,3468000,0
2221.HK,D,20210329,000000,0.236,0.24,0.22,0.221,2192000,0
2221.HK,D,20210330,000000,0.22,0.225,0.22,0.223,1912000,0
2221.HK,D,20210331,000000,0.223,0.238,0.223,0.233,4156000,0
2221.HK,D,20210401,000000,0.22,0.236,0.216,0.235,1972000,0
2221.HK,D,20210407,000000,0.233,0.234,0.233,0.233,1536000,0
2221.HK,D,20210408,000000,0.233,0.233,0.231,0.233,1604000,0
2221.HK,D,20210409,000000,0.233,0.24,0.233,0.237,1580000,0
2221.HK,D,20210412,000000,0.24,0.24,0.231,0.238,1908000,0
2221.HK,D,20210413,000000,0.234,0.235,0.234,0.234,144000,0
2221.HK,D,20210414,000000,0.229,0.238,0.229,0.234,884000,0
2221.HK,D,20210415,000000,0.238,0.29,0.238,0.26,5476000,0
2221.HK,D,20210416,000000,0.28,0.36,0.28,0.34,8286000,0
2221.HK,D,20210419,000000,0.365,0.455,0.34,0.42,12216000,0
2221.HK,D,20210420,000000,0.42,0.52,0.42,0.49,9032000,0
2221.HK,D,20210421,000000,0.49,0.49,0.385,0.45,6980000,0
2221.HK,D,20210422,000000,0.395,0.61,0.395,0.58,10780000,0
2221.HK,D,20210423,000000,0.58,0.58,0.54,0.54,2424000,0
2221.HK,D,20210426,000000,0.55,0.55,0.375,0.375,13972000,0
2221.HK,D,20210427,000000,0.375,0.41,0.345,0.385,3748000,0
2221.HK,D,20210428,000000,0.355,0.4,0.355,0.385,964000,0
2221.HK,D,20210429,000000,0.4,0.475,0.39,0.395,7460000,0
2221.HK,D,20210430,000000,0.425,0.44,0.39,0.39,840000,0
2221.HK,D,20210503,000000,0.385,0.405,0.355,0.355,1532000,0
2221.HK,D,20210504,000000,0.385,0.385,0.335,0.34,848000,0
2221.HK,D,20210505,000000,0.345,0.39,0.345,0.355,668000,0
2221.HK,D,20210506,000000,0.39,0.42,0.375,0.38,2748000,0
2221.HK,D,20210507,000000,0.36,0.4,0.355,0.355,4204000,0
2221.HK,D,20210510,000000,0.4,0.7,0.4,0.53,4964000,0
2221.HK,D,20210511,000000,0.75,0.92,0.66,0.69,36176000,0
2221.HK,D,20210512,000000,0.73,0.75,0.61,0.65,6780000,0
2221.HK,D,20210513,000000,0.65,0.68,0.55,0.61,3352000,0
2221.HK,D,20210514,000000,0.62,0.68,0.62,0.66,2612000,0
2221.HK,D,20210517,000000,0.66,0.67,0.62,0.66,2544000,0
2221.HK,D,20210518,000000,0.65,0.65,0.61,0.61,1288000,0
2221.HK,D,20210520,000000,0.62,0.63,0.6,0.6,408000,0
2221.HK,D,20210521,000000,0.6,0.65,0.6,0.65,948000,0
2221.HK,D,20210524,000000,0.6,0.64,0.6,0.6,740000,0
2221.HK,D,20210525,000000,0.61,0.63,0.6,0.63,480000,0
2221.HK,D,20210526,000000,0.64,0.64,0.59,0.6,708000,0
2221.HK,D,20210527,000000,0.59,0.63,0.58,0.59,862000,0
2221.HK,D,20210528,000000,0.6,0.6,0.57,0.59,554000,0
2221.HK,D,20210531,000000,0.59,0.6,0.56,0.57,458000,0
2221.HK,D,20210601,000000,0.58,0.58,0.55,0.56,1364000,0
2221.HK,D,20210602,000000,0.56,0.56,0.5,0.54,1736000,0
2221.HK,D,20210603,000000,0.51,0.54,0.5,0.54,986000,0
2221.HK,D,20210604,000000,0.52,0.55,0.51,0.52,592000,0
2221.HK,D,20210607,000000,0.51,0.65,0.51,0.65,1490000,0
2221.HK,D,20210608,000000,0.64,0.66,0.62,0.66,956000,0
2221.HK,D,20210609,000000,0.63,0.66,0.61,0.61,1448000,0
2221.HK,D,20210610,000000,0.56,0.65,0.56,0.65,2396000,0
2221.HK,D,20210611,000000,0.62,0.66,0.62,0.64,3520000,0
2221.HK,D,20210615,000000,0.61,0.66,0.61,0.63,2382000,0
2221.HK,D,20210616,000000,0.64,0.64,0.6,0.63,1496000,0
2221.HK,D,20210617,000000,0.6,0.63,0.6,0.63,900000,0
2221.HK,D,20210618,000000,0.63,0.65,0.61,0.65,358000,0
2221.HK,D,20210621,000000,0.66,0.66,0.61,0.62,1914000,0
2221.HK,D,20210622,000000,0.6,0.63,0.6,0.62,660000,0
2221.HK,D,20210623,000000,0.6,0.66,0.6,0.63,386000,0
2221.HK,D,20210624,000000,0.6,0.66,0.6,0.63,196000,0
2221.HK,D,20210625,000000,0.61,0.66,0.61,0.66,636000,0
2221.HK,D,20210628,000000,0.63,0.68,0.63,0.67,828000,0
2221.HK,D,20210629,000000,0.67,0.68,0.63,0.68,1568000,0
2221.HK,D,20210630,000000,0.69,0.69,0.64,0.66,868000,0
2221.HK,D,20210702,000000,0.66,0.66,0.61,0.63,1138000,0
2221.HK,D,20210705,000000,0.61,0.63,0.6,0.61,1968000,0
2221.HK,D,20210706,000000,0.61,0.64,0.56,0.6,1196000,0
2221.HK,D,20210707,000000,0.58,0.63,0.57,0.6,274000,0
2221.HK,D,20210708,000000,0.57,0.6,0.55,0.57,800000,0
2221.HK,D,20210709,000000,0.63,0.63,0.59,0.6,392000,0
2221.HK,D,20210712,000000,0.58,0.65,0.58,0.6,200000,0
2221.HK,D,20210713,000000,0.57,0.64,0.57,0.59,340000,0
2221.HK,D,20210714,000000,0.58,0.59,0.56,0.59,152000,0
2221.HK,D,20210715,000000,0.56,0.59,0.56,0.58,156000,0
2221.HK,D,20210716,000000,0.56,0.63,0.56,0.58,116000,0
2221.HK,D,20210719,000000,0.57,0.57,0.56,0.57,688000,0
2221.HK,D,20210720,000000,0.57,0.57,0.53,0.54,748000,0
2221.HK,D,20210721,000000,0.52,0.58,0.52,0.54,632000,0
2221.HK,D,20210722,000000,0.58,0.61,0.56,0.58,740000,0
2221.HK,D,20210723,000000,0.57,0.6,0.55,0.57,396000,0
2221.HK,D,20210726,000000,0.55,0.57,0.53,0.54,340000,0
2221.HK,D,20210727,000000,0.53,0.56,0.53,0.54,408000,0
2221.HK,D,20210728,000000,0.52,0.58,0.51,0.54,228000,0
2221.HK,D,20210729,000000,0.54,0.57,0.53,0.55,396000,0
2221.HK,D,20210730,000000,0.53,0.55,0.52,0.53,276000,0
2221.HK,D,20210802,000000,0.54,0.57,0.53,0.55,260000,0
2221.HK,D,20210803,000000,0.53,0.54,0.5,0.52,1120000,0
2221.HK,D,20210804,000000,0.5,0.52,0.485,0.5,936000,0
2221.HK,D,20210805,000000,0.5,0.58,0.465,0.51,652000,0
2221.HK,D,20210806,000000,0.56,0.56,0.5,0.5,416000,0
2221.HK,D,20210809,000000,0.495,0.51,0.495,0.5,512000,0
2221.HK,D,20210810,000000,0.46,0.51,0.46,0.51,192000,0
2221.HK,D,20210811,000000,0.51,0.53,0.495,0.52,416000,0
2221.HK,D,20210812,000000,0.51,0.56,0.51,0.54,748000,0
2221.HK,D,20210813,000000,0.54,0.54,0.51,0.51,680000,0
2221.HK,D,20210816,000000,0.51,0.52,0.49,0.52,1148000,0
2221.HK,D,20210817,000000,0.52,0.52,0.5,0.5,792000,0
2221.HK,D,20210818,000000,0.5,0.51,0.49,0.51,1160000,0
2221.HK,D,20210819,000000,0.49,0.51,0.49,0.5,136000,0
2221.HK,D,20210820,000000,0.49,0.49,0.47,0.48,520000,0
2221.HK,D,20210823,000000,0.5,0.51,0.46,0.48,1404000,0
2221.HK,D,20210824,000000,0.485,0.52,0.48,0.52,500000,0
2221.HK,D,20210825,000000,0.51,0.52,0.485,0.49,2420000,0
2221.HK,D,20210826,000000,0.485,0.9,0.485,0.72,4664000,0
2221.HK,D,20210827,000000,0.68,0.78,0.57,0.73,11312000,0
2221.HK,D,20210830,000000,0.73,0.77,0.69,0.71,3368000,0
2221.HK,D,20210831,000000,0.71,0.72,0.69,0.7,1376000,0
2221.HK,D,20210901,000000,0.72,0.72,0.68,0.68,1036000,0
2221.HK,D,20210902,000000,0.67,0.73,0.67,0.73,1660000,0
2221.HK,D,20210903,000000,0.69,0.86,0.69,0.83,5332000,0
2221.HK,D,20210906,000000,0.83,0.84,0.8,0.82,2116000,0
2221.HK,D,20210907,000000,0.81,0.9,0.8,0.81,4736000,0
2221.HK,D,20210908,000000,0.81,0.84,0.81,0.81,1744000,0
2221.HK,D,20210909,000000,0.8,0.84,0.79,0.79,2560000,0
2221.HK,D,20210910,000000,0.77,0.82,0.77,0.8,2364000,0
2221.HK,D,20210913,000000,0.76,0.83,0.76,0.79,2368000,0
2221.HK,D,20210914,000000,0.76,0.8,0.76,0.79,684000,0
2221.HK,D,20210915,000000,0.78,0.83,0.77,0.8,4244000,0
2221.HK,D,20210916,000000,0.81,0.84,0.79,0.8,2688000,0
2221.HK,D,20210917,000000,0.79,0.83,0.79,0.79,2296000,0
2221.HK,D,20210920,000000,0.8,0.85,0.75,0.8,880000,0
2221.HK,D,20210921,000000,0.76,0.78,0.76,0.77,472000,0
2221.HK,D,20210923,000000,0.78,0.85,0.78,0.82,3464000,0
2221.HK,D,20210924,000000,0.83,0.85,0.8,0.81,1432000,0
2221.HK,D,20210927,000000,0.8,0.84,0.8,0.8,348000,0
2221.HK,D,20210928,000000,0.8,0.81,0.79,0.8,708000,0
2221.HK,D,20210929,000000,0.8,0.83,0.79,0.8,1068000,0
2221.HK,D,20210930,000000,0.8,0.82,0.79,0.79,1372000,0
2221.HK,D,20211004,000000,0.79,0.79,0.76,0.79,356000,0
2221.HK,D,20211005,000000,0.8,0.8,0.76,0.78,1188000,0
2221.HK,D,20211006,000000,0.77,0.79,0.77,0.78,456000,0
2221.HK,D,20211007,000000,0.76,0.83,0.76,0.8,712000,0
2221.HK,D,20211008,000000,0.79,0.81,0.78,0.78,660000,0
2221.HK,D,20211011,000000,0.78,0.84,0.78,0.78,692000,0
2221.HK,D,20211012,000000,0.78,0.82,0.76,0.82,3268000,0
2221.HK,D,20211015,000000,0.82,1.13,0.82,1.1,27090000,0
2221.HK,D,20211018,000000,1.14,1.38,0.97,1.1,39844000,0
2221.HK,D,20211019,000000,1.04,1.08,0.88,0.91,16144000,0
2221.HK,D,20211020,000000,0.91,0.95,0.87,0.87,5164000,0
2221.HK,D,20211021,000000,0.87,0.88,0.78,0.86,7648000,0
2221.HK,D,20211022,000000,0.81,0.86,0.79,0.79,3336000,0
2221.HK,D,20211025,000000,0.79,0.79,0.64,0.7,9768000,0
2221.HK,D,20211026,000000,0.7,0.7,0.59,0.63,7336000,0
2221.HK,D,20211027,000000,0.59,0.71,0.59,0.67,4768000,0
2221.HK,D,20211028,000000,0.67,0.69,0.65,0.68,1016000,0
2221.HK,D,20211029,000000,0.73,0.73,0.65,0.69,2392000,0
2221.HK,D,20211101,000000,0.72,0.96,0.7,0.86,11728000,0
2221.HK,D,20211102,000000,0.86,0.92,0.82,0.84,2364000,0
2221.HK,D,20211103,000000,0.8,0.86,0.8,0.82,1216000,0
2221.HK,D,20211104,000000,0.85,0.92,0.82,0.87,1112000,0
2221.HK,D,20211105,000000,0.85,0.92,0.85,0.9,2524000,0
2221.HK,D,20211108,000000,0.94,1.03,0.94,0.98,5360000,0
2221.HK,D,20211109,000000,0.99,0.99,0.9,0.91,1972000,0
2221.HK,D,20211110,000000,0.91,0.94,0.9,0.92,584000,0
2221.HK,D,20211111,000000,0.93,0.93,0.9,0.93,444000,0
2221.HK,D,20211112,000000,0.93,0.96,0.87,0.91,736000,0
2221.HK,D,20211115,000000,0.86,0.91,0.86,0.88,876000,0
2221.HK,D,20211116,000000,0.87,0.91,0.83,0.88,1348000,0
2221.HK,D,20211117,000000,0.86,0.86,0.83,0.86,1036000,0
2221.HK,D,20211118,000000,0.86,0.86,0.83,0.85,232000,0
2221.HK,D,20211119,000000,0.82,0.85,0.81,0.83,740000,0
2221.HK,D,20211122,000000,0.87,0.89,0.84,0.86,812000,0
2221.HK,D,20211123,000000,0.89,0.89,0.85,0.85,1176000,0
2221.HK,D,20211124,000000,0.84,0.98,0.84,0.85,840000,0
2221.HK,D,20211125,000000,0.85,0.87,0.81,0.84,932000,0
2221.HK,D,20211126,000000,0.81,0.82,0.76,0.78,2982000,0
2221.HK,D,20211129,000000,0.86,0.86,0.79,0.8,132000,0
2221.HK,D,20211130,000000,0.8,0.8,0.79,0.8,280000,0
2221.HK,D,20211201,000000,0.78,0.8,0.78,0.79,408000,0
2221.HK,D,20211202,000000,0.8,0.81,0.78,0.8,152000,0
2221.HK,D,20211203,000000,0.76,0.81,0.73,0.8,464000,0
2221.HK,D,20211206,000000,0.78,0.79,0.72,0.78,288000,0
2221.HK,D,20211207,000000,0.76,0.77,0.76,0.77,96000,0
2221.HK,D,20211208,000000,0.76,0.76,0.7,0.74,1264000,0
2221.HK,D,20211209,000000,0.72,0.79,0.67,0.72,6028000,0
2221.HK,D,20211210,000000,0.77,0.77,0.67,0.69,2112000,0
2221.HK,D,20211213,000000,0.68,0.73,0.67,0.7,1676000,0
2221.HK,D,20211214,000000,0.73,0.73,0.68,0.68,252000,0
2221.HK,D,20211215,000000,0.68,0.79,0.68,0.71,1264000,0
2221.HK,D,20211216,000000,0.77,0.77,0.71,0.72,440000,0
2221.HK,D,20211217,000000,0.72,0.72,0.68,0.72,40000,0
2221.HK,D,20211220,000000,0.71,0.76,0.67,0.69,7468000,0
2221.HK,D,20211221,000000,0.69,0.73,0.69,0.69,1256000,0
2221.HK,D,20211222,000000,0.69,0.75,0.68,0.69,2256000,0
2221.HK,D,20211223,000000,0.7,0.7,0.67,0.68,1156000,0
2221.HK,D,20211224,000000,0.68,0.69,0.66,0.68,824000,0
2221.HK,D,20211228,000000,0.68,0.7,0.68,0.7,436000,0
2221.HK,D,20211229,000000,0.7,0.71,0.67,0.7,976000,0
2221.HK,D,20211230,000000,0.71,0.71,0.67,0.68,368000,0
2221.HK,D,20211231,000000,0.67,0.67,0.63,0.65,824000,0
2221.HK,D,20220103,000000,0.66,0.7,0.62,0.65,684000,0
2221.HK,D,20220104,000000,0.65,0.67,0.64,0.66,384000,0
2221.HK,D,20220105,000000,0.65,0.66,0.63,0.65,908000,0
2221.HK,D,20220106,000000,0.65,0.67,0.64,0.67,164000,0
2221.HK,D,20220107,000000,0.68,0.68,0.62,0.66,628000,0
2221.HK,D,20220110,000000,0.65,0.65,0.65,0.65,376000,0
2221.HK,D,20220111,000000,0.63,0.65,0.61,0.62,716000,0
2221.HK,D,20220112,000000,0.59,0.64,0.59,0.64,108000,0
2221.HK,D,20220113,000000,0.63,0.63,0.61,0.62,184000,0
2221.HK,D,20220114,000000,0.62,0.62,0.58,0.6,1048000,0
2221.HK,D,20220117,000000,0.6,0.65,0.6,0.61,556000,0
2221.HK,D,20220118,000000,0.61,0.62,0.61,0.61,240000,0
2221.HK,D,20220119,000000,0.61,0.63,0.58,0.61,452000,0
2221.HK,D,20220120,000000,0.61,0.63,0.61,0.61,92000,0
2221.HK,D,20220121,000000,0.65,0.65,0.57,0.63,240000,0
2221.HK,D,20220124,000000,0.61,0.64,0.58,0.63,1092000,0
2221.HK,D,20220125,000000,0.61,0.62,0.59,0.61,76000,0
2221.HK,D,20220126,000000,0.59,0.65,0.59,0.62,396000,0
2221.HK,D,20220127,000000,0.69,0.69,0.59,0.62,444000,0
2221.HK,D,20220128,000000,0.59,0.62,0.59,0.62,20000,0
2221.HK,D,20220131,000000,0.61,0.61,0.61,0.61,0,0
2221.HK,D,20220204,000000,0.61,0.62,0.61,0.61,64000,0
2221.HK,D,20220207,000000,0.61,0.67,0.61,0.61,140000,0
2221.HK,D,20220208,000000,0.61,0.64,0.6,0.62,204000,0
2221.HK,D,20220209,000000,0.61,0.68,0.61,0.63,408000,0
2221.HK,D,20220210,000000,0.66,0.66,0.62,0.62,272000,0
2221.HK,D,20220211,000000,0.66,0.66,0.62,0.62,164000,0
2221.HK,D,20220214,000000,0.64,0.67,0.59,0.62,120000,0
2221.HK,D,20220215,000000,0.62,0.62,0.61,0.61,48000,0
2221.HK,D,20220216,000000,0.62,0.63,0.61,0.62,40000,0
2221.HK,D,20220217,000000,0.62,0.62,0.58,0.62,872000,0
2221.HK,D,20220218,000000,0.62,0.62,0.59,0.61,88000,0
2221.HK,D,20220221,000000,0.61,0.61,0.59,0.61,72000,0
2221.HK,D,20220222,000000,0.66,0.66,0.53,0.61,2340000,0
2221.HK,D,20220223,000000,0.62,0.63,0.62,0.62,328000,0
2221.HK,D,20220224,000000,0.65,0.65,0.59,0.59,256000,0
2221.HK,D,20220225,000000,0.61,0.61,0.56,0.61,328000,0
2221.HK,D,20220228,000000,0.59,0.6,0.59,0.6,416000,0
2221.HK,D,20220301,000000,0.6,0.61,0.56,0.59,712000,0
2221.HK,D,20220302,000000,0.56,0.59,0.52,0.59,648000,0
2221.HK,D,20220303,000000,0.56,0.58,0.55,0.58,200000,0
2221.HK,D,20220304,000000,0.55,0.57,0.55,0.57,164000,0
2221.HK,D,20220307,000000,0.6,0.6,0.55,0.59,372000,0
2221.HK,D,20220308,000000,0.56,0.57,0.54,0.57,280000,0
2221.HK,D,20220309,000000,0.55,0.55,0.5,0.54,3124000,0
2221.HK,D,20220310,000000,0.56,0.57,0.52,0.55,364000,0
2221.HK,D,20220311,000000,0.53,0.56,0.51,0.53,660000,0
2221.HK,D,20220314,000000,0.51,0.51,0.475,0.49,1212000,0
2221.HK,D,20220315,000000,0.46,0.5,0.415,0.425,1000000,0
2221.HK,D,20220316,000000,0.55,0.55,0.42,0.44,2296000,0
2221.HK,D,20220317,000000,0.43,0.48,0.43,0.46,616000,0
2221.HK,D,20220318,000000,0.465,0.53,0.46,0.48,348000,0
2221.HK,D,20220321,000000,0.48,0.5,0.47,0.49,864000,0
2221.HK,D,20220322,000000,0.47,0.48,0.47,0.48,192000,0
2221.HK,D,20220323,000000,0.435,0.48,0.435,0.475,80000,0
2221.HK,D,20220324,000000,0.48,0.53,0.47,0.48,646000,0
2221.HK,D,20220325,000000,0.51,0.51,0.48,0.5,1032000,0
2221.HK,D,20220328,000000,0.5,0.51,0.475,0.49,2696000,0
2221.HK,D,20220329,000000,0.52,0.65,0.52,0.56,5724000,0
2221.HK,D,20220330,000000,0.57,0.75,0.57,0.6,5768000,0
2221.HK,D,20220331,000000,0.59,0.65,0.59,0.62,776000,0
2221.HK,D,20220401,000000,0.65,0.65,0.61,0.62,468000,0
2221.HK,D,20220404,000000,0.65,0.68,0.62,0.63,260000,0
2221.HK,D,20220406,000000,0.67,0.67,0.63,0.63,600000,0
2221.HK,D,20220407,000000,0.63,0.66,0.62,0.64,540000,0
2221.HK,D,20220408,000000,0.63,0.65,0.62,0.65,244000,0
2221.HK,D,20220411,000000,0.63,0.63,0.62,0.63,144000,0
2221.HK,D,20220412,000000,0.65,0.65,0.62,0.64,448000,0
2221.HK,D,20220413,000000,0.64,0.66,0.64,0.64,1160000,0
2221.HK,D,20220414,000000,0.64,0.65,0.64,0.64,316000,0
2221.HK,D,20220419,000000,0.64,0.64,0.64,0.64,380000,0
2221.HK,D,20220420,000000,0.6,0.62,0.56,0.6,416000,0
2221.HK,D,20220421,000000,0.57,0.59,0.54,0.59,324000,0
2221.HK,D,20220422,000000,0.62,0.62,0.55,0.6,520000,0
2221.HK,D,20220425,000000,0.6,0.6,0.56,0.56,176000,0
2221.HK,D,20220426,000000,0.55,0.59,0.55,0.57,152000,0
2221.HK,D,20220427,000000,0.59,0.59,0.54,0.57,636000,0
2221.HK,D,20220428,000000,0.58,0.58,0.58,0.58,16000,0
2221.HK,D,20220429,000000,0.55,0.57,0.55,0.57,172000,0
2221.HK,D,20220503,000000,0.58,0.59,0.58,0.59,84000,0
2221.HK,D,20220504,000000,0.56,0.61,0.56,0.56,244000,0
2221.HK,D,20220505,000000,0.54,0.58,0.54,0.57,340000,0
2221.HK,D,20220506,000000,0.57,0.6,0.57,0.57,16000,0
2221.HK,D,20220510,000000,0.57,0.57,0.55,0.55,176000,0
2221.HK,D,20220511,000000,0.55,0.55,0.54,0.55,220000,0
2221.HK,D,20220512,000000,0.52,0.52,0.5,0.51,1576000,0
2221.HK,D,20220513,000000,0.5,0.54,0.45,0.54,232000,0
2221.HK,D,20220516,000000,0.53,0.53,0.53,0.53,52000,0
2221.HK,D,20220517,000000,0.53,0.53,0.485,0.5,596000,0
2221.HK,D,20220518,000000,0.48,0.48,0.48,0.48,208000,0
2221.HK,D,20220519,000000,0.48,0.54,0.48,0.53,528000,0
2221.HK,D,20220520,000000,0.56,0.56,0.51,0.51,24000,0
2221.HK,D,20220523,000000,0.58,0.58,0.49,0.52,1172000,0
2221.HK,D,20220524,000000,0.5,0.5,0.495,0.495,236000,0
2221.HK,D,20220525,000000,0.495,0.53,0.495,0.52,236000,0
2221.HK,D,20220526,000000,0.5,0.51,0.495,0.495,560000,0
2221.HK,D,20220527,000000,0.51,0.51,0.48,0.485,140000,0
2221.HK,D,20220530,000000,0.485,0.58,0.485,0.51,188000,0
2221.HK,D,20220531,000000,0.53,0.53,0.5,0.5,128000,0
2221.HK,D,20220601,000000,0.52,0.52,0.495,0.495,112000,0
2221.HK,D,20220602,000000,0.51,0.51,0.5,0.5,8000,0
2221.HK,D,20220606,000000,0.5,0.51,0.49,0.5,144000,0
2221.HK,D,20220607,000000,0.52,0.52,0.51,0.51,28000,0
2221.HK,D,20220608,000000,0.5,0.52,0.5,0.51,64000,0
2221.HK,D,20220609,000000,0.52,0.52,0.49,0.51,28000,0
2221.HK,D,20220610,000000,0.52,0.52,0.48,0.495,252000,0
2221.HK,D,20220613,000000,0.495,0.51,0.48,0.485,712000,0
2221.HK,D,20220614,000000,0.47,0.49,0.47,0.49,432000,0
2221.HK,D,20220615,000000,0.5,0.5,0.485,0.485,2020000,0
2221.HK,D,20220616,000000,0.48,0.48,0.455,0.475,2364000,0
2221.HK,D,20220617,000000,0.5,0.51,0.49,0.49,232000,0
2221.HK,D,20220620,000000,0.48,0.51,0.455,0.48,212000,0
2221.HK,D,20220621,000000,0.475,0.485,0.45,0.47,356000,0
2221.HK,D,20220622,000000,0.455,0.47,0.45,0.455,1004000,0
2221.HK,D,20220623,000000,0.445,0.46,0.43,0.455,332000,0
2221.HK,D,20220624,000000,0.45,0.45,0.44,0.45,364000,0
2221.HK,D,20220627,000000,0.445,0.49,0.445,0.46,280000,0
2221.HK,D,20220628,000000,0.49,0.5,0.48,0.48,204000,0
2221.HK,D,20220629,000000,0.49,0.49,0.46,0.475,88000,0
2221.HK,D,20220630,000000,0.47,0.49,0.44,0.48,184000,0
2221.HK,D,20220704,000000,0.475,0.475,0.455,0.455,340000,0
2221.HK,D,20220705,000000,0.48,0.485,0.455,0.47,92000,0
2221.HK,D,20220706,000000,0.45,0.47,0.45,0.455,200000,0
2221.HK,D,20220707,000000,0.455,0.455,0.44,0.455,96000,0
2221.HK,D,20220708,000000,0.425,0.45,0.425,0.44,512000,0
2221.HK,D,20220711,000000,0.43,0.44,0.43,0.44,248000,0
2221.HK,D,20220712,000000,0.42,0.44,0.42,0.435,80000,0
2221.HK,D,20220713,000000,0.43,0.44,0.43,0.44,692000,0
2221.HK,D,20220714,000000,0.43,0.435,0.4,0.425,504000,0
2221.HK,D,20220715,000000,0.4,0.495,0.355,0.435,488000,0
2221.HK,D,20220718,000000,0.435,0.435,0.385,0.425,584000,0
2221.HK,D,20220719,000000,0.435,0.435,0.385,0.42,976000,0
2221.HK,D,20220720,000000,0.44,0.44,0.42,0.42,4000,0
2221.HK,D,20220721,000000,0.45,0.45,0.405,0.42,56000,0
2221.HK,D,20220722,000000,0.425,0.425,0.385,0.39,1252000,0
2221.HK,D,20220725,000000,0.385,0.45,0.35,0.415,768000,0
2221.HK,D,20220726,000000,0.495,0.55,0.415,0.42,1116000,0
2221.HK,D,20220727,000000,0.425,0.425,0.385,0.41,528000,0
2221.HK,D,20220728,000000,0.425,0.425,0.395,0.4,136000,0
2221.HK,D,20220729,000000,0.4,0.42,0.375,0.38,468000,0
2221.HK,D,20220801,000000,0.365,0.405,0.365,0.405,112000,0
2221.HK,D,20220802,000000,0.365,0.395,0.36,0.395,844000,0
2221.HK,D,20220803,000000,0.395,0.4,0.365,0.395,156000,0
2221.HK,D,20220804,000000,0.42,0.42,0.37,0.4,100000,0
2221.HK,D,20220805,000000,0.39,0.415,0.37,0.39,584000,0
2221.HK,D,20220808,000000,0.37,0.39,0.35,0.375,1036000,0
2221.HK,D,20220809,000000,0.355,0.415,0.355,0.375,236000,0
2221.HK,D,20220810,000000,0.395,0.405,0.355,0.355,596000,0
2221.HK,D,20220811,000000,0.36,0.38,0.35,0.36,428000,0
2221.HK,D,20220812,000000,0.365,0.37,0.35,0.365,708000,0
2221.HK,D,20220815,000000,0.37,0.405,0.345,0.37,764000,0
2221.HK,D,20220816,000000,0.37,0.375,0.355,0.37,400000,0
2221.HK,D,20220817,000000,0.355,0.39,0.35,0.39,1704000,0
2221.HK,D,20220818,000000,0.365,0.4,0.365,0.375,492000,0
2221.HK,D,20220819,000000,0.38,0.385,0.365,0.37,128000,0
2221.HK,D,20220822,000000,0.36,0.37,0.355,0.355,504000,0
2221.HK,D,20220823,000000,0.355,0.36,0.345,0.355,456000,0
2221.HK,D,20220824,000000,0.35,0.355,0.345,0.35,828000,0
2221.HK,D,20220825,000000,0.35,0.35,0.34,0.345,476000,0
2221.HK,D,20220826,000000,0.365,0.365,0.34,0.36,256000,0
2221.HK,D,20220829,000000,0.39,0.39,0.35,0.375,148000,0
2221.HK,D,20220830,000000,0.35,0.365,0.35,0.36,232000,0
2221.HK,D,20220831,000000,0.35,0.375,0.35,0.37,228000,0
2221.HK,D,20220901,000000,0.37,0.37,0.355,0.36,160000,0
2221.HK,D,20220902,000000,0.36,0.375,0.355,0.375,116000,0
2221.HK,D,20220905,000000,0.37,0.37,0.355,0.355,196000,0
2221.HK,D,20220906,000000,0.36,0.37,0.36,0.36,132000,0
2221.HK,D,20220907,000000,0.355,0.36,0.35,0.355,128000,0
2221.HK,D,20220908,000000,0.355,0.37,0.355,0.37,80000,0
2221.HK,D,20220909,000000,0.36,0.37,0.355,0.355,168000,0
2221.HK,D,20220913,000000,0.36,0.36,0.355,0.36,312000,0
2221.HK,D,20220914,000000,0.36,0.36,0.355,0.355,348000,0
2221.HK,D,20220915,000000,0.355,0.36,0.35,0.36,224000,0
2221.HK,D,20220916,000000,0.35,0.35,0.345,0.345,236000,0
2221.HK,D,20220919,000000,0.335,0.335,0.33,0.33,248000,0
2221.HK,D,20220920,000000,0.33,0.34,0.31,0.335,868000,0
2221.HK,D,20220921,000000,0.325,0.335,0.325,0.325,116000,0
2221.HK,D,20220922,000000,0.325,0.34,0.32,0.34,392000,0
2221.HK,D,20220923,000000,0.32,0.335,0.32,0.33,360000,0
2221.HK,D,20220926,000000,0.33,0.34,0.32,0.325,112000,0
2221.HK,D,20220927,000000,0.32,0.335,0.32,0.325,108000,0
2221.HK,D,20220928,000000,0.355,0.355,0.325,0.33,116000,0
2221.HK,D,20220929,000000,0.335,0.335,0.31,0.33,204000,0
2221.HK,D,20220930,000000,0.44,0.445,0.33,0.335,468000,0
2221.HK,D,20221003,000000,0.33,0.33,0.315,0.315,536000,0
2221.HK,D,20221005,000000,0.3,0.34,0.3,0.34,140000,0
2221.HK,D,20221006,000000,0.34,0.34,0.315,0.315,252000,0
2221.HK,D,20221007,000000,0.3,0.325,0.3,0.305,116000,0
2221.HK,D,20221010,000000,0.305,0.315,0.3,0.305,196000,0
2221.HK,D,20221011,000000,0.295,0.32,0.29,0.32,288000,0
2221.HK,D,20221012,000000,0.3,0.3,0.3,0.3,352000,0
2221.HK,D,20221013,000000,0.3,0.305,0.3,0.3,108000,0
2221.HK,D,20221014,000000,0.295,0.315,0.28,0.28,1276000,0
2221.HK,D,20221017,000000,0.28,0.285,0.26,0.265,660000,0
2221.HK,D,20221018,000000,0.265,0.3,0.265,0.285,376000,0
2221.HK,D,20221019,000000,0.27,0.285,0.27,0.285,272000,0
2221.HK,D,20221020,000000,0.3,0.34,0.3,0.32,1144000,0
2221.HK,D,20221021,000000,0.33,0.36,0.33,0.33,948000,0
2221.HK,D,20221024,000000,0.33,0.385,0.33,0.36,4512000,0
2221.HK,D,20221025,000000,0.365,0.365,0.33,0.36,1024000,0
2221.HK,D,20221026,000000,0.36,0.385,0.355,0.38,1276000,0
2221.HK,D,20221027,000000,0.38,0.415,0.38,0.41,1758000,0
2221.HK,D,20221028,000000,0.44,0.46,0.415,0.45,3832000,0
2221.HK,D,20221031,000000,0.465,0.51,0.46,0.495,3320000,0
2221.HK,D,20221101,000000,0.51,0.56,0.5,0.54,5352000,0
2221.HK,D,20221102,000000,0.54,0.58,0.51,0.55,2136000,0
2221.HK,D,20221103,000000,0.55,0.58,0.54,0.56,3588000,0
2221.HK,D,20221104,000000,0.57,0.58,0.51,0.55,4508000,0
2221.HK,D,20221107,000000,0.55,0.55,0.47,0.51,3504000,0
2221.HK,D,20221108,000000,0.51,0.52,0.45,0.49,1444000,0
2221.HK,D,20221109,000000,0.49,0.495,0.43,0.475,2744000,0
2221.HK,D,20221110,000000,0.475,0.475,0.415,0.415,1376000,0
2221.HK,D,20221111,000000,0.42,0.445,0.405,0.42,2048000,0
2221.HK,D,20221114,000000,0.46,0.46,0.44,0.45,440000,0
2221.HK,D,20221115,000000,0.435,0.48,0.435,0.475,2104000,0
2221.HK,D,20221116,000000,0.49,0.49,0.45,0.48,1408000,0
2221.HK,D,20221117,000000,0.49,0.51,0.485,0.51,1200000,0
2221.HK,D,20221118,000000,0.52,0.54,0.485,0.51,1300000,0
2221.HK,D,20221121,000000,0.51,0.51,0.465,0.5,176000,0
2221.HK,D,20221122,000000,0.5,0.5,0.46,0.495,112000,0
2221.HK,D,20221123,000000,0.5,0.5,0.475,0.49,492000,0
2221.HK,D,20221124,000000,0.5,0.5,0.46,0.485,372000,0
2221.HK,D,20221125,000000,0.495,0.5,0.48,0.495,376000,0
2221.HK,D,20221128,000000,0.495,0.495,0.45,0.46,480000,0
2221.HK,D,20221129,000000,0.45,0.485,0.42,0.45,1324000,0
2221.HK,D,20221130,000000,0.45,0.45,0.41,0.44,1440000,0
2221.HK,D,20221201,000000,0.44,0.465,0.43,0.455,588000,0
2221.HK,D,20221202,000000,0.455,0.465,0.445,0.46,600000,0
2221.HK,D,20221205,000000,0.46,0.53,0.445,0.465,4820000,0
2221.HK,D,20221206,000000,0.465,0.49,0.435,0.48,1528000,0
2221.HK,D,20221207,000000,0.48,0.49,0.465,0.485,812000,0
2221.HK,D,20221208,000000,0.485,0.5,0.485,0.5,340000,0
2221.HK,D,20221209,000000,0.5,0.5,0.485,0.5,536000,0
2221.HK,D,20221212,000000,0.5,0.5,0.47,0.5,652000,0
2221.HK,D,20221213,000000,0.5,0.5,0.48,0.5,832000,0
2221.HK,D,20221214,000000,0.48,0.5,0.48,0.495,780000,0
2221.HK,D,20221215,000000,0.495,0.5,0.49,0.49,208000,0
2221.HK,D,20221216,000000,0.49,0.49,0.47,0.485,444000,0
2221.HK,D,20221219,000000,0.485,0.5,0.47,0.48,780000,0
2221.HK,D,20221220,000000,0.48,0.48,0.43,0.465,548000,0
2221.HK,D,20221221,000000,0.46,0.48,0.455,0.465,468000,0
2221.HK,D,20221222,000000,0.48,0.48,0.445,0.465,252000,0
2221.HK,D,20221223,000000,0.465,0.48,0.435,0.465,364000,0
2221.HK,D,20221228,000000,0.465,0.47,0.44,0.465,664000,0
2221.HK,D,20221229,000000,0.475,0.475,0.45,0.46,416000,0
2221.HK,D,20221230,000000,0.46,0.465,0.45,0.46,172000,0
2221.HK,D,20230103,000000,0.44,0.445,0.43,0.435,768000,0
2221.HK,D,20230104,000000,0.435,0.465,0.425,0.465,308000,0
2221.HK,D,20230105,000000,0.455,0.465,0.455,0.455,80000,0
2221.HK,D,20230106,000000,0.44,0.455,0.43,0.43,300000,0
2221.HK,D,20230109,000000,0.445,0.445,0.425,0.44,908000,0
2221.HK,D,20230110,000000,0.435,0.455,0.435,0.445,368000,0
2221.HK,D,20230111,000000,0.445,0.46,0.435,0.435,396000,0
2221.HK,D,20230112,000000,0.435,0.45,0.43,0.43,540000,0
2221.HK,D,20230113,000000,0.425,0.43,0.42,0.43,932000,0
2221.HK,D,20230116,000000,0.43,0.48,0.43,0.435,872000,0
2221.HK,D,20230117,000000,0.435,0.44,0.42,0.42,928000,0
2221.HK,D,20230118,000000,0.425,0.435,0.41,0.42,788000,0
2221.HK,D,20230119,000000,0.42,0.44,0.42,0.44,1320000,0
2221.HK,D,20230120,000000,0.45,0.46,0.445,0.45,1132000,0
2221.HK,D,20230126,000000,0.46,0.48,0.46,0.48,708000,0
2221.HK,D,20230127,000000,0.49,0.49,0.45,0.46,356000,0
2221.HK,D,20230130,000000,0.46,0.465,0.43,0.44,1112000,0
2221.HK,D,20230131,000000,0.44,0.48,0.43,0.45,808000,0
2221.HK,D,20230201,000000,0.45,0.45,0.43,0.435,704000,0
2221.HK,D,20230202,000000,0.435,0.46,0.41,0.41,1496000,0
2221.HK,D,20230203,000000,0.41,0.42,0.39,0.41,1264000,0
2221.HK,D,20230206,000000,0.405,0.43,0.4,0.41,652000,0
2221.HK,D,20230207,000000,0.4,0.45,0.4,0.405,216000,0
2221.HK,D,20230208,000000,0.405,0.42,0.39,0.4,576000,0
2221.HK,D,20230209,000000,0.405,0.43,0.4,0.405,336000,0
2221.HK,D,20230210,000000,0.405,0.425,0.395,0.4,632000,0
2221.HK,D,20230213,000000,0.4,0.405,0.39,0.395,768000,0
2221.HK,D,20230214,000000,0.395,0.41,0.395,0.41,536000,0
2221.HK,D,20230215,000000,0.41,0.41,0.405,0.405,416000,0
2221.HK,D,20230216,000000,0.405,0.42,0.395,0.41,668000,0
2221.HK,D,20230217,000000,0.405,0.42,0.405,0.41,420000,0
2221.HK,D,20230220,000000,0.41,0.41,0.33,0.34,2208000,0
2221.HK,D,20230221,000000,0.365,0.375,0.325,0.345,2032000,0
2221.HK,D,20230222,000000,0.345,0.35,0.32,0.33,1768000,0
2221.HK,D,20230223,000000,0.32,0.32,0.243,0.265,13264000,0
2221.HK,D,20230224,000000,0.27,0.29,0.248,0.27,7656000,0
2221.HK,D,20230227,000000,0.28,0.4,0.28,0.345,4916000,0
2221.HK,D,20230228,000000,0.35,0.39,0.345,0.385,2184000,0
2221.HK,D,20230301,000000,0.385,0.42,0.36,0.39,1096000,0
2221.HK,D,20230302,000000,0.415,0.42,0.395,0.4,928000,0
2221.HK,D,20230303,000000,0.395,0.405,0.39,0.4,1212000,0
2221.HK,D,20230306,000000,0.4,0.415,0.39,0.4,3300000,0
2221.HK,D,20230307,000000,0.405,0.425,0.4,0.405,1300000,0
2221.HK,D,20230308,000000,0.405,0.42,0.405,0.415,176000,0
2221.HK,D,20230309,000000,0.42,0.425,0.415,0.415,1180000,0
2221.HK,D,20230310,000000,0.415,0.435,0.415,0.435,1540000,0
2221.HK,D,20230313,000000,0.435,0.49,0.435,0.49,3900000,0
2221.HK,D,20230314,000000,0.495,0.59,0.495,0.495,10804000,0
2221.HK,D,20230315,000000,0.54,0.55,0.5,0.54,5720000,0
2221.HK,D,20230316,000000,0.55,0.65,0.54,0.64,20020000,0
2221.HK,D,20230317,000000,0.64,0.68,0.6,0.63,8348000,0
2221.HK,D,20230320,000000,0.63,0.63,0.55,0.6,2388000,0
2221.HK,D,20230321,000000,0.6,0.6,0.56,0.57,2056000,0
2221.HK,D,20230322,000000,0.6,0.62,0.59,0.61,2692000,0
2221.HK,D,20230323,000000,0.63,0.64,0.61,0.62,4336000,0
2221.HK,D,20230324,000000,0.66,0.66,0.6,0.63,2444000,0
2221.HK,D,20230327,000000,0.63,0.66,0.63,0.66,2884000,0
2221.HK,D,20230328,000000,0.68,0.7,0.65,0.7,4384000,0
2221.HK,D,20230329,000000,0.7,0.73,0.68,0.7,6100000,0
2221.HK,D,20230330,000000,0.71,0.71,0.65,0.7,1112000,0
2221.HK,D,20230331,000000,0.73,0.73,0.7,0.72,1896000,0
2221.HK,D,20230403,000000,0.73,0.73,0.69,0.7,1724000,0
2221.HK,D,20230404,000000,0.7,0.75,0.7,0.75,4076000,0
2221.HK,D,20230406,000000,0.75,0.83,0.74,0.82,8764000,0
2221.HK,D,20230411,000000,0.82,0.86,0.8,0.84,10412000,0
2221.HK,D,20230412,000000,0.84,0.84,0.75,0.82,4952000,0
2221.HK,D,20230413,000000,0.81,0.83,0.78,0.78,4724000,0
2221.HK,D,20230414,000000,0.8,0.81,0.79,0.79,1536000,0
2221.HK,D,20230417,000000,0.79,0.79,0.64,0.79,14164000,0
2221.HK,D,20230418,000000,0.78,0.78,0.64,0.64,10272000,0
2221.HK,D,20230419,000000,0.65,0.71,0.58,0.65,10388000,0
2221.HK,D,20230420,000000,0.65,0.68,0.64,0.66,2416000,0
2221.HK,D,20230421,000000,0.67,0.7,0.65,0.67,1800000,0
2221.HK,D,20230424,000000,0.68,0.69,0.65,0.68,2680000,0
2221.HK,D,20230425,000000,0.69,0.69,0.63,0.65,3688000,0
2221.HK,D,20230426,000000,0.65,0.66,0.64,0.65,704000,0
2221.HK,D,20230427,000000,0.65,0.66,0.6,0.6,4428000,0
2221.HK,D,20230428,000000,0.6,0.63,0.6,0.63,2364000,0
2221.HK,D,20230502,000000,0.63,0.65,0.59,0.59,2392000,0
2221.HK,D,20230503,000000,0.59,0.6,0.57,0.57,544000,0
2221.HK,D,20230504,000000,0.57,0.64,0.57,0.6,2752000,0
2221.HK,D,20230505,000000,0.6,0.61,0.59,0.59,12216000,0
2221.HK,D,20230508,000000,0.59,0.61,0.56,0.6,6632000,0
2221.HK,D,20230509,000000,0.6,0.6,0.55,0.55,10160000,0
2221.HK,D,20230510,000000,0.55,0.59,0.49,0.49,14092000,0
2221.HK,D,20230511,000000,0.49,0.54,0.49,0.53,3992000,0
2221.HK,D,20230512,000000,0.54,0.54,0.51,0.52,3160000,0
2221.HK,D,20230515,000000,0.52,0.54,0.5,0.51,2108000,0
2221.HK,D,20230516,000000,0.52,0.52,0.49,0.51,2488000,0
2221.HK,D,20230517,000000,0.495,0.5,0.48,0.5,1772000,0
2221.HK,D,20230518,000000,0.495,0.495,0.475,0.49,1316000,0
2221.HK,D,20230519,000000,0.49,0.57,0.49,0.54,3084000,0
2221.HK,D,20230522,000000,0.54,0.55,0.51,0.54,984000,0
2221.HK,D,20230523,000000,0.54,0.56,0.53,0.54,1700000,0
2221.HK,D,20230524,000000,0.52,0.53,0.52,0.53,1028000,0
2221.HK,D,20230525,000000,0.53,0.53,0.51,0.51,1156000,0
2221.HK,D,20230529,000000,0.51,0.53,0.495,0.495,3208000,0
2221.HK,D,20230530,000000,0.51,0.52,0.495,0.495,1576000,0
2221.HK,D,20230531,000000,0.495,0.52,0.495,0.5,924000,0
2221.HK,D,20230601,000000,0.5,0.52,0.5,0.5,1540000,0
2221.HK,D,20230602,000000,0.5,0.5,0.49,0.5,1580000,0
2221.HK,D,20230605,000000,0.495,0.53,0.495,0.52,1344000,0
2221.HK,D,20230606,000000,0.52,0.55,0.5,0.52,1892000,0
2221.HK,D,20230607,000000,0.53,0.53,0.5,0.51,1720000,0
2221.HK,D,20230608,000000,0.51,0.51,0.5,0.5,1100000,0
2221.HK,D,20230609,000000,0.49,0.5,0.49,0.5,740000,0
2221.HK,D,20230612,000000,0.49,0.5,0.485,0.5,1548000,0
2221.HK,D,20230613,000000,0.5,0.5,0.485,0.495,524000,0
2221.HK,D,20230614,000000,0.49,0.5,0.49,0.495,592000,0
2221.HK,D,20230615,000000,0.51,0.52,0.495,0.51,1348000,0
2221.HK,D,20230616,000000,0.52,0.52,0.5,0.5,1812000,0
2221.HK,D,20230619,000000,0.51,0.51,0.5,0.51,300000,0
2221.HK,D,20230620,000000,0.5,0.51,0.495,0.5,744000,0
2221.HK,D,20230621,000000,0.5,0.5,0.48,0.485,988000,0
2221.HK,D,20230623,000000,0.485,0.495,0.48,0.485,388000,0
2221.HK,D,20230626,000000,0.49,0.5,0.485,0.495,1412000,0
2221.HK,D,20230627,000000,0.49,0.51,0.49,0.51,12084000,0
2221.HK,D,20230628,000000,0.52,0.52,0.5,0.5,584000,0
2221.HK,D,20230629,000000,0.54,0.54,0.5,0.5,532000,0
2221.HK,D,20230630,000000,0.51,0.51,0.5,0.5,656000,0
2221.HK,D,20230703,000000,0.51,0.51,0.5,0.51,2156000,0
2221.HK,D,20230704,000000,0.51,0.51,0.495,0.5,880000,0
2221.HK,D,20230705,000000,0.5,0.5,0.49,0.49,228000,0
2221.HK,D,20230706,000000,0.485,0.49,0.475,0.48,236000,0
2221.HK,D,20230707,000000,0.475,0.49,0.475,0.49,944000,0
2221.HK,D,20230710,000000,0.49,0.5,0.485,0.495,724000,0
2221.HK,D,20230711,000000,0.51,0.55,0.5,0.55,4044000,0
2221.HK,D,20230712,000000,0.55,0.62,0.55,0.6,7852000,0
2221.HK,D,20230713,000000,0.62,0.63,0.57,0.59,968000,0
2221.HK,D,20230714,000000,0.53,0.59,0.53,0.58,3244000,0
2221.HK,D,20230718,000000,0.58,0.59,0.56,0.56,1280000,0
2221.HK,D,20230719,000000,0.59,0.59,0.56,0.56,520000,0
2221.HK,D,20230720,000000,0.55,0.57,0.55,0.56,912000,0
2221.HK,D,20230721,000000,0.57,0.57,0.55,0.55,748000,0
2221.HK,D,20230724,000000,0.56,0.57,0.56,0.57,680000,0
2221.HK,D,20230725,000000,0.57,0.57,0.55,0.56,428000,0
2221.HK,D,20230726,000000,0.56,0.58,0.54,0.57,532000,0
2221.HK,D,20230727,000000,0.56,0.56,0.52,0.54,856000,0
2221.HK,D,20230728,000000,0.54,0.55,0.52,0.53,1040000,0
2221.HK,D,20230731,000000,0.55,0.6,0.53,0.55,4780000,0
2221.HK,D,20230801,000000,0.57,0.58,0.5,0.55,2764000,0
2221.HK,D,20230802,000000,0.52,0.56,0.52,0.55,360000,0
2221.HK,D,20230803,000000,0.55,0.6,0.55,0.57,628000,0
2221.HK,D,20230804,000000,0.57,0.58,0.56,0.56,920000,0
2221.HK,D,20230807,000000,0.57,0.57,0.56,0.57,804000,0
2221.HK,D,20230808,000000,0.57,0.66,0.57,0.62,4950000,0
2221.HK,D,20230809,000000,0.62,0.65,0.62,0.64,1916000,0
2221.HK,D,20230810,000000,0.64,0.68,0.62,0.62,4692000,0
2221.HK,D,20230811,000000,0.62,0.62,0.6,0.61,956000,0
2221.HK,D,20230814,000000,0.61,0.62,0.59,0.61,3412000,0
2221.HK,D,20230815,000000,0.61,0.62,0.59,0.62,2068000,0
2221.HK,D,20230816,000000,0.62,0.65,0.61,0.64,1328000,0
2221.HK,D,20230817,000000,0.64,0.66,0.63,0.65,2380000,0
2221.HK,D,20230818,000000,0.66,0.72,0.65,0.7,7454000,0
2221.HK,D,20230821,000000,0.7,0.71,0.68,0.68,4332000,0
2221.HK,D,20230822,000000,0.68,0.69,0.67,0.67,2376000,0
2221.HK,D,20230823,000000,0.67,0.68,0.66,0.67,1040000,0
2221.HK,D,20230824,000000,0.67,0.67,0.61,0.63,3872000,0
2221.HK,D,20230825,000000,0.63,0.63,0.6,0.62,2176000,0
2221.HK,D,20230828,000000,0.62,0.62,0.56,0.6,4488000,0
2221.HK,D,20230829,000000,0.61,0.68,0.6,0.6,13000000,0
2221.HK,D,20230830,000000,0.6,0.65,0.57,0.57,15492000,0
2221.HK,D,20230831,000000,0.57,0.62,0.57,0.61,3408000,0
2221.HK,D,20230904,000000,0.6,0.63,0.58,0.59,15532000,0
2221.HK,D,20230905,000000,0.59,0.61,0.58,0.61,5240000,0
2221.HK,D,20230906,000000,0.61,0.61,0.57,0.6,7668000,0
2221.HK,D,20230907,000000,0.61,0.64,0.58,0.62,9732000,0
2221.HK,D,20230911,000000,0.62,0.68,0.6,0.6,16158000,0
2221.HK,D,20230912,000000,0.63,0.65,0.6,0.61,9180000,0
2221.HK,D,20230913,000000,0.62,0.68,0.61,0.63,15768000,0
2221.HK,D,20230914,000000,0.72,0.95,0.68,0.75,71508000,0
2221.HK,D,20230915,000000,0.77,0.77,0.71,0.76,11704000,0
2221.HK,D,20230918,000000,0.8,0.85,0.67,0.7,17880000,0
2221.HK,D,20230919,000000,0.7,0.71,0.65,0.68,7392000,0
2221.HK,D,20230920,000000,0.68,0.68,0.62,0.64,4836000,0
2221.HK,D,20230921,000000,0.64,0.64,0.59,0.59,4308000,0
2221.HK,D,20230922,000000,0.6,0.66,0.6,0.66,5516000,0
2221.HK,D,20230925,000000,0.66,0.67,0.63,0.66,4548000,0
2221.HK,D,20230926,000000,0.66,0.75,0.66,0.74,10268000,0
2221.HK,D,20230927,000000,0.73,0.73,0.68,0.7,3448000,0
2221.HK,D,20230928,000000,0.7,0.71,0.66,0.71,3188000,0
2221.HK,D,20230929,000000,0.71,0.71,0.68,0.71,1280000,0
2221.HK,D,20231003,000000,0.71,0.74,0.68,0.73,2352000,0
2221.HK,D,20231004,000000,0.72,0.73,0.7,0.71,1832000,0
2221.HK,D,20231005,000000,0.71,0.73,0.67,0.72,7648000,0
2221.HK,D,20231006,000000,0.71,0.73,0.69,0.72,2340000,0
2221.HK,D,20231009,000000,0.72,0.77,0.7,0.76,2992000,0
2221.HK,D,20231010,000000,0.75,0.77,0.74,0.76,2740000,0
2221.HK,D,20231011,000000,0.74,0.76,0.72,0.73,2780000,0
2221.HK,D,20231012,000000,0.73,0.74,0.7,0.74,7868000,0
2221.HK,D,20231013,000000,0.74,0.74,0.71,0.73,1556000,0
2221.HK,D,20231016,000000,0.73,0.73,0.69,0.69,2124000,0
2221.HK,D,20231017,000000,0.69,0.71,0.68,0.7,1332000,0
2221.HK,D,20231018,000000,0.7,0.71,0.69,0.7,1188000,0
2221.HK,D,20231019,000000,0.7,0.7,0.67,0.69,2400000,0
2221.HK,D,20231020,000000,0.69,0.7,0.68,0.7,968000,0
2221.HK,D,20231024,000000,0.7,0.74,0.69,0.69,2496000,0
2221.HK,D,20231025,000000,0.7,0.7,0.69,0.7,2108000,0
2221.HK,D,20231026,000000,0.69,0.74,0.69,0.74,2828000,0
2221.HK,D,20231027,000000,0.71,0.74,0.71,0.74,4848000,0
2221.HK,D,20231030,000000,0.72,0.72,0.7,0.71,2624000,0
2221.HK,D,20231031,000000,0.71,0.71,0.69,0.7,2684000,0
2221.HK,D,20231101,000000,0.7,0.7,0.68,0.68,888000,0
2221.HK,D,20231102,000000,0.68,0.7,0.68,0.68,992000,0
2221.HK,D,20231103,000000,0.68,0.69,0.68,0.69,568000,0
2221.HK,D,20231106,000000,0.69,0.69,0.67,0.69,3072000,0
2221.HK,D,20231107,000000,0.69,0.69,0.67,0.69,1156000,0
2221.HK,D,20231108,000000,0.68,0.69,0.64,0.68,6168000,0
2221.HK,D,20231109,000000,0.66,0.68,0.64,0.64,2132000,0
2221.HK,D,20231110,000000,0.64,0.66,0.63,0.66,784000,0
2221.HK,D,20231113,000000,0.66,0.67,0.64,0.67,360000,0
2221.HK,D,20231114,000000,0.66,0.7,0.66,0.68,2612000,0
2221.HK,D,20231115,000000,0.68,0.7,0.68,0.69,2768000,0
2221.HK,D,20231116,000000,0.68,0.68,0.67,0.68,1540000,0
2221.HK,D,20231117,000000,0.67,0.7,0.67,0.7,1816000,0
2221.HK,D,20231120,000000,0.71,0.71,0.69,0.7,3144000,0
2221.HK,D,20231121,000000,0.7,0.71,0.69,0.69,1132000,0
2221.HK,D,20231122,000000,0.69,0.69,0.65,0.66,3496000,0
2221.HK,D,20231123,000000,0.66,0.68,0.64,0.68,1576000,0
2221.HK,D,20231124,000000,0.67,0.67,0.6,0.66,6632000,0
2221.HK,D,20231127,000000,0.66,0.66,0.61,0.63,2740000,0
2221.HK,D,20231128,000000,0.63,0.63,0.6,0.62,2320000,0
2221.HK,D,20231129,000000,0.61,0.62,0.57,0.59,4964000,0
2221.HK,D,20231130,000000,0.59,0.6,0.54,0.6,5808000,0
2221.HK,D,20231201,000000,0.6,0.6,0.56,0.6,1248000,0
2221.HK,D,20231204,000000,0.6,0.6,0.56,0.58,1428000,0
2221.HK,D,20231205,000000,0.59,0.59,0.54,0.55,1344000,0
2221.HK,D,20231206,000000,0.54,0.57,0.54,0.56,804000,0
2221.HK,D,20231207,000000,0.56,0.61,0.56,0.6,3140000,0
2221.HK,D,20231208,000000,0.61,0.61,0.57,0.6,1560000,0
2221.HK,D,20231211,000000,0.59,0.59,0.57,0.58,816000,0
2221.HK,D,20231212,000000,0.58,0.61,0.56,0.61,1408000,0
2221.HK,D,20231213,000000,0.6,0.6,0.57,0.57,256000,0
2221.HK,D,20231214,000000,0.58,0.59,0.57,0.59,336000,0
2221.HK,D,20231215,000000,0.58,0.6,0.57,0.59,820000,0
2221.HK,D,20231218,000000,0.59,0.59,0.54,0.55,2972000,0
2221.HK,D,20231219,000000,0.55,0.57,0.54,0.57,412000,0
2221.HK,D,20231220,000000,0.56,0.59,0.56,0.59,1444000,0
2221.HK,D,20231221,000000,0.58,0.63,0.56,0.62,4064000,0
2221.HK,D,20231222,000000,0.6,0.65,0.57,0.63,3760000,0
2221.HK,D,20231227,000000,0.6,0.61,0.58,0.59,1212000,0
2221.HK,D,20231228,000000,0.59,0.63,0.59,0.61,2460000,0
2221.HK,D,20231229,000000,0.61,0.63,0.59,0.6,2372000,0
2221.HK,D,20240102,000000,0.6,0.6,0.55,0.57,6256000,0
2221.HK,D,20240103,000000,0.56,0.59,0.54,0.57,4092000,0
2221.HK,D,20240104,000000,0.57,0.57,0.52,0.56,8088000,0
2221.HK,D,20240105,000000,0.55,0.59,0.54,0.58,4900000,0
2221.HK,D,20240108,000000,0.58,0.6,0.56,0.6,3004000,0
2221.HK,D,20240109,000000,0.57,0.6,0.57,0.58,3056000,0
2221.HK,D,20240110,000000,0.58,0.6,0.55,0.57,2420000,0
2221.HK,D,20240111,000000,0.57,0.59,0.56,0.59,3004000,0
2221.HK,D,20240112,000000,0.58,0.59,0.55,0.57,3148000,0
2221.HK,D,20240115,000000,0.55,0.56,0.485,0.54,9336000,0
2221.HK,D,20240116,000000,0.53,0.53,0.3,0.375,15436000,0
2221.HK,D,20240117,000000,0.37,0.465,0.305,0.465,18400000,0
2221.HK,D,20240118,000000,0.465,0.48,0.39,0.445,12504000,0
2221.HK,D,20240119,000000,0.445,0.445,0.37,0.37,3540000,0
2221.HK,D,20240122,000000,0.38,0.405,0.345,0.39,2580000,0
2221.HK,D,20240123,000000,0.4,0.4,0.37,0.375,776000,0
2221.HK,D,20240124,000000,0.37,0.37,0.35,0.365,1000000,0
2221.HK,D,20240125,000000,0.365,0.37,0.335,0.36,1088000,0
2221.HK,D,20240126,000000,0.36,0.36,0.345,0.355,816000,0
2221.HK,D,20240129,000000,0.355,0.38,0.33,0.36,1256000,0
2221.HK,D,20240130,000000,0.36,0.36,0.35,0.36,604000,0
2221.HK,D,20240131,000000,0.355,0.355,0.32,0.335,1432000,0
2221.HK,D,20240201,000000,0.33,0.335,0.3,0.325,1256000,0
2221.HK,D,20240202,000000,0.33,0.335,0.3,0.31,2288000,0
2221.HK,D,20240205,000000,0.31,0.37,0.3,0.305,5028000,0
2221.HK,D,20240206,000000,0.305,0.325,0.29,0.31,1184000,0
2221.HK,D,20240207,000000,0.31,0.315,0.3,0.31,484000,0
2221.HK,D,20240208,000000,0.31,0.33,0.31,0.33,624000,0
2221.HK,D,20240209,000000,0.33,0.33,0.32,0.33,72000,0
2221.HK,D,20240214,000000,0.33,0.335,0.325,0.33,204000,0
2221.HK,D,20240215,000000,0.33,0.33,0.325,0.33,68000,0
2221.HK,D,20240216,000000,0.335,0.335,0.315,0.33,52000,0
2221.HK,D,20240219,000000,0.33,0.335,0.31,0.32,804000,0
2221.HK,D,20240220,000000,0.325,0.335,0.315,0.325,688000,0
2221.HK,D,20240221,000000,0.325,0.335,0.295,0.31,2384000,0
2221.HK,D,20240222,000000,0.305,0.31,0.29,0.3,988000,0
2221.HK,D,20240223,000000,0.3,0.305,0.285,0.295,1252000,0
2221.HK,D,20240226,000000,0.295,0.305,0.28,0.295,2468000,0
2221.HK,D,20240227,000000,0.29,0.29,0.229,0.275,8172000,0
2221.HK,D,20240228,000000,0.275,0.275,0.24,0.27,2272000,0
2221.HK,D,20240229,000000,0.25,0.25,0.236,0.238,876000,0
2221.HK,D,20240301,000000,0.241,0.249,0.22,0.248,1320000,0
2221.HK,D,20240304,000000,0.248,0.248,0.23,0.24,784000,0
2221.HK,D,20240305,000000,0.24,0.24,0.221,0.23,1192000,0
2221.HK,D,20240306,000000,0.23,0.23,0.215,0.229,524000,0
2221.HK,D,20240307,000000,0.229,0.229,0.218,0.222,260000,0
2221.HK,D,20240308,000000,0.235,0.235,0.218,0.235,792000,0
2221.HK,D,20240311,000000,0.235,0.235,0.227,0.233,1464000,0
2221.HK,D,20240312,000000,0.233,0.233,0.221,0.221,380000,0
2221.HK,D,20240313,000000,0.221,0.223,0.213,0.215,976000,0
2221.HK,D,20240314,000000,0.216,0.222,0.2,0.21,1360000,0
2221.HK,D,20240315,000000,0.205,0.205,0.18,0.193,2580000,0
2221.HK,D,20240318,000000,0.192,0.227,0.192,0.217,4296000,0
2221.HK,D,20240319,000000,0.213,0.29,0.213,0.29,8568000,0
2221.HK,D,20240320,000000,0.29,0.31,0.26,0.3,2872000,0
2221.HK,D,20240321,000000,0.29,0.29,0.255,0.265,2464000,0
2221.HK,D,20240322,000000,0.25,0.265,0.237,0.265,1312000,0
2221.HK,D,20240325,000000,0.265,0.3,0.25,0.29,3392000,0
2221.HK,D,20240326,000000,0.275,0.315,0.275,0.31,4592000,0
2221.HK,D,20240327,000000,0.305,0.31,0.28,0.295,2228000,0
2221.HK,D,20240328,000000,0.285,0.305,0.275,0.3,1648000,0
2221.HK,D,20240402,000000,0.3,0.3,0.25,0.26,2564000,0
2221.HK,D,20240403,000000,0.25,0.26,0.246,0.26,1224000,0
2221.HK,D,20240405,000000,0.26,0.27,0.255,0.26,520000,0
2221.HK,D,20240408,000000,0.26,0.26,0.24,0.249,934584,0
2221.HK,D,20240409,000000,0.249,0.255,0.241,0.245,588000,0
2221.HK,D,20240410,000000,0.25,0.265,0.24,0.24,494584,0
2221.HK,D,20240411,000000,0.25,0.25,0.225,0.248,1644000,0
2221.HK,D,20240412,000000,0.25,0.25,0.23,0.236,172000,0
2221.HK,D,20240415,000000,0.234,0.234,0.224,0.226,844000,0
2221.HK,D,20240416,000000,0.224,0.224,0.21,0.217,940000,0
2221.HK,D,20240417,000000,0.217,0.234,0.216,0.223,312000,0
2221.HK,D,20240418,000000,0.222,0.222,0.216,0.216,324000,0
2221.HK,D,20240419,000000,0.216,0.216,0.2,0.208,532000,0
2221.HK,D,20240422,000000,0.202,0.207,0.202,0.207,208000,0
2221.HK,D,20240423,000000,0.207,0.245,0.205,0.216,892000,0
2221.HK,D,20240424,000000,0.216,0.225,0.21,0.215,192000,0
2221.HK,D,20240425,000000,0.214,0.214,0.202,0.207,1108000,0
2221.HK,D,20240426,000000,0.206,0.215,0.203,0.215,1028000,0
2221.HK,D,20240429,000000,0.2,0.204,0.195,0.204,2108000,0
2221.HK,D,20240430,000000,0.19,0.201,0.19,0.2,1152000,0
2221.HK,D,20240502,000000,0.2,0.209,0.2,0.201,420000,0
2221.HK,D,20240503,000000,0.201,0.211,0.201,0.205,108000,0
2221.HK,D,20240506,000000,0.205,0.227,0.2,0.227,2396000,0
2221.HK,D,20240507,000000,0.22,0.28,0.21,0.232,2996000,0
2221.HK,D,20240508,000000,0.226,0.234,0.2,0.22,844000,0
2221.HK,D,20240509,000000,0.209,0.23,0.209,0.22,356000,0
2221.HK,D,20240510,000000,0.219,0.219,0.209,0.212,328000,0
2221.HK,D,20240513,000000,0.21,0.212,0.205,0.205,720000,0
2221.HK,D,20240514,000000,0.201,0.228,0.201,0.225,668000,0
2221.HK,D,20240516,000000,0.22,0.24,0.218,0.22,4096000,0
2221.HK,D,20240517,000000,0.233,0.233,0.226,0.227,888000,0
2221.HK,D,20240520,000000,0.227,0.227,0.199,0.201,6744000,0
2221.HK,D,20240521,000000,0.201,0.214,0.192,0.2,4152000,0
2221.HK,D,20240522,000000,0.204,0.204,0.188,0.2,1820000,0
2221.HK,D,20240523,000000,0.196,0.196,0.18,0.181,2036000,0
2221.HK,D,20240524,000000,0.199,0.199,0.171,0.19,24844000,0
2221.HK,D,20240527,000000,0.19,0.207,0.19,0.204,38972000,0
2221.HK,D,20240528,000000,0.21,0.219,0.19,0.192,700000,0
2221.HK,D,20240529,000000,0.191,0.192,0.167,0.172,5044000,0
2221.HK,D,20240530,000000,0.172,0.173,0.163,0.165,2820000,0
2221.HK,D,20240531,000000,0.166,0.18,0.161,0.178,4104000,0
2221.HK,D,20240603,000000,0.188,0.188,0.169,0.178,1792000,0
2221.HK,D,20240604,000000,0.171,0.171,0.17,0.171,256000,0
2221.HK,D,20240605,000000,0.167,0.167,0.167,0.167,164000,0
2221.HK,D,20240606,000000,0.161,0.162,0.152,0.156,2052000,0
2221.HK,D,20240607,000000,0.156,0.168,0.138,0.165,5404000,0
2221.HK,D,20240611,000000,0.16,0.16,0.134,0.139,4616000,0
2221.HK,D,20240612,000000,0.137,0.142,0.134,0.137,756000,0
2221.HK,D,20240613,000000,0.125,0.144,0.125,0.143,556000,0
2221.HK,D,20240614,000000,0.141,0.141,0.138,0.139,44000,0
2221.HK,D,20240617,000000,0.131,0.131,0.12,0.13,5772000,0
2221.HK,D,20240618,000000,0.147,0.15,0.11,0.118,2028000,0
2221.HK,D,20240619,000000,0.11,0.111,0.099,0.102,7688000,0
2221.HK,D,20240620,000000,0.102,0.111,0.093,0.107,3124000,0
2221.HK,D,20240621,000000,0.115,0.115,0.105,0.111,708000,0
2221.HK,D,20240624,000000,0.111,0.111,0.092,0.097,1052000,0
2221.HK,D,20240625,000000,0.097,0.099,0.096,0.096,892000,0
2221.HK,D,20240626,000000,0.095,0.115,0.08,0.098,4732000,0
2221.HK,D,20240627,000000,0.1,0.111,0.1,0.111,1744000,0
2221.HK,D,20240628,000000,0.106,0.11,0.103,0.105,2904000,0
2221.HK,D,20240702,000000,0.105,0.106,0.097,0.098,1728000,0
2221.HK,D,20240703,000000,0.095,0.103,0.095,0.103,172000,0
2221.HK,D,20240704,000000,0.091,0.112,0.091,0.112,372000,0
2221.HK,D,20240705,000000,0.107,0.111,0.098,0.11,452000,0
2221.HK,D,20240708,000000,0.11,0.11,0.105,0.105,20000,0
2221.HK,D,20240709,000000,0.105,0.105,0.1,0.105,16000,0
2221.HK,D,20240710,000000,0.112,0.112,0.1,0.104,460000,0
2221.HK,D,20240711,000000,0.095,0.103,0.095,0.102,660000,0
2221.HK,D,20240712,000000,0.113,0.113,0.099,0.101,1520000,0
2221.HK,D,20240715,000000,0.099,0.1,0.099,0.099,780000,0
2221.HK,D,20240716,000000,0.099,0.099,0.093,0.098,536000,0
2221.HK,D,20240717,000000,0.092,0.098,0.09,0.092,844000,0
2221.HK,D,20240718,000000,0.092,0.092,0.09,0.092,184000,0
2221.HK,D,20240719,000000,0.092,0.092,0.086,0.091,432000,0
2221.HK,D,20240722,000000,0.091,0.093,0.084,0.091,68000,0
2221.HK,D,20240723,000000,0.086,0.086,0.086,0.086,72000,0
2221.HK,D,20240724,000000,0.097,0.097,0.097,0.097,4000,0
2221.HK,D,20240725,000000,0.096,0.096,0.094,0.094,500000,0
2221.HK,D,20240726,000000,0.097,0.097,0.094,0.097,224000,0
2221.HK,D,20240729,000000,0.097,0.097,0.094,0.097,16000,0
2221.HK,D,20240730,000000,0.097,0.097,0.097,0.097,0,0
2221.HK,D,20240731,000000,0.089,0.096,0.089,0.096,44000,0
2221.HK,D,20240801,000000,0.095,0.098,0.095,0.098,148000,0
2221.HK,D,20240802,000000,0.098,0.098,0.097,0.097,100000,0
2221.HK,D,20240805,000000,0.088,0.088,0.088,0.088,72000,0
2221.HK,D,20240806,000000,0.087,0.102,0.087,0.102,156000,0
2221.HK,D,20240807,000000,0.101,0.101,0.101,0.101,0,0
2221.HK,D,20240808,000000,0.1,0.1,0.1,0.1,0,0
2221.HK,D,20240809,000000,0.089,0.09,0.089,0.089,128000,0
2221.HK,D,20240812,000000,0.089,0.096,0.082,0.095,668000,0
2221.HK,D,20240813,000000,0.093,0.098,0.086,0.093,36000,0
2221.HK,D,20240814,000000,0.093,0.094,0.085,0.093,384000,0
2221.HK,D,20240815,000000,0.093,0.093,0.088,0.09,136000,0
2221.HK,D,20240816,000000,0.093,0.095,0.09,0.093,120000,0
2221.HK,D,20240819,000000,0.085,0.095,0.085,0.095,80000,0
2221.HK,D,20240820,000000,0.095,0.096,0.088,0.096,276000,0
2221.HK,D,20240821,000000,0.096,0.096,0.087,0.096,420000,0
2221.HK,D,20240822,000000,0.095,0.097,0.093,0.095,716000,0
2221.HK,D,20240823,000000,0.095,0.095,0.095,0.095,0,0
2221.HK,D,20240826,000000,0.098,0.102,0.095,0.095,228000,0
2221.HK,D,20240827,000000,0.093,0.093,0.093,0.093,0,0
2221.HK,D,20240828,000000,0.096,0.096,0.096,0.096,28000,0
2221.HK,D,20240829,000000,0.085,0.095,0.085,0.095,480000,0
2221.HK,D,20240830,000000,0.102,0.102,0.091,0.1,436000,0
2221.HK,D,20240902,000000,0.1,0.107,0.094,0.096,48000,0
2221.HK,D,20240903,000000,0.104,0.105,0.092,0.096,360000,0
2221.HK,D,20240904,000000,0.09,0.096,0.09,0.095,560000,0
2221.HK,D,20240905,000000,0.106,0.106,0.095,0.095,164000,0
2221.HK,D,20240909,000000,0.09,0.095,0.083,0.095,288000,0
2221.HK,D,20240910,000000,0.095,0.095,0.094,0.094,100000,0
2221.HK,D,20240911,000000,0.093,0.093,0.093,0.093,0,0
2221.HK,D,20240912,000000,0.093,0.099,0.093,0.097,380000,0
2221.HK,D,20240913,000000,0.09,0.098,0.09,0.098,208000,0
2221.HK,D,20240916,000000,0.09,0.097,0.09,0.097,272000,0
2221.HK,D,20240917,000000,0.097,0.097,0.097,0.097,4000,0
2221.HK,D,20240919,000000,0.097,0.103,0.097,0.1,920000,0
2221.HK,D,20240920,000000,0.099,0.104,0.092,0.092,1124000,0
2221.HK,D,20240923,000000,0.091,0.091,0.091,0.091,100000,0
2221.HK,D,20240924,000000,0.088,0.09,0.088,0.09,540000,0
2221.HK,D,20240925,000000,0.09,0.09,0.084,0.09,648000,0
2221.HK,D,20240926,000000,0.09,0.09,0.089,0.09,652000,0
2221.HK,D,20240927,000000,0.089,0.09,0.088,0.09,1280000,0
2221.HK,D,20240930,000000,0.09,0.101,0.09,0.099,912000,0
2221.HK,D,20241002,000000,0.1,0.1,0.095,0.095,2600000,0
2221.HK,D,20241003,000000,0.095,0.095,0.089,0.093,2520000,0
2221.HK,D,20241004,000000,0.093,0.135,0.093,0.113,5584000,0
2221.HK,D,20241007,000000,0.115,0.13,0.113,0.123,4544000,0
2221.HK,D,20241008,000000,0.123,0.148,0.123,0.137,5888000,0
2221.HK,D,20241009,000000,0.138,0.138,0.1,0.101,7148000,0
2221.HK,D,20241010,000000,0.095,0.108,0.095,0.105,1676000,0
2221.HK,D,20241014,000000,0.1,0.1,0.096,0.099,732000,0
2221.HK,D,20241015,000000,0.099,0.11,0.097,0.104,420000,0
2221.HK,D,20241016,000000,0.105,0.106,0.099,0.104,700000,0
2221.HK,D,20241017,000000,0.097,0.102,0.097,0.101,132000,0
2221.HK,D,20241018,000000,0.096,0.101,0.096,0.101,684000,0
2221.HK,D,20241021,000000,0.103,0.105,0.1,0.105,1240000,0
2221.HK,D,20241022,000000,0.097,0.111,0.096,0.106,1820000,0
2221.HK,D,20241023,000000,0.099,0.111,0.099,0.1,1964000,0
2221.HK,D,20241024,000000,0.094,0.101,0.094,0.099,920000,0
2221.HK,D,20241025,000000,0.099,0.099,0.099,0.099,40000,0
2221.HK,D,20241028,000000,0.094,0.1,0.094,0.098,924000,0
2221.HK,D,20241029,000000,0.1,0.11,0.098,0.1,1284000,0
2221.HK,D,20241030,000000,0.106,0.106,0.095,0.103,132000,0
2221.HK,D,20241031,000000,0.103,0.109,0.095,0.103,748000,0
2221.HK,D,20241101,000000,0.096,0.1,0.093,0.094,164000,0
2221.HK,D,20241104,000000,0.094,0.101,0.09,0.093,1696000,0
2221.HK,D,20241105,000000,0.093,0.095,0.089,0.094,76000,0
2221.HK,D,20241106,000000,0.089,0.089,0.085,0.088,4000000,0
2221.HK,D,20241107,000000,0.085,0.085,0.078,0.079,4916000,0
2221.HK,D,20241108,000000,0.078,0.079,0.076,0.076,2300000,0
2221.HK,D,20241111,000000,0.076,0.076,0.073,0.076,2052000,0
2221.HK,D,20241112,000000,0.074,0.075,0.074,0.074,308000,0
2221.HK,D,20241113,000000,0.074,0.075,0.074,0.075,172000,0
2221.HK,D,20241114,000000,0.072,0.073,0.068,0.073,1180000,0
2221.HK,D,20241115,000000,0.074,0.079,0.074,0.078,356000,0
2221.HK,D,20241118,000000,0.07,0.081,0.07,0.08,152000,0
2221.HK,D,20241119,000000,0.082,0.083,0.079,0.082,244000,0
2221.HK,D,20241120,000000,0.081,0.081,0.074,0.081,44000,0
2221.HK,D,20241121,000000,0.078,0.078,0.078,0.078,0,0
2221.HK,D,20241122,000000,0.08,0.08,0.074,0.08,112000,0
2221.HK,D,20241125,000000,0.076,0.078,0.073,0.076,16000,0
2221.HK,D,20241126,000000,0.079,0.079,0.07,0.078,564000,0
2221.HK,D,20241127,000000,0.076,0.08,0.072,0.08,280000,0
2221.HK,D,20241128,000000,0.08,0.08,0.08,0.08,0,0
2221.HK,D,20241129,000000,0.08,0.08,0.08,0.08,0,0
2221.HK,D,20241202,000000,0.072,0.08,0.072,0.078,132000,0
2221.HK,D,20241203,000000,0.073,0.075,0.067,0.073,1156000,0
2221.HK,D,20241204,000000,0.073,0.077,0.073,0.077,464000,0
2221.HK,D,20241205,000000,0.069,0.075,0.069,0.074,360000,0
2221.HK,D,20241206,000000,0.072,0.155,0.072,0.15,62127000,0
2221.HK,D,20241209,000000,0.15,0.151,0.115,0.115,13604000,0
2221.HK,D,20241210,000000,0.115,0.132,0.107,0.129,5356000,0
2221.HK,D,20241211,000000,0.118,0.124,0.113,0.123,480000,0
2221.HK,D,20241212,000000,0.111,0.125,0.11,0.118,1604000,0
2221.HK,D,20241213,000000,0.118,0.118,0.112,0.118,72000,0
2221.HK,D,20241216,000000,0.115,0.118,0.103,0.11,652000,0
2221.HK,D,20241217,000000,0.11,0.13,0.105,0.115,3100000,0
2221.HK,D,20241218,000000,0.119,0.123,0.1,0.109,6688000,0
2221.HK,D,20241219,000000,0.109,0.11,0.104,0.108,336000,0
2221.HK,D,20241220,000000,0.101,0.108,0.099,0.105,1944000,0
2221.HK,D,20241223,000000,0.118,0.118,0.1,0.112,264000,0
2221.HK,D,20241224,000000,0.103,0.112,0.103,0.112,4460000,0
2221.HK,D,20241227,000000,0.111,0.111,0.111,0.111,132000,0
2221.HK,D,20241230,000000,0.107,0.107,0.098,0.101,604000,0
2221.HK,D,20241231,000000,0.106,0.12,0.106,0.11,620000,0
2221.HK,D,20250102,000000,0.109,0.12,0.099,0.104,3424000,0
2221.HK,D,20250103,000000,0.104,0.105,0.099,0.102,1064000,0
2221.HK,D,20250106,000000,0.097,0.102,0.096,0.102,680000,0
2221.HK,D,20250107,000000,0.105,0.107,0.099,0.102,1016000,0
2221.HK,D,20250108,000000,0.103,0.103,0.1,0.103,88000,0
2221.HK,D,20250109,000000,0.1,0.102,0.098,0.102,532000,0
2221.HK,D,20250110,000000,0.097,0.105,0.095,0.103,220000,0
2221.HK,D,20250113,000000,0.1,0.104,0.1,0.103,64000,0
2221.HK,D,20250114,000000,0.1,0.1,0.09,0.097,1356000,0
2221.HK,D,20250115,000000,0.097,0.108,0.093,0.097,1252000,0
2221.HK,D,20250116,000000,0.115,0.115,0.092,0.101,520000,0
2221.HK,D,20250117,000000,0.097,0.097,0.091,0.094,432000,0
2221.HK,D,20250120,000000,0.094,0.102,0.094,0.102,124000,0
2221.HK,D,20250121,000000,0.1,0.102,0.098,0.1,152000,0
2221.HK,D,20250122,000000,0.097,0.097,0.091,0.097,200000,0
2221.HK,D,20250123,000000,0.096,0.096,0.088,0.093,736000,0
2221.HK,D,20250124,000000,0.09,0.099,0.09,0.099,336000,0
2221.HK,D,20250127,000000,0.099,0.099,0.099,0.099,0,0
2221.HK,D,20250128,000000,0.099,0.104,0.099,0.102,64000,0
2221.HK,D,20250203,000000,0.097,0.101,0.092,0.097,628000,0
2221.HK,D,20250204,000000,0.095,0.098,0.091,0.098,96000,0
2221.HK,D,20250205,000000,0.098,0.099,0.093,0.098,80000,0
2221.HK,D,20250206,000000,0.096,0.098,0.093,0.098,556000,0
2221.HK,D,20250207,000000,0.098,0.105,0.092,0.1,300000,0
2221.HK,D,20250210,000000,0.098,0.103,0.095,0.096,1108000,0
2221.HK,D,20250211,000000,0.095,0.099,0.094,0.097,628000,0
2221.HK,D,20250212,000000,0.098,0.103,0.097,0.102,208000,0
2221.HK,D,20250213,000000,0.098,0.102,0.098,0.102,44000,0
2221.HK,D,20250214,000000,0.099,0.1,0.096,0.1,120000,0
2221.HK,D,20250217,000000,0.1,0.102,0.098,0.099,68000,0
2221.HK,D,20250218,000000,0.099,0.099,0.098,0.099,44000,0
2221.HK,D,20250219,000000,0.099,0.099,0.099,0.099,20000,0
2221.HK,D,20250220,000000,0.099,0.105,0.099,0.101,720000,0
2221.HK,D,20250221,000000,0.104,0.104,0.094,0.102,764000,0
2221.HK,D,20250224,000000,0.102,0.106,0.097,0.1,152000,0
2221.HK,D,20250225,000000,0.1,0.102,0.1,0.1,44000,0
2221.HK,D,20250226,000000,0.097,0.097,0.09,0.097,2692000,0
2221.HK,D,20250227,000000,0.106,0.106,0.092,0.099,116000,0
2221.HK,D,20250228,000000,0.092,0.099,0.09,0.099,312000,0
2221.HK,D,20250303,000000,0.098,0.098,0.092,0.098,132000,0
2221.HK,D,20250304,000000,0.1,0.103,0.098,0.098,56000,0
2221.HK,D,20250305,000000,0.094,0.099,0.094,0.096,644000,0
2221.HK,D,20250306,000000,0.092,0.092,0.089,0.092,1604000,0
2221.HK,D,20250307,000000,0.09,0.09,0.09,0.09,0,0
2221.HK,D,20250310,000000,0.09,0.092,0.09,0.091,712000,0
2221.HK,D,20250311,000000,0.091,0.092,0.09,0.092,248000,0
2221.HK,D,20250312,000000,0.093,0.095,0.092,0.093,840000,0
2221.HK,D,20250313,000000,0.095,0.099,0.09,0.09,688000,0
2221.HK,D,20250314,000000,0.09,0.097,0.09,0.094,356000,0
2221.HK,D,20250320,000000,0.094,0.094,0.091,0.093,192000,0
2221.HK,D,20250321,000000,0.093,0.093,0.093,0.093,0,0
2221.HK,D,20250324,000000,0.093,0.093,0.088,0.092,160000,0
2221.HK,D,20250325,000000,0.076,0.089,0.065,0.076,11212000,0
2221.HK,D,20250326,000000,0.077,0.077,0.057,0.057,16712000,0
2221.HK,D,20250327,000000,0.061,0.07,0.05,0.057,21552000,0
2221.HK,D,20250328,000000,0.057,0.057,0.041,0.045,19984000,0
2221.HK,D,20250331,000000,0.044,0.05,0.035,0.038,13464000,0
2221.HK,D,20250401,000000,0.039,0.044,0.03,0.03,52712000,0
2221.HK,D,20250402,000000,0.03,0.032,0.027,0.03,51764000,0
2221.HK,D,20250403,000000,0.031,0.04,0.03,0.039,61684000,0
2221.HK,D,20250407,000000,0.044,0.049,0.032,0.035,48280000,0
2221.HK,D,20250408,000000,0.04,0.042,0.036,0.042,9872000,0
2221.HK,D,20250409,000000,0.042,0.046,0.04,0.046,5248000,0
2221.HK,D,20250410,000000,0.05,0.05,0.043,0.045,3004000,0
2221.HK,D,20250411,000000,0.043,0.045,0.041,0.043,3912000,0
2221.HK,D,20250414,000000,0.043,0.045,0.041,0.041,4532000,0
2221.HK,D,20250415,000000,0.041,0.041,0.037,0.038,3304000,0
2221.HK,D,20250416,000000,0.042,0.042,0.035,0.042,68000,0
2221.HK,D,20250417,000000,0.037,0.041,0.037,0.041,2416000,0
