<TICKER>,<PER>,<DATE>,<TIME>,<OPEN>,<HIGH>,<LOW>,<CLOSE>,<VOL>,<OPENINT>
2276.HK,D,20211216,000000,4.3437,4.59864,4.12799,4.46136,9819794.7022865,0
2276.HK,D,20211217,000000,4.46136,4.51039,4.11818,4.48097,3065211.9206233,0
2276.HK,D,20211220,000000,4.48097,4.48097,4.31429,4.48097,718496.68876365,0
2276.HK,D,20211221,000000,4.49078,4.49078,4.39273,4.48097,733284.7682343,0
2276.HK,D,20211222,000000,4.52019,4.52019,4.38292,4.39273,566536.42385835,0
2276.HK,D,20211223,000000,4.38292,4.39273,4.31429,4.39273,1059642.3841383,0
2276.HK,D,20211224,000000,4.38292,4.39273,4.32409,4.39273,780708.60929535,0
2276.HK,D,20211228,000000,4.38292,4.44175,4.36331,4.41234,943887.41724735,0
2276.HK,D,20211229,000000,4.3437,4.40253,4.25545,4.37312,1394158.9404399,0
2276.HK,D,20211230,000000,4.35351,4.35351,4.23584,4.31429,1402317.8808375,0
2276.HK,D,20211231,000000,4.31429,4.41234,4.23584,4.39273,1309000.00004,0
2276.HK,D,20220103,000000,4.39273,4.40253,4.29468,4.40253,1248827.8146077,0
2276.HK,D,20220104,000000,4.40253,4.41234,4.32409,4.41234,1313079.4702388,0
2276.HK,D,20220105,000000,4.41234,4.43195,4.32409,4.41234,1320728.4768615,0
2276.HK,D,20220106,000000,4.40253,4.44175,4.35351,4.44175,1274834.437125,0
2276.HK,D,20220107,000000,4.46136,4.46136,4.39273,4.45156,1068821.1920856,0
2276.HK,D,20220110,000000,4.45156,4.45156,4.3437,4.40253,994370.8609575,0
2276.HK,D,20220111,000000,4.38292,4.41234,4.30448,4.37312,1193245.033149,0
2276.HK,D,20220112,000000,4.40253,4.41234,4.30448,4.38292,917880.79473,0
2276.HK,D,20220113,000000,4.37312,4.37312,4.11818,4.11818,2687860.9272344,0
2276.HK,D,20220114,000000,4.11818,4.39273,4.02013,4.1476,1211602.6490436,0
2276.HK,D,20220117,000000,4.24565,4.29468,4.17701,4.25545,816913.9073097,0
2276.HK,D,20220118,000000,4.36331,4.36331,4.20643,4.27506,822013.2450582,0
2276.HK,D,20220119,000000,4.37312,4.37312,4.17701,4.25545,892384.1059875,0
2276.HK,D,20220120,000000,4.38292,4.40253,4.19662,4.26526,853119.20532405,0
2276.HK,D,20220121,000000,4.30448,4.30448,4.17701,4.25545,723086.0927373,0
2276.HK,D,20220124,000000,4.24565,4.35351,4.13779,4.32409,794476.8212163,0
2276.HK,D,20220125,000000,4.3437,4.3437,4.1476,4.17701,761331.12585105,0
2276.HK,D,20220126,000000,4.26526,4.26526,4.11818,4.18682,754192.05300315,0
2276.HK,D,20220127,000000,4.16721,4.23584,4.11818,4.23584,789887.41724265,0
2276.HK,D,20220128,000000,4.22604,4.31429,4.12799,4.31429,745523.1788307,0
2276.HK,D,20220131,000000,4.29468,4.40253,4.13779,4.39273,987231.7881096,0
2276.HK,D,20220204,000000,4.38292,4.41234,4.17701,4.28487,1150920.5298365,0
2276.HK,D,20220207,000000,4.3437,4.3437,4.13779,4.24565,1059132.4503634,0
2276.HK,D,20220208,000000,4.3437,4.37312,4.22604,4.31429,1525721.8543512,0
2276.HK,D,20220209,000000,4.36331,4.36331,4.22604,4.3339,767450.33114925,0
2276.HK,D,20220210,000000,4.32409,4.37312,4.26526,4.36331,762860.9271756,0
2276.HK,D,20220211,000000,4.36331,4.37312,4.27506,4.37312,802635.7616139,0
2276.HK,D,20220214,000000,4.3437,4.37312,4.29468,4.31429,767960.2649241,0
2276.HK,D,20220215,000000,4.30448,4.32409,4.25545,4.25545,768470.19869895,0
2276.HK,D,20220216,000000,4.30448,4.36331,4.17701,4.28487,866377.48347015,0
2276.HK,D,20220217,000000,4.3437,4.3437,4.21623,4.29468,820483.44373365,0
2276.HK,D,20220218,000000,4.30448,4.3339,4.22604,4.31429,741443.7086319,0
2276.HK,D,20220221,000000,4.32409,4.41234,4.30448,4.39273,860768.2119468,0
2276.HK,D,20220222,000000,4.38292,4.41234,4.26526,4.41234,831192.0530055,0
2276.HK,D,20220223,000000,4.41234,4.42214,4.36331,4.41234,810284.76823665,0
2276.HK,D,20220224,000000,4.40253,4.42214,4.36331,4.41234,820483.44373365,0
2276.HK,D,20220225,000000,4.40253,4.41234,4.35351,4.41234,1652185.430514,0
2276.HK,D,20220228,000000,4.42214,4.42214,4.36331,4.37312,739403.9735325,0
2276.HK,D,20220301,000000,4.40253,4.42214,4.3437,4.37312,858218.54307255,0
2276.HK,D,20220302,000000,4.41234,4.41234,4.35351,4.38292,796006.62254085,0
2276.HK,D,20220303,000000,4.41234,4.42214,4.38292,4.42214,978052.9801623,0
2276.HK,D,20220304,000000,4.39273,4.42214,4.37312,4.42214,751132.45035405,0
2276.HK,D,20220307,000000,4.40253,4.42214,4.35351,4.42214,878615.89406655,0
2276.HK,D,20220308,000000,4.41234,4.42214,4.39273,4.41234,864847.6821456,0
2276.HK,D,20220309,000000,4.37312,4.42214,4.28487,4.42214,1239139.0728855,0
2276.HK,D,20220310,000000,4.42214,4.42214,4.38292,4.40253,811814.5695612,0
2276.HK,D,20220311,000000,4.37312,4.42214,4.32409,4.42214,917880.79473,0
2276.HK,D,20220314,000000,4.38292,4.41234,4.3437,4.36331,758271.52320195,0
2276.HK,D,20220315,000000,4.27506,4.31429,4.1476,4.16721,984172.1854605,0
2276.HK,D,20220316,000000,4.16721,4.41234,4.16721,4.40253,3006059.6027408,0
2276.HK,D,20220317,000000,4.41234,4.61825,4.3437,4.47117,3113655.6292341,0
2276.HK,D,20220318,000000,4.47117,4.51039,4.38292,4.50058,1817913.9073402,0
2276.HK,D,20220321,000000,4.51039,4.60844,4.44175,4.56922,3081019.8676437,0
2276.HK,D,20220322,000000,4.59864,4.68688,4.45156,4.53981,3237059.6027478,0
2276.HK,D,20220323,000000,4.53981,4.54961,4.36331,4.36331,1130523.1788425,0
2276.HK,D,20220324,000000,4.32409,4.53,4.30448,4.51039,1023437.086124,0
2276.HK,D,20220325,000000,4.50058,4.55942,4.41234,4.55942,3216662.2517538,0
2276.HK,D,20220328,000000,4.55942,4.84377,4.49078,4.70649,2950986.755057,0
2276.HK,D,20220329,000000,4.74571,4.81435,4.46136,4.51039,2086139.0729114,0
2276.HK,D,20220330,000000,4.57903,4.73591,4.46136,4.7261,1108596.0265239,0
2276.HK,D,20220331,000000,4.70649,4.78494,4.57903,4.75552,1084119.2053311,0
2276.HK,D,20220401,000000,4.75552,4.79474,4.64766,4.76532,758781.4569768,0
2276.HK,D,20220404,000000,4.79474,4.88299,4.63786,4.66727,947966.88744615,0
2276.HK,D,20220406,000000,4.64766,4.74571,4.53981,4.57903,907682.119233,0
2276.HK,D,20220407,000000,4.59864,4.59864,4.21623,4.3339,1125423.8410939,0
2276.HK,D,20220408,000000,4.32409,4.35351,4.25545,4.32409,822523.17883305,0
2276.HK,D,20220411,000000,4.31429,4.32409,4.19662,4.30448,967854.3046653,0
2276.HK,D,20220412,000000,4.29468,4.49078,4.27506,4.49078,917370.86095515,0
2276.HK,D,20220413,000000,4.44175,4.52019,4.3437,4.49078,855158.94042345,0
2276.HK,D,20220414,000000,4.49078,4.51039,4.38292,4.39273,782238.4106199,0
2276.HK,D,20220419,000000,4.36331,4.56922,4.32409,4.56922,833231.7881049,0
2276.HK,D,20220420,000000,4.53981,4.55942,4.39273,4.42214,763370.86095045,0
2276.HK,D,20220421,000000,4.37312,4.52019,4.37312,4.42214,770509.93379835,0
2276.HK,D,20220422,000000,4.3437,4.54961,4.32409,4.46136,759291.39075165,0
2276.HK,D,20220425,000000,4.46136,4.46136,4.1574,4.31429,870966.8874438,0
2276.HK,D,20220426,000000,4.31429,4.39273,4.09857,4.16721,1028536.4238725,0
2276.HK,D,20220427,000000,4.16721,4.22604,4.04955,4.21623,825072.8477073,0
2276.HK,D,20220428,000000,4.20643,4.28487,4.18682,4.21623,782748.34439475,0
2276.HK,D,20220429,000000,4.20643,4.37312,4.1476,4.29468,1012218.5430773,0
2276.HK,D,20220503,000000,4.28487,4.38292,4.27506,4.36331,779688.74174565,0
2276.HK,D,20220504,000000,4.3437,4.41234,4.28487,4.36331,759801.3245265,0
2276.HK,D,20220505,000000,4.30448,4.35351,4.06916,4.08877,1614960.26495,0
2276.HK,D,20220506,000000,4.07896,4.16721,4.03974,4.08877,841390.7285025,0
2276.HK,D,20220510,000000,4.06916,4.30448,3.95149,4.19662,1141231.7881143,0
2276.HK,D,20220511,000000,4.18682,4.28487,4.16721,4.25545,782238.4106199,0
2276.HK,D,20220512,000000,4.16721,4.31429,4.16721,4.26526,766430.46359955,0
2276.HK,D,20220513,000000,4.30448,4.3437,4.17701,4.3437,765410.59604985,0
2276.HK,D,20220516,000000,4.38292,4.38292,4.28487,4.3437,745523.1788307,0
2276.HK,D,20220517,000000,4.39273,4.39273,4.31429,4.37312,866887.417245,0
2276.HK,D,20220518,000000,4.39273,4.40253,4.31429,4.31429,735324.5033337,0
2276.HK,D,20220519,000000,4.31429,4.40253,4.31429,4.38292,840880.79472765,0
2276.HK,D,20220520,000000,4.3339,4.40253,4.22604,4.39273,867397.35101985,0
2276.HK,D,20220523,000000,4.38292,4.40253,4.29468,4.40253,1703178.807999,0
2276.HK,D,20220524,000000,4.40253,4.40253,4.35351,4.40253,970913.9073144,0
2276.HK,D,20220525,000000,4.40253,4.41234,4.29468,4.41234,525741.72187035,0
2276.HK,D,20220526,000000,4.40253,4.41234,4.37312,4.41234,761841.0596259,0
2276.HK,D,20220527,000000,4.41234,4.41234,4.37312,4.41234,649655.6291589,0
2276.HK,D,20220530,000000,4.43195,4.54961,4.29468,4.46136,1845450.3311822,0
2276.HK,D,20220531,000000,4.43195,4.54961,4.36331,4.44175,2035655.6292012,0
2276.HK,D,20220601,000000,4.45156,4.79474,4.45156,4.7163,1070860.927185,0
2276.HK,D,20220602,000000,4.63786,5.0889,4.63786,4.85357,3037165.5630066,0
2276.HK,D,20220606,000000,4.88299,5.00065,4.58883,4.63786,2839311.2583648,0
2276.HK,D,20220607,000000,4.62805,4.7261,4.44175,4.62805,1114205.2980473,0
2276.HK,D,20220608,000000,4.61825,4.75552,4.55942,4.63786,1371721.8543465,0
2276.HK,D,20220609,000000,4.69669,4.69669,4.55942,4.55942,1003549.6689048,0
2276.HK,D,20220610,000000,4.56922,4.62805,4.53981,4.58883,915841.0596306,0
2276.HK,D,20220613,000000,4.57903,4.61825,4.53,4.53,950516.5563204,0
2276.HK,D,20220614,000000,4.56922,4.61825,4.51039,4.57903,937768.21194915,0
2276.HK,D,20220615,000000,4.59864,4.60844,4.53,4.53,1122364.2384449,0
2276.HK,D,20220616,000000,4.54,4.79,4.53,4.75,1487500,0
2276.HK,D,20220617,000000,4.8,5.04,4.7,4.77,1175000,0
2276.HK,D,20220620,000000,4.83,4.85,4.67,4.73,850000,0
2276.HK,D,20220621,000000,4.82,4.82,4.68,4.74,819500,0
2276.HK,D,20220622,000000,4.71,4.76,4.61,4.61,844500,0
2276.HK,D,20220623,000000,4.6,4.68,4.56,4.57,862000,0
2276.HK,D,20220624,000000,4.56,4.62,4.55,4.61,903000,0
2276.HK,D,20220627,000000,4.61,4.66,4.58,4.62,885000,0
2276.HK,D,20220628,000000,4.61,4.61,4.52,4.57,846000,0
2276.HK,D,20220629,000000,4.55,4.55,4.44,4.44,843500,0
2276.HK,D,20220630,000000,4.52,4.53,4.45,4.45,806000,0
2276.HK,D,20220704,000000,4.45,4.62,4.42,4.62,843500,0
2276.HK,D,20220705,000000,4.64,4.86,4.54,4.66,1175500,0
2276.HK,D,20220706,000000,4.66,4.77,4.52,4.76,910000,0
2276.HK,D,20220707,000000,4.75,4.75,4.6,4.63,923000,0
2276.HK,D,20220708,000000,4.63,4.75,4.62,4.75,1374500,0
2276.HK,D,20220711,000000,4.72,4.74,4.65,4.65,831000,0
2276.HK,D,20220712,000000,4.59,4.81,4.59,4.75,950000,0
2276.HK,D,20220713,000000,4.78,4.78,4.65,4.65,794500,0
2276.HK,D,20220714,000000,4.71,4.79,4.64,4.73,1356500,0
2276.HK,D,20220715,000000,4.72,4.72,4.6,4.63,859000,0
2276.HK,D,20220718,000000,4.67,4.7,4.58,4.62,812500,0
2276.HK,D,20220719,000000,4.69,4.86,4.69,4.82,1112500,0
2276.HK,D,20220720,000000,4.94,4.94,4.75,4.75,856000,0
2276.HK,D,20220721,000000,4.76,4.8,4.76,4.8,2467500,0
2276.HK,D,20220722,000000,4.84,4.94,4.79,4.87,822500,0
2276.HK,D,20220725,000000,4.89,4.89,4.75,4.82,875500,0
2276.HK,D,20220726,000000,4.86,4.93,4.75,4.87,862500,0
2276.HK,D,20220727,000000,4.85,4.88,4.81,4.81,738000,0
2276.HK,D,20220728,000000,4.86,5.37,4.86,5.32,1449000,0
2276.HK,D,20220729,000000,5.38,5.82,5.3,5.75,2248000,0
2276.HK,D,20220801,000000,5.75,6.01,5.51,5.65,1073500,0
2276.HK,D,20220802,000000,5.64,5.64,5.21,5.39,877500,0
2276.HK,D,20220803,000000,5.43,5.5,5.14,5.2,927500,0
2276.HK,D,20220804,000000,5.2,5.37,5.15,5.23,893500,0
2276.HK,D,20220805,000000,5.26,5.77,5.26,5.59,1486500,0
2276.HK,D,20220808,000000,5.59,5.7,5.5,5.6,1355000,0
2276.HK,D,20220809,000000,5.59,5.85,5.5,5.68,1418500,0
2276.HK,D,20220810,000000,5.67,6,5.62,5.95,1574000,0
2276.HK,D,20220811,000000,6.08,6.26,5.73,5.88,1581000,0
2276.HK,D,20220812,000000,5.89,5.94,5.79,5.84,758000,0
2276.HK,D,20220815,000000,5.86,5.93,5.69,5.89,1426000,0
2276.HK,D,20220816,000000,5.89,6.19,5.8,6.05,1191000,0
2276.HK,D,20220817,000000,6.09,6.35,5.97,6.18,1797500,0
2276.HK,D,20220818,000000,6.38,6.38,6,6.09,1187000,0
2276.HK,D,20220819,000000,6.26,6.26,5.9,6.01,2577000,0
2276.HK,D,20220822,000000,6.04,6.12,5.73,6.02,3464000,0
2276.HK,D,20220823,000000,5.81,6.25,5.81,6.06,14927000,0
2276.HK,D,20220824,000000,6.11,6.11,5.33,5.53,1439500,0
2276.HK,D,20220825,000000,5.5,5.67,5.2,5.48,720500,0
2276.HK,D,20220826,000000,5.52,5.85,5.52,5.81,881000,0
2276.HK,D,20220829,000000,5.86,6.05,5.72,5.84,958500,0
2276.HK,D,20220830,000000,5.88,5.98,5.64,5.75,1465000,0
2276.HK,D,20220831,000000,5.6,5.86,5.55,5.71,1187000,0
2276.HK,D,20220901,000000,5.6,5.86,5.6,5.64,698000,0
2276.HK,D,20220902,000000,5.7,5.8,5.46,5.56,741000,0
2276.HK,D,20220905,000000,5.5,5.67,5.42,5.57,770500,0
2276.HK,D,20220906,000000,5.6,5.6,5.39,5.51,1343000,0
2276.HK,D,20220907,000000,5.39,5.59,5.24,5.52,824500,0
2276.HK,D,20220908,000000,5.61,5.83,5.54,5.55,839000,0
2276.HK,D,20220909,000000,5.54,5.6,5.4,5.47,1984000,0
2276.HK,D,20220913,000000,5.44,5.74,5.44,5.49,865000,0
2276.HK,D,20220914,000000,5.43,5.74,5.21,5.62,1251500,0
2276.HK,D,20220915,000000,5.63,5.75,5.5,5.53,1234500,0
2276.HK,D,20220916,000000,5.59,5.82,5.56,5.6,1450000,0
2276.HK,D,20220919,000000,5.6,5.7,5.37,5.62,1864000,0
2276.HK,D,20220920,000000,5.65,5.65,5.3,5.35,1411000,0
2276.HK,D,20220921,000000,5.43,5.53,5.37,5.39,851500,0
2276.HK,D,20220922,000000,5.38,5.64,5.38,5.63,5077000,0
2276.HK,D,20220923,000000,5.61,5.87,5.56,5.87,1328500,0
2276.HK,D,20220926,000000,5.87,5.89,5.69,5.77,791500,0
2276.HK,D,20220927,000000,5.75,5.84,5.7,5.8,759000,0
2276.HK,D,20220928,000000,5.75,5.83,5.6,5.6,737500,0
2276.HK,D,20220929,000000,5.69,5.96,5.69,5.75,951000,0
2276.HK,D,20220930,000000,5.77,5.79,5.6,5.76,1038000,0
2276.HK,D,20221003,000000,5.76,5.89,5.68,5.75,675500,0
2276.HK,D,20221005,000000,5.77,6.13,5.77,5.9,1257000,0
2276.HK,D,20221006,000000,5.94,5.97,5.8,5.97,745000,0
2276.HK,D,20221007,000000,6,6,5.77,5.77,755000,0
2276.HK,D,20221010,000000,5.75,5.96,5.73,5.89,917000,0
2276.HK,D,20221011,000000,5.88,5.94,5.8,5.89,894000,0
2276.HK,D,20221012,000000,5.82,5.87,5.76,5.8,859000,0
2276.HK,D,20221013,000000,5.82,5.97,5.74,5.81,804500,0
2276.HK,D,20221014,000000,5.89,5.92,5.78,5.79,1020000,0
2276.HK,D,20221017,000000,5.81,5.83,5.72,5.73,746000,0
2276.HK,D,20221018,000000,5.82,5.93,5.68,5.87,1184000,0
2276.HK,D,20221019,000000,5.9,5.93,5.81,5.89,746000,0
2276.HK,D,20221020,000000,5.91,6.02,5.67,5.8,841000,0
2276.HK,D,20221021,000000,5.87,5.9,5.74,5.83,822500,0
2276.HK,D,20221024,000000,5.82,5.82,5.46,5.59,2075000,0
2276.HK,D,20221025,000000,5.68,5.68,5.5,5.5,1113500,0
2276.HK,D,20221026,000000,5.51,5.62,5.43,5.52,987000,0
2276.HK,D,20221027,000000,5.58,5.64,5.46,5.53,938000,0
2276.HK,D,20221028,000000,5.65,5.7,5.35,5.52,864500,0
2276.HK,D,20221031,000000,5.55,5.66,5.36,5.43,779500,0
2276.HK,D,20221101,000000,5.58,5.65,5.37,5.6,1057000,0
2276.HK,D,20221102,000000,5.55,5.64,5.48,5.51,1378500,0
2276.HK,D,20221103,000000,5.5,5.53,5.38,5.52,837000,0
2276.HK,D,20221104,000000,5.55,5.73,5.45,5.56,1016000,0
2276.HK,D,20221107,000000,5.58,5.72,5.57,5.7,858000,0
2276.HK,D,20221108,000000,5.69,5.72,5.6,5.61,713500,0
2276.HK,D,20221109,000000,5.59,5.66,5.49,5.49,804500,0
2276.HK,D,20221110,000000,5.52,5.59,5.42,5.55,820000,0
2276.HK,D,20221111,000000,5.57,5.7,5.48,5.56,861500,0
2276.HK,D,20221114,000000,5.71,5.71,5.49,5.55,884000,0
2276.HK,D,20221115,000000,5.5,5.65,5.38,5.46,948000,0
2276.HK,D,20221116,000000,5.46,5.57,5.44,5.47,740500,0
2276.HK,D,20221117,000000,5.46,5.6,5.44,5.58,845500,0
2276.HK,D,20221118,000000,5.58,5.59,5.43,5.5,767500,0
2276.HK,D,20221121,000000,5.5,5.54,5.4,5.54,820000,0
2276.HK,D,20221122,000000,5.55,5.57,5.29,5.39,837500,0
2276.HK,D,20221123,000000,5.44,5.44,5.31,5.35,719000,0
2276.HK,D,20221124,000000,5.33,5.39,5.1,5.19,896500,0
2276.HK,D,20221125,000000,5.17,5.25,5.1,5.17,946000,0
2276.HK,D,20221128,000000,5.15,5.15,5,5.1,1318500,0
2276.HK,D,20221129,000000,5.15,5.3,5.07,5.28,865000,0
2276.HK,D,20221130,000000,5.22,5.22,4.95,5.1,2401000,0
2276.HK,D,20221201,000000,5.06,5.19,5.05,5.14,969000,0
2276.HK,D,20221202,000000,5.11,5.13,4.88,5.1,2106500,0
2276.HK,D,20221205,000000,5.05,5.05,4.77,4.82,3472000,0
2276.HK,D,20221206,000000,4.89,5.01,4.81,4.94,2877000,0
2276.HK,D,20221207,000000,4.99,5.02,4.68,4.86,2229500,0
2276.HK,D,20221208,000000,4.88,5.05,4.82,5,1168000,0
2276.HK,D,20221209,000000,4.88,5.2,4.88,5.06,1460500,0
2276.HK,D,20221212,000000,5.11,5.14,4.88,4.96,977500,0
2276.HK,D,20221213,000000,5.08,5.09,4.85,5.09,932000,0
2276.HK,D,20221214,000000,5.13,5.13,4.83,4.92,1013500,0
2276.HK,D,20221215,000000,5.01,5.14,4.86,4.88,921000,0
2276.HK,D,20221216,000000,4.91,5.02,4.83,4.88,471000,0
2276.HK,D,20221219,000000,4.96,4.96,4.78,4.82,1446000,0
2276.HK,D,20221220,000000,4.84,4.95,4.76,4.9,480500,0
2276.HK,D,20221221,000000,4.99,4.99,4.68,4.79,643500,0
2276.HK,D,20221222,000000,4.86,4.9,4.71,4.79,461000,0
2276.HK,D,20221223,000000,4.78,4.84,4.67,4.8,387500,0
2276.HK,D,20221228,000000,4.7,4.9,4.7,4.85,3932000,0
2276.HK,D,20221229,000000,4.79,4.87,4.71,4.84,362000,0
2276.HK,D,20221230,000000,4.75,4.79,4.65,4.72,852000,0
2276.HK,D,20230103,000000,4.7,4.78,4.5,4.7,698500,0
2276.HK,D,20230104,000000,4.69,4.82,4.65,4.82,1198500,0
2276.HK,D,20230105,000000,4.72,4.87,4.72,4.82,6315000,0
2276.HK,D,20230106,000000,4.8,4.85,4.6,4.7,915500,0
2276.HK,D,20230109,000000,4.69,4.72,4.6,4.61,586500,0
2276.HK,D,20230110,000000,4.61,4.7,4.55,4.6,380500,0
2276.HK,D,20230111,000000,4.6,4.65,4.46,4.65,679500,0
2276.HK,D,20230112,000000,4.65,4.67,4.51,4.52,328000,0
2276.HK,D,20230113,000000,4.52,4.8,4.52,4.68,470500,0
2276.HK,D,20230116,000000,4.66,4.71,4.6,4.62,365000,0
2276.HK,D,20230117,000000,4.59,4.68,4.51,4.57,442500,0
2276.HK,D,20230118,000000,4.56,4.65,4.45,4.6,440000,0
2276.HK,D,20230119,000000,4.62,4.7,4.55,4.61,445000,0
2276.HK,D,20230120,000000,4.61,4.72,4.55,4.72,288500,0
2276.HK,D,20230126,000000,4.58,4.78,4.58,4.72,348000,0
2276.HK,D,20230127,000000,4.66,4.76,4.58,4.7,302000,0
2276.HK,D,20230130,000000,4.69,4.78,4.62,4.68,467000,0
2276.HK,D,20230131,000000,4.67,4.67,4.57,4.58,293500,0
2276.HK,D,20230201,000000,4.59,4.76,4.59,4.66,408500,0
2276.HK,D,20230202,000000,4.66,4.84,4.66,4.8,731000,0
2276.HK,D,20230203,000000,4.77,4.79,4.64,4.65,402500,0
2276.HK,D,20230206,000000,4.64,4.75,4.63,4.71,399000,0
2276.HK,D,20230207,000000,4.69,4.79,4.62,4.67,495500,0
2276.HK,D,20230208,000000,4.68,4.75,4.68,4.69,297500,0
2276.HK,D,20230209,000000,4.66,4.8,4.66,4.67,674500,0
2276.HK,D,20230210,000000,4.7,4.95,4.7,4.88,785000,0
2276.HK,D,20230213,000000,4.8,4.82,4.62,4.73,498000,0
2276.HK,D,20230214,000000,4.69,4.76,4.68,4.68,450500,0
2276.HK,D,20230215,000000,4.72,4.73,4.64,4.69,331500,0
2276.HK,D,20230216,000000,4.69,4.8,4.69,4.78,405000,0
2276.HK,D,20230217,000000,4.77,4.88,4.73,4.82,407000,0
2276.HK,D,20230220,000000,4.82,5.05,4.82,4.84,412000,0
2276.HK,D,20230221,000000,4.84,5.08,4.84,4.95,1001000,0
2276.HK,D,20230222,000000,4.92,5.14,4.84,5.12,3731000,0
2276.HK,D,20230223,000000,5.12,5.33,5.07,5.09,1184500,0
2276.HK,D,20230224,000000,5.08,5.15,4.93,4.98,470500,0
2276.HK,D,20230227,000000,4.95,4.95,4.85,4.85,1471000,0
2276.HK,D,20230228,000000,4.9,4.95,4.82,4.83,1092500,0
2276.HK,D,20230301,000000,4.83,4.97,4.7,4.97,467000,0
2276.HK,D,20230302,000000,4.97,4.97,4.74,4.92,2002500,0
2276.HK,D,20230303,000000,4.92,5.02,4.89,4.9,466500,0
2276.HK,D,20230306,000000,4.87,5.01,4.85,4.95,450000,0
2276.HK,D,20230307,000000,4.91,5.02,4.87,4.89,489000,0
2276.HK,D,20230308,000000,4.88,4.88,4.75,4.8,471000,0
2276.HK,D,20230309,000000,4.8,4.85,4.77,4.77,305500,0
2276.HK,D,20230310,000000,4.75,4.82,4.65,4.69,1243500,0
2276.HK,D,20230313,000000,4.76,4.84,4.67,4.72,414500,0
2276.HK,D,20230314,000000,4.78,4.78,4.6,4.75,665000,0
2276.HK,D,20230315,000000,4.86,4.86,4.65,4.79,414000,0
2276.HK,D,20230316,000000,4.78,4.79,4.65,4.76,466500,0
2276.HK,D,20230317,000000,4.76,4.78,4.68,4.71,350500,0
2276.HK,D,20230320,000000,4.71,4.82,4.7,4.8,681500,0
2276.HK,D,20230321,000000,4.79,4.93,4.71,4.83,508000,0
2276.HK,D,20230322,000000,4.81,4.9,4.78,4.79,550000,0
2276.HK,D,20230323,000000,4.82,4.84,4.71,4.8,603500,0
2276.HK,D,20230324,000000,4.76,4.8,4.71,4.72,546500,0
2276.HK,D,20230327,000000,4.76,4.76,4.67,4.69,594500,0
2276.HK,D,20230328,000000,4.68,4.9,4.68,4.75,547000,0
2276.HK,D,20230329,000000,4.7,4.85,4.68,4.7,347000,0
2276.HK,D,20230330,000000,4.7,4.79,4.66,4.7,1136500,0
2276.HK,D,20230331,000000,4.69,4.85,4.69,4.84,1282500,0
2276.HK,D,20230403,000000,4.78,4.9,4.75,4.83,466000,0
2276.HK,D,20230404,000000,4.79,4.9,4.76,4.9,384500,0
2276.HK,D,20230406,000000,4.83,5.01,4.83,4.99,786500,0
2276.HK,D,20230411,000000,4.93,5.22,4.93,5.2,858000,0
2276.HK,D,20230412,000000,5.12,5.37,5.11,5.15,501000,0
2276.HK,D,20230413,000000,5.1,5.21,5.1,5.12,414000,0
2276.HK,D,20230414,000000,5.15,5.26,5.15,5.18,509500,0
2276.HK,D,20230417,000000,5.12,5.25,5.12,5.21,491500,0
2276.HK,D,20230418,000000,5.15,5.2,5.15,5.16,382500,0
2276.HK,D,20230419,000000,5.28,5.28,5.17,5.2,634000,0
2276.HK,D,20230420,000000,5.15,5.32,5.15,5.25,551500,0
2276.HK,D,20230421,000000,5.23,5.5,5.23,5.5,1097500,0
2276.HK,D,20230424,000000,5.5,5.56,5.4,5.48,822500,0
2276.HK,D,20230425,000000,5.42,5.58,5.42,5.53,918000,0
2276.HK,D,20230426,000000,5.43,5.61,5.43,5.52,425500,0
2276.HK,D,20230427,000000,5.45,5.55,5.44,5.53,393000,0
2276.HK,D,20230428,000000,5.53,5.55,5.46,5.49,477000,0
2276.HK,D,20230502,000000,5.44,5.56,5.43,5.45,690500,0
2276.HK,D,20230503,000000,5.4,5.48,5.31,5.46,718000,0
2276.HK,D,20230504,000000,5.42,5.46,5.33,5.39,835500,0
2276.HK,D,20230505,000000,5.4,5.5,5.37,5.42,354000,0
2276.HK,D,20230508,000000,5.4,5.48,5.33,5.38,332500,0
2276.HK,D,20230509,000000,5.38,5.4,5.3,5.3,700500,0
2276.HK,D,20230510,000000,5.3,5.4,5.24,5.4,617500,0
2276.HK,D,20230511,000000,5.4,5.44,5.19,5.25,886500,0
2276.HK,D,20230512,000000,5.25,5.45,5.24,5.32,640000,0
2276.HK,D,20230515,000000,5.3,5.35,5.26,5.33,288000,0
2276.HK,D,20230516,000000,5.33,5.57,5.33,5.41,800500,0
2276.HK,D,20230517,000000,5.4,5.48,5.24,5.32,870500,0
2276.HK,D,20230518,000000,5.26,5.48,5.26,5.38,318500,0
2276.HK,D,20230519,000000,5.35,5.46,5.35,5.36,379000,0
2276.HK,D,20230522,000000,5.35,5.54,5.35,5.38,1023000,0
2276.HK,D,20230523,000000,5.35,5.55,5.35,5.47,1802500,0
2276.HK,D,20230524,000000,5.4,5.51,5.39,5.47,1052500,0
2276.HK,D,20230525,000000,5.39,5.48,5.25,5.37,595500,0
2276.HK,D,20230529,000000,5.35,5.59,5.29,5.43,1307500,0
2276.HK,D,20230530,000000,5.4,5.55,5.38,5.47,548000,0
2276.HK,D,20230531,000000,5.42,5.48,5.2,5.3,784000,0
2276.HK,D,20230601,000000,5.34,5.4,5.21,5.3,741000,0
2276.HK,D,20230602,000000,5.3,5.38,5.3,5.38,970000,0
2276.HK,D,20230605,000000,5.33,5.39,5.28,5.3,489000,0
2276.HK,D,20230606,000000,5.3,5.37,5.27,5.35,1392000,0
2276.HK,D,20230607,000000,5.38,5.38,5.21,5.34,746000,0
2276.HK,D,20230608,000000,5.32,5.46,5.31,5.31,589500,0
2276.HK,D,20230609,000000,5.31,5.44,5.29,5.31,1439000,0
2276.HK,D,20230612,000000,5.32,5.5,5.28,5.34,1005500,0
2276.HK,D,20230613,000000,5.34,5.36,5.3,5.35,952000,0
2276.HK,D,20230614,000000,5.34,5.43,5.28,5.41,1455500,0
2276.HK,D,20230615,000000,5.38,5.59,5.35,5.58,1301000,0
2276.HK,D,20230616,000000,5.39,5.45,5.25,5.26,894500,0
2276.HK,D,20230619,000000,5.26,5.5,5.22,5.29,1138500,0
2276.HK,D,20230620,000000,5.29,5.35,5.2,5.21,670500,0
2276.HK,D,20230621,000000,5.24,5.3,5.21,5.29,1477500,0
2276.HK,D,20230623,000000,5.29,5.35,5.21,5.27,495000,0
2276.HK,D,20230626,000000,5.27,5.39,5.27,5.32,401000,0
2276.HK,D,20230627,000000,5.31,5.32,5.22,5.27,586500,0
2276.HK,D,20230628,000000,5.27,5.4,5.22,5.32,403500,0
2276.HK,D,20230629,000000,5.31,5.31,5.29,5.31,424500,0
2276.HK,D,20230630,000000,5.29,5.35,5.26,5.29,250500,0
2276.HK,D,20230703,000000,5.28,5.28,5.21,5.22,436000,0
2276.HK,D,20230704,000000,5.22,5.28,5.17,5.22,556000,0
2276.HK,D,20230705,000000,5.22,5.23,5.14,5.15,524500,0
2276.HK,D,20230706,000000,5.15,5.23,5.06,5.12,1116000,0
2276.HK,D,20230707,000000,5.12,5.29,5.09,5.24,1025500,0
2276.HK,D,20230710,000000,5.22,5.25,5.11,5.23,480000,0
2276.HK,D,20230711,000000,5.22,5.25,5.17,5.18,289000,0
2276.HK,D,20230712,000000,5.18,5.21,5.07,5.11,577500,0
2276.HK,D,20230713,000000,5.11,5.15,5.06,5.12,343000,0
2276.HK,D,20230714,000000,5.12,5.16,5.05,5.06,413000,0
2276.HK,D,20230718,000000,5.06,5.1,5.03,5.08,264500,0
2276.HK,D,20230719,000000,5.08,5.24,4.94,5.24,513500,0
2276.HK,D,20230720,000000,5.24,5.24,4.92,4.97,524500,0
2276.HK,D,20230721,000000,4.97,5.01,4.84,5,671000,0
2276.HK,D,20230724,000000,5,5.09,4.88,5.09,422000,0
2276.HK,D,20230725,000000,5.09,5.12,4.94,5.03,927500,0
2276.HK,D,20230726,000000,5.03,5.1,4.97,5.08,364500,0
2276.HK,D,20230727,000000,5.08,5.09,4.94,5.01,561000,0
2276.HK,D,20230728,000000,5.01,5.14,4.94,5.14,382500,0
2276.HK,D,20230731,000000,5.13,5.18,4.97,5,629000,0
2276.HK,D,20230801,000000,5,5.12,4.95,4.97,517000,0
2276.HK,D,20230802,000000,4.97,5.05,4.92,5.03,513000,0
2276.HK,D,20230803,000000,5.03,5.16,5,5.02,774000,0
2276.HK,D,20230804,000000,5.02,5.03,4.93,5.03,649500,0
2276.HK,D,20230807,000000,5.03,5.03,4.89,5.01,620500,0
2276.HK,D,20230808,000000,5.01,5.03,4.9,4.91,2049500,0
2276.HK,D,20230809,000000,4.91,5.03,4.89,5.02,669500,0
2276.HK,D,20230810,000000,5.02,5.05,4.95,5.04,551000,0
2276.HK,D,20230811,000000,5.04,5.04,4.91,4.92,500500,0
2276.HK,D,20230814,000000,4.92,5.04,4.83,4.97,1200500,0
2276.HK,D,20230815,000000,4.97,5.17,4.97,5.1,701500,0
2276.HK,D,20230816,000000,5.1,5.11,5.02,5.07,528500,0
2276.HK,D,20230817,000000,5.05,5.11,4.93,5.08,605500,0
2276.HK,D,20230818,000000,5.07,5.15,5.02,5.1,580000,0
2276.HK,D,20230821,000000,5,5.08,4.96,4.96,985000,0
2276.HK,D,20230822,000000,4.96,5.12,4.96,5.04,797500,0
2276.HK,D,20230823,000000,5.04,5.08,4.99,5.05,533000,0
2276.HK,D,20230824,000000,5.05,5.19,5.05,5.19,353500,0
2276.HK,D,20230825,000000,5.18,5.42,5.15,5.29,1360500,0
2276.HK,D,20230828,000000,5.31,5.47,5.31,5.47,1091500,0
2276.HK,D,20230829,000000,5.45,5.85,5.45,5.85,1216500,0
2276.HK,D,20230830,000000,5.81,5.88,5.62,5.81,1261500,0
2276.HK,D,20230831,000000,5.79,6.15,5.79,6.02,886500,0
2276.HK,D,20230904,000000,6,6.49,5.82,6.4,1154000,0
2276.HK,D,20230905,000000,6.39,6.39,5.89,5.96,524000,0
2276.HK,D,20230906,000000,5.94,6.02,5.77,5.85,681000,0
2276.HK,D,20230907,000000,5.82,6.15,5.82,6.05,726000,0
2276.HK,D,20230911,000000,6.02,6.42,6.02,6.41,482500,0
2276.HK,D,20230912,000000,6.41,6.48,6.21,6.42,551000,0
2276.HK,D,20230913,000000,6.4,6.5,6.29,6.38,268500,0
2276.HK,D,20230914,000000,6.36,6.36,6.07,6.15,918500,0
2276.HK,D,20230915,000000,6.12,6.3,6.06,6.24,395500,0
2276.HK,D,20230918,000000,6.22,6.22,5.95,5.97,348000,0
2276.HK,D,20230919,000000,6,6.1,5.91,6.07,924500,0
2276.HK,D,20230920,000000,6.07,6.14,5.95,5.98,421000,0
2276.HK,D,20230921,000000,5.98,6.2,5.95,6.1,670000,0
2276.HK,D,20230922,000000,6.1,6.31,6.08,6.09,266000,0
2276.HK,D,20230925,000000,6.09,6.39,6.06,6.28,407500,0
2276.HK,D,20230926,000000,6.27,6.55,6.17,6.3,486000,0
2276.HK,D,20230927,000000,6.29,6.49,6.24,6.38,444500,0
2276.HK,D,20230928,000000,6.38,6.69,6.38,6.6,393000,0
2276.HK,D,20230929,000000,6.6,6.6,6.18,6.43,562500,0
2276.HK,D,20231003,000000,6.43,6.49,6.29,6.38,248000,0
2276.HK,D,20231004,000000,6.38,6.51,6.24,6.36,418500,0
2276.HK,D,20231005,000000,6.36,6.57,6.36,6.51,296000,0
2276.HK,D,20231006,000000,6.4,6.53,6.16,6.53,344000,0
2276.HK,D,20231009,000000,6.48,6.68,6.47,6.58,556500,0
2276.HK,D,20231010,000000,6.55,6.62,6.28,6.59,431000,0
2276.HK,D,20231011,000000,6.56,6.7,6.42,6.54,523500,0
2276.HK,D,20231012,000000,6.5,6.5,6.3,6.33,461500,0
2276.HK,D,20231013,000000,6.32,6.36,6.2,6.3,385500,0
2276.HK,D,20231016,000000,6.27,6.27,6,6.17,451500,0
2276.HK,D,20231017,000000,6.15,6.15,5.97,6.11,323500,0
2276.HK,D,20231018,000000,6.08,6.2,5.82,6,411500,0
2276.HK,D,20231019,000000,5.98,6.12,5.87,6,379500,0
2276.HK,D,20231020,000000,5.98,6.03,5.9,6,412500,0
2276.HK,D,20231024,000000,5.95,6.08,5.85,5.95,502500,0
2276.HK,D,20231025,000000,5.95,6.01,5.85,5.96,385500,0
2276.HK,D,20231026,000000,5.93,6.01,5.85,5.96,398500,0
2276.HK,D,20231027,000000,5.94,6.13,5.92,6.05,2148000,0
2276.HK,D,20231030,000000,6,6.08,5.94,5.99,327500,0
2276.HK,D,20231031,000000,5.99,6.14,5.97,5.98,408500,0
2276.HK,D,20231101,000000,5.98,6.22,5.98,6.11,279000,0
2276.HK,D,20231102,000000,6.08,6.08,5.97,6.05,338500,0
2276.HK,D,20231103,000000,6,6.08,5.97,6.04,290500,0
2276.HK,D,20231106,000000,6.02,6.16,6.02,6.06,323500,0
2276.HK,D,20231107,000000,6.06,6.16,6.05,6.09,260500,0
2276.HK,D,20231108,000000,6.06,6.17,6.04,6.05,301500,0
2276.HK,D,20231109,000000,6.06,6.14,6.06,6.06,208000,0
2276.HK,D,20231110,000000,6.06,6.18,6.06,6.06,339500,0
2276.HK,D,20231113,000000,6.06,6.2,6.06,6.12,307500,0
2276.HK,D,20231114,000000,6.12,6.25,6.12,6.19,289500,0
2276.HK,D,20231115,000000,6.16,6.4,6.16,6.26,385500,0
2276.HK,D,20231116,000000,6.26,6.3,6.15,6.16,243500,0
2276.HK,D,20231117,000000,6.1,6.36,6.1,6.17,228000,0
2276.HK,D,20231120,000000,6.1,6.4,6.1,6.22,253000,0
2276.HK,D,20231121,000000,6.2,6.23,6.18,6.23,195000,0
2276.HK,D,20231122,000000,6.2,6.2,6.01,6.04,346500,0
2276.HK,D,20231123,000000,6.04,6.1,6.02,6.1,216000,0
2276.HK,D,20231124,000000,6.1,6.11,6.01,6.09,267000,0
2276.HK,D,20231127,000000,6.09,6.12,6,6.04,284000,0
2276.HK,D,20231128,000000,6.04,6.19,6.04,6.18,284500,0
2276.HK,D,20231129,000000,6.18,6.2,6.05,6.12,590500,0
2276.HK,D,20231130,000000,6.12,6.2,6.06,6.2,249000,0
2276.HK,D,20231201,000000,6.2,6.22,6.06,6.11,295000,0
2276.HK,D,20231204,000000,6.11,6.11,6.05,6.11,250500,0
2276.HK,D,20231205,000000,6.11,6.12,6.03,6.11,519500,0
2276.HK,D,20231206,000000,6.11,6.36,6.11,6.31,272500,0
2276.HK,D,20231207,000000,6.25,6.29,6.14,6.21,280500,0
2276.HK,D,20231208,000000,6.21,6.3,6.12,6.3,310500,0
2276.HK,D,20231211,000000,6.3,6.35,6.1,6.25,229500,0
2276.HK,D,20231212,000000,6.2,6.25,6.1,6.15,270000,0
2276.HK,D,20231213,000000,6.15,6.2,6.08,6.15,275000,0
2276.HK,D,20231214,000000,6.1,6.26,6.1,6.25,250500,0
2276.HK,D,20231215,000000,6.2,6.48,6.2,6.48,597500,0
2276.HK,D,20231218,000000,6.48,6.73,6.36,6.66,716500,0
2276.HK,D,20231219,000000,6.6,6.78,6.58,6.7,691000,0
2276.HK,D,20231220,000000,6.65,7.21,6.65,7.1,885500,0
2276.HK,D,20231221,000000,7.08,7.25,6.93,6.93,706500,0
2276.HK,D,20231222,000000,6.88,7.1,6.88,6.95,594500,0
2276.HK,D,20231227,000000,6.88,7.13,6.85,7.1,682000,0
2276.HK,D,20231228,000000,7.05,7.06,6.79,6.98,682500,0
2276.HK,D,20231229,000000,6.99,7.07,6.88,7.06,1030500,0
2276.HK,D,20240102,000000,7.01,7.21,6.89,7.15,732000,0
2276.HK,D,20240103,000000,7.15,7.4,6.76,6.92,1069500,0
2276.HK,D,20240104,000000,6.9,7.25,6.88,7.11,804500,0
2276.HK,D,20240105,000000,7.06,7.65,7.06,7.46,1518500,0
2276.HK,D,20240108,000000,7.46,7.79,7.2,7.3,1351000,0
2276.HK,D,20240109,000000,7.2,7.35,7.06,7.15,830500,0
2276.HK,D,20240110,000000,7.1,7.8,7.03,7.66,2225500,0
2276.HK,D,20240111,000000,7.65,8.1,7.65,8.05,3252500,0
2276.HK,D,20240112,000000,8.05,8.1,7.61,7.7,3188000,0
2276.HK,D,20240115,000000,7.7,7.74,7.35,7.38,1525000,0
2276.HK,D,20240116,000000,7.38,7.61,7.21,7.41,1765500,0
2276.HK,D,20240117,000000,7.43,7.78,7.37,7.68,1714000,0
2276.HK,D,20240118,000000,7.6,8.12,7.6,8,4074500,0
2276.HK,D,20240119,000000,8.02,8.1,7.84,7.91,2345500,0
2276.HK,D,20240122,000000,7.9,8.01,7.6,7.7,1558000,0
2276.HK,D,20240123,000000,7.76,7.76,7.35,7.6,2049000,0
2276.HK,D,20240124,000000,7.65,7.75,7.47,7.61,1964000,0
2276.HK,D,20240125,000000,7.51,7.59,7.42,7.5,2125000,0
2276.HK,D,20240126,000000,7.4,7.77,7.4,7.6,1384500,0
2276.HK,D,20240129,000000,7.62,7.88,7.6,7.86,1172000,0
2276.HK,D,20240130,000000,7.71,8,7.66,7.97,1327000,0
2276.HK,D,20240131,000000,7.9,8.09,7.66,7.82,1149500,0
2276.HK,D,20240201,000000,7.8,7.98,7.63,7.91,1065500,0
2276.HK,D,20240202,000000,7.9,8.03,7.41,7.5,1527000,0
2276.HK,D,20240205,000000,7.45,7.51,7.29,7.4,1364000,0
2276.HK,D,20240206,000000,7.4,7.63,7.35,7.57,1092500,0
2276.HK,D,20240207,000000,7.5,7.65,7.45,7.65,1201500,0
2276.HK,D,20240208,000000,7.6,7.7,7.48,7.69,933000,0
2276.HK,D,20240209,000000,7.65,7.89,7.65,7.85,656500,0
2276.HK,D,20240214,000000,7.8,7.85,7.6,7.83,917000,0
2276.HK,D,20240215,000000,7.8,7.89,7.74,7.89,914000,0
2276.HK,D,20240216,000000,7.84,7.95,7.57,7.7,1097000,0
2276.HK,D,20240219,000000,7.6,7.72,7.48,7.57,1057500,0
2276.HK,D,20240220,000000,7.5,7.55,7.42,7.52,946500,0
2276.HK,D,20240221,000000,7.5,7.7,7.49,7.7,1024500,0
2276.HK,D,20240222,000000,7.64,7.73,7,7.15,2372000,0
2276.HK,D,20240223,000000,7.1,7.43,7.03,7.26,1228000,0
2276.HK,D,20240226,000000,7.2,7.41,7.2,7.32,624500,0
2276.HK,D,20240227,000000,7.28,7.6,7.28,7.49,1391500,0
2276.HK,D,20240228,000000,7.6,7.6,7.4,7.54,813500,0
2276.HK,D,20240229,000000,7.58,7.63,7.38,7.48,866500,0
2276.HK,D,20240301,000000,7.5,7.58,7.29,7.45,964000,0
2276.HK,D,20240304,000000,7.45,7.45,7.23,7.4,1084500,0
2276.HK,D,20240305,000000,7.32,7.47,7.23,7.35,1631500,0
2276.HK,D,20240306,000000,7.3,7.45,7.27,7.4,1147000,0
2276.HK,D,20240307,000000,7.5,7.55,7.32,7.46,836000,0
2276.HK,D,20240308,000000,7.44,7.56,7.36,7.53,806500,0
2276.HK,D,20240311,000000,7.45,7.56,7.35,7.4,799500,0
2276.HK,D,20240312,000000,7.4,7.45,7.3,7.43,841500,0
2276.HK,D,20240313,000000,7.45,7.45,7.28,7.44,889500,0
2276.HK,D,20240314,000000,7.35,7.56,7.32,7.56,894000,0
2276.HK,D,20240315,000000,7.5,7.54,7.25,7.46,939500,0
2276.HK,D,20240318,000000,7.46,7.56,7.34,7.5,866500,0
2276.HK,D,20240319,000000,7.53,8.21,7.53,8.16,1722000,0
2276.HK,D,20240320,000000,8.12,8.61,8.11,8.36,1530440,0
2276.HK,D,20240321,000000,8.36,8.66,8.32,8.36,1520000,0
2276.HK,D,20240322,000000,8.3,8.47,8.3,8.4,1039500,0
2276.HK,D,20240325,000000,8.4,8.63,8.3,8.58,988000,0
2276.HK,D,20240326,000000,8.5,8.58,8.28,8.48,1069000,0
2276.HK,D,20240327,000000,8.42,8.68,8.38,8.68,893000,0
2276.HK,D,20240328,000000,8.6,8.64,8.37,8.51,1009500,0
2276.HK,D,20240402,000000,8.45,8.52,8.23,8.4,938000,0
2276.HK,D,20240403,000000,8.38,8.42,8.24,8.42,1069000,0
2276.HK,D,20240405,000000,8.42,8.54,7.8,8.1,1234500,0
2276.HK,D,20240408,000000,8.05,8.27,7.92,8.17,1514500,0
2276.HK,D,20240409,000000,8.2,8.24,8.07,8.24,881500,0
2276.HK,D,20240410,000000,8.3,8.33,8.08,8.1,1012500,0
2276.HK,D,20240411,000000,8.1,8.35,8.1,8.16,871000,0
2276.HK,D,20240412,000000,8.16,8.22,8.09,8.14,821500,0
2276.HK,D,20240415,000000,8.12,8.21,8.07,8.17,900500,0
2276.HK,D,20240416,000000,8.16,8.2,7.95,8.1,968000,0
2276.HK,D,20240417,000000,8.1,8.2,8.08,8.18,709000,0
2276.HK,D,20240418,000000,8.2,8.2,8.06,8.08,876000,0
2276.HK,D,20240419,000000,8.12,8.14,8.02,8.09,681000,0
2276.HK,D,20240422,000000,8.15,8.15,7.92,8.04,903500,0
2276.HK,D,20240423,000000,8.1,8.1,7.93,8,822500,0
2276.HK,D,20240424,000000,8,8.13,7.99,8.08,1041000,0
2276.HK,D,20240425,000000,8.05,8.12,7.99,8.12,695000,0
2276.HK,D,20240426,000000,8.12,8.16,8,8.11,815000,0
2276.HK,D,20240429,000000,8.11,8.11,7.72,7.93,1866500,0
2276.HK,D,20240430,000000,7.93,8.78,7.87,8.78,3788500,0
2276.HK,D,20240502,000000,8.78,9.28,8.68,9.15,1272500,0
2276.HK,D,20240503,000000,9.17,9.23,8.9,9.04,882000,0
2276.HK,D,20240506,000000,9.04,9.32,8.94,9.02,749000,0
2276.HK,D,20240507,000000,9.02,9.08,8.69,8.91,761500,0
2276.HK,D,20240508,000000,8.91,8.91,8.69,8.74,759500,0
2276.HK,D,20240509,000000,8.74,9.07,8.72,9.07,945000,0
2276.HK,D,20240510,000000,9.07,9.1,8.78,8.95,814500,0
2276.HK,D,20240513,000000,8.97,8.99,8.83,8.96,732000,0
2276.HK,D,20240514,000000,8.95,9.12,8.87,9,769000,0
2276.HK,D,20240516,000000,9,9.14,8.96,9,916500,0
2276.HK,D,20240517,000000,9,9.05,8.71,8.9,914500,0
2276.HK,D,20240520,000000,8.88,8.94,8.84,8.85,642500,0
2276.HK,D,20240521,000000,8.85,8.97,8.7,8.77,803000,0
2276.HK,D,20240522,000000,8.77,8.99,8.77,8.98,1112500,0
2276.HK,D,20240523,000000,8.98,8.99,8.78,8.97,666500,0
2276.HK,D,20240524,000000,8.97,9.66,8.91,9.42,1593000,0
2276.HK,D,20240527,000000,9.49,9.86,9.36,9.85,1630500,0
2276.HK,D,20240528,000000,9.82,10.16,9.8,10.14,764000,0
2276.HK,D,20240529,000000,10.08,10.28,10.02,10.2,650500,0
2276.HK,D,20240530,000000,10.2,10.72,10.2,10.5,702500,0
2276.HK,D,20240531,000000,10.5,11.28,10.5,11.1,1050500,0
2276.HK,D,20240603,000000,11.1,11.36,10.54,10.8,1118500,0
2276.HK,D,20240604,000000,10.74,11.16,10.74,10.88,839000,0
2276.HK,D,20240605,000000,10.82,10.92,10.64,10.9,4715500,0
2276.HK,D,20240606,000000,10.9,11.16,10.78,11.04,672000,0
2276.HK,D,20240607,000000,11.04,11.1,10.82,11.08,632500,0
2276.HK,D,20240611,000000,11,11.5,11,11.4,947000,0
2276.HK,D,20240612,000000,11.18,11.38,11.08,11.38,640500,0
2276.HK,D,20240613,000000,11.38,11.44,11.24,11.36,657000,0
2276.HK,D,20240614,000000,11.3,11.88,11.3,11.74,848500,0
2276.HK,D,20240617,000000,11.74,12.22,11.64,12.04,880000,0
2276.HK,D,20240618,000000,12,12.16,11.8,12.12,911000,0
2276.HK,D,20240619,000000,12.06,12.56,11.74,12.48,1042000,0
2276.HK,D,20240620,000000,12.48,12.66,12.36,12.52,515000,0
2276.HK,D,20240621,000000,12.52,12.72,12.38,12.66,657500,0
2276.HK,D,20240624,000000,12.66,12.72,11.94,12.1,867500,0
2276.HK,D,20240625,000000,12,12.24,11.84,12.06,650000,0
2276.HK,D,20240626,000000,12.06,12.38,11.9,12.38,709000,0
2276.HK,D,20240627,000000,12.38,12.44,11.86,12.02,617000,0
2276.HK,D,20240628,000000,12.02,12.44,12.02,12.36,538500,0
2276.HK,D,20240702,000000,12.3,12.3,12.02,12.24,512500,0
2276.HK,D,20240703,000000,12.24,12.3,12.08,12.14,539000,0
2276.HK,D,20240704,000000,12.14,12.2,12,12.2,561000,0
2276.HK,D,20240705,000000,12.2,12.22,11.42,11.6,898000,0
2276.HK,D,20240708,000000,11.6,11.82,11.34,11.82,688500,0
2276.HK,D,20240709,000000,11.76,11.8,11.54,11.8,508500,0
2276.HK,D,20240710,000000,11.76,11.76,11.42,11.6,607000,0
2276.HK,D,20240711,000000,11.6,11.72,11.5,11.7,497000,0
2276.HK,D,20240712,000000,11.7,11.78,11.56,11.66,577500,0
2276.HK,D,20240715,000000,11.66,12.08,11.62,12,607500,0
2276.HK,D,20240716,000000,12,12.08,11.82,12.02,591000,0
2276.HK,D,20240717,000000,12.02,12.12,11.9,11.92,430000,0
2276.HK,D,20240718,000000,11.92,11.98,11.84,11.84,689000,0
2276.HK,D,20240719,000000,11.84,12.36,11.52,11.98,880500,0
2276.HK,D,20240722,000000,12.08,12.24,11.94,12.2,1045000,0
2276.HK,D,20240723,000000,12.2,12.36,12.14,12.24,592500,0
2276.HK,D,20240724,000000,12.24,12.36,12.06,12.16,577000,0
2276.HK,D,20240725,000000,12.16,12.16,11.08,11.3,1123000,0
2276.HK,D,20240726,000000,11.3,11.5,11.08,11.2,619000,0
2276.HK,D,20240729,000000,11.2,11.5,11.16,11.32,655000,0
2276.HK,D,20240730,000000,11.32,11.44,11.14,11.44,548000,0
2276.HK,D,20240731,000000,11.44,11.78,11.36,11.74,616500,0
2276.HK,D,20240801,000000,11.74,11.74,10.96,11.5,890000,0
2276.HK,D,20240802,000000,11.5,11.58,11.4,11.48,488000,0
2276.HK,D,20240805,000000,11.48,11.54,10.7,10.74,615500,0
2276.HK,D,20240806,000000,10.78,11.58,10.76,11.56,728500,0
2276.HK,D,20240807,000000,11.56,11.82,11.44,11.8,899000,0
2276.HK,D,20240808,000000,11.8,12.14,11.8,11.96,690500,0
2276.HK,D,20240809,000000,11.96,12.18,11.86,12,1029500,0
2276.HK,D,20240812,000000,12.06,12.28,12.06,12.22,959500,0
2276.HK,D,20240813,000000,12.22,13.54,12.22,12.8,2830500,0
2276.HK,D,20240814,000000,12.8,12.88,12.32,12.62,1173500,0
2276.HK,D,20240815,000000,12.62,12.62,12.24,12.3,874500,0
2276.HK,D,20240816,000000,12.3,12.98,12.3,12.9,1217500,0
2276.HK,D,20240819,000000,12.9,13.08,12.82,13,1292500,0
2276.HK,D,20240820,000000,13,13,12.4,12.84,792000,0
2276.HK,D,20240821,000000,12.84,12.84,12.64,12.74,762000,0
2276.HK,D,20240822,000000,12.74,12.9,12.54,12.6,725000,0
2276.HK,D,20240823,000000,12.6,12.8,12.52,12.66,752000,0
2276.HK,D,20240826,000000,12.66,12.82,12.56,12.68,894000,0
2276.HK,D,20240827,000000,12.68,12.86,12.54,12.7,840500,0
2276.HK,D,20240828,000000,12.6,12.92,12.6,12.92,912000,0
2276.HK,D,20240829,000000,12.82,12.98,12.58,12.94,964000,0
2276.HK,D,20240830,000000,12.94,13.12,12.82,13,3322500,0
2276.HK,D,20240902,000000,13,13.36,12.76,13.3,935000,0
2276.HK,D,20240903,000000,13.38,13.4,13.12,13.26,817000,0
2276.HK,D,20240904,000000,13.26,13.86,13.14,13.56,1243500,0
2276.HK,D,20240905,000000,13.56,13.7,13.42,13.7,925500,0
2276.HK,D,20240909,000000,13.7,13.7,13.1,13.34,842000,0
2276.HK,D,20240910,000000,13.34,13.72,13.34,13.68,1125500,0
2276.HK,D,20240911,000000,13.68,13.98,13.48,13.98,1243000,0
2276.HK,D,20240912,000000,13.84,14,13.7,13.84,1159654,0
2276.HK,D,20240913,000000,13.84,14.46,13.84,14.28,1252500,0
2276.HK,D,20240916,000000,14.28,14.48,14.1,14.36,1071500,0
2276.HK,D,20240917,000000,14.36,14.44,14.24,14.34,1019000,0
2276.HK,D,20240919,000000,14.34,14.48,14.12,14.22,1008000,0
2276.HK,D,20240920,000000,14.22,14.52,14.16,14.44,1257500,0
2276.HK,D,20240923,000000,14.48,14.8,14.44,14.56,1052000,0
2276.HK,D,20240924,000000,14.56,14.9,14.56,14.9,1106000,0
2276.HK,D,20240925,000000,14.9,15,14.72,14.9,1118000,0
2276.HK,D,20240926,000000,14.9,14.94,14.38,14.5,1140500,0
2276.HK,D,20240927,000000,14.5,14.88,14.16,14.24,1847000,0
2276.HK,D,20240930,000000,14.2,14.36,13.72,13.9,2126500,0
2276.HK,D,20241002,000000,13.9,14.12,13.64,14.02,1138500,0
2276.HK,D,20241003,000000,14.02,14.28,13.6,14.18,1059500,0
2276.HK,D,20241004,000000,14.18,14.2,13.6,13.78,1046000,0
2276.HK,D,20241007,000000,13.78,13.92,13.46,13.6,1385500,0
2276.HK,D,20241008,000000,13.6,13.8,13.58,13.7,1049000,0
2276.HK,D,20241009,000000,13.7,14.68,13.66,14.58,1356000,0
2276.HK,D,20241010,000000,14.58,14.68,14.34,14.58,1091689,0
2276.HK,D,20241014,000000,14.58,14.76,14.24,14.5,1047500,0
2276.HK,D,20241015,000000,14.5,15.3,14.5,15.24,1259000,0
2276.HK,D,20241016,000000,15.24,15.72,15,15.7,1516565,0
2276.HK,D,20241017,000000,15.7,15.76,15.08,15.14,985249,0
2276.HK,D,20241018,000000,15.14,15.52,15.14,15.48,936500,0
2276.HK,D,20241021,000000,15.48,15.48,15.16,15.36,942500,0
2276.HK,D,20241022,000000,15.36,15.36,14.92,15.02,1097000,0
2276.HK,D,20241023,000000,15.02,15.16,14.8,15.1,970189,0
2276.HK,D,20241024,000000,15.1,15.24,14.92,15.1,1003500,0
2276.HK,D,20241025,000000,15.1,15.54,14.88,15.54,1054000,0
2276.HK,D,20241028,000000,15.54,15.7,14.9,15.34,962500,0
2276.HK,D,20241029,000000,15.34,15.46,15.1,15.46,949000,0
2276.HK,D,20241030,000000,15.46,15.52,14.8,15.04,2081500,0
2276.HK,D,20241031,000000,15.04,15.38,15.04,15.22,1041000,0
2276.HK,D,20241101,000000,15.22,15.56,14.96,15.08,1444500,0
2276.HK,D,20241104,000000,15.08,15.36,15,15.2,1061500,0
2276.HK,D,20241105,000000,15.2,15.2,14.96,15.04,970500,0
2276.HK,D,20241106,000000,15.04,15.1,14.72,14.8,3061000,0
2276.HK,D,20241107,000000,14.8,14.8,14.28,14.38,1750000,0
2276.HK,D,20241108,000000,14.36,14.56,14.28,14.32,1004000,0
2276.HK,D,20241111,000000,14.32,14.54,14.14,14.3,1005500,0
2276.HK,D,20241112,000000,14.3,14.64,14.3,14.48,1030500,0
2276.HK,D,20241113,000000,14.48,14.48,14.06,14.2,878500,0
2276.HK,D,20241114,000000,14.2,14.42,14.18,14.32,1135000,0
2276.HK,D,20241115,000000,14.32,15.24,14.28,14.86,1161000,0
2276.HK,D,20241118,000000,14.86,15.26,14.72,14.8,1012000,0
2276.HK,D,20241119,000000,14.8,14.82,14.44,14.5,915500,0
2276.HK,D,20241120,000000,14.5,14.86,14.5,14.72,1305500,0
2276.HK,D,20241121,000000,14.72,14.72,14.14,14.24,1046500,0
2276.HK,D,20241122,000000,14.24,14.48,14.16,14.48,2805000,0
2276.HK,D,20241125,000000,14.48,14.72,14.38,14.6,2817000,0
2276.HK,D,20241126,000000,14.6,14.6,13.88,14,755000,0
2276.HK,D,20241127,000000,14,14.52,13.98,14.4,972000,0
2276.HK,D,20241128,000000,14.4,14.5,14.14,14.5,922500,0
2276.HK,D,20241129,000000,14.5,14.5,14.12,14.4,1525500,0
2276.HK,D,20241202,000000,14.34,14.38,13.94,13.94,646000,0
2276.HK,D,20241203,000000,13.94,14.48,13.92,14.34,1067500,0
2276.HK,D,20241204,000000,14.34,14.52,13.98,14.06,534500,0
2276.HK,D,20241205,000000,14.06,14.14,13.88,14.14,610800,0
2276.HK,D,20241206,000000,14.14,14.14,13.54,13.62,581200,0
2276.HK,D,20241209,000000,13.64,13.78,13,13.14,1101500,0
2276.HK,D,20241210,000000,13.18,13.32,12.72,12.94,886472,0
2276.HK,D,20241211,000000,12.94,13.62,12.94,13.36,1154000,0
2276.HK,D,20241212,000000,13.3,13.64,13.3,13.48,1155000,0
2276.HK,D,20241213,000000,13.48,13.74,13.4,13.72,1164000,0
2276.HK,D,20241216,000000,13.72,14.22,13.72,14.1,1203500,0
2276.HK,D,20241217,000000,14.02,15.98,13.98,15.62,2984000,0
2276.HK,D,20241218,000000,15.6,17.64,15.52,17.3,3569000,0
2276.HK,D,20241219,000000,17.3,18.18,17.02,17.88,2710659,0
2276.HK,D,20241220,000000,17.8,20,17.72,19.82,5968012,0
2276.HK,D,20241223,000000,20,22.9,18.94,22,8334049,0
2276.HK,D,20241224,000000,22,22.2,19.9,20.85,2942500,0
2276.HK,D,20241227,000000,21.05,23.25,21.05,21.75,2977500,0
2276.HK,D,20241230,000000,22.5,24.4,22.25,24.3,3599000,0
2276.HK,D,20241231,000000,24.3,24.9,23.2,24.9,1754000,0
2276.HK,D,20250102,000000,24.75,24.75,22.9,23.15,1873500,0
2276.HK,D,20250103,000000,23.15,26,22.8,24.9,2565500,0
2276.HK,D,20250106,000000,24.9,27.2,24.75,26.9,5348000,0
2276.HK,D,20250107,000000,26.95,28.1,26.15,26.6,4237500,0
2276.HK,D,20250108,000000,26.6,26.6,24.05,24.95,2639800,0
2276.HK,D,20250109,000000,24.95,24.95,23,24.2,2344500,0
2276.HK,D,20250110,000000,24,25.25,23.6,24.85,1526500,0
2276.HK,D,20250113,000000,24.9,25.05,24.1,24.6,693000,0
2276.HK,D,20250114,000000,24.6,25.9,24.55,25.75,931500,0
2276.HK,D,20250115,000000,25.75,25.75,23.95,24.1,1408500,0
2276.HK,D,20250116,000000,24.1,24.75,23.5,23.65,44567000,0
2276.HK,D,20250117,000000,23.65,24.15,23.2,23.8,988000,0
2276.HK,D,20250120,000000,23.5,25.65,23.5,24.8,2539000,0
2276.HK,D,20250121,000000,24.8,26.5,24.15,25.7,3122500,0
2276.HK,D,20250122,000000,25.7,25.85,23.25,23.45,3627500,0
2276.HK,D,20250123,000000,23.3,24.5,23.3,24.05,3747000,0
2276.HK,D,20250124,000000,24.05,25.6,23.65,25.2,1184500,0
2276.HK,D,20250127,000000,25.2,25.25,24.05,24.35,1113000,0
2276.HK,D,20250128,000000,24.15,24.75,23.75,24.6,572000,0
2276.HK,D,20250203,000000,24.6,25,23,24.15,1322726,0
2276.HK,D,20250204,000000,24.15,26.75,24.15,26.35,1952280,0
2276.HK,D,20250205,000000,26.35,26.45,25.35,26.1,1571500,0
2276.HK,D,20250206,000000,26.1,28.85,26.1,28.15,2303500,0
2276.HK,D,20250207,000000,28.45,29.65,27.65,28.2,2100500,0
2276.HK,D,20250210,000000,28.3,28.7,27.65,28,944011,0
2276.HK,D,20250211,000000,28.2,29.3,26.8,26.85,1434000,0
2276.HK,D,20250212,000000,26.85,28.95,26.75,28.55,1364022,0
2276.HK,D,20250213,000000,28.55,28.65,26.5,26.9,1499500,0
2276.HK,D,20250214,000000,26.9,27,24.9,25.85,1951500,0
2276.HK,D,20250217,000000,25.8,26.35,24.6,26.3,1617500,0
2276.HK,D,20250218,000000,26.3,26.3,25.1,26,1627500,0
2276.HK,D,20250219,000000,26,26.1,25.25,25.5,1600000,0
2276.HK,D,20250220,000000,25.5,27.35,25.5,26.45,1730500,0
2276.HK,D,20250221,000000,26.6,29.35,26.25,29.25,4359085,0
2276.HK,D,20250224,000000,29.25,29.45,27.55,28.2,1598000,0
2276.HK,D,20250225,000000,27.8,30,27.1,28.75,2445500,0
2276.HK,D,20250226,000000,28.75,29.95,28.2,28.6,1747500,0
2276.HK,D,20250227,000000,28.6,29,26.6,28.1,2007500,0
2276.HK,D,20250228,000000,27.95,27.95,26.3,27.7,2028800,0
2276.HK,D,20250303,000000,28,28.7,26.7,26.95,1282500,0
2276.HK,D,20250304,000000,26.5,27.5,25.55,27.15,1542000,0
2276.HK,D,20250305,000000,27.15,30.3,27.15,29.4,3051000,0
2276.HK,D,20250306,000000,29.3,32,29.3,30.9,3332000,0
2276.HK,D,20250307,000000,30.9,30.9,29.45,30.1,1457000,0
2276.HK,D,20250310,000000,30.1,30.6,28.9,29.4,1179000,0
2276.HK,D,20250311,000000,29.1,30.65,27.5,29.6,1599500,0
2276.HK,D,20250312,000000,29.6,30.2,28.95,29.4,1558665,0
2276.HK,D,20250313,000000,29.4,29.5,26.85,27.5,2376000,0
2276.HK,D,20250314,000000,27.5,28,26.8,26.95,1974165,0
2276.HK,D,20250317,000000,27.2,28,26.7,27.75,1640000,0
2276.HK,D,20250318,000000,27.75,29.1,27.5,27.9,1664500,0
2276.HK,D,20250319,000000,27.9,28.7,27.6,28.5,1475500,0
2276.HK,D,20250320,000000,28.5,29.5,27.8,28.1,1738500,0
2276.HK,D,20250321,000000,28.1,28.15,26.6,26.95,7535000,0
2276.HK,D,20250324,000000,26.8,29.2,26.8,29.1,1970500,0
2276.HK,D,20250325,000000,29.1,29.45,27.6,27.8,1473000,0
2276.HK,D,20250326,000000,27.5,27.5,26.15,26.9,1533258,0
2276.HK,D,20250327,000000,26.9,27.25,26.3,27,1696238,0
2276.HK,D,20250328,000000,27,27.5,26,27.5,1609500,0
2276.HK,D,20250331,000000,27.5,27.9,26.5,27.65,1619000,0
2276.HK,D,20250401,000000,27.65,27.9,26.05,27.45,2320398,0
2276.HK,D,20250402,000000,27,28,27,27.4,1497500,0
2276.HK,D,20250403,000000,27.4,27.4,25.85,26.05,2318000,0
2276.HK,D,20250407,000000,25,25,20.85,21.05,4724500,0
2276.HK,D,20250408,000000,21.5,22.9,21.25,22.2,3412558,0
2276.HK,D,20250409,000000,22.2,22.4,21.05,21.9,3363500,0
2276.HK,D,20250410,000000,22.2,23.95,22.2,22.75,2195500,0
2276.HK,D,20250411,000000,22.75,23.8,22.2,23.55,1863000,0
2276.HK,D,20250414,000000,23.55,24.6,23.3,23.7,1995500,0
2276.HK,D,20250415,000000,23.7,23.85,22.7,23.45,1836886,0
2276.HK,D,20250416,000000,23.45,23.45,22,22.35,1973949,0
2276.HK,D,20250417,000000,22.35,23,22.25,22.65,1839500,0
