<TICKER>,<PER>,<DATE>,<TIME>,<OPEN>,<HIGH>,<LOW>,<CLOSE>,<VOL>,<OPENINT>
2450.HK,D,20230120,000000,1.21,1.27,1.06,1.06,47025000,0
2450.HK,D,20230126,000000,1.06,1.17,1.02,1.1,9123000,0
2450.HK,D,20230127,000000,1.13,1.13,1.05,1.07,3181500,0
2450.HK,D,20230130,000000,1.07,1.07,1,1.02,3627000,0
2450.HK,D,20230131,000000,1,1.01,0.95,0.96,2218500,0
2450.HK,D,20230201,000000,0.96,1.02,0.96,1,1042500,0
2450.HK,D,20230202,000000,1,1.01,0.98,0.98,718500,0
2450.HK,D,20230203,000000,0.99,1,0.97,0.97,669000,0
2450.HK,D,20230206,000000,0.96,0.97,0.92,0.93,955500,0
2450.HK,D,20230207,000000,0.95,0.95,0.93,0.94,373500,0
2450.HK,D,20230208,000000,0.94,0.94,0.9,0.92,865500,0
2450.HK,D,20230209,000000,0.92,0.92,0.9,0.91,462000,0
2450.HK,D,20230210,000000,0.91,0.91,0.88,0.89,507000,0
2450.HK,D,20230213,000000,0.89,0.9,0.87,0.89,547500,0
2450.HK,D,20230214,000000,0.88,0.91,0.85,0.87,768000,0
2450.HK,D,20230215,000000,0.87,0.87,0.82,0.82,1345500,0
2450.HK,D,20230216,000000,0.82,0.87,0.82,0.85,541500,0
2450.HK,D,20230217,000000,0.85,0.85,0.8,0.81,516000,0
2450.HK,D,20230220,000000,0.81,0.83,0.8,0.82,279000,0
2450.HK,D,20230221,000000,0.8,0.84,0.79,0.84,276000,0
2450.HK,D,20230222,000000,0.84,0.84,0.81,0.84,108000,0
2450.HK,D,20230223,000000,0.82,0.84,0.81,0.81,289500,0
2450.HK,D,20230224,000000,0.81,0.81,0.78,0.78,615000,0
2450.HK,D,20230227,000000,0.77,0.89,0.77,0.83,991500,0
2450.HK,D,20230228,000000,0.84,0.85,0.79,0.79,979500,0
2450.HK,D,20230301,000000,0.79,0.83,0.79,0.82,183000,0
2450.HK,D,20230302,000000,0.8,0.83,0.8,0.83,399000,0
2450.HK,D,20230303,000000,0.83,0.84,0.81,0.82,754500,0
2450.HK,D,20230306,000000,0.8,0.82,0.8,0.82,172500,0
2450.HK,D,20230307,000000,0.82,0.85,0.8,0.81,444000,0
2450.HK,D,20230308,000000,0.81,0.81,0.78,0.79,285000,0
2450.HK,D,20230309,000000,0.79,0.8,0.76,0.76,508500,0
2450.HK,D,20230310,000000,0.76,0.78,0.75,0.75,553500,0
2450.HK,D,20230313,000000,0.74,0.75,0.74,0.74,156000,0
2450.HK,D,20230314,000000,0.75,0.77,0.74,0.75,357000,0
2450.HK,D,20230315,000000,0.75,0.75,0.69,0.71,1137000,0
2450.HK,D,20230316,000000,0.71,0.75,0.69,0.69,679500,0
2450.HK,D,20230317,000000,0.7,0.76,0.7,0.74,429000,0
2450.HK,D,20230320,000000,0.76,0.77,0.69,0.7,331500,0
2450.HK,D,20230321,000000,0.7,0.74,0.7,0.7,459000,0
2450.HK,D,20230322,000000,0.7,0.76,0.7,0.71,202500,0
2450.HK,D,20230323,000000,0.7,0.74,0.69,0.71,798000,0
2450.HK,D,20230324,000000,0.72,0.73,0.7,0.71,1198500,0
2450.HK,D,20230327,000000,0.71,0.71,0.66,0.69,819000,0
2450.HK,D,20230328,000000,0.67,0.7,0.66,0.69,343500,0
2450.HK,D,20230329,000000,0.69,0.71,0.66,0.69,592500,0
2450.HK,D,20230330,000000,0.7,0.71,0.65,0.66,969000,0
2450.HK,D,20230331,000000,0.66,0.7,0.66,0.69,496500,0
2450.HK,D,20230403,000000,0.68,0.69,0.67,0.68,271500,0
2450.HK,D,20230404,000000,0.68,0.69,0.66,0.67,193500,0
2450.HK,D,20230406,000000,0.67,0.73,0.66,0.68,537000,0
2450.HK,D,20230411,000000,0.68,0.74,0.68,0.68,1135500,0
2450.HK,D,20230412,000000,0.75,0.75,0.68,0.69,1536000,0
2450.HK,D,20230413,000000,0.68,0.7,0.67,0.67,499500,0
2450.HK,D,20230414,000000,0.67,0.72,0.65,0.67,2584500,0
2450.HK,D,20230417,000000,0.67,0.69,0.66,0.69,189000,0
2450.HK,D,20230418,000000,0.69,0.69,0.67,0.67,1590000,0
2450.HK,D,20230419,000000,0.69,0.78,0.68,0.7,8697000,0
2450.HK,D,20230420,000000,0.7,0.7,0.67,0.69,693000,0
2450.HK,D,20230421,000000,0.68,0.71,0.67,0.68,469500,0
2450.HK,D,20230424,000000,0.69,0.7,0.68,0.69,844500,0
2450.HK,D,20230425,000000,0.7,0.7,0.69,0.7,405000,0
2450.HK,D,20230426,000000,0.69,0.79,0.69,0.7,4023000,0
2450.HK,D,20230427,000000,0.7,0.71,0.69,0.69,312000,0
2450.HK,D,20230428,000000,0.72,0.72,0.69,0.7,696000,0
2450.HK,D,20230502,000000,0.72,0.72,0.69,0.7,493500,0
2450.HK,D,20230503,000000,0.71,0.74,0.69,0.74,721500,0
2450.HK,D,20230504,000000,0.74,0.76,0.72,0.74,1225500,0
2450.HK,D,20230505,000000,0.74,0.75,0.74,0.74,999000,0
2450.HK,D,20230508,000000,0.73,0.74,0.73,0.74,366000,0
2450.HK,D,20230509,000000,0.73,0.73,0.71,0.73,877500,0
2450.HK,D,20230510,000000,0.72,0.72,0.71,0.72,493500,0
2450.HK,D,20230511,000000,0.72,0.72,0.68,0.68,1356000,0
2450.HK,D,20230512,000000,0.68,0.68,0.66,0.66,679500,0
2450.HK,D,20230515,000000,0.66,0.67,0.65,0.65,213000,0
2450.HK,D,20230516,000000,0.66,0.68,0.65,0.68,316500,0
2450.HK,D,20230517,000000,0.67,0.67,0.65,0.65,165000,0
2450.HK,D,20230518,000000,0.65,0.66,0.65,0.66,96000,0
2450.HK,D,20230519,000000,0.66,0.69,0.64,0.64,487500,0
2450.HK,D,20230522,000000,0.64,0.66,0.62,0.65,280500,0
2450.HK,D,20230523,000000,0.65,0.65,0.64,0.65,240000,0
2450.HK,D,20230524,000000,0.65,0.65,0.63,0.63,333000,0
2450.HK,D,20230525,000000,0.63,0.63,0.62,0.62,391500,0
2450.HK,D,20230529,000000,0.63,0.63,0.62,0.62,229500,0
2450.HK,D,20230530,000000,0.61,0.66,0.61,0.64,327000,0
2450.HK,D,20230531,000000,0.62,0.67,0.62,0.62,60000,0
2450.HK,D,20230601,000000,0.65,0.66,0.62,0.62,39000,0
2450.HK,D,20230602,000000,0.62,0.67,0.62,0.67,288000,0
2450.HK,D,20230605,000000,0.67,0.69,0.63,0.68,178500,0
2450.HK,D,20230606,000000,0.68,0.68,0.68,0.68,1500,0
2450.HK,D,20230607,000000,0.69,0.72,0.66,0.69,1119000,0
2450.HK,D,20230608,000000,0.71,0.72,0.68,0.72,1773000,0
2450.HK,D,20230609,000000,0.72,0.73,0.69,0.7,1204500,0
2450.HK,D,20230612,000000,0.69,0.69,0.67,0.67,135000,0
2450.HK,D,20230613,000000,0.67,0.68,0.66,0.68,123000,0
2450.HK,D,20230614,000000,0.68,0.69,0.66,0.69,253500,0
2450.HK,D,20230615,000000,0.71,0.71,0.67,0.69,265500,0
2450.HK,D,20230616,000000,0.69,0.69,0.67,0.69,12000,0
2450.HK,D,20230619,000000,0.69,0.69,0.67,0.69,39000,0
2450.HK,D,20230620,000000,0.69,0.7,0.66,0.7,48000,0
2450.HK,D,20230621,000000,0.7,0.7,0.67,0.67,148500,0
2450.HK,D,20230623,000000,0.67,0.67,0.62,0.64,142500,0
2450.HK,D,20230626,000000,0.63,0.65,0.63,0.65,222000,0
2450.HK,D,20230627,000000,0.63,0.65,0.63,0.65,300000,0
2450.HK,D,20230628,000000,0.64,0.66,0.63,0.64,91500,0
2450.HK,D,20230629,000000,0.63,0.65,0.63,0.65,150000,0
2450.HK,D,20230630,000000,0.65,0.65,0.63,0.64,328500,0
2450.HK,D,20230703,000000,0.64,0.65,0.64,0.65,144000,0
2450.HK,D,20230704,000000,0.63,0.65,0.63,0.65,126000,0
2450.HK,D,20230705,000000,0.65,0.65,0.63,0.64,69000,0
2450.HK,D,20230706,000000,0.63,0.64,0.63,0.64,63000,0
2450.HK,D,20230707,000000,0.64,0.64,0.63,0.64,84000,0
2450.HK,D,20230710,000000,0.63,0.64,0.62,0.62,205500,0
2450.HK,D,20230711,000000,0.63,0.63,0.62,0.62,162000,0
2450.HK,D,20230712,000000,0.63,0.63,0.62,0.62,210000,0
2450.HK,D,20230713,000000,0.63,0.65,0.62,0.63,285000,0
2450.HK,D,20230714,000000,0.63,0.68,0.63,0.68,285000,0
2450.HK,D,20230718,000000,0.67,0.67,0.63,0.65,169500,0
2450.HK,D,20230719,000000,0.64,0.65,0.63,0.65,285000,0
2450.HK,D,20230720,000000,0.63,0.64,0.63,0.63,109500,0
2450.HK,D,20230721,000000,0.62,0.64,0.62,0.63,292500,0
2450.HK,D,20230724,000000,0.62,0.62,0.61,0.62,250500,0
2450.HK,D,20230725,000000,0.62,0.62,0.61,0.62,133500,0
2450.HK,D,20230726,000000,0.63,0.63,0.61,0.62,157500,0
2450.HK,D,20230727,000000,0.62,0.63,0.62,0.63,156000,0
2450.HK,D,20230728,000000,0.62,0.64,0.62,0.64,277500,0
2450.HK,D,20230731,000000,0.63,0.66,0.63,0.66,379500,0
2450.HK,D,20230801,000000,0.66,0.66,0.65,0.65,160500,0
2450.HK,D,20230802,000000,0.65,0.65,0.65,0.65,75000,0
2450.HK,D,20230803,000000,0.65,0.65,0.63,0.65,162000,0
2450.HK,D,20230804,000000,0.64,0.65,0.62,0.64,567000,0
2450.HK,D,20230807,000000,0.62,0.64,0.62,0.63,361500,0
2450.HK,D,20230808,000000,0.65,0.65,0.62,0.64,174000,0
2450.HK,D,20230809,000000,0.65,0.65,0.63,0.63,244500,0
2450.HK,D,20230810,000000,0.63,0.65,0.63,0.63,124500,0
2450.HK,D,20230811,000000,0.65,0.65,0.64,0.64,76500,0
2450.HK,D,20230814,000000,0.63,0.64,0.63,0.64,22500,0
2450.HK,D,20230815,000000,0.64,0.65,0.64,0.64,414000,0
2450.HK,D,20230816,000000,0.63,0.64,0.63,0.63,109500,0
2450.HK,D,20230817,000000,0.66,0.75,0.65,0.7,1143000,0
2450.HK,D,20230818,000000,0.67,0.69,0.66,0.66,102000,0
2450.HK,D,20230821,000000,0.65,0.68,0.64,0.68,192000,0
2450.HK,D,20230822,000000,0.65,0.67,0.65,0.67,99000,0
2450.HK,D,20230823,000000,0.68,0.68,0.68,0.68,99000,0
2450.HK,D,20230824,000000,0.68,0.7,0.68,0.69,235500,0
2450.HK,D,20230825,000000,0.68,0.68,0.68,0.68,7500,0
2450.HK,D,20230828,000000,0.68,0.7,0.66,0.66,34500,0
2450.HK,D,20230829,000000,0.68,0.68,0.66,0.68,39000,0
2450.HK,D,20230830,000000,0.66,0.66,0.62,0.65,187500,0
2450.HK,D,20230831,000000,0.64,0.65,0.62,0.64,135000,0
2450.HK,D,20230904,000000,0.64,0.64,0.64,0.64,82500,0
2450.HK,D,20230905,000000,0.65,0.65,0.63,0.63,43500,0
2450.HK,D,20230906,000000,0.64,0.64,0.62,0.63,265500,0
2450.HK,D,20230907,000000,0.63,0.67,0.63,0.64,121500,0
2450.HK,D,20230911,000000,0.63,0.65,0.63,0.65,21000,0
2450.HK,D,20230912,000000,0.64,0.64,0.64,0.64,0,0
2450.HK,D,20230913,000000,0.63,0.63,0.63,0.63,28500,0
2450.HK,D,20230914,000000,0.63,0.63,0.62,0.62,108000,0
2450.HK,D,20230915,000000,0.64,0.64,0.64,0.64,7500,0
2450.HK,D,20230918,000000,0.62,0.63,0.62,0.63,9000,0
2450.HK,D,20230919,000000,0.62,0.63,0.61,0.61,163500,0
2450.HK,D,20230920,000000,0.61,0.63,0.61,0.63,27000,0
2450.HK,D,20230921,000000,0.61,0.63,0.61,0.63,27000,0
2450.HK,D,20230922,000000,0.63,0.63,0.61,0.63,15000,0
2450.HK,D,20230925,000000,0.62,0.62,0.61,0.61,54000,0
2450.HK,D,20230926,000000,0.61,0.62,0.61,0.61,15000,0
2450.HK,D,20230927,000000,0.61,0.61,0.6,0.61,48000,0
2450.HK,D,20230928,000000,0.62,0.62,0.59,0.6,388500,0
2450.HK,D,20230929,000000,0.59,0.61,0.51,0.58,172500,0
2450.HK,D,20231003,000000,0.58,0.59,0.56,0.56,444000,0
2450.HK,D,20231004,000000,0.56,0.57,0.55,0.56,345000,0
2450.HK,D,20231005,000000,0.56,0.56,0.55,0.56,51000,0
2450.HK,D,20231006,000000,0.55,0.59,0.54,0.57,730500,0
2450.HK,D,20231009,000000,0.57,0.57,0.57,0.57,3000,0
2450.HK,D,20231010,000000,0.57,0.59,0.57,0.59,33000,0
2450.HK,D,20231011,000000,0.59,0.59,0.59,0.59,52500,0
2450.HK,D,20231012,000000,0.6,0.6,0.59,0.6,165000,0
2450.HK,D,20231013,000000,0.61,0.61,0.59,0.59,112500,0
2450.HK,D,20231016,000000,0.6,0.6,0.58,0.6,22500,0
2450.HK,D,20231017,000000,0.57,0.58,0.56,0.58,25500,0
2450.HK,D,20231018,000000,0.6,0.6,0.58,0.6,70500,0
2450.HK,D,20231019,000000,0.6,0.61,0.56,0.58,142500,0
2450.HK,D,20231020,000000,0.58,0.59,0.57,0.58,63000,0
2450.HK,D,20231024,000000,0.58,0.6,0.58,0.6,61500,0
2450.HK,D,20231025,000000,0.59,0.6,0.59,0.59,49500,0
2450.HK,D,20231026,000000,0.6,0.61,0.6,0.61,37500,0
2450.HK,D,20231027,000000,0.58,0.6,0.57,0.6,9000,0
2450.HK,D,20231030,000000,0.6,0.6,0.6,0.6,21000,0
2450.HK,D,20231031,000000,0.57,0.6,0.57,0.6,51000,0
2450.HK,D,20231101,000000,0.57,0.6,0.57,0.6,30000,0
2450.HK,D,20231102,000000,0.6,0.6,0.58,0.6,33000,0
2450.HK,D,20231103,000000,0.6,0.6,0.6,0.6,0,0
2450.HK,D,20231106,000000,0.6,0.62,0.6,0.6,241500,0
2450.HK,D,20231107,000000,0.62,0.62,0.6,0.62,262500,0
2450.HK,D,20231108,000000,0.58,0.6,0.58,0.58,15000,0
2450.HK,D,20231109,000000,0.57,0.57,0.55,0.57,46500,0
2450.HK,D,20231110,000000,0.57,0.57,0.57,0.57,19500,0
2450.HK,D,20231113,000000,0.57,0.57,0.56,0.56,117000,0
2450.HK,D,20231114,000000,0.57,0.57,0.57,0.57,123000,0
2450.HK,D,20231115,000000,0.56,0.57,0.56,0.57,87000,0
2450.HK,D,20231116,000000,0.57,0.57,0.57,0.57,10500,0
2450.HK,D,20231117,000000,0.57,0.57,0.57,0.57,307500,0
2450.HK,D,20231120,000000,0.57,0.57,0.57,0.57,0,0
2450.HK,D,20231121,000000,0.56,0.57,0.56,0.56,13500,0
2450.HK,D,20231122,000000,0.56,0.66,0.56,0.63,339000,0
2450.HK,D,20231123,000000,0.62,0.62,0.62,0.62,1500,0
2450.HK,D,20231124,000000,0.57,0.6,0.57,0.6,13500,0
2450.HK,D,20231127,000000,0.57,0.58,0.57,0.58,1500,0
2450.HK,D,20231128,000000,0.58,0.58,0.58,0.58,9000,0
2450.HK,D,20231129,000000,0.58,0.6,0.56,0.56,3348000,0
2450.HK,D,20231130,000000,0.56,0.56,0.56,0.56,7500,0
2450.HK,D,20231201,000000,0.6,0.6,0.57,0.6,106500,0
2450.HK,D,20231204,000000,0.63,0.66,0.56,0.59,42000,0
2450.HK,D,20231205,000000,0.59,0.59,0.59,0.59,0,0
2450.HK,D,20231206,000000,0.59,0.59,0.59,0.59,0,0
2450.HK,D,20231207,000000,0.56,0.58,0.56,0.58,36000,0
2450.HK,D,20231208,000000,0.58,0.58,0.58,0.58,0,0
2450.HK,D,20231211,000000,0.57,0.57,0.56,0.56,30000,0
2450.HK,D,20231212,000000,0.56,0.56,0.56,0.56,0,0
2450.HK,D,20231213,000000,0.55,0.58,0.55,0.56,117000,0
2450.HK,D,20231214,000000,0.57,0.58,0.56,0.58,48000,0
2450.HK,D,20231215,000000,0.58,0.58,0.58,0.58,120000,0
2450.HK,D,20231218,000000,0.6,0.6,0.6,0.6,1500,0
2450.HK,D,20231219,000000,0.6,0.6,0.6,0.6,0,0
2450.HK,D,20231220,000000,0.61,0.62,0.61,0.61,216000,0
2450.HK,D,20231221,000000,0.61,0.61,0.61,0.61,0,0
2450.HK,D,20231222,000000,0.6,0.6,0.58,0.58,100500,0
2450.HK,D,20231227,000000,0.58,0.58,0.58,0.58,1500,0
2450.HK,D,20231228,000000,0.58,0.6,0.58,0.58,4500,0
2450.HK,D,20231229,000000,0.59,0.6,0.59,0.6,102000,0
2450.HK,D,20240102,000000,0.6,0.6,0.6,0.6,0,0
2450.HK,D,20240103,000000,0.6,0.6,0.6,0.6,0,0
2450.HK,D,20240104,000000,0.56,0.61,0.56,0.6,4500,0
2450.HK,D,20240105,000000,0.55,0.57,0.55,0.55,48000,0
2450.HK,D,20240108,000000,0.55,0.55,0.55,0.55,58500,0
2450.HK,D,20240109,000000,0.55,0.55,0.55,0.55,0,0
2450.HK,D,20240110,000000,0.56,0.56,0.56,0.56,31500,0
2450.HK,D,20240111,000000,0.55,0.55,0.55,0.55,3000,0
2450.HK,D,20240112,000000,0.55,0.55,0.55,0.55,0,0
2450.HK,D,20240115,000000,0.55,0.55,0.55,0.55,21000,0
2450.HK,D,20240116,000000,0.55,0.56,0.54,0.55,150000,0
2450.HK,D,20240117,000000,0.54,0.58,0.54,0.56,126000,0
2450.HK,D,20240118,000000,0.56,0.56,0.56,0.56,0,0
2450.HK,D,20240119,000000,0.56,0.56,0.53,0.56,10500,0
2450.HK,D,20240122,000000,0.55,0.56,0.55,0.55,3000,0
2450.HK,D,20240123,000000,0.55,0.55,0.55,0.55,4500,0
2450.HK,D,20240124,000000,0.55,0.55,0.55,0.55,0,0
2450.HK,D,20240125,000000,0.54,0.55,0.54,0.55,19500,0
2450.HK,D,20240126,000000,0.57,0.57,0.57,0.57,1500,0
2450.HK,D,20240129,000000,0.57,0.57,0.57,0.57,0,0
2450.HK,D,20240130,000000,0.56,0.56,0.56,0.56,3000,0
2450.HK,D,20240131,000000,0.54,0.54,0.53,0.54,133500,0
2450.HK,D,20240201,000000,0.52,0.53,0.45,0.52,103500,0
2450.HK,D,20240202,000000,0.47,0.53,0.42,0.485,219000,0
2450.HK,D,20240205,000000,0.455,0.51,0.4,0.46,199500,0
2450.HK,D,20240206,000000,0.45,0.55,0.43,0.465,126000,0
2450.HK,D,20240207,000000,0.495,0.495,0.495,0.495,3000,0
2450.HK,D,20240208,000000,0.495,0.495,0.495,0.495,0,0
2450.HK,D,20240209,000000,0.465,0.495,0.46,0.495,3000,0
2450.HK,D,20240214,000000,0.495,0.5,0.495,0.5,6000,0
2450.HK,D,20240215,000000,0.5,0.5,0.5,0.5,1500,0
2450.HK,D,20240216,000000,0.485,0.58,0.485,0.58,40500,0
2450.HK,D,20240219,000000,0.5,0.52,0.5,0.5,12000,0
2450.HK,D,20240220,000000,0.5,0.5,0.465,0.5,4500,0
2450.HK,D,20240221,000000,0.5,0.51,0.5,0.5,6000,0
2450.HK,D,20240222,000000,0.495,0.6,0.49,0.56,96000,0
2450.HK,D,20240223,000000,0.58,0.58,0.58,0.58,4500,0
2450.HK,D,20240226,000000,0.55,0.55,0.52,0.54,73500,0
2450.HK,D,20240227,000000,0.495,0.55,0.485,0.55,45000,0
2450.HK,D,20240228,000000,0.56,0.57,0.56,0.56,30000,0
2450.HK,D,20240229,000000,0.56,0.56,0.56,0.56,0,0
2450.HK,D,20240301,000000,0.55,0.55,0.55,0.55,1500,0
2450.HK,D,20240304,000000,0.55,0.55,0.55,0.55,0,0
2450.HK,D,20240305,000000,0.53,0.53,0.5,0.53,49500,0
2450.HK,D,20240306,000000,0.52,0.52,0.52,0.52,10500,0
2450.HK,D,20240307,000000,0.52,0.52,0.52,0.52,10500,0
2450.HK,D,20240308,000000,0.53,0.54,0.53,0.53,28500,0
2450.HK,D,20240311,000000,0.49,0.51,0.49,0.51,4500,0
2450.HK,D,20240312,000000,0.51,0.51,0.46,0.51,4500,0
2450.HK,D,20240313,000000,0.47,0.495,0.465,0.495,21000,0
2450.HK,D,20240314,000000,0.495,0.495,0.49,0.49,1500,0
2450.HK,D,20240315,000000,0.485,0.5,0.485,0.5,28500,0
2450.HK,D,20240318,000000,0.5,0.5,0.5,0.5,1500,0
2450.HK,D,20240319,000000,0.51,0.54,0.51,0.54,9000,0
2450.HK,D,20240320,000000,0.55,0.55,0.54,0.54,10500,0
2450.HK,D,20240321,000000,0.54,0.57,0.49,0.52,28500,0
2450.HK,D,20240322,000000,0.48,0.495,0.48,0.495,1500,0
2450.HK,D,20240325,000000,0.5,0.5,0.5,0.5,3000,0
2450.HK,D,20240326,000000,0.5,0.55,0.49,0.53,100500,0
2450.HK,D,20240327,000000,0.54,0.54,0.53,0.53,40500,0
2450.HK,D,20240328,000000,0.53,0.58,0.53,0.57,180000,0
2450.HK,D,20240402,000000,0.58,0.58,0.55,0.57,153000,0
2450.HK,D,20240403,000000,0.57,0.57,0.56,0.56,31500,0
2450.HK,D,20240405,000000,0.56,0.56,0.56,0.56,0,0
2450.HK,D,20240408,000000,0.57,0.57,0.54,0.57,1500,0
2450.HK,D,20240409,000000,0.55,0.56,0.55,0.56,15000,0
2450.HK,D,20240410,000000,0.56,0.56,0.56,0.56,0,0
2450.HK,D,20240411,000000,0.56,0.56,0.55,0.56,81000,0
2450.HK,D,20240412,000000,0.57,0.57,0.57,0.57,0,0
2450.HK,D,20240415,000000,0.58,0.58,0.57,0.57,69000,0
2450.HK,D,20240416,000000,0.55,0.56,0.55,0.56,13500,0
2450.HK,D,20240417,000000,0.55,0.55,0.55,0.55,0,0
2450.HK,D,20240418,000000,0.55,0.55,0.55,0.55,45000,0
2450.HK,D,20240419,000000,0.55,0.57,0.51,0.57,60000,0
2450.HK,D,20240422,000000,0.53,0.53,0.49,0.53,66000,0
2450.HK,D,20240423,000000,0.485,0.52,0.48,0.5,97500,0
2450.HK,D,20240424,000000,0.49,0.54,0.485,0.54,126000,0
2450.HK,D,20240425,000000,0.495,0.55,0.495,0.55,102000,0
2450.HK,D,20240426,000000,0.55,0.55,0.49,0.5,859500,0
2450.HK,D,20240429,000000,0.51,0.58,0.51,0.58,472500,0
2450.HK,D,20240430,000000,0.57,0.9,0.57,0.8,7321000,0
2450.HK,D,20240502,000000,0.79,0.81,0.69,0.73,601500,0
2450.HK,D,20240503,000000,0.73,0.76,0.61,0.67,571500,0
2450.HK,D,20240506,000000,0.73,0.74,0.67,0.7,180000,0
2450.HK,D,20240507,000000,0.62,0.73,0.59,0.64,1110000,0
2450.HK,D,20240508,000000,0.65,0.71,0.61,0.65,184500,0
2450.HK,D,20240509,000000,0.64,0.71,0.64,0.71,129000,0
2450.HK,D,20240510,000000,0.72,0.72,0.69,0.69,15000,0
2450.HK,D,20240513,000000,0.74,0.74,0.7,0.7,18000,0
2450.HK,D,20240514,000000,0.66,0.7,0.66,0.67,75000,0
2450.HK,D,20240516,000000,0.7,0.7,0.68,0.7,45000,0
2450.HK,D,20240517,000000,0.72,0.73,0.69,0.72,40500,0
2450.HK,D,20240520,000000,0.73,0.75,0.7,0.71,235500,0
2450.HK,D,20240521,000000,0.73,0.76,0.73,0.73,165000,0
2450.HK,D,20240522,000000,0.73,0.75,0.73,0.75,30000,0
2450.HK,D,20240523,000000,0.75,0.75,0.7,0.74,60000,0
2450.HK,D,20240524,000000,0.71,0.74,0.7,0.74,132000,0
2450.HK,D,20240527,000000,0.71,0.79,0.7,0.77,225000,0
2450.HK,D,20240528,000000,0.72,0.8,0.7,0.8,543000,0
2450.HK,D,20240529,000000,0.8,0.8,0.8,0.8,0,0
2450.HK,D,20240530,000000,0.8,0.8,0.77,0.77,22500,0
2450.HK,D,20240531,000000,0.73,0.75,0.73,0.73,15000,0
2450.HK,D,20240603,000000,0.75,0.79,0.73,0.75,118500,0
2450.HK,D,20240604,000000,0.76,0.79,0.76,0.77,133500,0
2450.HK,D,20240605,000000,0.74,0.76,0.74,0.76,37500,0
2450.HK,D,20240606,000000,0.75,0.75,0.74,0.74,88500,0
2450.HK,D,20240607,000000,0.76,0.76,0.75,0.75,43500,0
2450.HK,D,20240611,000000,0.74,0.74,0.74,0.74,34500,0
2450.HK,D,20240612,000000,0.74,0.74,0.74,0.74,19500,0
2450.HK,D,20240613,000000,0.74,0.74,0.74,0.74,0,0
2450.HK,D,20240614,000000,0.72,0.76,0.67,0.74,805500,0
2450.HK,D,20240617,000000,0.74,0.77,0.74,0.77,75000,0
2450.HK,D,20240618,000000,0.75,0.75,0.75,0.75,18000,0
2450.HK,D,20240619,000000,0.75,0.77,0.74,0.77,162000,0
2450.HK,D,20240620,000000,0.73,0.82,0.73,0.78,471000,0
2450.HK,D,20240621,000000,0.83,0.86,0.79,0.8,322500,0
2450.HK,D,20240624,000000,0.77,0.88,0.73,0.8,330000,0
2450.HK,D,20240625,000000,0.77,0.87,0.76,0.85,817500,0
2450.HK,D,20240626,000000,0.83,0.88,0.83,0.87,357000,0
2450.HK,D,20240627,000000,0.86,0.86,0.76,0.81,336000,0
2450.HK,D,20240628,000000,0.81,0.86,0.72,0.85,489000,0
2450.HK,D,20240702,000000,0.89,0.89,0.85,0.89,232500,0
2450.HK,D,20240703,000000,0.83,0.88,0.83,0.88,232500,0
2450.HK,D,20240704,000000,0.89,0.91,0.87,0.9,163500,0
2450.HK,D,20240705,000000,0.87,0.87,0.82,0.87,198000,0
2450.HK,D,20240708,000000,0.84,0.9,0.83,0.84,262500,0
2450.HK,D,20240709,000000,0.86,0.88,0.86,0.88,111000,0
2450.HK,D,20240710,000000,0.92,0.92,0.87,0.88,243000,0
2450.HK,D,20240711,000000,0.89,0.91,0.88,0.91,313500,0
2450.HK,D,20240712,000000,0.91,0.92,0.9,0.9,180000,0
2450.HK,D,20240715,000000,0.92,0.98,0.91,0.96,699000,0
2450.HK,D,20240716,000000,0.95,0.96,0.95,0.96,159000,0
2450.HK,D,20240717,000000,1.03,1.04,0.98,1.03,346500,0
2450.HK,D,20240718,000000,1.03,1.12,1,1.06,1038000,0
2450.HK,D,20240719,000000,1.07,1.07,1.07,1.07,1500,0
2450.HK,D,20240722,000000,1.06,1.06,1.05,1.05,144000,0
2450.HK,D,20240723,000000,1,1.08,1,1.07,339000,0
2450.HK,D,20240724,000000,1.07,1.07,1.05,1.05,93000,0
2450.HK,D,20240725,000000,1.05,1.05,1.02,1.04,252000,0
2450.HK,D,20240726,000000,1.02,1.02,0.98,1.02,55500,0
2450.HK,D,20240729,000000,1.02,1.02,1.01,1.01,61500,0
2450.HK,D,20240730,000000,1.01,1.07,1.01,1.07,528000,0
2450.HK,D,20240731,000000,1.08,1.1,1.06,1.08,846000,0
2450.HK,D,20240801,000000,1.08,1.16,1.08,1.15,334500,0
2450.HK,D,20240802,000000,1.1,1.17,1.1,1.17,256500,0
2450.HK,D,20240805,000000,1.17,1.17,1.15,1.15,208500,0
2450.HK,D,20240806,000000,1.15,1.17,1.15,1.17,78000,0
2450.HK,D,20240807,000000,1.17,1.21,1.16,1.2,315000,0
2450.HK,D,20240808,000000,1.23,1.23,1.16,1.21,85500,0
2450.HK,D,20240809,000000,1.18,1.22,1.18,1.2,349500,0
2450.HK,D,20240812,000000,1.19,1.2,1.19,1.19,15000,0
2450.HK,D,20240813,000000,1.15,1.16,1.12,1.12,274500,0
2450.HK,D,20240814,000000,1.12,1.12,1.09,1.09,10500,0
2450.HK,D,20240815,000000,1.09,1.11,1.09,1.11,7500,0
2450.HK,D,20240816,000000,1.12,1.21,1.12,1.14,387000,0
2450.HK,D,20240819,000000,1.13,1.13,1.12,1.13,42000,0
2450.HK,D,20240820,000000,1.14,1.14,1.14,1.14,7500,0
2450.HK,D,20240821,000000,1.11,1.11,0.95,0.95,264000,0
2450.HK,D,20240822,000000,0.95,0.97,0.9,0.93,99000,0
2450.HK,D,20240823,000000,0.9,0.99,0.84,0.98,120000,0
2450.HK,D,20240826,000000,1.04,1.05,0.99,1.04,78000,0
2450.HK,D,20240827,000000,1.04,1.04,0.99,0.99,36000,0
2450.HK,D,20240828,000000,1.01,1.05,1.01,1.04,28500,0
2450.HK,D,20240829,000000,1.04,1.05,0.99,1.05,219000,0
2450.HK,D,20240830,000000,1.06,1.22,1.04,1.06,282000,0
2450.HK,D,20240902,000000,1.06,1.06,1.06,1.06,0,0
2450.HK,D,20240903,000000,1.07,1.07,1.06,1.07,69000,0
2450.HK,D,20240904,000000,1.06,1.18,1.06,1.18,148500,0
2450.HK,D,20240905,000000,1.15,1.21,1.14,1.15,519000,0
2450.HK,D,20240909,000000,1.15,1.16,1,1.1,55500,0
2450.HK,D,20240910,000000,1.11,1.12,1.09,1.09,61500,0
2450.HK,D,20240911,000000,1.06,1.09,1.06,1.09,25500,0
2450.HK,D,20240912,000000,1.11,1.15,1.08,1.15,85500,0
2450.HK,D,20240913,000000,1.12,1.13,1.08,1.09,109500,0
2450.HK,D,20240916,000000,1.07,1.07,1.06,1.06,48000,0
2450.HK,D,20240917,000000,1.08,1.08,1.08,1.08,1500,0
2450.HK,D,20240919,000000,1.08,1.11,1.08,1.09,22500,0
2450.HK,D,20240920,000000,1.08,1.17,1.08,1.16,102000,0
2450.HK,D,20240923,000000,1.13,1.16,1.13,1.13,28500,0
2450.HK,D,20240924,000000,1.15,1.15,1.13,1.15,1381500,0
2450.HK,D,20240925,000000,1.15,1.15,1.15,1.15,7500,0
2450.HK,D,20240926,000000,1.15,1.15,1.14,1.15,43500,0
2450.HK,D,20240927,000000,1.15,1.26,1.03,1.22,759000,0
2450.HK,D,20240930,000000,1.22,1.25,1.17,1.25,174000,0
2450.HK,D,20241002,000000,1.17,1.26,1.17,1.21,216000,0
2450.HK,D,20241003,000000,1.23,1.26,1.2,1.23,202500,0
2450.HK,D,20241004,000000,1.12,1.23,1.12,1.17,30000,0
2450.HK,D,20241007,000000,1.15,1.21,1.1,1.2,184500,0
2450.HK,D,20241008,000000,1.17,1.28,1.15,1.25,955500,0
2450.HK,D,20241009,000000,1.25,1.25,1.23,1.24,172500,0
2450.HK,D,20241010,000000,1.29,1.3,1.23,1.29,787500,0
2450.HK,D,20241014,000000,1.27,1.37,1.25,1.28,327000,0
2450.HK,D,20241015,000000,1.42,1.42,1.31,1.42,1014000,0
2450.HK,D,20241016,000000,1.35,1.56,1.35,1.45,1192500,0
2450.HK,D,20241017,000000,1.44,1.56,1.44,1.5,874500,0
2450.HK,D,20241018,000000,1.52,1.52,1.45,1.49,393000,0
2450.HK,D,20241021,000000,1.55,1.55,1.48,1.5,298500,0
2450.HK,D,20241022,000000,1.5,1.5,1.48,1.48,199500,0
2450.HK,D,20241023,000000,1.36,1.6,1.36,1.52,657000,0
2450.HK,D,20241024,000000,1.51,1.51,1.47,1.47,198000,0
2450.HK,D,20241025,000000,1.4,1.47,1.4,1.47,15000,0
2450.HK,D,20241028,000000,1.46,1.5,1.46,1.5,87000,0
2450.HK,D,20241029,000000,1.5,1.5,1.45,1.5,150000,0
2450.HK,D,20241030,000000,1.5,1.5,1.47,1.47,55500,0
2450.HK,D,20241031,000000,1.46,1.5,1.45,1.45,282000,0
2450.HK,D,20241101,000000,1.45,1.5,1.44,1.44,262500,0
2450.HK,D,20241104,000000,1.45,1.5,1.45,1.46,285000,0
2450.HK,D,20241105,000000,1.49,1.49,1.45,1.48,202500,0
2450.HK,D,20241106,000000,1.5,1.5,1.49,1.49,337500,0
2450.HK,D,20241107,000000,1.45,1.58,1.45,1.48,375000,0
2450.HK,D,20241108,000000,1.46,1.53,1.43,1.5,225000,0
2450.HK,D,20241111,000000,1.55,1.55,1.42,1.48,259500,0
2450.HK,D,20241112,000000,1.45,1.5,1.4,1.4,343500,0
2450.HK,D,20241113,000000,1.4,1.49,1.4,1.4,352500,0
2450.HK,D,20241114,000000,1.43,1.55,1.41,1.41,264000,0
2450.HK,D,20241115,000000,1.41,1.49,1.41,1.47,207000,0
2450.HK,D,20241118,000000,1.43,1.49,1.43,1.45,343500,0
2450.HK,D,20241119,000000,1.4,1.49,1.4,1.48,255000,0
2450.HK,D,20241120,000000,1.47,1.64,1.42,1.62,505500,0
2450.HK,D,20241121,000000,1.6,1.78,1.6,1.74,405000,0
2450.HK,D,20241122,000000,1.72,1.78,1.72,1.77,322500,0
2450.HK,D,20241125,000000,1.75,1.77,1.75,1.76,651000,0
2450.HK,D,20241126,000000,1.76,1.88,1.56,1.56,1123500,0
2450.HK,D,20241127,000000,1.67,1.79,1.67,1.72,1032000,0
2450.HK,D,20241128,000000,1.69,1.69,1.65,1.69,753000,0
2450.HK,D,20241129,000000,1.74,1.77,1.68,1.74,487500,0
2450.HK,D,20241202,000000,1.73,1.76,1.72,1.74,273000,0
2450.HK,D,20241203,000000,1.73,1.76,1.73,1.75,253500,0
2450.HK,D,20241204,000000,1.61,1.74,1.61,1.72,177100,0
2450.HK,D,20241205,000000,1.73,1.74,1.72,1.72,268500,0
2450.HK,D,20241206,000000,1.7,1.76,1.7,1.75,166500,0
2450.HK,D,20241209,000000,1.75,1.82,1.75,1.8,148500,0
2450.HK,D,20241210,000000,1.79,1.79,1.78,1.78,117000,0
2450.HK,D,20241211,000000,1.81,1.81,1.76,1.76,228000,0
2450.HK,D,20241212,000000,1.7,1.79,1.7,1.7,199500,0
2450.HK,D,20241213,000000,1.8,1.85,1.75,1.78,564000,0
2450.HK,D,20241216,000000,1.87,1.87,1.78,1.82,900000,0
2450.HK,D,20241217,000000,1.81,1.81,1.75,1.75,1239000,0
2450.HK,D,20241218,000000,1.83,1.89,1.8,1.86,858000,0
2450.HK,D,20241219,000000,1.84,1.87,1.78,1.79,730500,0
2450.HK,D,20241220,000000,1.75,1.79,1.64,1.75,951000,0
2450.HK,D,20241223,000000,1.83,1.83,1.7,1.7,745500,0
2450.HK,D,20241224,000000,1.67,1.67,1.51,1.59,64500,0
2450.HK,D,20241227,000000,1.59,1.88,1.59,1.75,744000,0
2450.HK,D,20241230,000000,1.74,1.74,1.55,1.72,376500,0
2450.HK,D,20241231,000000,1.75,1.88,1.75,1.85,498000,0
2450.HK,D,20250102,000000,1.85,2.15,1.85,2.09,708000,0
2450.HK,D,20250103,000000,2.16,2.19,1.6,1.75,1296000,0
2450.HK,D,20250106,000000,1.71,1.91,1.58,1.69,459000,0
2450.HK,D,20250107,000000,1.79,1.82,1.64,1.65,120000,0
2450.HK,D,20250108,000000,1.77,1.99,1.65,1.8,216000,0
2450.HK,D,20250109,000000,1.72,1.98,1.72,1.81,123000,0
2450.HK,D,20250110,000000,1.75,1.79,1.75,1.75,24000,0
2450.HK,D,20250113,000000,1.75,1.82,1.75,1.82,43500,0
2450.HK,D,20250114,000000,1.74,2.2,1.71,2.13,595500,0
2450.HK,D,20250115,000000,2.06,2.19,1.98,2.08,367500,0
2450.HK,D,20250116,000000,2.08,2.36,1.97,2.15,1150500,0
2450.HK,D,20250117,000000,2.15,2.2,2.02,2.2,366000,0
2450.HK,D,20250120,000000,2.25,2.41,2.25,2.28,649500,0
2450.HK,D,20250121,000000,2.16,2.33,2.1,2.1,537000,0
2450.HK,D,20250122,000000,2.07,2.4,1.95,2.07,639000,0
2450.HK,D,20250123,000000,2.33,2.34,1.95,2.33,2178000,0
2450.HK,D,20250124,000000,2.26,2.65,2.25,2.49,1192500,0
2450.HK,D,20250127,000000,2.56,2.56,2.45,2.45,93000,0
2450.HK,D,20250128,000000,2.45,2.7,2.36,2.5,643500,0
2450.HK,D,20250203,000000,2.43,2.58,2.4,2.4,426000,0
2450.HK,D,20250204,000000,2.4,2.58,2.26,2.47,1821000,0
2450.HK,D,20250205,000000,2.56,2.82,2.55,2.79,888000,0
2450.HK,D,20250206,000000,2.79,2.87,2.6,2.66,322500,0
2450.HK,D,20250207,000000,2.66,2.81,2.65,2.81,397500,0
2450.HK,D,20250210,000000,2.79,2.84,2.71,2.81,241500,0
2450.HK,D,20250211,000000,2.75,3.13,2.75,3.08,298500,0
2450.HK,D,20250212,000000,3.08,3.53,3.07,3.28,643500,0
2450.HK,D,20250213,000000,3,3.35,3,3.27,181000,0
2450.HK,D,20250214,000000,3.33,3.5,3.33,3.48,188000,0
2450.HK,D,20250217,000000,3.58,3.67,3.29,3.67,333500,0
2450.HK,D,20250218,000000,3.1,3.56,2.6,3.1,1060500,0
2450.HK,D,20250219,000000,3.05,3.09,2.8,2.87,1221000,0
2450.HK,D,20250220,000000,2.71,3.3,2.5,3.24,643000,0
2450.HK,D,20250221,000000,3.32,3.55,3.32,3.32,129000,0
2450.HK,D,20250224,000000,3.5,3.73,3.25,3.48,481500,0
2450.HK,D,20250225,000000,3.48,3.69,3.48,3.65,297000,0
2450.HK,D,20250226,000000,3.71,3.84,3.49,3.65,304500,0
2450.HK,D,20250227,000000,3.54,3.79,3.53,3.77,75000,0
2450.HK,D,20250228,000000,3.87,3.87,3.45,3.83,91500,0
2450.HK,D,20250303,000000,3.83,4.02,3.58,3.6,222000,0
2450.HK,D,20250304,000000,3.53,3.8,3.45,3.57,78000,0
2450.HK,D,20250305,000000,3.79,3.99,3,3.32,537000,0
2450.HK,D,20250306,000000,3.33,3.48,3.28,3.36,123000,0
2450.HK,D,20250307,000000,3.06,3.65,3.05,3.45,96000,0
2450.HK,D,20250310,000000,3.38,3.44,3.23,3.41,73500,0
2450.HK,D,20250311,000000,3.6,3.87,3.34,3.52,277500,0
2450.HK,D,20250312,000000,3.45,3.5,3.35,3.4,52500,0
2450.HK,D,20250313,000000,3.31,3.31,3.15,3.24,121500,0
2450.HK,D,20250314,000000,3.24,3.33,3.23,3.3,39000,0
2450.HK,D,20250317,000000,3.14,3.61,3.01,3.59,172500,0
2450.HK,D,20250318,000000,3.65,3.65,3.59,3.59,12000,0
2450.HK,D,20250319,000000,3.54,3.64,3.47,3.58,79500,0
2450.HK,D,20250320,000000,3.62,3.62,3.59,3.6,28500,0
2450.HK,D,20250321,000000,3.6,3.6,3.06,3.43,54000,0
2450.HK,D,20250324,000000,3.43,3.5,3.35,3.35,36000,0
2450.HK,D,20250325,000000,3.31,3.4,3.19,3.19,49500,0
2450.HK,D,20250326,000000,3.32,3.46,3.26,3.45,27000,0
2450.HK,D,20250327,000000,3.45,3.58,3.45,3.56,28500,0
2450.HK,D,20250328,000000,3.58,3.58,3.44,3.58,30000,0
2450.HK,D,20250331,000000,3.55,3.55,3.51,3.51,30000,0
2450.HK,D,20250401,000000,3.56,3.81,3.56,3.8,28500,0
2450.HK,D,20250402,000000,3.8,3.8,3.77,3.77,27000,0
2450.HK,D,20250403,000000,3.77,3.77,3.69,3.69,27000,0
2450.HK,D,20250407,000000,3.65,3.65,3.23,3.26,112500,0
2450.HK,D,20250408,000000,3.21,3.34,3.11,3.3,55500,0
2450.HK,D,20250409,000000,3.39,3.59,3.19,3.2,63000,0
2450.HK,D,20250410,000000,3.2,3.35,3.12,3.12,102000,0
2450.HK,D,20250411,000000,2.92,3.39,2.92,3.15,33000,0
2450.HK,D,20250414,000000,3.29,3.4,3.18,3.18,31500,0
2450.HK,D,20250415,000000,3.2,3.25,3.15,3.17,42000,0
2450.HK,D,20250416,000000,3.18,3.18,3.05,3.06,37500,0
2450.HK,D,20250417,000000,3.34,3.34,3.05,3.06,45000,0
