<TICKER>,<PER>,<DATE>,<TIME>,<OPEN>,<HIGH>,<LOW>,<CLOSE>,<VOL>,<OPENINT>
3347.HK,D,20200807,000000,118.025,118.025,109.202,112.372,34207614.188232,0
3347.HK,D,20200810,000000,111.08,112.073,104.343,109.401,5734628.4719093,0
3347.HK,D,20200811,000000,109.102,110.096,108.208,108.705,3044721.8491273,0
3347.HK,D,20200812,000000,108.109,113.067,106.817,108.109,4475360.0371174,0
3347.HK,D,20200813,000000,109.102,112.471,108.307,110.195,2687703.6266183,0
3347.HK,D,20200814,000000,110.195,110.285,108.606,109.301,1806376.3427243,0
3347.HK,D,20200817,000000,109.102,109.202,106.221,108.208,958142.3081912,0
3347.HK,D,20200818,000000,108.109,109.5,107.214,109.401,1333213.223795,0
3347.HK,D,20200819,000000,108.407,110.583,107.91,109.102,1271932.89515,0
3347.HK,D,20200820,000000,108.407,109.401,108.208,109.401,1231077.3299323,0
3347.HK,D,20200821,000000,109.102,109.798,108.904,109.5,1364670.0767364,0
3347.HK,D,20200824,000000,110.096,115.054,108.506,114.657,2542309.9053896,0
3347.HK,D,20200825,000000,113.266,114.359,110.881,112.67,958485.48849811,0
3347.HK,D,20200826,000000,113.266,117.628,112.173,116.932,1704955.9948975,0
3347.HK,D,20200827,000000,117.131,119.019,115.054,119.019,1895011.4629296,0
3347.HK,D,20200828,000000,119.019,124.772,118.622,124.474,1673644.0626722,0
3347.HK,D,20200831,000000,128.936,129.532,121.006,125.865,2723080.3836518,0
3347.HK,D,20200901,000000,125.865,126.75,116.038,122.387,1787658.4232868,0
3347.HK,D,20200902,000000,121.99,121.99,116.038,116.634,2113499.5703481,0
3347.HK,D,20200903,000000,116.833,119.416,112.173,113.862,1623085.8542319,0
3347.HK,D,20200904,000000,109.997,112.073,109.102,110.583,1529922.968042,0
3347.HK,D,20200907,000000,111.08,112.073,107.016,109.997,1275252.9885004,0
3347.HK,D,20200908,000000,109.897,110.096,107.314,108.307,1031795.2429744,0
3347.HK,D,20200909,000000,107.612,110.195,107.314,109.599,1520021.0588347,0
3347.HK,D,20200910,000000,109.102,110.98,108.109,108.705,850769.14067123,0
3347.HK,D,20200911,000000,108.705,110.583,108.109,110.285,664942.53964684,0
3347.HK,D,20200914,000000,110.881,112.073,110.285,112.073,1421737.6406754,0
3347.HK,D,20200915,000000,112.471,113.862,112.073,113.266,764558.42327929,0
3347.HK,D,20200916,000000,114.061,114.061,109.699,110.484,751047.58568328,0
3347.HK,D,20200917,000000,110.583,111.378,108.009,108.606,1190242.8989858,0
3347.HK,D,20200918,000000,108.606,109.599,107.91,108.606,640479.11765178,0
3347.HK,D,20200921,000000,108.109,109.997,107.612,109.599,452100.30179361,0
3347.HK,D,20200922,000000,109.599,110.096,108.208,109.798,1178974.3069141,0
3347.HK,D,20200923,000000,110.384,110.384,108.208,108.606,917134.77750037,0
3347.HK,D,20200924,000000,108.506,109.102,107.91,108.804,640178.20588707,0
3347.HK,D,20200925,000000,109.301,110.096,108.208,108.804,665678.21355989,0
3347.HK,D,20200928,000000,108.804,109.897,108.109,109.5,1159087.9642029,0
3347.HK,D,20200929,000000,109.102,110.096,108.904,109.997,516939.23913424,0
3347.HK,D,20200930,000000,110.096,110.782,109.102,109.5,478214.20972219,0
3347.HK,D,20201005,000000,113.067,117.33,110.195,114.856,1164448.0179114,0
3347.HK,D,20201006,000000,115.054,117.33,115.054,116.535,533063.68158961,0
3347.HK,D,20201007,000000,116.038,116.436,112.67,114.558,515209.24808564,0
3347.HK,D,20201008,000000,114.657,115.253,114.16,114.558,178864.36828776,0
3347.HK,D,20201009,000000,114.657,119.814,114.558,119.118,1309039.6432322,0
3347.HK,D,20201012,000000,119.118,124.971,119.019,124.077,1363136.3324909,0
3347.HK,D,20201014,000000,124.971,125.368,120.509,121.006,560704.28900669,0
3347.HK,D,20201015,000000,121.593,122.984,120.211,121.006,893315.44757692,0
3347.HK,D,20201016,000000,120.907,124.176,119.516,124.176,581762.07417309,0
3347.HK,D,20201019,000000,124.176,124.872,120.509,121.195,569043.26854639,0
3347.HK,D,20201020,000000,123.182,127.147,121.593,126.163,732749.33248622,0
3347.HK,D,20201021,000000,126.163,127.743,125.17,126.451,519951.37596291,0
3347.HK,D,20201022,000000,126.451,126.451,121.99,123.878,774388.87852233,0
3347.HK,D,20201023,000000,123.878,124.872,121.006,121.99,484892.63938976,0
3347.HK,D,20201027,000000,117.032,125.468,116.734,125.468,686720.90281836,0
3347.HK,D,20201028,000000,125.368,128.439,124.375,125.766,580552.38875108,0
3347.HK,D,20201029,000000,123.977,127.346,120.013,124.573,621739.05754934,0
3347.HK,D,20201030,000000,127.942,127.942,122.785,123.48,507251.6918196,0
3347.HK,D,20201102,000000,124.772,125.766,123.58,124.971,413558.43606443,0
3347.HK,D,20201103,000000,125.965,126.948,125.368,126.551,391907.88491337,0
3347.HK,D,20201104,000000,125.766,128.041,124.474,127.942,557765.61892994,0
3347.HK,D,20201105,000000,128.936,130.923,125.965,129.83,1496600.2608806,0
3347.HK,D,20201106,000000,129.929,130.227,126.849,129.929,1000568.8542273,0
3347.HK,D,20201109,000000,130.923,137.66,130.128,135.682,797427.24680895,0
3347.HK,D,20201110,000000,136.378,136.477,127.743,128.339,1974630.3005261,0
3347.HK,D,20201111,000000,127.544,131.221,124.673,126.75,1092241.2711078,0
3347.HK,D,20201112,000000,131.618,133.695,129.134,132.503,653044.95141146,0
3347.HK,D,20201113,000000,136.378,141.138,132.801,140.343,1376430.7954066,0
3347.HK,D,20201116,000000,143.115,146.99,141.833,145.599,1041209.0511586,0
3347.HK,D,20201117,000000,145.599,147.785,144.109,146.791,950107.25959779,0
3347.HK,D,20201118,000000,145.4,147.586,133.298,136.875,2433922.2928568,0
3347.HK,D,20201119,000000,137.859,137.859,128.936,133,1511025.9104971,0
3347.HK,D,20201120,000000,133.993,139.945,133.198,139.746,906959.12916269,0
3347.HK,D,20201123,000000,141.436,143.314,138.057,140.541,1578420.0818531,0
3347.HK,D,20201124,000000,143.314,143.314,136.974,139.349,1400220.939908,0
3347.HK,D,20201125,000000,139.349,139.349,131.807,134.788,1273826.9283981,0
3347.HK,D,20201126,000000,134.788,137.66,132.205,135.682,1232328.2775027,0
3347.HK,D,20201127,000000,136.676,136.676,130.227,130.724,1497115.5345379,0
3347.HK,D,20201130,000000,131.718,133.695,127.346,129.432,11688736.349191,0
3347.HK,D,20201201,000000,129.929,136.378,129.432,134.291,1220438.7404182,0
3347.HK,D,20201202,000000,135.384,137.759,134.093,136.676,651633.98721708,0
3347.HK,D,20201203,000000,135.384,143.512,135.384,142.131,1324550.1854318,0
3347.HK,D,20201204,000000,144.009,147.487,141.833,146.99,1373664.2186802,0
3347.HK,D,20201207,000000,148.769,155.218,146.99,154.125,876392.93478907,0
3347.HK,D,20201208,000000,155.714,159.182,154.721,156.708,1487114.9987322,0
3347.HK,D,20201209,000000,157.9,158.596,149.365,151.253,1151312.5652259,0
3347.HK,D,20201210,000000,150.557,157.702,149.663,154.919,1141260.7033332,0
3347.HK,D,20201211,000000,157.801,159.182,154.423,156.41,405694.47442754,0
3347.HK,D,20201214,000000,156.41,158.397,150.955,155.814,446454.43222835,0
3347.HK,D,20201215,000000,158.497,159.083,156.708,158.596,616858.04731912,0
3347.HK,D,20201216,000000,160.375,167.618,160.176,165.83,1746022.9028262,0
3347.HK,D,20201217,000000,167.618,172.278,165.929,166.625,1459145.3005223,0
3347.HK,D,20201218,000000,167.618,174.166,161.666,161.666,3284101.686725,0
3347.HK,D,20201221,000000,163.654,170.589,162.461,166.625,1259035.9578098,0
3347.HK,D,20201222,000000,168.016,175.746,166.724,167.022,645785.83248558,0
3347.HK,D,20201223,000000,169.496,173.57,167.817,171.881,615063.64706336,0
3347.HK,D,20201224,000000,175.548,176.541,171.98,173.57,248897.30434966,0
3347.HK,D,20201228,000000,179.522,187.352,179.522,182.791,675630.44246022,0
3347.HK,D,20201229,000000,184.381,186.358,178.23,180.208,719856.42072142,0
3347.HK,D,20201230,000000,181.5,185.176,179.622,181.996,393442.63555277,0
3347.HK,D,20201231,000000,180.506,184.48,172.08,178.032,918562.8503904,0
3347.HK,D,20210104,000000,178.032,193.403,174.464,193.403,1008550.5639461,0
3347.HK,D,20210105,000000,196.374,198.064,191.615,198.064,1024483.7915677,0
3347.HK,D,20210106,000000,197.169,198.262,180.705,181.301,1734389.9961765,0
3347.HK,D,20210107,000000,181.599,185.474,175.846,183.487,1990850.3503983,0
3347.HK,D,20210108,000000,186.657,190.631,182.294,186.458,792742.4833818,0
3347.HK,D,20210111,000000,189.836,190.432,179.92,182.096,496908.98210085,0
3347.HK,D,20210112,000000,182.493,187.352,179.82,187.352,715056.92839402,0
3347.HK,D,20210113,000000,188.445,193.403,182.096,183.487,653474.68159049,0
3347.HK,D,20210114,000000,184.679,186.955,181.599,185.474,492632.81458164,0
3347.HK,D,20210115,000000,185.077,185.077,176.541,180.903,990228.1572963,0
3347.HK,D,20210118,000000,180.506,181.5,169.794,177.237,1062566.7416958,0
3347.HK,D,20210119,000000,178.429,179.92,174.663,179.522,946781.12788422,0
3347.HK,D,20210120,000000,181.5,192.509,179.522,187.948,3774219.5230457,0
3347.HK,D,20210121,000000,187.948,194.596,180.307,183.884,1396044.4053811,0
3347.HK,D,20210122,000000,184.779,191.913,183.686,187.551,1779875.9795528,0
3347.HK,D,20210125,000000,189.439,196.374,189.439,193.403,1442042.6432331,0
3347.HK,D,20210126,000000,194.993,194.993,181.5,184.48,1156229.8056351,0
3347.HK,D,20210127,000000,175.249,179.323,167.32,171.384,2500121.8746987,0
3347.HK,D,20210128,000000,171.384,175.15,163.753,165.432,1780902.5012919,0
3347.HK,D,20210129,000000,169.794,173.868,166.227,169.208,1625388.4833879,0
3347.HK,D,20210201,000000,169.208,182.593,169.208,176.939,1088597.1189339,0
3347.HK,D,20210202,000000,179.522,189.439,179.522,188.843,1458807.1521847,0
3347.HK,D,20210203,000000,191.118,192.211,181.5,184.48,1084814.084407,0
3347.HK,D,20210204,000000,184.182,186.16,177.237,182.294,1239658.8503928,0
3347.HK,D,20210205,000000,180.506,181.5,176.541,178.33,907716.9437407,0
3347.HK,D,20210208,000000,180.307,180.307,174.663,175.548,616103.2519227,0
3347.HK,D,20210209,000000,177.436,181.301,175.051,179.224,1086057.9872203,0
3347.HK,D,20210210,000000,179.224,184.779,177.932,181.5,887133.17008326,0
3347.HK,D,20210211,000000,182.394,185.176,181.897,184.48,174373.83887597,0
3347.HK,D,20210216,000000,187.551,187.849,180.605,182.195,485272.0498757,0
3347.HK,D,20210217,000000,182.195,188.445,179.224,188.048,703399.86829163,0
3347.HK,D,20210218,000000,187.451,190.234,175.746,176.044,1455377.3619033,0
3347.HK,D,20210219,000000,175.15,178.529,170.589,175.846,1231433.5933595,0
3347.HK,D,20210222,000000,175.548,175.846,159.679,159.679,2451332.9066677,0
3347.HK,D,20210223,000000,157.404,161.964,155.317,159.48,1669144.4757156,0
3347.HK,D,20210224,000000,160.076,162.66,152.346,154.721,2028265.0550022,0
3347.HK,D,20210225,000000,156.211,158.397,150.657,153.727,821182.16752523,0
3347.HK,D,20210226,000000,151.75,155.913,145.897,150.557,2000389.9578153,0
3347.HK,D,20210301,000000,151.551,158.497,150.955,154.125,1186213.2979627,0
3347.HK,D,20210302,000000,157.205,157.702,146.99,146.99,1256271.3938712,0
3347.HK,D,20210303,000000,148.769,151.551,143.91,149.266,2189768.1227783,0
3347.HK,D,20210304,000000,143.81,145.4,139.846,141.535,1122803.439906,0
3347.HK,D,20210305,000000,136.875,142.618,132.602,139.051,698703.02813814,0
3347.HK,D,20210308,000000,144.804,144.804,128.041,130.029,1230712.0089605,0
3347.HK,D,20210309,000000,127.743,132.205,122.089,127.147,1264651.6355592,0
3347.HK,D,20210310,000000,133.894,133.894,126.451,130.525,839005.40281948,0
3347.HK,D,20210311,000000,127.445,146.295,127.445,140.243,2235707.9897863,0
3347.HK,D,20210312,000000,146.791,148.471,135.384,139.746,1141921.9041005,0
3347.HK,D,20210315,000000,142.916,144.506,133,136.775,1932649.5869708,0
3347.HK,D,20210316,000000,138.852,143.115,135.285,141.734,868104.27494246,0
3347.HK,D,20210317,000000,141.734,147.974,137.759,147.785,1245934.7225156,0
3347.HK,D,20210318,000000,149.464,150.756,141.237,142.131,1165125.3209805,0
3347.HK,D,20210319,000000,140.144,145.003,139.846,144.109,471634.40665309,0
3347.HK,D,20210322,000000,143.214,147.785,140.541,141.734,757197.65857336,0
3347.HK,D,20210323,000000,143.115,143.115,134.093,136.775,616616.51279227,0
3347.HK,D,20210324,000000,136.577,140.74,130.426,138.852,702768.85934022,0
3347.HK,D,20210325,000000,134.391,140.442,130.824,137.859,863074.31842068,0
3347.HK,D,20210326,000000,138.852,145.897,136.477,141.336,1125491.5179111,0
3347.HK,D,20210329,000000,144.307,151.849,143.711,147.189,1298499.6803165,0
3347.HK,D,20210330,000000,150.756,156.609,147.785,150.855,1234578.5741779,0
3347.HK,D,20210331,000000,150.855,155.714,149.762,152.445,1335233.0562758,0
3347.HK,D,20210401,000000,154.721,158.685,150.657,151.054,1150124.014075,0
3347.HK,D,20210407,000000,152.147,152.147,143.711,146.791,901187.4603647,0
3347.HK,D,20210408,000000,146.791,149.266,144.506,146.791,753900.71228177,0
3347.HK,D,20210409,000000,148.371,148.371,140.144,142.231,772591.45908498,0
3347.HK,D,20210412,000000,143.413,144.605,136.08,139.846,1532227.6099857,0
3347.HK,D,20210413,000000,140.839,142.717,134.689,136.974,644532.87212751,0
3347.HK,D,20210414,000000,138.554,139.846,134.987,136.676,626375.51407111,0
3347.HK,D,20210415,000000,137.262,137.461,134.49,137.262,511346.70844367,0
3347.HK,D,20210416,000000,137.074,138.355,131.022,132.801,1194871.3043566,0
3347.HK,D,20210419,000000,133.695,135.086,130.525,134.49,1287842.9757128,0
3347.HK,D,20210420,000000,134.888,139.945,132.105,138.852,1951132.0102446,0
3347.HK,D,20210421,000000,138.753,141.833,133.397,139.846,1531549.3005228,0
3347.HK,D,20210422,000000,141.833,144.705,137.958,141.833,999353.13044215,0
3347.HK,D,20210423,000000,140.939,149.464,140.939,148.769,1414515.7583224,0
3347.HK,D,20210426,000000,148.769,152.147,145.897,147.388,1020643.3925906,0
3347.HK,D,20210427,000000,146.295,150.855,145.102,150.16,884911.05243619,0
3347.HK,D,20210428,000000,150.16,157.9,148.968,154.522,1551878.4565332,0
3347.HK,D,20210429,000000,158.298,160.673,149.961,151.551,1120776.5626681,0
3347.HK,D,20210430,000000,152.346,154.025,148.769,151.352,1552847.6138222,0
3347.HK,D,20210503,000000,151.948,151.948,146.195,149.663,264780.21227817,0
3347.HK,D,20210504,000000,148.868,152.247,147.586,151.75,395241.06138399,0
3347.HK,D,20210505,000000,151.75,151.75,145.5,148.173,464336.03836659,0
3347.HK,D,20210506,000000,148.769,148.769,141.436,145.202,486461.60742046,0
3347.HK,D,20210507,000000,146.593,148.57,140.939,141.138,446067.97698538,0
3347.HK,D,20210510,000000,141.634,144.804,141.038,143.214,373000.76342986,0
3347.HK,D,20210511,000000,141.138,145.997,136.577,144.307,473273.82225413,0
3347.HK,D,20210512,000000,144.605,150.458,142.618,149.266,425453.00511822,0
3347.HK,D,20210513,000000,145.997,150.557,145.003,146.791,562169.59846962,0
3347.HK,D,20210514,000000,146.791,148.769,143.91,146.891,431733.90921034,0
3347.HK,D,20210517,000000,146.99,153.33,144.804,151.849,860027.96420071,0
3347.HK,D,20210518,000000,151.849,155.913,149.365,153.528,518795.02941559,0
3347.HK,D,20210520,000000,153.24,156.509,150.855,152.743,411099.81585981,0
3347.HK,D,20210521,000000,153.926,162.362,153.926,160.474,965858.32993039,0
3347.HK,D,20210524,000000,160.673,162.461,156.807,161.368,741515.02302337,0
3347.HK,D,20210525,000000,160.673,165.045,160.673,163.753,1005327.0844064,0
3347.HK,D,20210526,000000,165.542,165.542,159.48,160.275,643169.20844464,0
3347.HK,D,20210527,000000,160.871,165.243,159.381,162.461,1342745.7864549,0
3347.HK,D,20210528,000000,163.157,163.654,150.836,153.618,1402447.0831305,0
3347.HK,D,20210531,000000,153.518,161.17,152.525,160.176,733661.1253251,0
3347.HK,D,20210601,000000,160.176,165.939,156.301,165.939,1273406.2557639,0
3347.HK,D,20210602,000000,165.939,168.92,162.461,164.747,803782.62404684,0
3347.HK,D,20210603,000000,164.647,166.237,161.468,162.759,462884.81841773,0
3347.HK,D,20210604,000000,162.759,169.914,160.573,167.728,970314.64195088,0
3347.HK,D,20210607,000000,168.92,168.92,162.561,164.25,254410.32992515,0
3347.HK,D,20210608,000000,166.038,168.721,160.971,162.064,483169.69309819,0
3347.HK,D,20210609,000000,161.567,163.852,156.996,161.964,293805.61764922,0
3347.HK,D,20210610,000000,163.256,166.734,162.461,163.952,365557.47442725,0
3347.HK,D,20210611,000000,162.461,166.138,159.083,161.567,441791.80946617,0
3347.HK,D,20210615,000000,162.561,164.25,156.897,158.487,434307.25831522,0
3347.HK,D,20210616,000000,158.487,158.487,151.332,152.922,543754.60358457,0
3347.HK,D,20210617,000000,152.227,157.89,151.63,156.996,372882.00895415,0
3347.HK,D,20210618,000000,155.307,163.952,155.307,163.952,1190561.92584,0
3347.HK,D,20210621,000000,163.753,170.709,158.983,166.635,908884.36062051,0
3347.HK,D,20210622,000000,166.734,169.616,164.548,165.045,793791.1457859,0
3347.HK,D,20210623,000000,164.449,175.279,164.449,169.317,1242808.8631805,0
3347.HK,D,20210624,000000,171.901,171.901,165.939,168.125,686034.54220454,0
3347.HK,D,20210625,000000,170.907,179.552,168.224,178.856,1371354.5447671,0
3347.HK,D,20210628,000000,178.757,182.831,174.882,180.943,687309.64322757,0
3347.HK,D,20210629,000000,180.943,186.806,177.465,178.856,598790.25831643,0
3347.HK,D,20210630,000000,178.856,183.825,176.869,180.844,558607.97059235,0
3347.HK,D,20210702,000000,183.328,192.569,180.844,182.632,2117570.4335194,0
3347.HK,D,20210705,000000,174.683,179.155,171.503,176.174,1775161.0243098,0
3347.HK,D,20210706,000000,173.689,173.689,153.022,161.567,2860787.2685633,0
3347.HK,D,20210707,000000,161.07,167.429,158.089,165.343,2612984.9207354,0
3347.HK,D,20210708,000000,165.74,167.429,150.14,152.624,4563682.1688316,0
3347.HK,D,20210709,000000,152.624,158.785,148.351,155.307,1916777.7493747,0
3347.HK,D,20210712,000000,155.406,173.093,154.015,170.907,2359432.0383806,0
3347.HK,D,20210713,000000,171.106,178.459,170.808,175.776,1361122.5383732,0
3347.HK,D,20210714,000000,175.776,182.235,173.689,178.856,974451.92711716,0
3347.HK,D,20210715,000000,178.856,181.837,174.981,178.061,537623.65217788,0
3347.HK,D,20210716,000000,182.036,182.334,172.895,174.087,546480.92455646,0
3347.HK,D,20210719,000000,172.895,177.465,171.106,172.398,586526.34271532,0
3347.HK,D,20210720,000000,171.404,174.882,167.231,169.914,550621.22890431,0
3347.HK,D,20210721,000000,171.007,174.981,167.926,170.51,732468.54859875,0
3347.HK,D,20210722,000000,170.51,174.186,169.019,171.901,932377.6189327,0
3347.HK,D,20210723,000000,173.888,173.888,164.349,165.442,758519.05371403,0
3347.HK,D,20210726,000000,163.952,163.952,148.252,151.332,1909229.7954105,0
3347.HK,D,20210727,000000,149.544,156.4,141.694,146.762,1669488.6624164,0
3347.HK,D,20210728,000000,145.072,153.817,142.588,151.531,1248847.2263519,0
3347.HK,D,20210729,000000,157.99,157.99,152.028,153.717,1527344.5869678,0
3347.HK,D,20210730,000000,153.022,153.022,143.681,149.643,1204454.1867096,0
3347.HK,D,20210802,000000,149.643,149.643,135.235,147.06,967403.14450841,0
3347.HK,D,20210803,000000,147.358,155.009,145.072,150.239,930008.56778179,0
3347.HK,D,20210804,000000,151.531,152.922,146.861,150.041,1050116.6432302,0
3347.HK,D,20210805,000000,150.041,158.387,149.743,153.419,978340.63299954,0
3347.HK,D,20210806,000000,154.115,154.711,146.861,149.643,455496.88107753,0
3347.HK,D,20210809,000000,149.047,149.842,144.178,147.954,555636.08951816,0
3347.HK,D,20210810,000000,150.537,150.537,144.178,149.246,551000.63939025,0
3347.HK,D,20210811,000000,149.047,149.047,144.874,146.165,599902.32353383,0
3347.HK,D,20210812,000000,144.079,144.576,134.44,135.235,1997771.3209866,0
3347.HK,D,20210813,000000,138.117,143.582,135.037,140.204,849141.80179654,0
3347.HK,D,20210816,000000,140.204,143.582,135.633,137.024,331002.94117891,0
3347.HK,D,20210817,000000,136.13,139.309,128.18,132.751,1266795.254485,0
3347.HK,D,20210818,000000,132.652,136.925,131.261,132.155,542748.20972267,0
3347.HK,D,20210819,000000,132.155,134.043,129.77,131.857,998473.54220685,0
3347.HK,D,20210820,000000,130.863,131.658,125.994,129.174,1988651.3798101,0
3347.HK,D,20210823,000000,130.168,139.806,127.684,139.806,1491097.2992437,0
3347.HK,D,20210824,000000,139.111,147.06,139.111,145.072,1588679.2608813,0
3347.HK,D,20210825,000000,145.072,148.053,142.29,145.072,1073687.3938698,0
3347.HK,D,20210826,000000,146.165,154.611,135.235,139.905,2691801.6624239,0
3347.HK,D,20210827,000000,141.098,143.085,135.931,136.428,932423.91305035,0
3347.HK,D,20210830,000000,138.415,139.806,134.142,137.421,805014.45013381,0
3347.HK,D,20210831,000000,137.918,138.514,135.136,137.123,887770.21739785,0
3347.HK,D,20210901,000000,137.421,137.719,130.366,135.533,836013.39386805,0
3347.HK,D,20210902,000000,134.142,137.123,131.161,133.447,701657.80051668,0
3347.HK,D,20210903,000000,133.447,137.421,131.956,132.254,561165.21739544,0
3347.HK,D,20210906,000000,132.354,149.246,132.354,149.047,1723542.076739,0
3347.HK,D,20210907,000000,146.265,148.848,143.184,147.656,874910.51663049,0
3347.HK,D,20210908,000000,148.55,149.643,144.576,147.954,529362.16496554,0
3347.HK,D,20210909,000000,146.96,153.817,146.96,152.425,1519714.1087069,0
3347.HK,D,20210910,000000,152.425,158.189,148.848,157.791,859493.56906004,0
3347.HK,D,20210913,000000,157.791,161.766,155.804,157.99,722188.23529944,0
3347.HK,D,20210914,000000,157.99,167.032,155.208,166.138,988044.28261598,0
3347.HK,D,20210915,000000,163.952,171.603,162.859,167.628,445521.50511837,0
3347.HK,D,20210916,000000,165.094,168.423,163.455,164.15,710815.98465997,0
3347.HK,D,20210917,000000,167.33,175.875,166.833,172.895,1225101.3631804,0
3347.HK,D,20210920,000000,172.895,175.875,170.808,174.882,539683.74041318,0
3347.HK,D,20210921,000000,172,175.776,170.907,173.888,154017.51023131,0
3347.HK,D,20210923,000000,173.888,175.478,169.218,170.013,1063151.4565296,0
3347.HK,D,20210924,000000,169.516,173.292,164.548,166.635,902382.04987877,0
3347.HK,D,20210927,000000,165.442,172.199,160.474,168.821,740717.95908474,0
3347.HK,D,20210928,000000,169.914,174.683,166.535,169.019,658684.78261355,0
3347.HK,D,20210929,000000,169.516,169.814,162.958,166.138,694512.40409719,0
3347.HK,D,20210930,000000,164.647,167.926,162.461,164.647,644997.82609171,0
3347.HK,D,20211004,000000,163.057,166.833,160.573,164.945,394809.31841723,0
3347.HK,D,20211005,000000,159.083,165.243,159.083,161.766,220856.15217554,0
3347.HK,D,20211006,000000,162.859,162.859,159.778,160.971,290498.60741902,0
3347.HK,D,20211007,000000,160.971,161.865,158.685,159.381,288835.0383653,0
3347.HK,D,20211008,000000,160.076,166.933,157.791,159.381,513504.41688358,0
3347.HK,D,20211011,000000,159.381,161.666,155.704,156.003,513864.70588614,0
3347.HK,D,20211012,000000,163.952,163.952,153.22,154.512,293246.06266201,0
3347.HK,D,20211015,000000,153.22,158.983,142.787,151.034,1106252.2864532,0
3347.HK,D,20211018,000000,151.829,155.307,149.544,155.307,403161.38107714,0
3347.HK,D,20211019,000000,156.897,159.282,153.419,157.99,352320.37596168,0
3347.HK,D,20211020,000000,156.996,159.679,150.836,152.227,499121.0358093,0
3347.HK,D,20211021,000000,151.829,155.009,145.867,146.662,1693398.5677874,0
3347.HK,D,20211022,000000,147.656,150.935,145.072,149.544,627716.03069516,0
3347.HK,D,20211025,000000,149.544,156.996,147.06,151.432,1156755.143231,0
3347.HK,D,20211026,000000,151.432,153.022,147.06,149.643,584884.91432656,0
3347.HK,D,20211027,000000,147.855,150.637,145.271,146.762,794950.51151481,0
3347.HK,D,20211028,000000,146.066,148.053,144.675,147.954,331204.21995129,0
3347.HK,D,20211029,000000,148.053,152.823,146.563,150.736,1343311.3798053,0
3347.HK,D,20211101,000000,151.034,151.034,136.925,137.123,2006607.4590941,0
3347.HK,D,20211102,000000,138.018,139.508,133.844,136.328,1583661.3810858,0
3347.HK,D,20211103,000000,136.527,140.005,132.254,134.639,737213.69565761,0
3347.HK,D,20211104,000000,136.626,138.514,134.043,138.216,1259625.7046129,0
3347.HK,D,20211105,000000,138.216,138.216,132.453,132.652,511338.65729277,0
3347.HK,D,20211108,000000,135.931,135.931,124.504,127.584,1205156.6496252,0
3347.HK,D,20211109,000000,127.783,134.937,127.783,134.937,565530.95396836,0
3347.HK,D,20211110,000000,134.937,136.925,131.161,136.328,1246685.4923366,0
3347.HK,D,20211111,000000,136.13,138.514,133.149,134.739,396116.62404384,0
3347.HK,D,20211112,000000,134.739,137.024,130.665,130.963,495568.4654768,0
3347.HK,D,20211115,000000,130.963,131.857,127.684,129.174,1063461.425839,0
3347.HK,D,20211116,000000,129.075,141.793,129.075,141.098,2294637.3823699,0
3347.HK,D,20211117,000000,142.588,144.377,138.514,144.178,922218.07289682,0
3347.HK,D,20211118,000000,143.88,143.88,134.739,135.931,596704.00384071,0
3347.HK,D,20211119,000000,134.142,137.024,131.956,132.851,604129.17775381,0
3347.HK,D,20211122,000000,130.565,132.254,129.273,131.261,656973.91304832,0
3347.HK,D,20211123,000000,130.863,133.049,128.18,131.062,492428.51662767,0
3347.HK,D,20211124,000000,130.963,132.155,128.876,129.373,845529.85422618,0
3347.HK,D,20211125,000000,129.373,130.168,127.187,128.777,330070.01406893,0
3347.HK,D,20211126,000000,128.777,132.155,128.18,128.578,622957.8005161,0
3347.HK,D,20211129,000000,128.18,131.062,124.206,125.895,422914.87979851,0
3347.HK,D,20211130,000000,127.187,127.187,123.113,123.51,734688.6534581,0
3347.HK,D,20211201,000000,123.51,127.187,119.834,121.324,1083446.3951486,0
3347.HK,D,20211202,000000,121.225,123.113,118.641,121.523,683022.40537588,0
3347.HK,D,20211203,000000,122.815,124.206,119.337,120.927,481201.18670431,0
3347.HK,D,20211206,000000,120.927,122.417,111.984,113.276,1812384.5140799,0
3347.HK,D,20211207,000000,113.474,119.337,113.474,118.145,1991983.5498868,0
3347.HK,D,20211208,000000,119.834,121.92,117.25,119.933,954895.68159271,0
3347.HK,D,20211209,000000,120.231,128.578,119.436,128.379,2957892.1995103,0
3347.HK,D,20211210,000000,128.18,128.18,120.927,121.622,795007.87596494,0
3347.HK,D,20211213,000000,123.013,125.199,118.641,119.238,577309.78772804,0
3347.HK,D,20211214,000000,118.145,121.424,118.045,119.436,261644.28900449,0
3347.HK,D,20211215,000000,118.244,120.43,104.83,109.301,2726109.6291761,0
3347.HK,D,20211216,000000,109.301,118.343,109.202,117.25,2937512.7238068,0
3347.HK,D,20211217,000000,117.35,121.026,110.394,111.885,2236015.946308,0
3347.HK,D,20211220,000000,111.885,113.276,102.246,104.234,1371471.2864551,0
3347.HK,D,20211221,000000,104.532,106.817,101.849,103.737,791944.41304931,0
3347.HK,D,20211222,000000,104.234,105.724,97.5761,98.8679,2251209.4744411,0
3347.HK,D,20211223,000000,98.8679,101.253,96.1353,99.3647,1044300.6931023,0
3347.HK,D,20211224,000000,99.8615,99.8615,93.4028,94.7939,703279.1010282,0
3347.HK,D,20211228,000000,95.3901,97.278,92.7569,94.3468,2086466.8248236,0
3347.HK,D,20211229,000000,97.3774,97.3774,90.9187,93.8003,943981.34016041,0
3347.HK,D,20211230,000000,93.3034,94.4461,92.2104,94.148,329157.21483619,0
3347.HK,D,20211231,000000,94.3964,98.371,94.3964,98.371,625332.89003018,0
3347.HK,D,20220103,000000,98.371,99.464,88.6333,91.3161,1037692.7110051,0
3347.HK,D,20220104,000000,92.2601,92.4091,88.0371,90.5709,1447835.4463022,0
3347.HK,D,20220105,000000,90.5709,91.5149,83.8638,84.1619,2159620.5882512,0
3347.HK,D,20220106,000000,83.4166,84.8078,80.6841,84.1619,2167964.5997602,0
3347.HK,D,20220107,000000,85.4536,86.0001,81.479,83.4663,1189351.2340241,0
3347.HK,D,20220110,000000,82.6714,86.8447,82.2243,85.0065,1264811.6521832,0
3347.HK,D,20220111,000000,86.1989,90.869,85.2052,90.1734,2144886.982113,0
3347.HK,D,20220112,000000,93.5022,96.5328,91.4155,96.185,2281613.639403,0
3347.HK,D,20220113,000000,97.6755,99.1659,90.6206,95.1914,2944087.4949066,0
3347.HK,D,20220114,000000,95.1914,98.1226,92.7569,94.8933,946641.23913741,0
3347.HK,D,20220117,000000,94.8933,95.3901,90.5212,91.1671,1239241.1969401,0
3347.HK,D,20220118,000000,91.1671,95.9863,90.9187,93.7009,1017650.3772454,0
3347.HK,D,20220119,000000,92.906,95.241,92.906,94.8933,1533904.2621596,0
3347.HK,D,20220120,000000,94.6945,96.6818,94.4958,96.5328,1389031.8529514,0
3347.HK,D,20220121,000000,96.1353,96.6818,93.6015,95.241,2323227.0191987,0
3347.HK,D,20220124,000000,94.4958,95.7379,91.8626,94.3964,610215.84783058,0
3347.HK,D,20220125,000000,92.4091,96.185,92.4091,94.3964,1002192.1675266,0
3347.HK,D,20220126,000000,96.185,96.185,84.9568,85.1555,1503404.4897809,0
3347.HK,D,20220127,000000,85.1555,85.1555,78.1503,80.1376,2723716.4245725,0
3347.HK,D,20220128,000000,81.6778,82.423,78.4981,78.6968,1508483.7596019,0
3347.HK,D,20220131,000000,78.4981,81.2306,78.0013,80.6344,439492.19949173,0
3347.HK,D,20220204,000000,83.4663,84.8574,78.051,79.6905,1380241.0025677,0
3347.HK,D,20220207,000000,79.8892,83.516,78.8956,82.0255,1357826.5984755,0
3347.HK,D,20220208,000000,82.0255,82.0255,69.8037,76.7095,3332872.5396665,0
3347.HK,D,20220209,000000,78.0013,78.9949,72.7846,75.5668,2492479.3197115,0
3347.HK,D,20220210,000000,75.5668,77.7529,71.7413,74.4738,4326910.904124,0
3347.HK,D,20220211,000000,72.5362,75.3681,72.2381,73.0827,1601720.1125438,0
3347.HK,D,20220214,000000,74.2254,78.6471,73.6292,73.7286,2414341.8938797,0
3347.HK,D,20220215,000000,74.5235,79.293,74.3745,79.293,2866712.9156221,0
3347.HK,D,20220216,000000,79.4917,83.516,78.1006,82.8205,1847260.0869701,0
3347.HK,D,20220217,000000,84.46,87.0931,83.1186,86.646,2054393.0524448,0
3347.HK,D,20220218,000000,84.7084,87.3912,83.0192,86.2485,1116835.5243049,0
3347.HK,D,20220221,000000,87.4409,87.7887,83.1186,83.9135,1378295.6432327,0
3347.HK,D,20220222,000000,83.9135,84.46,81.5784,84.2116,978718.03069775,0
3347.HK,D,20220223,000000,81.1809,85.6524,81.1809,85.3543,676735.46292059,0
3347.HK,D,20220224,000000,84.7084,86.8447,83.2676,85.0065,1428694.8414428,0
3347.HK,D,20220225,000000,86.2485,91.0677,86.2485,90.0741,1909928.2327506,0
3347.HK,D,20220228,000000,89.925,89.925,85.4536,86.9441,1592976.5626716,0
3347.HK,D,20220301,000000,87.0435,90.869,86.4473,89.3288,831063.94885523,0
3347.HK,D,20220302,000000,85.1555,87.739,85.1555,85.9504,579783.50384059,0
3347.HK,D,20220303,000000,85.4536,90.7696,83.0192,83.9632,811354.73146378,0
3347.HK,D,20220304,000000,82.4727,86.2982,81.5287,82.4727,971518.28900972,0
3347.HK,D,20220307,000000,81.479,82.3236,76.8089,77.5541,1013429.5613885,0
3347.HK,D,20220308,000000,77.5541,79.4421,75.4675,75.8152,856638.42967383,0
3347.HK,D,20220309,000000,75.8152,76.0637,70.0521,72.8343,1297300.0588331,0
3347.HK,D,20220310,000000,75.6165,79.4421,73.6789,74.2751,1225305.6611343,0
3347.HK,D,20220311,000000,75.0203,79.9886,73.2814,76.2624,3430919.4552683,0
3347.HK,D,20220314,000000,73.6292,77.2064,73.0827,73.1324,2640232.0281524,0
3347.HK,D,20220315,000000,71.4929,74.7222,66.6737,67.3196,2177594.7826247,0
3347.HK,D,20220316,000000,69.5553,77.7032,68.7604,77.7032,2579029.1918349,0
3347.HK,D,20220317,000000,80.5848,85.4039,80.5848,84.0625,2326104.2992499,0
3347.HK,D,20220318,000000,83.9632,86.0498,80.5351,84.8574,1053895.6521817,0
3347.HK,D,20220321,000000,85.7517,88.0868,82.9695,83.6154,1280896.845278,0
3347.HK,D,20220322,000000,83.4663,84.4103,81.2803,84.4103,845874.04092695,0
3347.HK,D,20220323,000000,85.7517,93.055,82.4727,92.6079,1397770.3708543,0
3347.HK,D,20220324,000000,93.4028,97.3774,88.9811,94.7939,2358691.3324982,0
3347.HK,D,20220325,000000,97.129,97.129,86.7454,88.9314,1055248.2455321,0
3347.HK,D,20220328,000000,88.4346,90.9187,86.2485,90.7199,770495.14067064,0
3347.HK,D,20220329,000000,85.2549,92.6079,85.2549,91.1174,2554428.9002746,0
3347.HK,D,20220330,000000,91.813,96.185,89.9747,96.036,932633.24297363,0
3347.HK,D,20220331,000000,97.7748,97.7748,92.2601,94.7939,1113678.4667601,0
3347.HK,D,20220401,000000,91.7633,92.8066,89.4779,91.2665,690124.52685931,0
3347.HK,D,20220404,000000,89.5276,98.2717,89.5276,96.7812,410105.49872425,0
3347.HK,D,20220406,000000,95.1914,95.9863,91.6639,95.241,1082382.6368366,0
3347.HK,D,20220407,000000,97.7252,97.7252,89.6269,90.869,774103.06266555,0
3347.HK,D,20220408,000000,88.7823,92.3595,88.683,91.813,645524.17008148,0
3347.HK,D,20220411,000000,90.4219,90.4219,86.8944,88.832,384329.73913327,0
3347.HK,D,20220412,000000,86.5466,91.5149,85.9504,88.5339,1139486.4309547,0
3347.HK,D,20220413,000000,87.6396,89.3288,84.7084,86.3976,541037.34015744,0
3347.HK,D,20220414,000000,85.4536,90.1734,85.4536,89.925,446536.95652503,0
3347.HK,D,20220419,000000,90.6206,93.2537,87.2919,88.1365,761538.23529973,0
3347.HK,D,20220420,000000,90.6206,90.6206,85.1058,85.6524,456745.81586014,0
3347.HK,D,20220421,000000,86.9441,86.9441,81.7771,83.2179,840338.8746865,0
3347.HK,D,20220422,000000,79.6408,84.1619,79.6408,83.1186,793056.47826671,0
3347.HK,D,20220425,000000,80.1873,82.9198,76.7095,77.8025,660497.29795883,0
3347.HK,D,20220426,000000,75.4178,80.0879,75.4178,75.9643,1221149.2544847,0
3347.HK,D,20220427,000000,74.5235,76.8586,71.6419,75.1694,1137040.8938703,0
3347.HK,D,20220428,000000,75.7159,75.7159,71.6419,73.828,738008.74680851,0
3347.HK,D,20220429,000000,74.5235,78.349,73.8776,76.9083,665494.04348317,0
3347.HK,D,20220503,000000,74.5732,78.0013,72.8343,73.828,389932.33376246,0
3347.HK,D,20220504,000000,74.9706,74.9706,71.6916,72.3375,446479.5920749,0
3347.HK,D,20220505,000000,73.9273,78.051,72.4368,73.6789,819204.6035866,0
3347.HK,D,20220506,000000,73.6789,73.6789,70.2011,70.3005,648381.32225542,0
3347.HK,D,20220510,000000,70.2011,70.3005,65.7297,69.1081,1720612.4642071,0
3347.HK,D,20220511,000000,70.3005,75.5172,68.4126,73.2318,1074500.5601102,0
3347.HK,D,20220512,000000,71.3438,73.033,70.7476,71.5426,564888.87468447,0
3347.HK,D,20220513,000000,74.5235,74.5235,71.7413,73.5299,870112.03069695,0
3347.HK,D,20220516,000000,74.7222,75.1197,70.3502,71.6419,880087.4066561,0
3347.HK,D,20220517,000000,71.9897,73.033,70.3999,73.033,355088.96547576,0
3347.HK,D,20220518,000000,73.033,74.5235,71.791,73.4802,303584.74680531,0
3347.HK,D,20220519,000000,73.4802,73.4802,70.9961,72.9337,527078.65729289,0
3347.HK,D,20220520,000000,74.2751,78.7962,74.2751,78.4981,1005901.7353015,0
3347.HK,D,20220523,000000,80.1376,80.1376,77.1567,78.2,868332.72634911,0
3347.HK,D,20220524,000000,77.5,79.2,71.1,71.2,772542,0
3347.HK,D,20220525,000000,70.85,72.75,69.35,69.45,818759,0
3347.HK,D,20220526,000000,70.45,70.45,67.45,69.75,1173254,0
3347.HK,D,20220527,000000,70.7,73.2,69.8,72.2,604545,0
3347.HK,D,20220530,000000,73.5,74.3,71.85,72.9,1501830,0
3347.HK,D,20220531,000000,72.9,75.7,72.2,75.7,3494298,0
3347.HK,D,20220601,000000,75.7,75.7,72.95,73.85,1076900,0
3347.HK,D,20220602,000000,74.85,75.4,70.05,70.5,1331400,0
3347.HK,D,20220606,000000,71.6,73.95,69.1,73.3,3481762,0
3347.HK,D,20220607,000000,73.4,78.7,72.05,77.85,4695217,0
3347.HK,D,20220608,000000,77.9,85.8,77.9,85.65,2244671,0
3347.HK,D,20220609,000000,85.8,87.2,80.4,81.25,3124668,0
3347.HK,D,20220610,000000,80.5,84.3,78.1,83.4,1324555,0
3347.HK,D,20220613,000000,79,79.9,76.4,77.9,1111535,0
3347.HK,D,20220614,000000,75.5,79.45,75.5,79.25,744289,0
3347.HK,D,20220615,000000,78.3,80.3,78,79.1,701304,0
3347.HK,D,20220616,000000,80.05,80.9,78.85,79.7,866665,0
3347.HK,D,20220617,000000,77.1,84.25,77.1,82.35,1153126,0
3347.HK,D,20220620,000000,82.2,86.2,81.7,84.7,549769,0
3347.HK,D,20220621,000000,83.6,87.5,83.6,86.4,584207,0
3347.HK,D,20220622,000000,85.55,88.05,83.1,83.55,840957,0
3347.HK,D,20220623,000000,85.4,87.05,82.1,82.75,526300,0
3347.HK,D,20220624,000000,81.95,90,81.95,90,1554090,0
3347.HK,D,20220627,000000,89.35,93.25,88.2,92.6,1723003,0
3347.HK,D,20220628,000000,92.2,94.15,90.2,93.65,698600,0
3347.HK,D,20220629,000000,93.6,94.65,91.5,93.8,1223009,0
3347.HK,D,20220630,000000,90.45,95,90.15,90.7,1005803,0
3347.HK,D,20220704,000000,90.75,98.85,90.65,98.45,2562224,0
3347.HK,D,20220705,000000,99.2,104.8,96.9,101.7,1630622,0
3347.HK,D,20220706,000000,102,107,100,104.1,1864727,0
3347.HK,D,20220707,000000,104.3,104.3,95.15,97.05,1805511,0
3347.HK,D,20220708,000000,99.8,99.8,95.1,97.45,1497514,0
3347.HK,D,20220711,000000,97.45,97.95,92.75,95,873979,0
3347.HK,D,20220712,000000,92.6,96.95,90.65,91.5,1043035,0
3347.HK,D,20220713,000000,90.6,94.75,90.6,91.5,395628,0
3347.HK,D,20220714,000000,91.5,98.75,91.5,97.1,961495,0
3347.HK,D,20220715,000000,97.1,97.55,92.15,93.25,894600,0
3347.HK,D,20220718,000000,93.3,94.1,85.4,91.45,1286065,0
3347.HK,D,20220719,000000,91.5,93.55,87,88.55,1391661,0
3347.HK,D,20220720,000000,89.7,92.7,89.15,90.55,860977,0
3347.HK,D,20220721,000000,89.75,92,88.5,89.05,600611,0
3347.HK,D,20220722,000000,91.75,91.75,88.4,89.05,555245,0
3347.HK,D,20220725,000000,86,87.95,84.8,85.65,830400,0
3347.HK,D,20220726,000000,86,87.7,83.1,87.2,1275900,0
3347.HK,D,20220727,000000,86,86.95,85,85.75,408445,0
3347.HK,D,20220728,000000,83.5,86.8,83.5,84.5,485837,0
3347.HK,D,20220729,000000,85.1,85.2,80.75,81.35,750100,0
3347.HK,D,20220801,000000,84.15,84.15,79.15,80.25,385993,0
3347.HK,D,20220802,000000,79.4,80.1,76.65,79.2,718266,0
3347.HK,D,20220803,000000,79.4,80.5,78,78.35,548452,0
3347.HK,D,20220804,000000,78.3,82.1,78.3,81.1,711979,0
3347.HK,D,20220805,000000,82.15,85.9,82,82.5,631118,0
3347.HK,D,20220808,000000,82.5,83.4,78.2,78.75,435500,0
3347.HK,D,20220809,000000,78.15,79.55,77.35,78,391441,0
3347.HK,D,20220810,000000,78.5,78.5,73.95,74.8,858400,0
3347.HK,D,20220811,000000,76,78.9,75.15,78.85,886969,0
3347.HK,D,20220812,000000,78.85,79.2,76.75,78.2,192100,0
3347.HK,D,20220815,000000,78.2,78.9,76.95,78,232200,0
3347.HK,D,20220816,000000,78,79.9,74.3,75.85,726500,0
3347.HK,D,20220817,000000,76.85,77.7,74.5,77.25,533200,0
3347.HK,D,20220818,000000,76.1,76.75,75,75.95,233445,0
3347.HK,D,20220819,000000,75.25,76.3,74.25,74.5,405379,0
3347.HK,D,20220822,000000,73.95,75.1,73.55,74.9,444900,0
3347.HK,D,20220823,000000,73.8,75.7,70.05,71.95,1136248,0
3347.HK,D,20220824,000000,70.2,73,70.2,70.8,474248,0
3347.HK,D,20220825,000000,73,73.1,70.5,72.3,589800,0
3347.HK,D,20220826,000000,73,77.7,72.4,77.05,1794400,0
3347.HK,D,20220829,000000,77.05,77.05,74.65,75.2,794000,0
3347.HK,D,20220830,000000,74.7,74.75,71.4,73.55,942220,0
3347.HK,D,20220831,000000,73.9,78.35,72.05,78.1,1071194,0
3347.HK,D,20220901,000000,77.05,79.5,76.65,76.65,387400,0
3347.HK,D,20220902,000000,76.45,77.55,73.95,74.9,704600,0
3347.HK,D,20220905,000000,74.9,75.55,71.4,72.35,787300,0
3347.HK,D,20220906,000000,72.35,73.85,71.4,73.2,450837,0
3347.HK,D,20220907,000000,73.25,73.5,71.6,73.35,891469,0
3347.HK,D,20220908,000000,73.1,73.85,71.7,73.8,809384,0
3347.HK,D,20220909,000000,74.7,77.05,74.25,76.5,1055134,0
3347.HK,D,20220913,000000,75.65,75.65,63.5,69.1,3792353,0
3347.HK,D,20220914,000000,67,68.95,65.55,67.2,1556835,0
3347.HK,D,20220915,000000,68.8,74.85,68.8,71,815070,0
3347.HK,D,20220916,000000,70.95,71.9,67.7,67.75,1150562,0
3347.HK,D,20220919,000000,68,69.85,64.65,64.9,1152032,0
3347.HK,D,20220920,000000,66.8,67.45,63.55,66.85,1090800,0
3347.HK,D,20220921,000000,66.45,66.85,62.9,63.55,1085381,0
3347.HK,D,20220922,000000,63.1,64.7,60.9,62.5,1208427,0
3347.HK,D,20220923,000000,62.9,63.2,61.15,62.5,731467,0
3347.HK,D,20220926,000000,62.3,64.6,61.6,62.3,363240,0
3347.HK,D,20220927,000000,63,65.95,60.6,65.35,660900,0
3347.HK,D,20220928,000000,63.55,65.3,61.8,62.5,578472,0
3347.HK,D,20220929,000000,65,66,62.5,63.45,888250,0
3347.HK,D,20220930,000000,63.85,65.6,62.2,63.65,444226,0
3347.HK,D,20221003,000000,65.4,65.6,62.3,62.8,195655,0
3347.HK,D,20221005,000000,64.8,67.55,63.85,66.7,415221,0
3347.HK,D,20221006,000000,68.3,68.3,64.55,64.85,203100,0
3347.HK,D,20221007,000000,64.25,64.25,61.55,62.2,447700,0
3347.HK,D,20221010,000000,62.85,62.85,55.5,56.25,1700573,0
3347.HK,D,20221011,000000,56.35,56.35,53.2,54.4,1515478,0
3347.HK,D,20221012,000000,54,54.5,50.55,53.8,1781500,0
3347.HK,D,20221013,000000,53.2,56.8,53.05,53.35,770350,0
3347.HK,D,20221014,000000,54.05,59.25,53.8,56.5,1380801,0
3347.HK,D,20221017,000000,55,59.05,55,58.25,973000,0
3347.HK,D,20221018,000000,56.55,61.05,56.55,60.6,857653,0
3347.HK,D,20221019,000000,61.2,61.2,59,59.25,672491,0
3347.HK,D,20221020,000000,57.05,63.8,55.7,57.9,991759,0
3347.HK,D,20221021,000000,57.8,59.25,56.45,57.25,731093,0
3347.HK,D,20221024,000000,55.75,58.85,52.05,52.2,1233556,0
3347.HK,D,20221025,000000,55.65,55.65,50.4,51.65,1267069,0
3347.HK,D,20221026,000000,50.6,59,50.5,56.7,1828046,0
3347.HK,D,20221027,000000,57.55,60,56.1,59.2,1794737,0
3347.HK,D,20221028,000000,59.75,60.55,56.4,56.6,1574753,0
3347.HK,D,20221031,000000,56.6,56.65,52.85,53.35,1083700,0
3347.HK,D,20221101,000000,52.9,58.85,52.5,58.2,1125000,0
3347.HK,D,20221102,000000,59.65,63.15,58.65,61.75,1294300,0
3347.HK,D,20221103,000000,61.75,64.55,60,64,1769804,0
3347.HK,D,20221104,000000,65,69.2,63.1,67.45,1870210,0
3347.HK,D,20221107,000000,67.45,69.5,66.75,68.25,775644,0
3347.HK,D,20221108,000000,68.35,69.8,65.55,67.05,494389,0
3347.HK,D,20221109,000000,63.1,69.5,63.1,66.75,1414626,0
3347.HK,D,20221110,000000,66.75,67.5,63.6,64.85,1166033,0
3347.HK,D,20221111,000000,68,73,67.7,69.65,3348400,0
3347.HK,D,20221114,000000,70.5,74.5,70.5,73.5,4772732,0
3347.HK,D,20221115,000000,72.5,75.2,69.9,74.25,1952944,0
3347.HK,D,20221116,000000,73.5,77.25,72.55,75.45,1737996,0
3347.HK,D,20221117,000000,74.2,77,73.5,76.2,1257264,0
3347.HK,D,20221118,000000,77.5,78.2,73.55,77.1,1502625,0
3347.HK,D,20221121,000000,75.9,76.05,73.8,75.65,894358,0
3347.HK,D,20221122,000000,75.65,76.25,71.4,72.35,827543,0
3347.HK,D,20221123,000000,71.7,73.15,68.15,68.7,677418,0
3347.HK,D,20221124,000000,68.9,71.95,68.9,70.3,461289,0
3347.HK,D,20221125,000000,69.3,71.3,68.05,69.2,174275,0
3347.HK,D,20221128,000000,67.85,69.75,65.35,69.25,907200,0
3347.HK,D,20221129,000000,69.25,72.15,69.25,72,456979,0
3347.HK,D,20221130,000000,70.9,74.1,70,73.7,1223039,0
3347.HK,D,20221201,000000,75.9,76.6,72.9,73.65,1169272,0
3347.HK,D,20221202,000000,73.4,75.9,73.05,74.9,533084,0
3347.HK,D,20221205,000000,76.5,76.5,73.55,74.1,733642,0
3347.HK,D,20221206,000000,74.5,76.1,72.35,72.75,699073,0
3347.HK,D,20221207,000000,72.35,75.65,69.2,69.65,715917,0
3347.HK,D,20221208,000000,70.1,75.15,70,75.15,483700,0
3347.HK,D,20221209,000000,76.15,76.8,73,75.9,553600,0
3347.HK,D,20221212,000000,75.9,78.5,75.6,77.45,1076100,0
3347.HK,D,20221213,000000,76.8,77.75,74.85,75.55,701192,0
3347.HK,D,20221214,000000,75.55,80.85,75.5,80.3,1101001,0
3347.HK,D,20221215,000000,80.5,80.8,76.65,78.55,991149,0
3347.HK,D,20221216,000000,77.95,83,77.55,80.1,686131,0
3347.HK,D,20221219,000000,79.8,80.35,76.6,77.1,619800,0
3347.HK,D,20221220,000000,76,79.45,75.25,76.05,597476,0
3347.HK,D,20221221,000000,76,78.3,75.3,77,391900,0
3347.HK,D,20221222,000000,77,82.45,76.8,81.2,387605,0
3347.HK,D,20221223,000000,78.05,82.4,78.05,81.55,309993,0
3347.HK,D,20221228,000000,82.05,90,82.05,89.75,2026448,0
3347.HK,D,20221229,000000,89.45,93.45,86.8,91.25,1685640,0
3347.HK,D,20221230,000000,91.85,93.5,88.8,90.2,1445256,0
3347.HK,D,20230103,000000,88.6,92,88.6,91.6,804885,0
3347.HK,D,20230104,000000,89.15,96.8,89.15,96.1,1200845,0
3347.HK,D,20230105,000000,96.1,99.8,92.5,98.65,2479398,0
3347.HK,D,20230106,000000,96,100.5,94.95,99.4,1703764,0
3347.HK,D,20230109,000000,97,100.1,97,99.5,1556889,0
3347.HK,D,20230110,000000,97.55,99.7,94.2,94.9,1311397,0
3347.HK,D,20230111,000000,93.25,98.5,93.25,95.55,1279347,0
3347.HK,D,20230112,000000,95.55,99.85,95.55,98.2,1161800,0
3347.HK,D,20230113,000000,97.6,105.1,97.6,104.8,1209500,0
3347.HK,D,20230116,000000,103,111.5,103,107.1,1844700,0
3347.HK,D,20230117,000000,107.9,107.9,101.9,104.1,820600,0
3347.HK,D,20230118,000000,103.4,106.3,100,105.7,1140614,0
3347.HK,D,20230119,000000,105.7,113,102.2,110.3,945260,0
3347.HK,D,20230120,000000,109,112,108.1,109.1,428195,0
3347.HK,D,20230126,000000,109.1,111.7,108.3,111.4,255328,0
3347.HK,D,20230127,000000,115,115,111,113.3,315118,0
3347.HK,D,20230130,000000,113.3,113.3,103.5,105.2,1378638,0
3347.HK,D,20230131,000000,106.1,106.1,99.85,102.5,1266292,0
3347.HK,D,20230201,000000,102.4,107.3,101.6,106.3,894304,0
3347.HK,D,20230202,000000,105.8,114.3,105.1,108.9,883569,0
3347.HK,D,20230203,000000,107,112.2,104.2,106.5,943304,0
3347.HK,D,20230206,000000,104.3,106.3,100.4,102,1224789,0
3347.HK,D,20230207,000000,102.5,105.3,100.1,100.9,716862,0
3347.HK,D,20230208,000000,102,105,101.1,103.1,815868,0
3347.HK,D,20230209,000000,101.4,105.8,100.8,104.6,1028086,0
3347.HK,D,20230210,000000,103.1,108.3,98.3,101.5,2389621,0
3347.HK,D,20230213,000000,101.5,106.4,99.5,102.9,1270209,0
3347.HK,D,20230214,000000,103.6,104.6,99.5,101.5,722400,0
3347.HK,D,20230215,000000,101.9,101.9,94.55,97.65,1256828,0
3347.HK,D,20230216,000000,97,97.85,92,94.85,1138775,0
3347.HK,D,20230217,000000,94.7,96.3,93.55,95.35,250664,0
3347.HK,D,20230220,000000,94.6,97.7,93.4,96.8,198230,0
3347.HK,D,20230221,000000,98.7,98.7,91.9,92.65,610744,0
3347.HK,D,20230222,000000,92.65,94,90.3,92.95,526763,0
3347.HK,D,20230223,000000,93.1,96.35,91,92.7,270460,0
3347.HK,D,20230224,000000,92.7,92.7,89.15,90.3,715915,0
3347.HK,D,20230227,000000,90.85,90.85,87.7,89.75,406522,0
3347.HK,D,20230228,000000,89.45,90.7,88.05,90.05,1146500,0
3347.HK,D,20230301,000000,90.1,91.05,86.9,89.8,1329378,0
3347.HK,D,20230302,000000,90.5,90.5,85.6,87.8,1142694,0
3347.HK,D,20230303,000000,88,91.5,87.8,89.35,774051,0
3347.HK,D,20230306,000000,89.35,90,87,88.2,444372,0
3347.HK,D,20230307,000000,86.7,89.3,85.25,86.65,660612,0
3347.HK,D,20230308,000000,85.5,86.5,82.85,84.6,717042,0
3347.HK,D,20230309,000000,85.35,85.75,82.8,83.55,408146,0
3347.HK,D,20230310,000000,82.8,84.5,80.65,82.7,684600,0
3347.HK,D,20230313,000000,84.2,85.05,82.1,83,542900,0
3347.HK,D,20230314,000000,80.8,84.45,79.1,80.6,423804,0
3347.HK,D,20230315,000000,79.95,85.7,79.95,84.3,618562,0
3347.HK,D,20230316,000000,85,85,77.3,78.7,887136,0
3347.HK,D,20230317,000000,79.75,80.45,74.75,77.55,1596435,0
3347.HK,D,20230320,000000,77.4,77.8,75.15,76.2,517900,0
3347.HK,D,20230321,000000,76.3,82.85,76.3,82.5,624590,0
3347.HK,D,20230322,000000,82.4,84.35,81.25,82.45,821590,0
3347.HK,D,20230323,000000,79.25,82.75,78.1,82.3,768276,0
3347.HK,D,20230324,000000,83.15,84.55,81.1,81.85,484659,0
3347.HK,D,20230327,000000,81,86.95,79.3,85,1279884,0
3347.HK,D,20230328,000000,85.45,87.2,81.9,82.95,553496,0
3347.HK,D,20230329,000000,83.1,83.85,78.05,78.7,1294797,0
3347.HK,D,20230330,000000,79.2,79.2,74.55,75.75,1189828,0
3347.HK,D,20230331,000000,76.5,76.5,73.1,73.7,1671332,0
3347.HK,D,20230403,000000,73.5,74.25,71.6,73.15,622100,0
3347.HK,D,20230404,000000,74.5,74.5,68.75,70.5,2432009,0
3347.HK,D,20230406,000000,70,74.75,66.95,74.7,1104663,0
3347.HK,D,20230411,000000,76.25,78.3,74.6,76.1,1091670,0
3347.HK,D,20230412,000000,78,78,74.3,75.65,547500,0
3347.HK,D,20230413,000000,76.8,82.9,71.85,82.4,1217036,0
3347.HK,D,20230414,000000,83.9,86.8,81,82.3,936282,0
3347.HK,D,20230417,000000,84.5,84.5,79,81.2,907752,0
3347.HK,D,20230418,000000,79.2,79.7,75.8,77.7,1474342,0
3347.HK,D,20230419,000000,78.6,78.6,75.1,77.25,697300,0
3347.HK,D,20230420,000000,75,78.5,75,76.7,663100,0
3347.HK,D,20230421,000000,75.05,76.25,74.2,75.7,649210,0
3347.HK,D,20230424,000000,75.6,76.1,72.55,74,689601,0
3347.HK,D,20230425,000000,74,74,69.9,69.9,1246600,0
3347.HK,D,20230426,000000,69.9,69.95,66.35,68.75,1983084,0
3347.HK,D,20230427,000000,68.75,70.25,66.85,67.4,1600444,0
3347.HK,D,20230428,000000,67.2,68,64.7,65.1,1463670,0
3347.HK,D,20230502,000000,65.9,67,63.6,66.1,566529,0
3347.HK,D,20230503,000000,64.5,65.15,63.65,64.25,336647,0
3347.HK,D,20230504,000000,64.7,66.15,61.9,63.3,1229303,0
3347.HK,D,20230505,000000,63.95,65.75,61.95,65.7,1102938,0
3347.HK,D,20230508,000000,66.65,66.65,64.15,65.7,656169,0
3347.HK,D,20230509,000000,65.55,65.55,61.15,62,792537,0
3347.HK,D,20230510,000000,62.65,65.15,60.45,64.45,910606,0
3347.HK,D,20230511,000000,63.5,66.65,63.2,65.65,942800,0
3347.HK,D,20230512,000000,65,65.65,63.75,64.55,550866,0
3347.HK,D,20230515,000000,64.6,68.3,64.2,68,736806,0
3347.HK,D,20230516,000000,68.95,69.5,67.7,69.1,557000,0
3347.HK,D,20230517,000000,69.45,69.45,65.5,65.6,392246,0
3347.HK,D,20230518,000000,65.6,65.9,63.45,64,468255,0
3347.HK,D,20230519,000000,62.85,64.7,62.65,64.05,325803,0
3347.HK,D,20230522,000000,64.05,65.9,62.4,63.65,756200,0
3347.HK,D,20230523,000000,64.9,65.3,62.35,62.75,389018,0
3347.HK,D,20230524,000000,63.95,63.95,61,62,299500,0
3347.HK,D,20230525,000000,60.65,61.85,59,60.55,555400,0
3347.HK,D,20230529,000000,60.55,60.8,56.8,57.45,773500,0
3347.HK,D,20230530,000000,58.25,59,57.1,58.55,644795,0
3347.HK,D,20230531,000000,56.85,59.4,56.1,58.7,2935704,0
3347.HK,D,20230601,000000,57.55,60.35,56.9,57.3,1154406,0
3347.HK,D,20230602,000000,58.75,59.5,56.45,59.45,1451170,0
3347.HK,D,20230605,000000,58.6,58.75,54.15,54.65,1205700,0
3347.HK,D,20230606,000000,54.9,55.25,50.25,51.1,2489077,0
3347.HK,D,20230607,000000,51.9,52.35,50.65,51.15,1543900,0
3347.HK,D,20230608,000000,51.4,51.65,49.6,50.65,901350,0
3347.HK,D,20230609,000000,50.5,51.9,50.1,50.7,1163871,0
3347.HK,D,20230612,000000,50.8,51,48.6,49.9,1162160,0
3347.HK,D,20230613,000000,50.5,50.5,49.45,50.15,514700,0
3347.HK,D,20230614,000000,49.6,51.5,49.5,49.7,687300,0
3347.HK,D,20230615,000000,50,52.8,49.65,52.8,981322,0
3347.HK,D,20230616,000000,53.7,53.7,51.9,52.25,1692599,0
3347.HK,D,20230619,000000,52.35,53.25,51.4,52.25,1341210,0
3347.HK,D,20230620,000000,52.25,52.6,48.2,48.8,1659437,0
3347.HK,D,20230621,000000,48.8,49.1,44.2,45.45,3196500,0
3347.HK,D,20230623,000000,47.35,47.35,41.35,42.5,1423277,0
3347.HK,D,20230626,000000,43.1,45.35,42.85,44.6,2624319,0
3347.HK,D,20230627,000000,45,45.7,43.8,44.5,1124700,0
3347.HK,D,20230628,000000,45.05,45.05,43.4,44.05,707300,0
3347.HK,D,20230629,000000,44.05,44.05,42.2,43.65,1342100,0
3347.HK,D,20230630,000000,43.65,45.2,43.25,44.65,1456900,0
3347.HK,D,20230703,000000,45.4,46.35,44.35,45.95,1479474,0
3347.HK,D,20230704,000000,45.2,47.9,44.25,47.8,2027189,0
3347.HK,D,20230705,000000,47.7,47.75,45.4,46.1,1132560,0
3347.HK,D,20230706,000000,46.1,46.1,43.7,43.8,1113346,0
3347.HK,D,20230707,000000,43.8,43.95,42.6,43.15,887311,0
3347.HK,D,20230710,000000,43.15,44.8,43.15,44.2,604100,0
3347.HK,D,20230711,000000,44.65,45.2,43.95,44.45,354200,0
3347.HK,D,20230712,000000,45.25,45.25,43.45,43.95,599800,0
3347.HK,D,20230713,000000,43.95,47.2,43.95,46.7,1110928,0
3347.HK,D,20230714,000000,47.15,47.6,46.5,47.5,1351629,0
3347.HK,D,20230718,000000,46.8,47.4,45.7,46.25,748100,0
3347.HK,D,20230719,000000,46.9,46.9,43.95,44.55,1120606,0
3347.HK,D,20230720,000000,44.55,45.8,44.35,44.4,377171,0
3347.HK,D,20230721,000000,44.4,47.3,44.4,45.6,659710,0
3347.HK,D,20230724,000000,45.6,47.95,44.85,46.5,909053,0
3347.HK,D,20230725,000000,47.8,48.95,47.5,48.25,1085400,0
3347.HK,D,20230726,000000,47.8,49.8,47.55,48.75,1069600,0
3347.HK,D,20230727,000000,48.85,49.55,47.4,48.3,1203546,0
3347.HK,D,20230728,000000,47.5,49.65,47.15,49.25,1007000,0
3347.HK,D,20230731,000000,49.8,52.55,49.6,50.4,2123804,0
3347.HK,D,20230801,000000,51.2,52.15,48.15,48.7,1437078,0
3347.HK,D,20230802,000000,48.7,48.7,46.7,47,1393200,0
3347.HK,D,20230803,000000,46.95,49.5,46.3,49.05,1362970,0
3347.HK,D,20230804,000000,49.05,49.95,48.3,49.1,989981,0
3347.HK,D,20230807,000000,49.3,49.5,44,44.95,2048271,0
3347.HK,D,20230808,000000,44.25,44.95,43.35,43.85,2436700,0
3347.HK,D,20230809,000000,43.8,49.1,43.6,48.2,2453938,0
3347.HK,D,20230810,000000,47.8,48.4,46.15,46.65,1896900,0
3347.HK,D,20230811,000000,47.7,47.7,45.65,46.8,1708850,0
3347.HK,D,20230814,000000,46.85,46.85,44.15,45.1,1770178,0
3347.HK,D,20230815,000000,45.1,45.1,42.7,43.6,1557400,0
3347.HK,D,20230816,000000,43.4,43.4,40.85,41.8,4980900,0
3347.HK,D,20230817,000000,41.75,42,40.35,41.25,3127186,0
3347.HK,D,20230818,000000,41.7,41.7,40.05,40.7,1217400,0
3347.HK,D,20230821,000000,40.75,41.85,39.9,40.85,1833748,0
3347.HK,D,20230822,000000,40.9,42.1,40.2,41.7,1357500,0
3347.HK,D,20230823,000000,41.45,43.3,40.9,41.45,994500,0
3347.HK,D,20230824,000000,41.55,44.35,41.25,43.65,2667079,0
3347.HK,D,20230825,000000,43.6,45.1,42.9,43.7,2229684,0
3347.HK,D,20230828,000000,45.6,46.2,43.15,43.25,3107900,0
3347.HK,D,20230829,000000,43.25,45.55,42.4,45.1,3058732,0
3347.HK,D,20230830,000000,45.1,45.3,41.95,42.55,5444691,0
3347.HK,D,20230831,000000,42.8,43.05,41.85,42.75,14313246,0
3347.HK,D,20230904,000000,43,44.55,41.2,44.45,4023389,0
3347.HK,D,20230905,000000,44.45,44.5,43,43.15,1055791,0
3347.HK,D,20230906,000000,44.1,44.1,41.15,41.9,1544200,0
3347.HK,D,20230907,000000,42,42.1,40.65,40.9,1107972,0
3347.HK,D,20230911,000000,40.85,42.55,40.45,42.25,1022200,0
3347.HK,D,20230912,000000,41.9,42.3,41.2,41.35,560726,0
3347.HK,D,20230913,000000,41.45,41.7,40.15,40.6,792800,0
3347.HK,D,20230914,000000,40.25,41.3,40.25,40.8,442000,0
3347.HK,D,20230915,000000,40.75,44.4,40.2,43.1,2532703,0
3347.HK,D,20230918,000000,42.7,44.8,42.15,43.55,1215900,0
3347.HK,D,20230919,000000,43,43.65,42.6,43.25,410000,0
3347.HK,D,20230920,000000,43.9,43.9,42.05,42.25,584500,0
3347.HK,D,20230921,000000,42.95,42.95,40.9,41.05,608750,0
3347.HK,D,20230922,000000,41,43.1,40.35,43,788700,0
3347.HK,D,20230925,000000,42.3,44.5,42.15,43.8,1498415,0
3347.HK,D,20230926,000000,43.8,43.8,41.85,42.1,588400,0
3347.HK,D,20230927,000000,42.1,45.65,42.1,45.35,1778575,0
3347.HK,D,20230928,000000,44.85,45.6,43.95,44.05,776349,0
3347.HK,D,20230929,000000,42.85,43.85,39,41.1,1664470,0
3347.HK,D,20231003,000000,40.35,40.35,37.9,38.25,1822864,0
3347.HK,D,20231004,000000,37.9,38.25,36.9,37.45,324500,0
3347.HK,D,20231005,000000,37.25,37.95,36.75,37.5,346600,0
3347.HK,D,20231006,000000,37.5,40.15,37.5,39.25,652000,0
3347.HK,D,20231009,000000,40,41.45,40,40.65,1213400,0
3347.HK,D,20231010,000000,41,41.8,40.15,40.25,865178,0
3347.HK,D,20231011,000000,40.65,45.9,40.65,43.7,3458100,0
3347.HK,D,20231012,000000,44.6,45.85,43.6,45.35,1660400,0
3347.HK,D,20231013,000000,45.4,46.3,44,45.6,1265400,0
3347.HK,D,20231016,000000,45.5,47,42.25,43.2,2018200,0
3347.HK,D,20231017,000000,43.7,44.5,42.95,43.95,505300,0
3347.HK,D,20231018,000000,44.1,44.1,41.6,42.1,683356,0
3347.HK,D,20231019,000000,42,42.5,40.8,41.3,595800,0
3347.HK,D,20231020,000000,40.9,41,39.8,40.25,1113900,0
3347.HK,D,20231024,000000,40,40.9,39.35,40.45,1082968,0
3347.HK,D,20231025,000000,41.3,41.7,37.9,38.35,2615600,0
3347.HK,D,20231026,000000,38.5,38.7,37.25,38.4,1788532,0
3347.HK,D,20231027,000000,38.55,41.6,37.6,41.2,1170500,0
3347.HK,D,20231030,000000,41.2,45.75,41.2,45.55,3609602,0
3347.HK,D,20231031,000000,45.2,45.4,43.6,43.95,1817700,0
3347.HK,D,20231101,000000,43.85,45.45,42.5,43.3,1121200,0
3347.HK,D,20231102,000000,43.9,44.3,42.95,43.05,1242600,0
3347.HK,D,20231103,000000,43.05,45.9,42.85,45.85,1036425,0
3347.HK,D,20231106,000000,46.85,49.65,46.85,48.85,3002400,0
3347.HK,D,20231107,000000,48.85,49.35,47.95,48.55,1369003,0
3347.HK,D,20231108,000000,48.55,50.5,48,48.15,1240900,0
3347.HK,D,20231109,000000,48,49.2,46.75,46.75,802455,0
3347.HK,D,20231110,000000,46.5,47.35,45.8,46.65,883422,0
3347.HK,D,20231113,000000,47.55,48,45.1,46.7,926800,0
3347.HK,D,20231114,000000,46.5,47.45,44.65,45.45,1088700,0
3347.HK,D,20231115,000000,47.15,48.2,46.6,47.2,1641148,0
3347.HK,D,20231116,000000,47.5,47.5,44.4,45.3,1023280,0
3347.HK,D,20231117,000000,45.1,46.15,44.65,45.7,527100,0
3347.HK,D,20231120,000000,46.75,47.25,45.8,46.5,804100,0
3347.HK,D,20231121,000000,46.55,46.95,45.45,45.75,943604,0
3347.HK,D,20231122,000000,45.45,45.7,43.95,44.35,1054632,0
3347.HK,D,20231123,000000,44.35,45.75,44,45.3,762789,0
3347.HK,D,20231124,000000,45.3,45.3,43.1,43.25,1386900,0
3347.HK,D,20231127,000000,43.05,43.75,42.5,43.05,489262,0
3347.HK,D,20231128,000000,43.6,43.75,41.8,42.8,1114368,0
3347.HK,D,20231129,000000,43,43,41.5,41.8,766100,0
3347.HK,D,20231130,000000,42.15,42.15,41,41.2,611759,0
3347.HK,D,20231201,000000,41,41.85,40.25,40.6,1275662,0
3347.HK,D,20231204,000000,40.35,40.45,36.4,36.65,4011596,0
3347.HK,D,20231205,000000,36.75,37.85,36.4,36.75,2004100,0
3347.HK,D,20231206,000000,37,37.65,35.7,35.85,1713795,0
3347.HK,D,20231207,000000,35.8,36.35,35.2,35.75,841903,0
3347.HK,D,20231208,000000,36.4,36.6,35.25,35.35,870711,0
3347.HK,D,20231211,000000,35.2,35.5,33.5,35.15,1268700,0
3347.HK,D,20231212,000000,35.15,35.6,34.15,35,1243100,0
3347.HK,D,20231213,000000,35,35.25,33.5,33.75,1317400,0
3347.HK,D,20231214,000000,33.75,35.15,33.75,34.3,1278400,0
3347.HK,D,20231215,000000,34.5,35.45,34.2,34.5,1024400,0
3347.HK,D,20231218,000000,34.5,34.5,33.4,33.6,937801,0
3347.HK,D,20231219,000000,33.6,33.7,32.8,33.35,753300,0
3347.HK,D,20231220,000000,33.1,34.05,33,33.05,499506,0
3347.HK,D,20231221,000000,32.6,33.85,32.5,33.4,674600,0
3347.HK,D,20231222,000000,33.35,33.8,32.15,32.7,963226,0
3347.HK,D,20231227,000000,33.05,33.2,32.1,32.95,778467,0
3347.HK,D,20231228,000000,33.3,35.5,32.9,35.2,1127000,0
3347.HK,D,20231229,000000,35.2,36.7,34.95,35.35,1140600,0
3347.HK,D,20240102,000000,35.9,36.3,33.95,34.15,765838,0
3347.HK,D,20240103,000000,34.15,34.55,32.95,33.15,768500,0
3347.HK,D,20240104,000000,33.15,33.35,32.2,32.6,1084400,0
3347.HK,D,20240105,000000,32.7,32.85,31.85,31.9,795900,0
3347.HK,D,20240108,000000,31.85,32.1,30.75,31.15,1159200,0
3347.HK,D,20240109,000000,31.5,32.2,30.9,31.15,958000,0
3347.HK,D,20240110,000000,30.65,32.2,30.65,31.9,631600,0
3347.HK,D,20240111,000000,33.3,34,32.55,32.9,1543500,0
3347.HK,D,20240112,000000,32.65,33.1,32,32.1,716600,0
3347.HK,D,20240115,000000,32.1,32.95,31.7,32.2,837800,0
3347.HK,D,20240116,000000,31.1,32.25,31,31.95,492600,0
3347.HK,D,20240117,000000,31.95,31.95,30.05,30.2,1293176,0
3347.HK,D,20240118,000000,30,31.1,29.7,30.7,1242234,0
3347.HK,D,20240119,000000,30.25,30.95,29.5,29.75,1001000,0
3347.HK,D,20240122,000000,29.7,30,27.7,28.55,1670600,0
3347.HK,D,20240123,000000,28.4,29.8,28,28.85,660371,0
3347.HK,D,20240124,000000,29.3,29.6,28,29.45,840900,0
3347.HK,D,20240125,000000,29.45,30.05,28.15,29.7,1752100,0
3347.HK,D,20240126,000000,29.75,30.4,25.15,26.75,4561700,0
3347.HK,D,20240129,000000,27.25,28.15,26.25,26.9,2858800,0
3347.HK,D,20240130,000000,27.2,27.25,26.05,26.15,1020272,0
3347.HK,D,20240131,000000,26.15,26.2,24.05,24.45,2884828,0
3347.HK,D,20240201,000000,24.35,25.7,24.35,24.8,1636600,0
3347.HK,D,20240202,000000,25.3,25.55,22.75,23.65,3730300,0
3347.HK,D,20240205,000000,23.65,24.15,22.55,23.4,2286420,0
3347.HK,D,20240206,000000,23.7,24.7,22.95,24.35,3690286,0
3347.HK,D,20240207,000000,25.3,27.35,24.95,25.65,6781800,0
3347.HK,D,20240208,000000,25.7,26.15,24.6,25.95,1882100,0
3347.HK,D,20240209,000000,25.9,25.9,24.05,24.55,337800,0
3347.HK,D,20240214,000000,24.55,24.55,22.1,23.6,875700,0
3347.HK,D,20240215,000000,23,23.8,22.6,23.65,661000,0
3347.HK,D,20240216,000000,23.65,25.8,23.1,25.7,768800,0
3347.HK,D,20240219,000000,25.7,25.95,24.75,25.3,1025418,0
3347.HK,D,20240220,000000,25.3,26.45,25.05,25.95,1071321,0
3347.HK,D,20240221,000000,25.8,27.65,25.5,27,2178708,0
3347.HK,D,20240222,000000,27,27.4,26.3,27.4,1655904,0
3347.HK,D,20240223,000000,27.05,27.35,26.6,27.15,1353000,0
3347.HK,D,20240226,000000,27.45,28.1,26.9,27.3,1300259,0
3347.HK,D,20240227,000000,27.3,27.8,26.1,27.75,2271500,0
3347.HK,D,20240228,000000,27.95,29.05,26.55,26.75,2698400,0
3347.HK,D,20240229,000000,26.95,27.9,26.65,27.25,1144302,0
3347.HK,D,20240301,000000,27.25,27.6,26.7,27.25,1004500,0
3347.HK,D,20240304,000000,27.75,29.35,27.55,28.65,2917125,0
3347.HK,D,20240305,000000,28.2,28.25,26.6,26.6,1603650,0
3347.HK,D,20240306,000000,26.35,27.2,26.1,26.85,1885000,0
3347.HK,D,20240307,000000,25.45,25.55,24.5,24.6,3280630,0
3347.HK,D,20240308,000000,24.6,25.75,24.6,25.35,1456700,0
3347.HK,D,20240311,000000,25.8,26.55,25.1,26.35,1048400,0
3347.HK,D,20240312,000000,26.9,27.55,26.25,27.3,1688121,0
3347.HK,D,20240313,000000,27.3,28.05,26.6,27.9,1764500,0
3347.HK,D,20240314,000000,31,35.3,30.85,33.65,21229809,0
3347.HK,D,20240315,000000,34.4,35,30.7,31.55,6805591,0
3347.HK,D,20240318,000000,31.7,33.4,30.75,30.9,3872900,0
3347.HK,D,20240319,000000,30.6,31.75,30.05,30.35,2743451,0
3347.HK,D,20240320,000000,30.75,32.3,30.5,31.7,2978200,0
3347.HK,D,20240321,000000,31.5,32.15,30.95,31.25,1966900,0
3347.HK,D,20240322,000000,31,31.1,29.1,29.65,2340800,0
3347.HK,D,20240325,000000,30.2,31.2,29.25,29.3,2641200,0
3347.HK,D,20240326,000000,29.5,29.5,28.2,28.4,2375700,0
3347.HK,D,20240327,000000,28.3,29.85,26.75,29.05,4477900,0
3347.HK,D,20240328,000000,29.05,30.7,28.3,29.6,1708600,0
3347.HK,D,20240402,000000,29.5,30.6,28.4,29.65,2177253,0
3347.HK,D,20240403,000000,29.25,30.6,29.25,29.4,1693300,0
3347.HK,D,20240405,000000,28.1,30.35,26.9,27.85,836300,0
3347.HK,D,20240408,000000,28.6,31.3,28.6,31.05,4074391,0
3347.HK,D,20240409,000000,31.1,33.65,30.45,33.1,3467163,0
3347.HK,D,20240410,000000,33.9,34.35,32.75,33.95,3050600,0
3347.HK,D,20240411,000000,33.9,34.25,32.1,33.75,2195925,0
3347.HK,D,20240412,000000,33.85,34.4,32.2,32.25,2744857,0
3347.HK,D,20240415,000000,32.25,33.9,31.85,32.05,2880816,0
3347.HK,D,20240416,000000,32.05,32.05,30,30.8,1586732,0
3347.HK,D,20240417,000000,30.8,31.25,30.2,30.9,1161100,0
3347.HK,D,20240418,000000,30.9,31.35,29.95,30.85,945500,0
3347.HK,D,20240419,000000,30.85,30.85,28.3,29.15,3081800,0
3347.HK,D,20240422,000000,29.75,30,28.45,29.45,1225700,0
3347.HK,D,20240423,000000,29.2,31.75,28.7,31.35,2208500,0
3347.HK,D,20240424,000000,31.8,31.95,30.1,31.65,2281708,0
3347.HK,D,20240425,000000,31.65,31.9,30.8,31,1979800,0
3347.HK,D,20240426,000000,30.5,33.8,30.05,33.6,4748800,0
3347.HK,D,20240429,000000,33.6,36,33.5,34.3,3443825,0
3347.HK,D,20240430,000000,35.4,35.5,33.5,34.75,2483700,0
3347.HK,D,20240502,000000,34.75,36.2,33.9,35.65,603000,0
3347.HK,D,20240503,000000,37,37,34.1,34.45,714800,0
3347.HK,D,20240506,000000,34.85,37.3,34.85,37.15,3140300,0
3347.HK,D,20240507,000000,37.3,37.5,36.2,36.5,1565000,0
3347.HK,D,20240508,000000,36.45,36.65,34.7,34.9,1888900,0
3347.HK,D,20240509,000000,34.9,36.5,34.9,35.65,1872876,0
3347.HK,D,20240510,000000,35.9,36.45,34.7,36.45,1692007,0
3347.HK,D,20240513,000000,38.25,39.05,35.5,36.85,3516300,0
3347.HK,D,20240514,000000,36.9,38.25,36.55,36.65,1508476,0
3347.HK,D,20240516,000000,36.5,37.55,35.5,36.35,1958050,0
3347.HK,D,20240517,000000,36.35,37.15,34.9,35.1,1187600,0
3347.HK,D,20240520,000000,35.3,36.25,35,35.8,933000,0
3347.HK,D,20240521,000000,35.75,35.75,33.7,34,1636289,0
3347.HK,D,20240522,000000,34.35,35.65,33.4,35.65,2237500,0
3347.HK,D,20240523,000000,35.4,35.7,33.95,34,1561557,0
3347.HK,D,20240524,000000,33.6,33.9,32.2,32.8,1541100,0
3347.HK,D,20240527,000000,33.5,33.5,31.9,33.15,811900,0
3347.HK,D,20240528,000000,33.2,34.2,31.95,33.35,612300,0
3347.HK,D,20240529,000000,33.35,33.8,32,32.95,882300,0
3347.HK,D,20240530,000000,32.95,32.95,31.55,32,673000,0
3347.HK,D,20240531,000000,32.4,33.65,32.15,32.9,1389200,0
3347.HK,D,20240603,000000,32.9,33.7,31.1,31.6,1423009,0
3347.HK,D,20240604,000000,31.6,33.45,31.6,33.4,823200,0
3347.HK,D,20240605,000000,32.75,34.4,32.75,33.1,892000,0
3347.HK,D,20240606,000000,33.75,34.2,33.1,33.6,914800,0
3347.HK,D,20240607,000000,33,34.45,32.6,32.75,720559,0
3347.HK,D,20240611,000000,33.5,33.5,31.05,31.65,633625,0
3347.HK,D,20240612,000000,31.65,34,30.65,32.3,2084300,0
3347.HK,D,20240613,000000,33.2,33.2,32.05,32.45,606540,0
3347.HK,D,20240614,000000,32.75,32.75,29.2,30.65,3555900,0
3347.HK,D,20240617,000000,31,31.3,29.65,30.8,1550100,0
3347.HK,D,20240618,000000,30.8,31.1,29.5,30.15,1184846,0
3347.HK,D,20240619,000000,30,30.7,29.95,30.4,656900,0
3347.HK,D,20240620,000000,30.85,30.85,29.75,30.05,1031600,0
3347.HK,D,20240621,000000,30.05,30.05,29.25,29.5,678300,0
3347.HK,D,20240624,000000,30.3,30.3,28.85,29.3,541968,0
3347.HK,D,20240625,000000,29.3,29.8,28.9,29.4,801800,0
3347.HK,D,20240626,000000,29.3,30,29,29.9,1177104,0
3347.HK,D,20240627,000000,29.8,29.8,28.5,28.6,468633,0
3347.HK,D,20240628,000000,28.6,29,27.5,27.6,1001522,0
3347.HK,D,20240702,000000,27.6,27.8,25.85,26.45,1841511,0
3347.HK,D,20240703,000000,25.85,27.15,25.75,26.7,1884700,0
3347.HK,D,20240704,000000,27.2,27.2,26.25,26.9,896000,0
3347.HK,D,20240705,000000,26.3,29.7,26.3,28.85,3356700,0
3347.HK,D,20240708,000000,28.35,28.95,26.55,26.9,2887836,0
3347.HK,D,20240709,000000,26.75,28.5,26.3,28.25,2708179,0
3347.HK,D,20240710,000000,27.8,28.55,27,27.4,1280200,0
3347.HK,D,20240711,000000,28.05,28.95,27.55,28.65,1628800,0
3347.HK,D,20240712,000000,29,30.45,28.45,28.6,1312400,0
3347.HK,D,20240715,000000,29.1,29.1,27.15,27.4,1886216,0
3347.HK,D,20240716,000000,27.3,27.8,27.1,27.35,316200,0
3347.HK,D,20240717,000000,27.55,29.55,27.4,29.35,1651700,0
3347.HK,D,20240718,000000,29.3,29.9,28.7,29.5,1231800,0
3347.HK,D,20240719,000000,29.5,30.6,28.8,29.9,1097900,0
3347.HK,D,20240722,000000,30.4,31.45,29.9,31.05,1660764,0
3347.HK,D,20240723,000000,31.1,31.55,30.15,30.35,1295900,0
3347.HK,D,20240724,000000,30.95,31.2,29.35,29.6,514076,0
3347.HK,D,20240725,000000,29.35,29.8,28.35,28.55,1309700,0
3347.HK,D,20240726,000000,28.4,28.5,27.4,28.15,2616900,0
3347.HK,D,20240729,000000,28.2,28.7,27.55,28.1,1068100,0
3347.HK,D,20240730,000000,29,29,27.45,27.65,1019400,0
3347.HK,D,20240731,000000,27.5,30.1,27.2,30,2225100,0
3347.HK,D,20240801,000000,30,30.55,29.55,30,545714,0
3347.HK,D,20240802,000000,29.45,32.35,29.3,31.7,5552942,0
3347.HK,D,20240805,000000,31.7,33.8,31.4,33.25,4530000,0
3347.HK,D,20240806,000000,33.8,35.1,32.95,35.05,3148200,0
3347.HK,D,20240807,000000,34.85,34.85,33.5,33.8,1479966,0
3347.HK,D,20240808,000000,33.8,34,32.9,33.05,1187773,0
3347.HK,D,20240809,000000,33.75,34.15,33.05,33.1,720400,0
3347.HK,D,20240812,000000,33,33.8,32.65,33.1,786700,0
3347.HK,D,20240813,000000,33.25,33.95,32.1,33.95,1151826,0
3347.HK,D,20240814,000000,33.95,33.95,31.4,31.55,1774963,0
3347.HK,D,20240815,000000,31.8,32.5,31.75,32.2,585200,0
3347.HK,D,20240816,000000,32.2,32.7,31.85,32.05,508400,0
3347.HK,D,20240819,000000,32,32.5,31.95,32.2,279700,0
3347.HK,D,20240820,000000,32.2,32.25,30.5,31.35,2107800,0
3347.HK,D,20240821,000000,31.35,31.35,30,30.15,671387,0
3347.HK,D,20240822,000000,30.45,30.45,28.3,28.6,1565800,0
3347.HK,D,20240823,000000,28.6,28.95,28.25,28.4,815146,0
3347.HK,D,20240826,000000,28.6,29.5,28.4,29.3,991800,0
3347.HK,D,20240827,000000,29.35,29.85,28.9,29.4,631920,0
3347.HK,D,20240828,000000,29.4,29.95,29.3,29.85,756800,0
3347.HK,D,20240829,000000,28.35,30.15,27.65,29.8,2875474,0
3347.HK,D,20240830,000000,29.8,30.4,29.05,29.45,1376741,0
3347.HK,D,20240902,000000,29,29.3,27.15,27.55,1759000,0
3347.HK,D,20240903,000000,27.55,28.15,26.9,27.3,1038000,0
3347.HK,D,20240904,000000,27.3,28.05,26.7,27.3,1024300,0
3347.HK,D,20240905,000000,27.3,27.95,27.05,27.7,1035700,0
3347.HK,D,20240909,000000,27.5,28.6,27,27.35,1591600,0
3347.HK,D,20240910,000000,26.9,26.9,25.7,25.95,3278500,0
3347.HK,D,20240911,000000,25.95,26.45,25.3,25.85,2118300,0
3347.HK,D,20240912,000000,26.15,27,25.05,25.45,3864000,0
3347.HK,D,20240913,000000,25.2,26.45,25.2,26.4,1558300,0
3347.HK,D,20240916,000000,26.55,26.55,25.5,25.95,158700,0
3347.HK,D,20240917,000000,25.75,25.95,25.4,25.95,107100,0
3347.HK,D,20240919,000000,26.75,28.15,26.35,26.6,3171900,0
3347.HK,D,20240920,000000,26.7,28.75,26.7,27.8,2939371,0
3347.HK,D,20240923,000000,27.85,28.4,26.55,26.6,2348421,0
3347.HK,D,20240924,000000,27.2,27.8,26,27.7,3376800,0
3347.HK,D,20240925,000000,27.75,29.45,27.75,28.55,3700642,0
3347.HK,D,20240926,000000,28.6,31.25,28.15,31.05,2474600,0
3347.HK,D,20240927,000000,32.2,35.25,31.55,34.95,5820700,0
3347.HK,D,20240930,000000,37,41.8,36.25,40.1,7798922,0
3347.HK,D,20241002,000000,40.1,52.6,40.1,51.65,3923582,0
3347.HK,D,20241003,000000,52.55,52.9,44.6,47.7,2443630,0
3347.HK,D,20241004,000000,48,55.5,46.15,53,2881400,0
3347.HK,D,20241007,000000,54.65,58.8,54.65,57.55,4107685,0
3347.HK,D,20241008,000000,52.65,56,40.1,42.25,15248098,0
3347.HK,D,20241009,000000,42.5,43.8,37,39.7,9320078,0
3347.HK,D,20241010,000000,39.75,41.3,38.8,40,3645625,0
3347.HK,D,20241014,000000,38.1,38.8,35.8,37.75,4790325,0
3347.HK,D,20241015,000000,37.75,38.55,34.75,35.05,3301300,0
3347.HK,D,20241016,000000,34.5,36.8,34.1,36,3166500,0
3347.HK,D,20241017,000000,35,36.9,33.85,34.2,2683730,0
3347.HK,D,20241018,000000,34.2,38.25,34.2,37.2,3181822,0
3347.HK,D,20241021,000000,38.4,38.5,36.85,37.15,4243219,0
3347.HK,D,20241022,000000,36.9,38.9,36.9,37.75,1904800,0
3347.HK,D,20241023,000000,37.8,38.9,36.75,38.3,2708393,0
3347.HK,D,20241024,000000,38.2,39.35,36.8,36.9,2469000,0
3347.HK,D,20241025,000000,37.45,42.3,36.9,41.75,6658300,0
3347.HK,D,20241028,000000,41.5,42.65,40,42.05,3178600,0
3347.HK,D,20241029,000000,42.7,43.75,39.3,39.75,2651133,0
3347.HK,D,20241030,000000,38.3,38.35,34.35,35.3,7501690,0
3347.HK,D,20241031,000000,35.1,35.95,34.8,35.15,1740565,0
3347.HK,D,20241101,000000,35.1,36.75,34.75,36.15,2323600,0
3347.HK,D,20241104,000000,37,37.85,35.65,36.45,2042049,0
3347.HK,D,20241105,000000,36.7,38.9,35.8,38.8,2936861,0
3347.HK,D,20241106,000000,38.7,39.95,37.55,39.15,3325519,0
3347.HK,D,20241107,000000,37.4,38.8,37.4,38.15,3578441,0
3347.HK,D,20241108,000000,38.9,39.9,37.15,37.85,3286523,0
3347.HK,D,20241111,000000,36.5,38.9,36.5,37.75,2440300,0
3347.HK,D,20241112,000000,37.65,39.7,36.5,37,3358940,0
3347.HK,D,20241113,000000,37.35,37.45,35.25,36.5,1526100,0
3347.HK,D,20241114,000000,36.5,36.7,34.2,34.45,2068542,0
3347.HK,D,20241115,000000,34.2,35.15,33.65,34.2,1592400,0
3347.HK,D,20241118,000000,33.8,34.8,33.1,33.45,2260614,0
3347.HK,D,20241119,000000,33.9,34.5,33.05,33.45,2448300,0
3347.HK,D,20241120,000000,33.3,36.3,33.3,35.3,4218954,0
3347.HK,D,20241121,000000,35.55,35.8,33.8,34,1929900,0
3347.HK,D,20241122,000000,34.7,34.7,31.95,32.35,1951000,0
3347.HK,D,20241125,000000,32.35,32.7,31.55,32.25,2229800,0
3347.HK,D,20241126,000000,31.65,33.15,31.65,32.4,1307500,0
3347.HK,D,20241127,000000,32.7,34.45,32.35,34.25,1863200,0
3347.HK,D,20241128,000000,34.6,34.6,32.7,33.05,1218565,0
3347.HK,D,20241129,000000,33,34.75,33,33.7,1705694,0
3347.HK,D,20241202,000000,33.7,34.45,33.4,33.9,1321400,0
3347.HK,D,20241203,000000,34.4,34.4,33.45,34.25,1318742,0
3347.HK,D,20241204,000000,34,34.2,33.6,33.85,1248000,0
3347.HK,D,20241205,000000,33.95,34.3,33.25,33.5,1004600,0
3347.HK,D,20241206,000000,33.45,35.7,33.45,34.9,1804281,0
3347.HK,D,20241209,000000,36.6,36.9,34.4,35.9,3217240,0
3347.HK,D,20241210,000000,37.5,37.5,34.65,34.75,1788600,0
3347.HK,D,20241211,000000,34.8,35.9,34.55,34.9,1028600,0
3347.HK,D,20241212,000000,34.9,35.4,34.45,35.05,715115,0
3347.HK,D,20241213,000000,35.45,35.45,33.75,33.8,1051100,0
3347.HK,D,20241216,000000,34.4,34.4,32.7,32.85,607300,0
3347.HK,D,20241217,000000,33,33.25,32.55,32.9,736622,0
3347.HK,D,20241218,000000,32.75,33.25,32.75,33.05,765000,0
3347.HK,D,20241219,000000,32.5,32.65,31.8,32.5,774300,0
3347.HK,D,20241220,000000,32.2,32.95,32.2,32.25,629807,0
3347.HK,D,20241223,000000,32.75,32.75,31.55,32.2,650600,0
3347.HK,D,20241224,000000,32,32.7,32,32.55,266900,0
3347.HK,D,20241227,000000,32.2,32.2,30.95,31.3,1820300,0
3347.HK,D,20241230,000000,31.2,32.45,31,31.1,1334500,0
3347.HK,D,20241231,000000,31.5,31.5,30.45,30.8,606100,0
3347.HK,D,20250102,000000,30.3,31,29.9,30.15,1561658,0
3347.HK,D,20250103,000000,30.6,30.6,29.4,29.65,1063927,0
3347.HK,D,20250106,000000,30.05,30.3,29,29.3,1449000,0
3347.HK,D,20250107,000000,29.3,29.45,28.6,29.25,1201800,0
3347.HK,D,20250108,000000,28.8,29.25,28,28.4,1592239,0
3347.HK,D,20250109,000000,28.4,29.2,28.25,28.75,677900,0
3347.HK,D,20250110,000000,28.5,29.1,28.1,28.3,632237,0
3347.HK,D,20250113,000000,28.3,28.55,27.9,28.4,388500,0
3347.HK,D,20250114,000000,28.9,29.35,28.65,29,1318971,0
3347.HK,D,20250115,000000,29,29.3,28.15,28.45,808193,0
3347.HK,D,20250116,000000,28.5,29.5,28.25,28.6,1210234,0
3347.HK,D,20250117,000000,28.6,28.7,28,28.6,1104200,0
3347.HK,D,20250120,000000,29,29.7,28.8,29,1816677,0
3347.HK,D,20250121,000000,29.1,29.55,28.5,28.95,682800,0
3347.HK,D,20250122,000000,28.75,28.8,28.05,28.35,779893,0
3347.HK,D,20250123,000000,28.75,29.1,28,28.15,684580,0
3347.HK,D,20250124,000000,28,29.4,28,28.9,1088303,0
3347.HK,D,20250127,000000,28.05,29.3,28,28.8,1124363,0
3347.HK,D,20250128,000000,28.1,28.65,27.7,28.05,104600,0
3347.HK,D,20250203,000000,27.5,28.2,25.75,27.25,594686,0
3347.HK,D,20250204,000000,27.25,28.45,26.65,27.75,688101,0
3347.HK,D,20250205,000000,28,28.1,27.25,27.95,1545500,0
3347.HK,D,20250206,000000,28,28.85,27.6,28.65,3760819,0
3347.HK,D,20250207,000000,28.7,29.75,28.4,29.45,6370455,0
3347.HK,D,20250210,000000,29.75,30.8,29.1,30.45,4354494,0
3347.HK,D,20250211,000000,30.75,30.75,29.15,29.35,2846000,0
3347.HK,D,20250212,000000,29.25,29.85,28.85,29.25,3736262,0
3347.HK,D,20250213,000000,29.45,29.9,28.5,28.6,3365095,0
3347.HK,D,20250214,000000,29.1,32.25,28.75,32.2,8485468,0
3347.HK,D,20250217,000000,34.15,34.2,30.65,31.35,10920000,0
3347.HK,D,20250218,000000,31.6,32.35,30.75,31.45,3768068,0
3347.HK,D,20250219,000000,31.45,32.3,30.75,31.5,3627768,0
3347.HK,D,20250220,000000,31.85,36.4,31.5,35.55,19793467,0
3347.HK,D,20250221,000000,36.8,38.85,35.2,38.6,11253800,0
3347.HK,D,20250224,000000,39,39.05,35.55,35.7,8961550,0
3347.HK,D,20250225,000000,34.45,36.5,34.4,35,4643900,0
3347.HK,D,20250226,000000,35.35,37.8,35.25,36.9,5986700,0
3347.HK,D,20250227,000000,36.9,37.8,35.25,36.35,5208236,0
3347.HK,D,20250228,000000,36.4,36.95,33.35,33.85,5122600,0
3347.HK,D,20250303,000000,33.9,35.45,32.85,33.3,3142763,0
3347.HK,D,20250304,000000,32.6,33.7,32.4,33.1,2385900,0
3347.HK,D,20250305,000000,33.1,34.15,32.6,33.95,3437400,0
3347.HK,D,20250306,000000,34.75,35.75,34.25,35.25,3664329,0
3347.HK,D,20250307,000000,35.25,35.75,34.35,35.5,3040548,0
3347.HK,D,20250310,000000,35.55,36.5,34.3,35,2517914,0
3347.HK,D,20250311,000000,34.1,36.65,34.1,36.35,2301885,0
3347.HK,D,20250312,000000,36.6,39.25,35.75,36.35,6992012,0
3347.HK,D,20250313,000000,36.35,37.4,34.45,35,2533248,0
3347.HK,D,20250314,000000,35.55,38.1,35.05,37.5,4176047,0
3347.HK,D,20250317,000000,37.35,37.95,36.65,36.9,1415200,0
3347.HK,D,20250318,000000,37.5,39.8,37.5,38.7,5175913,0
3347.HK,D,20250319,000000,38.9,39.45,36.9,37.75,4138399,0
3347.HK,D,20250320,000000,38,38.2,35.85,36,3875778,0
3347.HK,D,20250321,000000,36,36.25,34,34.35,3320101,0
3347.HK,D,20250324,000000,34.6,34.95,33.7,34.35,1623013,0
3347.HK,D,20250325,000000,34.8,34.8,33.3,33.7,1715280,0
3347.HK,D,20250326,000000,34,34.5,33.35,34.45,955600,0
3347.HK,D,20250327,000000,34.2,36.25,33.95,35.85,3320339,0
3347.HK,D,20250328,000000,35.2,36.2,31.8,31.9,7978272,0
3347.HK,D,20250331,000000,31.9,32.1,29.9,31,6319200,0
3347.HK,D,20250401,000000,31.2,33.6,30.8,32.15,7864800,0
3347.HK,D,20250402,000000,31.85,32.1,29.8,30.25,6633312,0
3347.HK,D,20250403,000000,29.5,30.85,29.4,30.35,2253628,0
3347.HK,D,20250407,000000,28.4,28.4,24.1,24.5,7094600,0
3347.HK,D,20250408,000000,25.2,25.75,24.1,25.15,4418700,0
3347.HK,D,20250409,000000,22.3,25.45,22.3,25.2,4199326,0
3347.HK,D,20250410,000000,26.25,26.75,25.6,25.75,3456300,0
3347.HK,D,20250411,000000,25.5,26.6,25.45,26.4,2276800,0
3347.HK,D,20250414,000000,26.95,27.35,26.35,27.05,2079800,0
3347.HK,D,20250415,000000,27.1,27.1,25.4,26,3551836,0
3347.HK,D,20250416,000000,25.75,25.75,24.7,25,1402500,0
3347.HK,D,20250417,000000,25.05,25.8,24.8,25.6,1412500,0
