<TICKER>,<PER>,<DATE>,<TIME>,<OPEN>,<HIGH>,<LOW>,<CLOSE>,<VOL>,<OPENINT>
6608.HK,D,20210331,000000,29.45,29.45,26.65,26.7,41548969,0
6608.HK,D,20210401,000000,26.1,26.9,25.5,26.75,12392486,0
6608.HK,D,20210407,000000,26.9,27.8,26.1,27.55,5838233,0
6608.HK,D,20210408,000000,27.1,27.7,26,26.3,4478641,0
6608.HK,D,20210409,000000,26.3,26.65,24.8,25.45,4443000,0
6608.HK,D,20210412,000000,25,25.1,24.05,24.45,3148950,0
6608.HK,D,20210413,000000,24.2,24.4,22.75,22.75,4367900,0
6608.HK,D,20210414,000000,22.5,23.5,22.5,23.5,1420324,0
6608.HK,D,20210415,000000,24.5,25,23.85,24.6,3475200,0
6608.HK,D,20210416,000000,24.75,24.9,24.05,24.6,1508000,0
6608.HK,D,20210419,000000,24.6,24.6,23.85,24.55,1050000,0
6608.HK,D,20210420,000000,24.55,24.55,24.1,24.45,812500,0
6608.HK,D,20210421,000000,24.1,24.1,23.5,23.8,1148500,0
6608.HK,D,20210422,000000,23.75,23.8,23.2,23.25,1154000,0
6608.HK,D,20210423,000000,23.3,23.65,22.75,22.75,1551600,0
6608.HK,D,20210426,000000,22.75,23.35,22.75,22.9,628200,0
6608.HK,D,20210427,000000,22.85,22.85,22.2,22.25,1154000,0
6608.HK,D,20210428,000000,22.25,22.7,21.55,21.55,1155000,0
6608.HK,D,20210429,000000,21.6,21.9,20.65,20.7,1607100,0
6608.HK,D,20210430,000000,20.65,20.7,19.88,19.9,2034300,0
6608.HK,D,20210503,000000,19.92,21,19.18,20.8,1525300,0
6608.HK,D,20210504,000000,21,21.6,20.2,20.65,1411000,0
6608.HK,D,20210505,000000,20.65,20.65,19.94,19.98,745000,0
6608.HK,D,20210506,000000,20,20.15,19.02,19.22,1069400,0
6608.HK,D,20210507,000000,19.22,19.64,19.22,19.22,534500,0
6608.HK,D,20210510,000000,19.22,19.6,18.82,18.82,789598,0
6608.HK,D,20210511,000000,18.68,19.26,18.52,19.04,738060,0
6608.HK,D,20210512,000000,19.04,19.52,19.04,19.38,527000,0
6608.HK,D,20210513,000000,19.24,19.34,18.7,18.82,370900,0
6608.HK,D,20210514,000000,18.8,18.92,18.54,18.54,403000,0
6608.HK,D,20210517,000000,18.54,18.58,18,18.14,1339400,0
6608.HK,D,20210518,000000,18.02,18.3,18,18.28,530500,0
6608.HK,D,20210520,000000,18.1,18.2,17.8,17.88,688600,0
6608.HK,D,20210521,000000,18.02,18.42,17.92,17.92,728100,0
6608.HK,D,20210524,000000,17.74,17.96,17.5,17.68,548000,0
6608.HK,D,20210525,000000,17.68,18.44,17.68,18.24,821000,0
6608.HK,D,20210526,000000,18.74,20,18.58,19.94,2385300,0
6608.HK,D,20210527,000000,20.2,20.75,19.7,19.8,1395000,0
6608.HK,D,20210528,000000,19.8,20.35,19.6,19.78,725580,0
6608.HK,D,20210531,000000,20.2,22.3,20.1,22.2,2577400,0
6608.HK,D,20210601,000000,22.15,23.1,21.2,23,2164500,0
6608.HK,D,20210602,000000,23,23.2,22.5,22.6,866500,0
6608.HK,D,20210603,000000,22.6,22.6,21.7,21.9,952000,0
6608.HK,D,20210604,000000,21.9,22.6,21.4,21.8,934000,0
6608.HK,D,20210607,000000,21.85,22.2,21.45,21.5,617000,0
6608.HK,D,20210608,000000,21.75,21.9,20.9,20.95,591000,0
6608.HK,D,20210609,000000,21,21.3,20.6,20.95,328000,0
6608.HK,D,20210610,000000,20.95,21.5,20.9,21.05,319000,0
6608.HK,D,20210611,000000,20.9,21.05,20.2,20.95,675500,0
6608.HK,D,20210615,000000,20.85,21,20.25,20.45,257500,0
6608.HK,D,20210616,000000,20.45,20.45,19.74,19.74,515500,0
6608.HK,D,20210617,000000,19.68,19.82,19.12,19.2,304000,0
6608.HK,D,20210618,000000,19.08,19.68,19.02,19.58,446000,0
6608.HK,D,20210621,000000,19.44,19.74,19.2,19.24,210000,0
6608.HK,D,20210622,000000,19.4,20.4,19.36,20.3,723000,0
6608.HK,D,20210623,000000,20.6,20.6,20,20.1,312500,0
6608.HK,D,20210624,000000,20.1,20.55,19.82,19.96,191500,0
6608.HK,D,20210625,000000,19.9,20.5,19.84,20.05,251500,0
6608.HK,D,20210628,000000,20,21,19.92,20.9,637500,0
6608.HK,D,20210629,000000,20.9,21.4,20.9,21.15,586234,0
6608.HK,D,20210630,000000,21.1,21.1,20.6,20.65,335000,0
6608.HK,D,20210702,000000,20.65,20.65,19.8,19.9,401500,0
6608.HK,D,20210705,000000,19.9,19.94,19.16,19.18,235500,0
6608.HK,D,20210706,000000,19.18,19.56,18.66,18.9,344500,0
6608.HK,D,20210707,000000,19.26,19.26,18.6,18.94,206898,0
6608.HK,D,20210708,000000,18.94,19.26,18.5,18.64,326500,0
6608.HK,D,20210709,000000,18.62,19.12,18.4,18.96,432500,0
6608.HK,D,20210712,000000,19,19.54,18.96,19.5,315000,0
6608.HK,D,20210713,000000,19.5,19.5,19.04,19.14,297000,0
6608.HK,D,20210714,000000,18.9,19.48,18.9,19.04,123500,0
6608.HK,D,20210715,000000,19.04,19.26,18.74,18.8,359500,0
6608.HK,D,20210716,000000,18.8,18.8,18.52,18.58,234000,0
6608.HK,D,20210719,000000,18.66,18.92,18.1,18.3,426000,0
6608.HK,D,20210720,000000,18.3,18.3,17.78,17.9,319000,0
6608.HK,D,20210721,000000,18.38,18.38,17.84,17.96,144105,0
6608.HK,D,20210722,000000,17.96,18.38,17.86,18.04,238000,0
6608.HK,D,20210723,000000,17.9,18.18,17.7,17.72,186605,0
6608.HK,D,20210726,000000,17.72,17.72,15.78,15.78,947000,0
6608.HK,D,20210727,000000,15.82,15.82,12.12,12.36,2773000,0
6608.HK,D,20210728,000000,12.34,12.56,11.74,11.92,726000,0
6608.HK,D,20210729,000000,12.22,13.76,12.22,13.72,956102,0
6608.HK,D,20210730,000000,13.72,13.72,12.64,12.88,545000,0
6608.HK,D,20210802,000000,12.8,12.98,12.52,12.9,234100,0
6608.HK,D,20210803,000000,13,13.08,12.42,12.52,311366,0
6608.HK,D,20210804,000000,12.84,13,12.5,12.74,158000,0
6608.HK,D,20210805,000000,12.8,12.8,11.8,12.28,262500,0
6608.HK,D,20210806,000000,12.4,12.4,11.8,11.9,475000,0
6608.HK,D,20210809,000000,11.9,11.9,11.56,11.6,772364,0
6608.HK,D,20210810,000000,11.6,12.58,11.6,12.44,553100,0
6608.HK,D,20210811,000000,12.4,12.98,12.38,12.72,409507,0
6608.HK,D,20210812,000000,12.62,12.82,12.34,12.82,163000,0
6608.HK,D,20210813,000000,12.8,12.8,12.18,12.24,259500,0
6608.HK,D,20210816,000000,12.04,12.08,11.78,11.84,182500,0
6608.HK,D,20210817,000000,12,12.1,11.7,11.82,197000,0
6608.HK,D,20210818,000000,11.86,12.06,11.7,11.92,118500,0
6608.HK,D,20210819,000000,12,12,11.22,11.3,256500,0
6608.HK,D,20210820,000000,11.26,11.3,10.74,10.74,706000,0
6608.HK,D,20210823,000000,10.74,11.06,10.6,10.76,368000,0
6608.HK,D,20210824,000000,10.78,11.58,10.78,11.5,400500,0
6608.HK,D,20210825,000000,12,12.38,11.74,12.06,459759,0
6608.HK,D,20210826,000000,12.64,12.82,12.44,12.66,806000,0
6608.HK,D,20210827,000000,12.78,12.78,12.08,12.28,148000,0
6608.HK,D,20210830,000000,12.12,12.34,11.66,12.02,273000,0
6608.HK,D,20210831,000000,11.68,12.08,11.5,11.84,251000,0
6608.HK,D,20210901,000000,11.8,12.18,11.76,11.98,374500,0
6608.HK,D,20210902,000000,12.08,12.82,12,12.54,987500,0
6608.HK,D,20210903,000000,12.88,15.38,12.32,15.38,2562400,0
6608.HK,D,20210906,000000,14.98,14.98,14.12,14.4,1077500,0
6608.HK,D,20210907,000000,14.42,15.02,14.42,14.52,214000,0
6608.HK,D,20210908,000000,14.52,14.94,14.32,14.38,360500,0
6608.HK,D,20210909,000000,14.06,15.1,14.06,15.1,842800,0
6608.HK,D,20210910,000000,15.1,15.54,15,15.3,467000,0
6608.HK,D,20210913,000000,15,15.24,14.64,14.78,200000,0
6608.HK,D,20210914,000000,14.88,15.28,14.64,15,492000,0
6608.HK,D,20210915,000000,14.72,15.06,14.4,14.4,367000,0
6608.HK,D,20210916,000000,14.4,14.54,13.54,13.88,325500,0
6608.HK,D,20210917,000000,13.88,14.8,13.68,14.6,841365,0
6608.HK,D,20210920,000000,14.46,14.5,13.88,14.16,127500,0
6608.HK,D,20210921,000000,14.16,14.42,13.42,13.7,221500,0
6608.HK,D,20210923,000000,13.8,14.28,13.7,13.7,125000,0
6608.HK,D,20210924,000000,13.68,13.84,12.82,12.84,544000,0
6608.HK,D,20210927,000000,12.84,12.84,12.28,12.34,195500,0
6608.HK,D,20210928,000000,12.34,12.92,12.34,12.6,230000,0
6608.HK,D,20210929,000000,12.3,12.9,12.24,12.4,235500,0
6608.HK,D,20210930,000000,12.5,12.5,11.96,12.42,389500,0
6608.HK,D,20211004,000000,12.42,12.82,11.88,12.76,266500,0
6608.HK,D,20211005,000000,12.66,12.72,12.5,12.56,152399,0
6608.HK,D,20211006,000000,12.54,12.58,11.86,12,243500,0
6608.HK,D,20211007,000000,12,12.54,12,12.54,350500,0
6608.HK,D,20211008,000000,12.6,12.98,12.52,12.82,853000,0
6608.HK,D,20211011,000000,12.82,13.18,12.62,12.98,810500,0
6608.HK,D,20211012,000000,12.98,13.26,12.58,12.84,368000,0
6608.HK,D,20211015,000000,12.9,13.18,12.74,13.1,952804,0
6608.HK,D,20211018,000000,13,13.26,12.76,13.26,1197000,0
6608.HK,D,20211019,000000,13.28,13.64,13.02,13.5,915000,0
6608.HK,D,20211020,000000,13.5,13.86,13.44,13.66,1044500,0
6608.HK,D,20211021,000000,13.66,13.7,12.8,12.92,727178,0
6608.HK,D,20211022,000000,12.92,13.08,12.66,12.82,256500,0
6608.HK,D,20211025,000000,13.24,13.24,12.68,12.82,311500,0
6608.HK,D,20211026,000000,12.8,13.06,12.5,12.6,477000,0
6608.HK,D,20211027,000000,12.8,12.8,12.24,12.34,345500,0
6608.HK,D,20211028,000000,12.56,12.78,12.3,12.3,157500,0
6608.HK,D,20211029,000000,12.54,12.54,12.14,12.32,183000,0
6608.HK,D,20211101,000000,12.6,12.6,11.94,11.96,284000,0
6608.HK,D,20211102,000000,11.96,12.38,11.96,12.3,567500,0
6608.HK,D,20211103,000000,12.28,12.38,11.86,11.94,133500,0
6608.HK,D,20211104,000000,11.96,12.1,11.62,11.74,232601,0
6608.HK,D,20211105,000000,11.98,11.98,11.6,11.68,167500,0
6608.HK,D,20211108,000000,11.8,11.8,11.2,11.24,432000,0
6608.HK,D,20211109,000000,11.24,11.6,10.88,11.52,428500,0
6608.HK,D,20211110,000000,11.52,11.84,11.4,11.74,197000,0
6608.HK,D,20211111,000000,11.78,12.26,11.72,12.14,437000,0
6608.HK,D,20211112,000000,12.2,12.2,11.82,11.92,492500,0
6608.HK,D,20211115,000000,11.86,12.12,11.7,11.96,343500,0
6608.HK,D,20211116,000000,12,12.3,11.68,11.76,980000,0
6608.HK,D,20211117,000000,11.76,11.8,11.32,11.54,252000,0
6608.HK,D,20211118,000000,11.54,11.54,11.06,11.18,283500,0
6608.HK,D,20211119,000000,11.14,11.14,10.88,10.92,378000,0
6608.HK,D,20211122,000000,10.88,11.22,10.6,11.04,684500,0
6608.HK,D,20211123,000000,11.04,11.04,10.56,10.56,742500,0
6608.HK,D,20211124,000000,10.62,10.62,10.22,10.32,298000,0
6608.HK,D,20211125,000000,10.34,10.78,10.16,10.68,327000,0
6608.HK,D,20211126,000000,10.68,10.7,10.34,10.54,363500,0
6608.HK,D,20211129,000000,10.54,10.56,10.26,10.32,168500,0
6608.HK,D,20211130,000000,10.32,10.34,9.99,10.14,556200,0
6608.HK,D,20211201,000000,10.1,10.28,9.97,10.28,453500,0
6608.HK,D,20211202,000000,9.97,10.12,9.95,10.1,212000,0
6608.HK,D,20211203,000000,10.06,10.1,9.9,9.9,424500,0
6608.HK,D,20211206,000000,9.91,9.98,9.6,9.7,395000,0
6608.HK,D,20211207,000000,9.7,10.46,9.7,10.36,503078,0
6608.HK,D,20211208,000000,10.36,10.84,10.26,10.58,318500,0
6608.HK,D,20211209,000000,10.58,11.08,10.58,10.84,396000,0
6608.HK,D,20211210,000000,10.84,10.84,10.54,10.6,131000,0
6608.HK,D,20211213,000000,10.48,10.7,10.44,10.44,112500,0
6608.HK,D,20211214,000000,10.4,10.54,10.2,10.28,214000,0
6608.HK,D,20211215,000000,10.34,10.56,10.26,10.3,5936215,0
6608.HK,D,20211216,000000,10.3,10.98,10.3,10.96,510500,0
6608.HK,D,20211217,000000,10.86,10.86,10.4,10.5,551500,0
6608.HK,D,20211220,000000,10.5,10.5,9.74,9.81,337500,0
6608.HK,D,20211221,000000,9.8,9.8,9.1,9.49,1038000,0
6608.HK,D,20211222,000000,9.48,9.66,9.33,9.62,276000,0
6608.HK,D,20211223,000000,9.61,9.61,9.51,9.6,128000,0
6608.HK,D,20211224,000000,9.6,9.61,9.39,9.6,40000,0
6608.HK,D,20211228,000000,9.6,9.83,9.44,9.7,147500,0
6608.HK,D,20211229,000000,9.6,9.6,9.15,9.48,347306,0
6608.HK,D,20211230,000000,9.48,9.49,9.17,9.4,306000,0
6608.HK,D,20211231,000000,9.5,10.42,9.45,10.4,1293274,0
6608.HK,D,20220103,000000,10.26,10.88,10.02,10.88,762000,0
6608.HK,D,20220104,000000,10.88,10.88,10.22,10.42,212000,0
6608.HK,D,20220105,000000,10.2,10.2,9.49,9.81,656100,0
6608.HK,D,20220106,000000,9.71,9.88,9.35,9.86,624500,0
6608.HK,D,20220107,000000,9.62,10.36,9.49,10.28,690000,0
6608.HK,D,20220110,000000,10.26,10.42,9.41,9.8,2070500,0
6608.HK,D,20220111,000000,9.94,9.94,9.7,9.83,201500,0
6608.HK,D,20220112,000000,9.75,10.06,9.75,9.83,510500,0
6608.HK,D,20220113,000000,10.02,10.08,9.46,9.47,351500,0
6608.HK,D,20220114,000000,9.4,9.61,9.4,9.55,235500,0
6608.HK,D,20220117,000000,9.55,9.68,9.4,9.67,176500,0
6608.HK,D,20220118,000000,9.7,9.8,9.62,9.74,86500,0
6608.HK,D,20220119,000000,9.6,9.79,9.5,9.61,205000,0
6608.HK,D,20220120,000000,9.61,9.98,9.56,9.98,550000,0
6608.HK,D,20220121,000000,9.98,9.98,9.63,9.85,151000,0
6608.HK,D,20220124,000000,9.61,9.8,9.53,9.57,83000,0
6608.HK,D,20220125,000000,9.4,9.54,9.12,9.33,392500,0
6608.HK,D,20220126,000000,9.33,9.39,9.19,9.39,374500,0
6608.HK,D,20220127,000000,9.21,9.21,8.9,9.18,457500,0
6608.HK,D,20220128,000000,9.01,9.2,8.76,8.85,637500,0
6608.HK,D,20220131,000000,8.85,9.28,8.8,9.28,190500,0
6608.HK,D,20220204,000000,9.29,9.68,9.28,9.67,172500,0
6608.HK,D,20220207,000000,9.72,9.76,9.5,9.65,142000,0
6608.HK,D,20220208,000000,9.45,10.12,9.44,10.12,542000,0
6608.HK,D,20220209,000000,10,10.4,10,10.3,316000,0
6608.HK,D,20220210,000000,9.94,10.3,9.84,10.28,123000,0
6608.HK,D,20220211,000000,9.93,10.32,9.92,10.2,205000,0
6608.HK,D,20220214,000000,9.95,10.06,9.8,9.9,175500,0
6608.HK,D,20220215,000000,9.7,9.81,9.52,9.76,639000,0
6608.HK,D,20220216,000000,9.77,9.77,9.34,9.35,2441500,0
6608.HK,D,20220217,000000,9.16,9.49,9.06,9.09,2793500,0
6608.HK,D,20220218,000000,9.07,9.23,8.98,9,3056000,0
6608.HK,D,20220221,000000,9,9.02,8.64,8.7,756000,0
6608.HK,D,20220222,000000,8.7,8.7,7.8,8.08,2280500,0
6608.HK,D,20220223,000000,8.08,8.12,7.75,7.78,1546500,0
6608.HK,D,20220224,000000,7.68,7.78,7.03,7.16,2014000,0
6608.HK,D,20220225,000000,7.16,8.05,7.04,7.78,2187000,0
6608.HK,D,20220228,000000,7.74,8.37,7.55,8.37,3745000,0
6608.HK,D,20220301,000000,8.37,8.81,8.13,8.16,3343411,0
6608.HK,D,20220302,000000,8.16,8.34,7.92,8,1560500,0
6608.HK,D,20220303,000000,8.08,8.09,7.58,7.78,1341000,0
6608.HK,D,20220304,000000,7.66,7.97,7.39,7.59,2036000,0
6608.HK,D,20220307,000000,7.35,7.72,7.2,7.35,1668000,0
6608.HK,D,20220308,000000,7.35,7.77,7.27,7.39,1881500,0
6608.HK,D,20220309,000000,7.39,7.6,7.11,7.6,2210500,0
6608.HK,D,20220310,000000,7.62,7.88,7.56,7.72,619500,0
6608.HK,D,20220311,000000,7.5,7.94,7.31,7.93,1434500,0
6608.HK,D,20220314,000000,7.93,7.93,7.24,7.39,2696000,0
6608.HK,D,20220315,000000,7.1,7.4,6.39,7.14,3088500,0
6608.HK,D,20220316,000000,7.15,7.75,6.96,7.75,1813400,0
6608.HK,D,20220317,000000,7.85,9.33,7.85,9.26,3350000,0
6608.HK,D,20220318,000000,9.08,9.53,8.8,9.51,1039000,0
6608.HK,D,20220321,000000,9.53,9.55,9.02,9.07,2072000,0
6608.HK,D,20220322,000000,9.07,9.48,9.07,9.19,1656000,0
6608.HK,D,20220323,000000,9.19,10.48,9.19,10.38,4161463,0
6608.HK,D,20220324,000000,10.28,10.62,9.94,10.3,990663,0
6608.HK,D,20220325,000000,9.81,10.4,9.3,9.32,1031500,0
6608.HK,D,20220328,000000,9.24,9.58,8.97,8.98,326500,0
6608.HK,D,20220329,000000,9.02,9.21,8.65,8.78,329500,0
6608.HK,D,20220330,000000,8.84,9.62,8.84,9.6,1177500,0
6608.HK,D,20220331,000000,9.2,9.81,9.2,9.73,472500,0
6608.HK,D,20220401,000000,9.37,9.66,9.2,9.63,618000,0
6608.HK,D,20220404,000000,9.41,9.98,9.41,9.96,122500,0
6608.HK,D,20220406,000000,9.9,9.9,8.27,9.17,3263350,0
6608.HK,D,20220407,000000,9.2,9.22,8.72,9.06,1089100,0
6608.HK,D,20220408,000000,9.29,9.41,8.98,9.33,536500,0
6608.HK,D,20220411,000000,9.28,9.28,8.72,9.03,548000,0
6608.HK,D,20220412,000000,9.12,9.33,8.86,9.19,712500,0
6608.HK,D,20220413,000000,9,9.19,8.71,9.1,473500,0
6608.HK,D,20220414,000000,9.11,9.4,9.02,9.13,610500,0
6608.HK,D,20220419,000000,8.86,9.1,8.8,8.94,316200,0
6608.HK,D,20220420,000000,8.94,9.05,8.8,9,646500,0
6608.HK,D,20220421,000000,9,9,8.66,8.68,660700,0
6608.HK,D,20220422,000000,8.8,8.98,8.72,8.88,73000,0
6608.HK,D,20220425,000000,8.88,8.88,8.53,8.54,490000,0
6608.HK,D,20220426,000000,8.57,8.69,8.45,8.56,357100,0
6608.HK,D,20220427,000000,8.56,8.85,8.54,8.72,339000,0
6608.HK,D,20220428,000000,8.7,9,8.51,9,578122,0
6608.HK,D,20220429,000000,9.15,10.72,8.95,10.72,2866500,0
6608.HK,D,20220503,000000,10.64,10.78,10.18,10.58,257500,0
6608.HK,D,20220504,000000,10.66,10.68,10.36,10.68,189500,0
6608.HK,D,20220505,000000,10.68,10.9,9.82,10.04,576000,0
6608.HK,D,20220506,000000,9.64,9.69,9.2,9.4,349000,0
6608.HK,D,20220510,000000,9.28,9.65,9,9.25,250500,0
6608.HK,D,20220511,000000,9.37,9.65,9.17,9.2,229500,0
6608.HK,D,20220512,000000,9.15,9.24,8.94,9.04,339500,0
6608.HK,D,20220513,000000,9.23,9.85,9.23,9.68,673500,0
6608.HK,D,20220516,000000,10.08,10.1,9.82,9.9,469000,0
6608.HK,D,20220517,000000,10,10,9.67,9.91,329200,0
6608.HK,D,20220518,000000,9.94,10.02,9.68,10,627500,0
6608.HK,D,20220519,000000,9.33,9.93,9.33,9.81,182250,0
6608.HK,D,20220520,000000,9.99,10,9.73,10,320500,0
6608.HK,D,20220523,000000,10.02,10.02,9.75,9.8,185000,0
6608.HK,D,20220524,000000,9.88,9.98,9.51,9.7,401500,0
6608.HK,D,20220525,000000,9.83,9.85,9.65,9.72,262900,0
6608.HK,D,20220526,000000,9.91,9.91,9.56,9.79,242500,0
6608.HK,D,20220527,000000,9.79,10.08,9.78,10,1745000,0
6608.HK,D,20220530,000000,10.1,10.18,9.8,10.08,2438000,0
6608.HK,D,20220531,000000,10.06,10.06,9.38,9.38,2743534,0
6608.HK,D,20220601,000000,9.41,9.62,8.88,8.91,1368034,0
6608.HK,D,20220602,000000,8.93,9,8.7,9,454500,0
6608.HK,D,20220606,000000,9,9.14,8.83,9.12,337500,0
6608.HK,D,20220607,000000,9.09,9.12,8.85,9.05,384000,0
6608.HK,D,20220608,000000,9.09,9.38,9.09,9.37,356000,0
6608.HK,D,20220609,000000,9.3,9.31,9,9.06,313000,0
6608.HK,D,20220610,000000,9.05,9.32,8.93,9.32,398500,0
6608.HK,D,20220613,000000,9.33,9.35,9.01,9.34,631500,0
6608.HK,D,20220614,000000,9.15,9.69,9,9.69,718000,0
6608.HK,D,20220615,000000,9.67,9.84,9.41,9.84,610800,0
6608.HK,D,20220616,000000,9.35,9.8,9.35,9.8,556000,0
6608.HK,D,20220617,000000,9.79,10,9.25,10,1790000,0
6608.HK,D,20220620,000000,9.75,10.02,9.65,10,5713500,0
6608.HK,D,20220621,000000,9.95,10,9.8,10,503500,0
6608.HK,D,20220622,000000,9.87,10.02,9.73,9.87,7575500,0
6608.HK,D,20220623,000000,9.8,9.99,9.74,9.95,716664,0
6608.HK,D,20220624,000000,9.91,10,9.85,9.9,700750,0
6608.HK,D,20220627,000000,9.85,10,9.85,10,745000,0
6608.HK,D,20220628,000000,9.99,9.99,9.65,9.99,660000,0
6608.HK,D,20220629,000000,9.99,10.02,9.75,10,5258500,0
6608.HK,D,20220630,000000,9.97,10.02,9.82,9.82,1441500,0
6608.HK,D,20220704,000000,9.8,9.8,9.07,9.25,1116500,0
6608.HK,D,20220705,000000,9.25,9.27,8.89,9.13,997500,0
6608.HK,D,20220706,000000,9.15,9.27,8.8,8.95,908000,0
6608.HK,D,20220707,000000,9.16,9.16,8.98,9.07,712500,0
6608.HK,D,20220708,000000,9.08,9.66,9.08,9.64,1823000,0
6608.HK,D,20220711,000000,9.67,9.79,9.19,9.33,4785500,0
6608.HK,D,20220712,000000,9.25,9.52,8.7,9.52,5502000,0
6608.HK,D,20220713,000000,9.6,9.6,8.9,8.93,937500,0
6608.HK,D,20220714,000000,8.92,8.98,8.68,8.76,1042000,0
6608.HK,D,20220715,000000,8.86,8.86,8.26,8.26,990500,0
6608.HK,D,20220718,000000,8.3,8.64,8.27,8.5,756500,0
6608.HK,D,20220719,000000,8.41,8.77,8.26,8.47,662000,0
6608.HK,D,20220720,000000,8.48,8.92,8.48,8.58,802500,0
6608.HK,D,20220721,000000,8.6,9,8.51,8.57,728500,0
6608.HK,D,20220722,000000,8.66,8.66,8.36,8.53,741500,0
6608.HK,D,20220725,000000,8.54,8.88,8.36,8.78,790500,0
6608.HK,D,20220726,000000,8.87,9.39,8.85,9.31,1089000,0
6608.HK,D,20220727,000000,9.24,9.28,8.89,8.99,815500,0
6608.HK,D,20220728,000000,8.99,9.26,8.85,8.86,560234,0
6608.HK,D,20220729,000000,9.08,9.16,8.85,8.98,690500,0
6608.HK,D,20220801,000000,8.98,9.33,8.72,9.18,1393304,0
6608.HK,D,20220802,000000,9.4,9.4,8.97,9.14,790000,0
6608.HK,D,20220803,000000,9.38,9.66,9.08,9.44,1108230,0
6608.HK,D,20220804,000000,9.7,9.86,9.48,9.75,746850,0
6608.HK,D,20220805,000000,9.86,9.93,9.69,9.91,610514,0
6608.HK,D,20220808,000000,9.93,10.2,9.78,9.82,832000,0
6608.HK,D,20220809,000000,9.92,9.93,9.61,9.7,480500,0
6608.HK,D,20220810,000000,9.74,9.74,9.39,9.51,196000,0
6608.HK,D,20220811,000000,9.7,9.84,9.45,9.65,592000,0
6608.HK,D,20220812,000000,9.7,9.71,9.4,9.49,299000,0
6608.HK,D,20220815,000000,9.51,9.8,9.46,9.55,245500,0
6608.HK,D,20220816,000000,9.45,9.59,9.11,9.2,458500,0
6608.HK,D,20220817,000000,9.99,9.99,9.12,9.22,288500,0
6608.HK,D,20220818,000000,9.35,9.35,8.94,9.02,446500,0
6608.HK,D,20220819,000000,9.19,9.19,8.99,9.1,64500,0
6608.HK,D,20220822,000000,9.1,9.1,8.9,9.04,73000,0
6608.HK,D,20220823,000000,9.04,9.38,8.84,8.84,434500,0
6608.HK,D,20220824,000000,8.9,9.17,8.72,8.83,346000,0
6608.HK,D,20220825,000000,9.02,9.35,9.02,9.33,485000,0
6608.HK,D,20220826,000000,9.5,9.7,9.37,9.41,477500,0
6608.HK,D,20220829,000000,9.37,9.37,9.03,9.13,123000,0
6608.HK,D,20220830,000000,9.22,9.22,8.98,9.13,172500,0
6608.HK,D,20220831,000000,9.12,9.56,8.97,9.42,755000,0
6608.HK,D,20220901,000000,9.32,9.34,9.06,9.16,140500,0
6608.HK,D,20220902,000000,9.23,9.23,8.9,8.93,140500,0
6608.HK,D,20220905,000000,8.95,9.04,8.8,8.97,315500,0
6608.HK,D,20220906,000000,8.95,9.14,8.8,8.88,361000,0
6608.HK,D,20220907,000000,8.88,8.94,8.85,8.88,120000,0
6608.HK,D,20220908,000000,8.88,9.03,8.82,8.83,81000,0
6608.HK,D,20220909,000000,8.92,9.02,8.73,8.96,95000,0
6608.HK,D,20220913,000000,9.14,9.28,9.05,9.05,380500,0
6608.HK,D,20220914,000000,8.93,9.01,8.88,8.93,23726,0
6608.HK,D,20220915,000000,8.93,9.09,8.77,8.88,239500,0
6608.HK,D,20220916,000000,8.88,9.08,8.77,8.84,240600,0
6608.HK,D,20220919,000000,8.92,8.94,8.45,8.45,317500,0
6608.HK,D,20220920,000000,8.45,8.7,8.33,8.62,209500,0
6608.HK,D,20220921,000000,8.4,8.76,8.4,8.47,218000,0
6608.HK,D,20220922,000000,8.4,8.4,7.84,8.23,705000,0
6608.HK,D,20220923,000000,8.04,8.2,8,8,225000,0
6608.HK,D,20220926,000000,7.6,8.23,7.6,8.13,908000,0
6608.HK,D,20220927,000000,8.13,8.15,7.87,8.08,128000,0
6608.HK,D,20220928,000000,8.01,8.09,7.71,7.9,313750,0
6608.HK,D,20220929,000000,7.9,8.4,7.9,8.09,446000,0
6608.HK,D,20220930,000000,8,8.17,8,8.16,204000,0
6608.HK,D,20221003,000000,7.75,7.9,7.7,7.75,79000,0
6608.HK,D,20221005,000000,7.79,8.24,7.79,8.24,156500,0
6608.HK,D,20221006,000000,8.01,8.24,8,8.24,65500,0
6608.HK,D,20221007,000000,8.01,8.6,8.01,8.58,145500,0
6608.HK,D,20221010,000000,8.56,8.95,8.46,8.5,975500,0
6608.HK,D,20221011,000000,8.46,8.5,8,8.34,388000,0
6608.HK,D,20221012,000000,8.34,8.38,8.15,8.24,113000,0
6608.HK,D,20221013,000000,8.29,8.29,8,8.1,131500,0
6608.HK,D,20221014,000000,8.14,8.51,8.14,8.22,85500,0
6608.HK,D,20221017,000000,8.26,8.47,8.25,8.4,127000,0
6608.HK,D,20221018,000000,8.35,8.69,8.33,8.52,256000,0
6608.HK,D,20221019,000000,8.52,8.55,8.29,8.43,81000,0
6608.HK,D,20221020,000000,8.27,8.49,8.1,8.26,118000,0
6608.HK,D,20221021,000000,8.26,8.53,8.1,8.12,196000,0
6608.HK,D,20221024,000000,8.1,8.25,7.86,7.88,442491,0
6608.HK,D,20221025,000000,7.9,8.18,7.88,8.08,272500,0
6608.HK,D,20221026,000000,8.08,8.43,7.94,8.13,178000,0
6608.HK,D,20221027,000000,8.16,8.26,7.91,7.93,83500,0
6608.HK,D,20221028,000000,7.93,8,7.9,8,141000,0
6608.HK,D,20221031,000000,8,8,7.75,7.99,83500,0
6608.HK,D,20221101,000000,7.92,8,7.77,7.82,305500,0
6608.HK,D,20221102,000000,7.72,7.94,7.4,7.94,386000,0
6608.HK,D,20221103,000000,7.42,7.77,7.37,7.75,473500,0
6608.HK,D,20221104,000000,7.41,7.94,7.41,7.78,178500,0
6608.HK,D,20221107,000000,7.77,8,7.76,7.99,302500,0
6608.HK,D,20221108,000000,7.8,7.99,7.66,7.87,51000,0
6608.HK,D,20221109,000000,7.72,7.78,7.43,7.75,231500,0
6608.HK,D,20221110,000000,7.83,7.95,7.47,7.5,704000,0
6608.HK,D,20221111,000000,7.94,7.98,7.54,7.98,551500,0
6608.HK,D,20221114,000000,7.98,8.02,7.78,7.9,761500,0
6608.HK,D,20221115,000000,7.82,8.02,7.82,8,1353000,0
6608.HK,D,20221116,000000,7.99,8.36,7.86,7.93,3452500,0
6608.HK,D,20221117,000000,7.93,8.21,7.82,8.17,1983000,0
6608.HK,D,20221118,000000,8.17,8.28,7.83,8.01,1850000,0
6608.HK,D,20221121,000000,7.81,7.96,7.4,7.78,1599500,0
6608.HK,D,20221122,000000,7.6,7.74,7.13,7.36,3744800,0
6608.HK,D,20221123,000000,7.36,8.03,7.35,8.03,3298200,0
6608.HK,D,20221124,000000,7.73,8.34,7.73,8.34,2778060,0
6608.HK,D,20221125,000000,8.1,8.25,7.7,8.03,1882500,0
6608.HK,D,20221128,000000,7.7,8,7.5,8,2197500,0
6608.HK,D,20221129,000000,8,8.4,8,8.39,2748500,0
6608.HK,D,20221130,000000,8.3,8.44,8.27,8.4,1649000,0
6608.HK,D,20221201,000000,8.47,9.4,8.47,8.85,3310098,0
6608.HK,D,20221202,000000,8.8,9,8.69,8.99,2021606,0
6608.HK,D,20221205,000000,9.16,9.92,9.16,9.9,6032752,0
6608.HK,D,20221206,000000,9.26,10.36,9.26,10.32,1727536,0
6608.HK,D,20221207,000000,10.4,10.54,9.72,10,1264915,0
6608.HK,D,20221208,000000,10,10.68,9.78,10.64,4267417,0
6608.HK,D,20221209,000000,10.82,10.88,10.46,10.78,1910019,0
6608.HK,D,20221212,000000,10.68,10.86,10.2,10.38,1586999,0
6608.HK,D,20221213,000000,10.12,10.36,9.75,10.28,2820998,0
6608.HK,D,20221214,000000,10.02,10.46,9.7,10.2,1338252,0
6608.HK,D,20221215,000000,10.2,10.26,9.71,10.14,1024698,0
6608.HK,D,20221216,000000,10,10.1,9.8,9.99,730498,0
6608.HK,D,20221219,000000,10.02,10.18,9.7,9.84,568998,0
6608.HK,D,20221220,000000,9.7,9.76,9.22,9.65,471999,0
6608.HK,D,20221221,000000,9.65,9.96,9.65,9.96,220000,0
6608.HK,D,20221222,000000,9.98,10.2,9.72,9.8,755500,0
6608.HK,D,20221223,000000,9.9,10.02,9.61,9.98,215000,0
6608.HK,D,20221228,000000,9.98,10.06,9.51,9.94,1913500,0
6608.HK,D,20221229,000000,10.1,10.1,9.35,9.92,1987499,0
6608.HK,D,20221230,000000,9.92,10.7,9.83,10.64,1948500,0
6608.HK,D,20230103,000000,10.6,10.6,10,10.36,1050000,0
6608.HK,D,20230104,000000,10.22,11.02,10.22,10.94,2542500,0
6608.HK,D,20230105,000000,10.98,11.1,10.7,10.94,2065500,0
6608.HK,D,20230106,000000,10.92,10.98,10.5,10.9,1346500,0
6608.HK,D,20230109,000000,10.9,12.08,10.7,11.96,4108001,0
6608.HK,D,20230110,000000,11.98,12,11.62,11.96,979750,0
6608.HK,D,20230111,000000,11.96,12.3,11.68,11.7,662000,0
6608.HK,D,20230112,000000,11.92,11.92,11.3,11.62,824297,0
6608.HK,D,20230113,000000,11.76,11.86,11.44,11.8,1046500,0
6608.HK,D,20230116,000000,11.8,11.9,10.88,11.14,1045503,0
6608.HK,D,20230117,000000,11.14,11.18,10.76,11,1262000,0
6608.HK,D,20230118,000000,10.9,10.9,10.26,10.52,7534500,0
6608.HK,D,20230119,000000,10.3,10.76,9.94,10.52,3053999,0
6608.HK,D,20230120,000000,10.52,10.66,10.08,10.42,1092002,0
6608.HK,D,20230126,000000,10.42,11.2,10.34,11,2731500,0
6608.HK,D,20230127,000000,11.3,11.34,10.66,11.08,2107500,0
6608.HK,D,20230130,000000,10.98,12.78,10.72,12.28,6255444,0
6608.HK,D,20230131,000000,12.2,12.88,11.5,11.9,6588000,0
6608.HK,D,20230201,000000,12.2,12.38,11.48,12.24,3014000,0
6608.HK,D,20230202,000000,12.4,13.52,12,13.22,11367645,0
6608.HK,D,20230203,000000,13.3,15.02,13.22,14.7,10744000,0
6608.HK,D,20230206,000000,14.88,14.88,13.52,13.78,3385504,0
6608.HK,D,20230207,000000,14.1,15.02,13.8,14.2,4529498,0
6608.HK,D,20230208,000000,14.2,14.9,14,14.5,3031949,0
6608.HK,D,20230209,000000,14.2,14.66,13.88,14.52,2404498,0
6608.HK,D,20230210,000000,14.52,14.58,14.06,14.28,1964504,0
6608.HK,D,20230213,000000,14.3,14.52,13.9,14.46,2173003,0
6608.HK,D,20230214,000000,14.4,14.4,12.84,12.92,4222000,0
6608.HK,D,20230215,000000,12.86,13.3,12.52,13,2512504,0
6608.HK,D,20230216,000000,13.76,14.68,13.38,13.66,8386195,0
6608.HK,D,20230217,000000,13.44,13.74,12.8,13.02,2841503,0
6608.HK,D,20230220,000000,13.32,14.9,13.28,14.88,10267746,0
6608.HK,D,20230221,000000,15,15,13.2,13.56,6044497,0
6608.HK,D,20230222,000000,13.24,13.5,13,13.14,2832996,0
6608.HK,D,20230223,000000,13.48,13.68,13,13.08,2993498,0
6608.HK,D,20230224,000000,13.2,13.2,11.48,11.7,9946501,0
6608.HK,D,20230227,000000,11.94,11.94,10.5,10.64,7184502,0
6608.HK,D,20230228,000000,11,11.1,10.44,10.66,3899996,0
6608.HK,D,20230301,000000,10.8,11.4,10.58,11.36,2583080,0
6608.HK,D,20230302,000000,11.12,11.3,10.7,10.94,2181000,0
6608.HK,D,20230303,000000,11.02,11.34,10.74,10.98,1985704,0
6608.HK,D,20230306,000000,10.86,10.98,10.54,10.82,985500,0
6608.HK,D,20230307,000000,10.78,11.12,10.6,10.66,1531951,0
6608.HK,D,20230308,000000,10.5,10.62,10.04,10.3,2369299,0
6608.HK,D,20230309,000000,10.1,10.34,10.08,10.22,1532502,0
6608.HK,D,20230310,000000,10,10.12,9.68,9.78,1233506,0
6608.HK,D,20230313,000000,9.78,10.24,9.78,9.96,2774598,0
6608.HK,D,20230314,000000,9.9,10.14,9.79,9.84,1437002,0
6608.HK,D,20230315,000000,9.86,10.48,9.86,10.3,1678001,0
6608.HK,D,20230316,000000,10.18,10.4,9.91,9.95,1622499,0
6608.HK,D,20230317,000000,10.16,10.86,10.16,10.66,20625498,0
6608.HK,D,20230320,000000,10.66,11.06,10.12,10.28,2249197,0
6608.HK,D,20230321,000000,10.5,10.86,10.22,10.86,2078998,0
6608.HK,D,20230322,000000,10.84,11.16,10.78,10.9,2020501,0
6608.HK,D,20230323,000000,10.8,11.82,10.54,11.8,5436500,0
6608.HK,D,20230324,000000,11.84,12.64,11.54,12.48,4193800,0
6608.HK,D,20230327,000000,12.36,12.84,12.24,12.6,3801500,0
6608.HK,D,20230328,000000,12.96,12.96,11.62,11.72,3602000,0
6608.HK,D,20230329,000000,12,12.54,11.82,12.5,3439500,0
6608.HK,D,20230330,000000,12.36,12.56,11.86,12.38,1386000,0
6608.HK,D,20230331,000000,12.56,12.68,12.02,12.42,2269500,0
6608.HK,D,20230403,000000,12.46,12.58,12.02,12.58,1477000,0
6608.HK,D,20230404,000000,12.66,12.66,11.92,12.24,2767000,0
6608.HK,D,20230406,000000,12.22,12.22,11.46,11.6,2429500,0
6608.HK,D,20230411,000000,11.6,12.02,11.6,11.94,1272000,0
6608.HK,D,20230412,000000,12.02,12.2,11.88,12.06,1110500,0
6608.HK,D,20230413,000000,12.06,12.14,11.52,12.1,1196534,0
6608.HK,D,20230414,000000,12.06,12.26,11.68,12.14,1412500,0
6608.HK,D,20230417,000000,12.04,12.3,11.88,11.94,765000,0
6608.HK,D,20230418,000000,11.98,11.98,11.2,11.28,1289500,0
6608.HK,D,20230419,000000,11.2,11.5,11.06,11.32,1017000,0
6608.HK,D,20230420,000000,11.02,11.22,10.92,11.18,1106000,0
6608.HK,D,20230421,000000,11,11.22,10.76,10.94,1025500,0
6608.HK,D,20230424,000000,10.88,10.92,10.56,10.8,649208,0
6608.HK,D,20230425,000000,10.76,10.76,10.1,10.36,1884000,0
6608.HK,D,20230426,000000,10.38,10.78,10.38,10.68,1482500,0
6608.HK,D,20230427,000000,10.72,10.74,10.4,10.54,964000,0
6608.HK,D,20230428,000000,10.8,11.06,10.56,10.8,1590500,0
6608.HK,D,20230502,000000,10.94,10.94,9.96,10.18,1236700,0
6608.HK,D,20230503,000000,10.18,10.46,9.86,10.34,748000,0
6608.HK,D,20230504,000000,10.48,10.5,10.26,10.42,661050,0
6608.HK,D,20230505,000000,11,11.06,10.12,10.3,1749000,0
6608.HK,D,20230508,000000,10.36,10.36,9.86,10.18,1218649,0
6608.HK,D,20230509,000000,10.18,10.5,10.12,10.22,808000,0
6608.HK,D,20230510,000000,10.18,10.44,9.98,10.14,840345,0
6608.HK,D,20230511,000000,10.46,10.46,10,10.36,826640,0
6608.HK,D,20230512,000000,10.28,10.56,10.12,10.36,1280500,0
6608.HK,D,20230515,000000,10.28,10.76,10.22,10.5,2020000,0
6608.HK,D,20230516,000000,10.5,10.74,10.32,10.4,418500,0
6608.HK,D,20230517,000000,10.42,10.42,10.04,10.14,1924000,0
6608.HK,D,20230518,000000,10.3,10.68,10.28,10.62,1192000,0
6608.HK,D,20230519,000000,10.58,10.68,10.3,10.48,1045500,0
6608.HK,D,20230522,000000,10.34,10.46,10.1,10.42,1017000,0
6608.HK,D,20230523,000000,10.42,10.44,10.06,10.26,968500,0
6608.HK,D,20230524,000000,10.3,10.32,9.56,9.99,2706500,0
6608.HK,D,20230525,000000,9.97,10.16,9.66,10,1757000,0
6608.HK,D,20230529,000000,10.18,10.18,9.17,9.29,3390000,0
6608.HK,D,20230530,000000,9.29,9.7,9.04,9.65,4044500,0
6608.HK,D,20230531,000000,9.61,9.61,9.15,9.53,3849000,0
6608.HK,D,20230601,000000,9.5,9.8,9.33,9.74,2150000,0
6608.HK,D,20230602,000000,9.72,10,9.7,10,2049000,0
6608.HK,D,20230605,000000,9.96,10.02,9.6,9.6,1288500,0
6608.HK,D,20230606,000000,9.63,9.98,9.41,9.82,1141000,0
6608.HK,D,20230607,000000,9.82,10.12,9.82,9.97,978000,0
6608.HK,D,20230608,000000,9.88,10,9.69,9.89,1010000,0
6608.HK,D,20230609,000000,9.88,9.94,9.71,9.89,438500,0
6608.HK,D,20230612,000000,9.99,10.18,9.73,9.83,414270,0
6608.HK,D,20230613,000000,9.83,9.96,9.74,9.95,736500,0
6608.HK,D,20230614,000000,9.98,10.28,9.96,10.1,1473500,0
6608.HK,D,20230615,000000,10.24,10.42,10.08,10.32,704500,0
6608.HK,D,20230616,000000,10.38,10.58,10.22,10.5,1201500,0
6608.HK,D,20230619,000000,10.5,10.5,10,10.26,646000,0
6608.HK,D,20230620,000000,10.4,10.4,9.81,9.92,759000,0
6608.HK,D,20230621,000000,9.92,9.97,9.68,9.8,711000,0
6608.HK,D,20230623,000000,9.6,9.79,9.42,9.54,437500,0
6608.HK,D,20230626,000000,9.55,9.81,9.48,9.5,356000,0
6608.HK,D,20230627,000000,9.59,9.7,9.5,9.5,362500,0
6608.HK,D,20230628,000000,9.57,9.57,9.21,9.31,542000,0
6608.HK,D,20230629,000000,9.42,9.42,9.12,9.2,463000,0
6608.HK,D,20230630,000000,9.2,9.32,9.17,9.28,246500,0
6608.HK,D,20230703,000000,9.22,9.67,9.22,9.58,503500,0
6608.HK,D,20230704,000000,9.3,9.7,9.3,9.56,410000,0
6608.HK,D,20230705,000000,9.51,9.56,9.23,9.28,844000,0
6608.HK,D,20230706,000000,9.27,9.37,9.03,9.04,1211500,0
6608.HK,D,20230707,000000,9.01,9.08,8.89,8.96,691000,0
6608.HK,D,20230710,000000,8.96,9.14,8.78,8.78,1190000,0
6608.HK,D,20230711,000000,8.8,9.04,8.67,8.79,1038700,0
6608.HK,D,20230712,000000,8.85,9.14,8.76,8.96,1233000,0
6608.HK,D,20230713,000000,9,9.54,9,9.53,1815000,0
6608.HK,D,20230714,000000,9.55,9.77,9.55,9.57,468000,0
6608.HK,D,20230718,000000,9.39,9.4,9.19,9.27,646500,0
6608.HK,D,20230719,000000,9.3,9.3,8.95,9.11,345092,0
6608.HK,D,20230720,000000,9.36,9.4,9.14,9.2,659000,0
6608.HK,D,20230721,000000,9.02,9.35,9.02,9.18,260000,0
6608.HK,D,20230724,000000,9.1,9.1,8.8,8.93,273500,0
6608.HK,D,20230725,000000,9.02,9.29,8.98,9.28,445500,0
6608.HK,D,20230726,000000,9.21,9.32,9.21,9.21,141000,0
6608.HK,D,20230727,000000,9.28,9.53,9.28,9.46,463000,0
6608.HK,D,20230728,000000,9.31,9.94,9.31,9.75,1237500,0
6608.HK,D,20230731,000000,9.95,10.26,9.88,9.92,1811000,0
6608.HK,D,20230801,000000,10,10,9.62,9.76,849500,0
6608.HK,D,20230802,000000,9.77,9.78,9.37,9.45,483376,0
6608.HK,D,20230803,000000,9.5,9.69,9.35,9.69,403500,0
6608.HK,D,20230804,000000,9.64,9.78,9.45,9.61,571500,0
6608.HK,D,20230807,000000,9.5,9.5,9.22,9.23,363500,0
6608.HK,D,20230808,000000,9.2,9.28,9,9.21,409000,0
6608.HK,D,20230809,000000,9.21,9.44,9.15,9.44,99500,0
6608.HK,D,20230810,000000,9.21,9.28,9.02,9.2,192500,0
6608.HK,D,20230811,000000,9.2,9.21,8.98,9.1,1195000,0
6608.HK,D,20230814,000000,8.91,9.2,8.82,9.13,1067000,0
6608.HK,D,20230815,000000,9.12,9.36,9.01,9.19,1110000,0
6608.HK,D,20230816,000000,9.18,9.18,8.6,8.66,1835500,0
6608.HK,D,20230817,000000,8.65,8.88,8.41,8.8,1390000,0
6608.HK,D,20230818,000000,8.7,8.86,8.31,8.4,1461500,0
6608.HK,D,20230821,000000,8.4,8.4,8.09,8.38,1386000,0
6608.HK,D,20230822,000000,8.4,8.56,8.2,8.51,1031000,0
6608.HK,D,20230823,000000,8.9,10.36,8.69,10,6212500,0
6608.HK,D,20230824,000000,9.95,10.34,9.61,10.06,5067000,0
6608.HK,D,20230825,000000,10.12,10.22,9.63,9.75,2132000,0
6608.HK,D,20230828,000000,9.85,10.02,9.41,9.61,1858500,0
6608.HK,D,20230829,000000,9.75,10.06,9.65,9.9,1563000,0
6608.HK,D,20230830,000000,9.92,10,9.5,9.6,1544500,0
6608.HK,D,20230831,000000,9.7,10.02,9.56,9.61,1231500,0
6608.HK,D,20230904,000000,9.81,10.44,9.81,10.16,3230500,0
6608.HK,D,20230905,000000,10.14,10.14,9.83,10.08,1311500,0
6608.HK,D,20230906,000000,10.16,10.36,9.92,10.34,1692500,0
6608.HK,D,20230907,000000,10.34,10.34,9.9,10.02,2527500,0
6608.HK,D,20230911,000000,10.04,10.2,9.67,9.93,1510000,0
6608.HK,D,20230912,000000,9.97,10.08,9.71,10,1831000,0
6608.HK,D,20230913,000000,10,10,9.65,9.87,1569000,0
6608.HK,D,20230914,000000,9.75,9.95,9.74,9.8,1417000,0
6608.HK,D,20230915,000000,9.95,10.1,9.71,9.91,1511500,0
6608.HK,D,20230918,000000,9.9,9.9,9.62,9.71,1729000,0
6608.HK,D,20230919,000000,9.71,9.82,9.52,9.78,1140000,0
6608.HK,D,20230920,000000,9.6,9.87,9.54,9.66,1217000,0
6608.HK,D,20230921,000000,9.64,9.69,9.42,9.56,1582500,0
6608.HK,D,20230922,000000,9.5,9.97,9.32,9.95,1314500,0
6608.HK,D,20230925,000000,9.87,9.95,9.5,9.56,1672500,0
6608.HK,D,20230926,000000,9.56,9.84,9.36,9.7,1362500,0
6608.HK,D,20230927,000000,9.66,9.79,9.55,9.62,1465500,0
6608.HK,D,20230928,000000,9.62,9.7,9.49,9.6,1091500,0
6608.HK,D,20230929,000000,9.8,10.22,9.61,10.16,2150500,0
6608.HK,D,20231003,000000,10,10,9.8,9.96,1125000,0
6608.HK,D,20231004,000000,9.9,9.9,9.63,9.83,1148500,0
6608.HK,D,20231005,000000,9.75,9.91,9.64,9.68,1315000,0
6608.HK,D,20231006,000000,9.69,10.12,9.66,10.1,1345500,0
6608.HK,D,20231009,000000,10.14,10.46,9.91,10.02,755500,0
6608.HK,D,20231010,000000,9.98,10.4,9.98,10.22,1289500,0
6608.HK,D,20231011,000000,10.22,10.52,10.18,10.4,1704500,0
6608.HK,D,20231012,000000,10.54,10.62,10.26,10.48,2473000,0
6608.HK,D,20231013,000000,10.12,10.34,9.97,10.04,1407000,0
6608.HK,D,20231016,000000,10,10.08,9.74,9.88,1817000,0
6608.HK,D,20231017,000000,9.88,10.18,9.85,10.16,1383500,0
6608.HK,D,20231018,000000,10.16,10.28,10.02,10.12,1611500,0
6608.HK,D,20231019,000000,10.2,10.2,9.83,9.9,1530000,0
6608.HK,D,20231020,000000,9.9,10,9.68,9.91,1417500,0
6608.HK,D,20231024,000000,9.91,10.14,9.67,9.8,1274500,0
6608.HK,D,20231025,000000,9.94,10.14,9.64,9.83,2161000,0
6608.HK,D,20231026,000000,9.88,9.9,9.7,9.86,1062000,0
6608.HK,D,20231027,000000,9.86,10.36,9.78,10.26,2288000,0
6608.HK,D,20231030,000000,10.06,10.32,9.94,10.12,2821910,0
6608.HK,D,20231031,000000,10.14,10.16,9.78,9.8,1807000,0
6608.HK,D,20231101,000000,9.8,9.8,9.45,9.67,2150000,0
6608.HK,D,20231102,000000,9.67,9.88,9.63,9.73,1572500,0
6608.HK,D,20231103,000000,9.73,10.18,9.73,10.08,2841090,0
6608.HK,D,20231106,000000,10.14,11.28,10.12,11.26,11003000,0
6608.HK,D,20231107,000000,11.26,11.78,11.08,11.34,3877500,0
6608.HK,D,20231108,000000,11.22,11.56,11,11.5,3308611,0
6608.HK,D,20231109,000000,11.44,11.64,11.26,11.48,2266270,0
6608.HK,D,20231110,000000,11.56,11.8,11.18,11.8,3289000,0
6608.HK,D,20231113,000000,11.98,12.6,11.92,12.44,3875000,0
6608.HK,D,20231114,000000,12.5,12.74,12.2,12.26,3175500,0
6608.HK,D,20231115,000000,12.44,13.28,12.26,13.18,3402000,0
6608.HK,D,20231116,000000,13.3,13.3,12.74,13.22,2177500,0
6608.HK,D,20231117,000000,13.22,13.34,12.94,13.08,1671000,0
6608.HK,D,20231120,000000,13.1,13.38,12.72,13.26,2435000,0
6608.HK,D,20231121,000000,13.4,13.66,12.88,13.06,1789500,0
6608.HK,D,20231122,000000,13.08,13.66,13,13.62,2070000,0
6608.HK,D,20231123,000000,13.7,13.78,13.18,13.66,2200500,0
6608.HK,D,20231124,000000,13.72,13.72,13.06,13.2,4965500,0
6608.HK,D,20231127,000000,12.82,13.28,12.58,12.66,4138750,0
6608.HK,D,20231128,000000,12.66,12.98,12.52,12.96,2678334,0
6608.HK,D,20231129,000000,13.16,13.2,12.64,12.88,1917000,0
6608.HK,D,20231130,000000,12.86,13.4,12.66,13.28,3652741,0
6608.HK,D,20231201,000000,13.32,13.44,13.1,13.22,1312300,0
6608.HK,D,20231204,000000,13.2,13.68,12.98,13.42,3217500,0
6608.HK,D,20231205,000000,13.54,13.54,12.92,13.24,1990500,0
6608.HK,D,20231206,000000,12.92,13.96,12.92,13.88,3796000,0
6608.HK,D,20231207,000000,13.8,13.84,13.38,13.46,2781000,0
6608.HK,D,20231208,000000,13.48,13.58,13.12,13.2,1758420,0
6608.HK,D,20231211,000000,13.02,13.38,12.48,13.14,2887800,0
6608.HK,D,20231212,000000,13.14,13.98,13.14,13.82,3478500,0
6608.HK,D,20231213,000000,13.82,14.72,13.7,14.64,3740000,0
6608.HK,D,20231214,000000,14.8,14.8,13.84,14.06,8560500,0
6608.HK,D,20231215,000000,14.08,14.34,13.34,13.5,4957000,0
6608.HK,D,20231218,000000,13.5,14.02,12.5,12.74,6236150,0
6608.HK,D,20231219,000000,12.72,13.16,12.68,12.78,2657500,0
6608.HK,D,20231220,000000,12.78,13.28,12.78,12.88,2864750,0
6608.HK,D,20231221,000000,12.72,12.96,12.52,12.82,1666500,0
6608.HK,D,20231222,000000,12.82,12.92,12.32,12.7,2014000,0
6608.HK,D,20231227,000000,12.7,13.2,12.5,12.94,2573900,0
6608.HK,D,20231228,000000,13.1,13.24,12.6,13.22,1660000,0
6608.HK,D,20231229,000000,13,13.7,13,13.52,2741000,0
6608.HK,D,20240102,000000,13.52,13.92,13.3,13.9,2101000,0
6608.HK,D,20240103,000000,13.76,13.9,13.46,13.72,1213000,0
6608.HK,D,20240104,000000,13.62,13.62,13.06,13.24,1702000,0
6608.HK,D,20240105,000000,13.24,13.24,12.66,12.94,1779100,0
6608.HK,D,20240108,000000,12.94,12.94,12.44,12.62,1706000,0
6608.HK,D,20240109,000000,13,13.16,12.78,12.84,1069650,0
6608.HK,D,20240110,000000,12.86,12.9,12.62,12.72,570000,0
6608.HK,D,20240111,000000,12.56,12.84,12.42,12.68,1595600,0
6608.HK,D,20240112,000000,12.7,12.7,12.08,12.28,1564000,0
6608.HK,D,20240115,000000,12.34,12.42,11.94,12.14,831000,0
6608.HK,D,20240116,000000,12.12,12.12,11.5,11.82,1896000,0
6608.HK,D,20240117,000000,11.82,12.3,11.28,11.38,4228000,0
6608.HK,D,20240118,000000,11.34,11.58,11.12,11.42,2026000,0
6608.HK,D,20240119,000000,11.5,11.72,11.1,11.52,1238000,0
6608.HK,D,20240122,000000,11.52,11.52,11.1,11.36,2661500,0
6608.HK,D,20240123,000000,11.44,11.8,11.32,11.5,2292500,0
6608.HK,D,20240124,000000,11.52,12.08,11.32,12.04,1280302,0
6608.HK,D,20240125,000000,11.88,11.96,11.54,11.94,1283000,0
6608.HK,D,20240126,000000,11.94,11.94,11.34,11.44,1164500,0
6608.HK,D,20240129,000000,11.52,12.08,11.42,11.76,893500,0
6608.HK,D,20240130,000000,11.52,11.82,11.48,11.52,787850,0
6608.HK,D,20240131,000000,11.46,11.66,11.18,11.48,944950,0
6608.HK,D,20240201,000000,11.56,12.1,11.34,11.86,1033500,0
6608.HK,D,20240202,000000,11.86,12.08,10.8,11.04,3599000,0
6608.HK,D,20240205,000000,11.08,11.34,10.8,11.02,971000,0
6608.HK,D,20240206,000000,11.18,11.86,11.08,11.76,1296500,0
6608.HK,D,20240207,000000,11.76,11.92,11.16,11.16,605500,0
6608.HK,D,20240208,000000,11.32,11.48,11.22,11.38,525000,0
6608.HK,D,20240209,000000,11.2,11.2,10.92,10.98,193000,0
6608.HK,D,20240214,000000,10.98,11.04,10.68,10.9,842000,0
6608.HK,D,20240215,000000,11.04,11.06,10.68,10.94,366000,0
6608.HK,D,20240216,000000,10.64,11.4,10.64,11.4,533000,0
6608.HK,D,20240219,000000,11.46,11.6,11.12,11.42,1017500,0
6608.HK,D,20240220,000000,11.78,11.78,11.18,11.58,600500,0
6608.HK,D,20240221,000000,11.58,11.96,11.56,11.7,822500,0
6608.HK,D,20240222,000000,11.78,12,11.42,12,1356389,0
6608.HK,D,20240223,000000,12.04,12.44,11.98,12.22,1181000,0
6608.HK,D,20240226,000000,12.22,12.38,11.72,11.74,1001500,0
6608.HK,D,20240227,000000,11.7,11.94,11.28,11.94,1009500,0
6608.HK,D,20240228,000000,11.94,12.02,11.34,11.4,770000,0
6608.HK,D,20240229,000000,11,13.18,11,13.18,8984208,0
6608.HK,D,20240301,000000,13.02,13.74,12.66,13.7,2402500,0
6608.HK,D,20240304,000000,13.7,14.58,13.5,13.92,2823500,0
6608.HK,D,20240305,000000,13.9,13.92,13.06,13.28,1891100,0
6608.HK,D,20240306,000000,13.28,13.52,13.04,13.4,554500,0
6608.HK,D,20240307,000000,13.4,13.98,13.3,13.58,1680000,0
6608.HK,D,20240308,000000,13.58,14.18,13.58,13.84,1583000,0
6608.HK,D,20240311,000000,13.6,13.9,13.44,13.78,761030,0
6608.HK,D,20240312,000000,13.84,14.1,13.54,13.8,1286500,0
6608.HK,D,20240313,000000,13.9,14.48,13.82,14.3,2993084,0
6608.HK,D,20240314,000000,14.38,14.38,13.2,13.32,1843000,0
6608.HK,D,20240315,000000,13.5,13.5,12.92,13.32,1297500,0
6608.HK,D,20240318,000000,13.32,13.74,13.32,13.64,875500,0
6608.HK,D,20240319,000000,13.42,13.66,13.18,13.4,1056970,0
6608.HK,D,20240320,000000,13.6,14.14,13.4,13.92,2129484,0
6608.HK,D,20240321,000000,14,14.3,13.66,13.66,900500,0
6608.HK,D,20240322,000000,13.66,13.8,13.18,13.74,916500,0
6608.HK,D,20240325,000000,14.2,14.34,13.76,14.28,2190500,0
6608.HK,D,20240326,000000,14.18,14.18,11.3,11.84,8302700,0
6608.HK,D,20240327,000000,12,12.18,11.34,11.6,3085500,0
6608.HK,D,20240328,000000,11.62,11.64,10.86,11.08,3756000,0
6608.HK,D,20240402,000000,11.08,11.12,10.64,11.08,2931106,0
6608.HK,D,20240403,000000,10.8,11.06,10.36,10.36,3441000,0
6608.HK,D,20240405,000000,10.9,10.9,10.38,10.72,1963400,0
6608.HK,D,20240408,000000,10.86,10.86,10.6,10.74,923000,0
6608.HK,D,20240409,000000,10.74,11.02,10.66,10.94,1023000,0
6608.HK,D,20240410,000000,10.9,11.2,10.9,11,1358500,0
6608.HK,D,20240411,000000,10.98,10.98,10.5,10.74,1170500,0
6608.HK,D,20240412,000000,10.92,10.94,10.14,10.2,1526000,0
6608.HK,D,20240415,000000,10.12,10.4,9.93,10.2,937000,0
6608.HK,D,20240416,000000,10.76,10.76,9.11,9.46,4734500,0
6608.HK,D,20240417,000000,9.79,9.79,9.28,9.5,1936200,0
6608.HK,D,20240418,000000,9.51,9.56,9.3,9.41,2067500,0
6608.HK,D,20240419,000000,9.65,9.65,9,9.27,1891000,0
6608.HK,D,20240422,000000,9.28,9.32,9.09,9.27,1431500,0
6608.HK,D,20240423,000000,9.5,9.52,9.27,9.49,2288000,0
6608.HK,D,20240424,000000,9.68,9.68,9.28,9.38,1494000,0
6608.HK,D,20240425,000000,9.42,9.67,9.32,9.65,1528000,0
6608.HK,D,20240426,000000,9.67,9.73,9.15,9.53,3032198,0
6608.HK,D,20240429,000000,9.64,10,9.56,9.88,1905000,0
6608.HK,D,20240430,000000,10,10,9.71,9.83,565500,0
6608.HK,D,20240502,000000,9.68,10.48,9.68,10.46,1397000,0
6608.HK,D,20240503,000000,10.5,10.92,10.46,10.58,1205500,0
6608.HK,D,20240506,000000,10.58,10.78,10.38,10.66,1046500,0
6608.HK,D,20240507,000000,10.62,10.62,10.14,10.3,737000,0
6608.HK,D,20240508,000000,10.46,10.46,9.76,10.02,1215500,0
6608.HK,D,20240509,000000,10.02,10.18,9.85,10.18,692600,0
6608.HK,D,20240510,000000,10.26,10.5,10.2,10.32,931000,0
6608.HK,D,20240513,000000,10.32,10.38,10.02,10.36,597500,0
6608.HK,D,20240514,000000,10.44,10.62,10.4,10.6,821500,0
6608.HK,D,20240516,000000,10.86,10.86,10.38,10.52,539000,0
6608.HK,D,20240517,000000,10.56,10.8,10.48,10.52,395894,0
6608.HK,D,20240520,000000,10.54,10.7,10.36,10.42,443500,0
6608.HK,D,20240521,000000,10.28,10.38,9.91,10.1,1010000,0
6608.HK,D,20240522,000000,10.2,10.2,9.83,10.04,587500,0
6608.HK,D,20240523,000000,10,10,9.62,9.7,906100,0
6608.HK,D,20240524,000000,9.62,9.73,9.42,9.53,1110000,0
6608.HK,D,20240527,000000,9.47,9.79,9.47,9.65,1061000,0
6608.HK,D,20240528,000000,9.68,9.73,9.31,9.5,949000,0
6608.HK,D,20240529,000000,9.48,9.48,9.08,9.37,949000,0
6608.HK,D,20240530,000000,9.36,9.36,9.1,9.19,574000,0
6608.HK,D,20240531,000000,9.47,9.49,9.04,9.07,932000,0
6608.HK,D,20240603,000000,9.16,9.29,9.1,9.12,256000,0
6608.HK,D,20240604,000000,9.12,9.45,9.03,9.19,561500,0
6608.HK,D,20240605,000000,9.19,9.5,9.19,9.25,669000,0
6608.HK,D,20240606,000000,9.35,9.58,9.25,9.35,459000,0
6608.HK,D,20240607,000000,9.43,9.54,9.22,9.24,418000,0
6608.HK,D,20240611,000000,9.35,9.4,8.93,9.15,1934500,0
6608.HK,D,20240612,000000,9.19,9.23,8.91,9.12,807000,0
6608.HK,D,20240613,000000,9.32,9.32,8.97,9.15,1388000,0
6608.HK,D,20240614,000000,9.17,9.3,8.94,9.25,987000,0
6608.HK,D,20240617,000000,9.25,9.32,9.11,9.32,895000,0
6608.HK,D,20240618,000000,9.39,9.46,9.06,9.14,950000,0
6608.HK,D,20240619,000000,9.2,9.45,9.1,9.42,974000,0
6608.HK,D,20240620,000000,9.45,9.54,9.24,9.33,979000,0
6608.HK,D,20240621,000000,9.33,9.36,8.7,8.99,3658000,0
6608.HK,D,20240624,000000,9,9.07,8.86,9.06,682435,0
6608.HK,D,20240625,000000,9.11,9.15,8.99,9.03,600000,0
6608.HK,D,20240626,000000,9.05,9.31,9.05,9.24,658500,0
6608.HK,D,20240627,000000,9.25,9.25,9.02,9.03,483500,0
6608.HK,D,20240628,000000,9.05,9.16,8.9,8.9,774905,0
6608.HK,D,20240702,000000,9,9.18,8.9,9.02,526905,0
6608.HK,D,20240703,000000,9.25,9.34,9.04,9.11,304500,0
6608.HK,D,20240704,000000,9.2,9.35,9.13,9.14,390000,0
6608.HK,D,20240705,000000,9.14,9.14,8.98,8.99,171500,0
6608.HK,D,20240708,000000,8.99,9.15,8.9,8.97,319000,0
6608.HK,D,20240709,000000,9,9.34,8.86,9.15,584500,0
6608.HK,D,20240710,000000,9.22,9.26,9,9.21,389804,0
6608.HK,D,20240711,000000,9.22,9.41,9.12,9.31,813500,0
6608.HK,D,20240712,000000,9.4,9.46,9.29,9.33,485000,0
6608.HK,D,20240715,000000,9.36,9.42,9.18,9.31,316000,0
6608.HK,D,20240716,000000,9.33,9.39,9.15,9.2,328000,0
6608.HK,D,20240717,000000,9.27,9.4,9.18,9.32,462100,0
6608.HK,D,20240718,000000,9.36,9.36,9.15,9.15,432000,0
6608.HK,D,20240719,000000,9.16,9.35,8.95,9,802500,0
6608.HK,D,20240722,000000,9,9.39,9,9.27,537000,0
6608.HK,D,20240723,000000,9.35,9.35,9.02,9.02,310500,0
6608.HK,D,20240724,000000,9.06,9.19,8.98,8.98,277000,0
6608.HK,D,20240725,000000,9.05,9.05,8.5,8.7,1308500,0
6608.HK,D,20240726,000000,8.89,8.97,8.7,8.71,257500,0
6608.HK,D,20240729,000000,8.86,8.93,8.74,8.74,208000,0
6608.HK,D,20240730,000000,8.82,8.82,8.56,8.79,654500,0
6608.HK,D,20240731,000000,8.87,9.21,8.83,9.06,505500,0
6608.HK,D,20240801,000000,9.08,9.22,8.93,8.97,606000,0
6608.HK,D,20240802,000000,8.97,9,8.73,8.8,340000,0
6608.HK,D,20240805,000000,8.79,8.8,8.35,8.6,877000,0
6608.HK,D,20240806,000000,8.6,8.64,8.4,8.64,581000,0
6608.HK,D,20240807,000000,8.42,8.81,8.35,8.7,310035,0
6608.HK,D,20240808,000000,8.53,8.78,8.46,8.59,363000,0
6608.HK,D,20240809,000000,8.68,8.9,8.68,8.8,278500,0
6608.HK,D,20240812,000000,8.58,8.69,8.57,8.64,517500,0
6608.HK,D,20240813,000000,8.58,8.65,8.45,8.64,185500,0
6608.HK,D,20240814,000000,8.56,8.75,8.5,8.75,232500,0
6608.HK,D,20240815,000000,8.75,8.79,8.61,8.78,214000,0
6608.HK,D,20240816,000000,8.86,8.89,8.65,8.81,509500,0
6608.HK,D,20240819,000000,8.9,8.96,8.68,8.76,299000,0
6608.HK,D,20240820,000000,8.84,9.16,8.52,8.76,596500,0
6608.HK,D,20240821,000000,8.64,8.76,8.56,8.76,186500,0
6608.HK,D,20240822,000000,8.65,8.91,8.65,8.9,363500,0
6608.HK,D,20240823,000000,8.9,8.98,8.76,8.93,331000,0
6608.HK,D,20240826,000000,8.65,9.13,8.65,8.91,246500,0
6608.HK,D,20240827,000000,8.88,8.88,8.72,8.74,155500,0
6608.HK,D,20240828,000000,8.69,8.69,7.97,8.01,1162000,0
6608.HK,D,20240829,000000,8.08,8.24,8,8.2,438500,0
6608.HK,D,20240830,000000,8.2,8.5,7.81,8.22,3666456,0
6608.HK,D,20240902,000000,8.29,8.4,7.79,8.1,1333000,0
6608.HK,D,20240903,000000,8.1,8.19,7.98,8.1,745000,0
6608.HK,D,20240904,000000,8.14,8.14,7.91,8.01,338000,0
6608.HK,D,20240905,000000,7.96,8.1,7.95,8,364500,0
6608.HK,D,20240909,000000,7.91,8.06,7.85,8,724000,0
6608.HK,D,20240910,000000,8.1,8.11,7.88,8,333500,0
6608.HK,D,20240911,000000,7.91,8.07,7.8,8,740500,0
6608.HK,D,20240912,000000,8.12,8.12,7.89,8.04,617500,0
6608.HK,D,20240913,000000,7.98,8.08,7.89,8.05,587000,0
6608.HK,D,20240916,000000,8.1,8.2,7.85,8.12,443500,0
6608.HK,D,20240917,000000,8,8.15,7.97,8.08,204000,0
6608.HK,D,20240919,000000,8.08,8.2,8,8,954500,0
6608.HK,D,20240920,000000,7.98,8.09,7.93,8.09,1036500,0
6608.HK,D,20240923,000000,8.16,8.16,7.95,8.05,710500,0
6608.HK,D,20240924,000000,8.06,8.28,8,8.26,1619500,0
6608.HK,D,20240925,000000,8.4,8.59,8.19,8.25,1196500,0
6608.HK,D,20240926,000000,8.25,8.49,8.23,8.43,2211550,0
6608.HK,D,20240927,000000,8.43,8.89,8.43,8.74,3123000,0
6608.HK,D,20240930,000000,8.95,10.56,8.95,10.3,11772500,0
6608.HK,D,20241002,000000,10.8,11.92,10.72,11.62,8827498,0
6608.HK,D,20241003,000000,11.62,11.96,10.6,11.26,5139000,0
6608.HK,D,20241004,000000,11.62,11.7,11.08,11.52,3783600,0
6608.HK,D,20241007,000000,12.12,12.12,11.04,11.68,5385522,0
6608.HK,D,20241008,000000,11.68,11.68,10.1,10.26,4296500,0
6608.HK,D,20241009,000000,10.44,10.86,9.64,9.94,3564000,0
6608.HK,D,20241010,000000,10.28,10.36,9.85,9.91,1569860,0
6608.HK,D,20241014,000000,9.91,10.12,9.32,9.9,2124500,0
6608.HK,D,20241015,000000,9.9,9.9,9.35,9.48,2150500,0
6608.HK,D,20241016,000000,9.48,9.62,9.29,9.48,3099000,0
6608.HK,D,20241017,000000,9.48,9.77,9.3,9.45,1782500,0
6608.HK,D,20241018,000000,9.44,10.12,9.36,9.93,1535300,0
6608.HK,D,20241021,000000,9.95,10.04,9.6,9.73,998084,0
6608.HK,D,20241022,000000,9.73,9.88,9.61,9.69,763000,0
6608.HK,D,20241023,000000,9.69,9.88,9.57,9.75,722000,0
6608.HK,D,20241024,000000,9.58,9.7,9.51,9.61,869000,0
6608.HK,D,20241025,000000,9.55,9.73,9.5,9.55,648500,0
6608.HK,D,20241028,000000,9.88,10.28,9.78,10.18,1901000,0
6608.HK,D,20241029,000000,10.18,10.62,10.04,10.16,1978500,0
6608.HK,D,20241030,000000,10.12,10.16,9.83,9.98,1146969,0
6608.HK,D,20241031,000000,9.86,10,9.73,9.87,1297969,0
6608.HK,D,20241101,000000,9.88,9.88,9.64,9.68,957500,0
6608.HK,D,20241104,000000,9.75,9.75,9.6,9.67,538000,0
6608.HK,D,20241105,000000,9.62,10,9.54,10,838500,0
6608.HK,D,20241106,000000,9.86,10.42,9.86,10.14,844500,0
6608.HK,D,20241107,000000,10.14,10.36,9.9,10.2,1351000,0
6608.HK,D,20241108,000000,10.18,10.48,10.02,10.28,1730000,0
6608.HK,D,20241111,000000,10,10.28,9.81,10.16,1294600,0
6608.HK,D,20241112,000000,10.16,10.16,9.28,9.55,2601100,0
6608.HK,D,20241113,000000,9.55,9.57,9.32,9.57,956000,0
6608.HK,D,20241114,000000,9.6,9.63,9.2,9.3,979500,0
6608.HK,D,20241115,000000,9.3,9.43,9.16,9.25,458500,0
6608.HK,D,20241118,000000,9.24,9.37,9.07,9.1,661000,0
6608.HK,D,20241119,000000,9.22,9.24,8.95,9.24,610500,0
6608.HK,D,20241120,000000,9.04,9.22,8.9,9.2,885500,0
6608.HK,D,20241121,000000,9.19,9.26,9.02,9.14,578500,0
6608.HK,D,20241122,000000,9.14,9.18,8.85,9.05,1600500,0
6608.HK,D,20241125,000000,9.01,9.28,8.89,9.27,1495500,0
6608.HK,D,20241126,000000,9.27,9.45,9.13,9.29,1058000,0
6608.HK,D,20241127,000000,9.29,9.39,9.08,9.34,949500,0
6608.HK,D,20241128,000000,9.37,9.61,9.22,9.3,1356000,0
6608.HK,D,20241129,000000,9.3,9.53,9.28,9.42,703500,0
6608.HK,D,20241202,000000,9.42,9.53,9.1,9.1,750000,0
6608.HK,D,20241203,000000,9.1,9.55,9.05,9.55,1619200,0
6608.HK,D,20241204,000000,9.56,9.97,9.55,9.75,1465000,0
6608.HK,D,20241205,000000,9.95,9.95,9.61,9.79,1040000,0
6608.HK,D,20241206,000000,9.9,10.1,9.79,9.8,1571934,0
6608.HK,D,20241209,000000,9.9,10.04,9.75,10,1239500,0
6608.HK,D,20241210,000000,10.12,10.32,9.76,9.83,929000,0
6608.HK,D,20241211,000000,9.83,9.98,9.59,9.63,858600,0
6608.HK,D,20241212,000000,9.64,9.9,9.59,9.74,648000,0
6608.HK,D,20241213,000000,9.7,9.82,9.46,9.49,802500,0
6608.HK,D,20241216,000000,9.4,9.46,8.98,9.07,1217500,0
6608.HK,D,20241217,000000,9,9.07,8.85,8.89,1139000,0
6608.HK,D,20241218,000000,8.91,8.95,8.85,8.9,452500,0
6608.HK,D,20241219,000000,8.84,8.98,8.75,8.9,584000,0
6608.HK,D,20241220,000000,9.07,9.07,8.79,8.81,576500,0
6608.HK,D,20241223,000000,8.81,8.97,8.79,8.82,446000,0
6608.HK,D,20241224,000000,8.82,8.89,8.71,8.88,215500,0
6608.HK,D,20241227,000000,8.9,9.28,8.88,8.94,1367000,0
6608.HK,D,20241230,000000,8.95,9.08,8.88,8.97,358500,0
6608.HK,D,20241231,000000,9.02,9.09,8.78,8.8,641000,0
6608.HK,D,20250102,000000,8.8,8.8,8.53,8.54,760000,0
6608.HK,D,20250103,000000,8.54,8.65,8.44,8.48,413000,0
6608.HK,D,20250106,000000,8.48,8.59,8.45,8.46,379500,0
6608.HK,D,20250107,000000,8.5,8.64,8.45,8.6,464000,0
6608.HK,D,20250108,000000,8.6,8.6,8.29,8.35,905500,0
6608.HK,D,20250109,000000,8.4,8.83,8.4,8.61,599500,0
6608.HK,D,20250110,000000,8.6,8.67,8.46,8.57,676000,0
6608.HK,D,20250113,000000,8.57,8.57,8.42,8.47,295500,0
6608.HK,D,20250114,000000,8.41,8.61,8.41,8.54,528000,0
6608.HK,D,20250115,000000,8.67,8.67,8.48,8.52,259000,0
6608.HK,D,20250116,000000,8.66,8.74,8.52,8.56,192000,0
6608.HK,D,20250117,000000,8.6,8.66,8.42,8.54,291000,0
6608.HK,D,20250120,000000,8.63,8.73,8.5,8.52,210500,0
6608.HK,D,20250121,000000,8.53,8.58,8.43,8.5,399500,0
6608.HK,D,20250122,000000,8.5,8.5,8.12,8.22,663500,0
6608.HK,D,20250123,000000,8.24,8.32,8.1,8.21,529750,0
6608.HK,D,20250124,000000,8.21,8.34,8.15,8.21,623000,0
6608.HK,D,20250127,000000,8.21,8.36,8.14,8.25,610000,0
6608.HK,D,20250128,000000,8.25,8.32,8.15,8.27,126500,0
6608.HK,D,20250203,000000,8.27,9.62,8.05,9.53,5128000,0
6608.HK,D,20250204,000000,9.6,10.86,9.43,10.8,8729392,0
6608.HK,D,20250205,000000,10.8,11.4,10.5,10.96,5377447,0
6608.HK,D,20250206,000000,10.96,10.98,10.62,10.92,3005483,0
6608.HK,D,20250207,000000,10.7,11.1,10.5,10.58,2645587,0
6608.HK,D,20250210,000000,10.4,11.58,10.4,11.5,6341484,0
6608.HK,D,20250211,000000,11.5,11.5,10.9,10.96,2505890,0
6608.HK,D,20250212,000000,10.8,11.18,10.76,10.94,2450000,0
6608.HK,D,20250213,000000,10.92,11.8,10.86,11.14,4230482,0
6608.HK,D,20250214,000000,11.16,12.56,11.16,12.5,8438674,0
6608.HK,D,20250217,000000,12.58,12.58,11.2,11.28,7064500,0
6608.HK,D,20250218,000000,11.32,11.76,10.98,11.26,2776500,0
6608.HK,D,20250219,000000,11.06,11.26,10.54,10.94,2707500,0
6608.HK,D,20250220,000000,11.14,11.14,10.2,10.26,3356500,0
6608.HK,D,20250221,000000,10.42,11.16,10.34,11,5012300,0
6608.HK,D,20250224,000000,11,11,10.3,10.36,2993000,0
6608.HK,D,20250225,000000,10.28,10.28,9.92,9.98,2103000,0
6608.HK,D,20250226,000000,10.04,10.76,9.98,10.74,2976500,0
6608.HK,D,20250227,000000,10.74,10.74,9.93,10,4045500,0
6608.HK,D,20250228,000000,9.93,10.1,9.38,9.89,3372500,0
6608.HK,D,20250303,000000,9.87,9.87,9.28,9.5,1928500,0
6608.HK,D,20250304,000000,9.34,9.5,9.26,9.48,1134500,0
6608.HK,D,20250305,000000,9.48,9.76,9.39,9.65,986000,0
6608.HK,D,20250306,000000,9.66,10.38,9.66,10.36,3154114,0
6608.HK,D,20250307,000000,10.36,10.38,9.87,9.87,1866500,0
6608.HK,D,20250310,000000,9.97,10.28,9.56,9.79,1176000,0
6608.HK,D,20250311,000000,9.6,9.66,9.34,9.61,1867500,0
6608.HK,D,20250312,000000,9.67,9.86,9.43,9.5,1055500,0
6608.HK,D,20250313,000000,9.55,9.75,9.38,9.54,858500,0
6608.HK,D,20250314,000000,9.5,9.77,9.48,9.71,1015000,0
6608.HK,D,20250317,000000,9.71,9.96,9.71,9.9,700000,0
6608.HK,D,20250318,000000,9.98,10.74,9.91,10.4,3472000,0
6608.HK,D,20250319,000000,10.5,10.62,10.2,10.54,2127000,0
6608.HK,D,20250320,000000,10.4,10.4,9.87,9.88,1956127,0
6608.HK,D,20250321,000000,9.87,9.91,9.42,9.5,1531950,0
6608.HK,D,20250324,000000,9.51,9.91,9.51,9.68,659845,0
6608.HK,D,20250325,000000,9.9,9.9,9.55,9.64,916000,0
6608.HK,D,20250326,000000,9.7,9.83,9.45,9.54,1536500,0
6608.HK,D,20250327,000000,9.38,9.38,8.06,8.63,7165838,0
6608.HK,D,20250328,000000,8.64,8.8,8.4,8.46,1666000,0
6608.HK,D,20250331,000000,8.46,8.46,8.23,8.36,2462000,0
6608.HK,D,20250401,000000,8.4,8.65,8.4,8.43,789000,0
6608.HK,D,20250402,000000,8.45,8.52,8.4,8.45,446812,0
6608.HK,D,20250403,000000,8.38,8.4,8.15,8.24,4094400,0
6608.HK,D,20250407,000000,7.95,7.95,6.6,6.76,5485229,0
6608.HK,D,20250408,000000,6.68,6.96,6.43,6.59,3700372,0
6608.HK,D,20250409,000000,6.59,6.59,5.95,6.35,5085788,0
6608.HK,D,20250410,000000,6.78,7.04,6.38,6.51,6492100,0
6608.HK,D,20250411,000000,6.4,6.66,6.38,6.55,1931372,0
6608.HK,D,20250414,000000,6.65,6.9,6.6,6.85,2116500,0
6608.HK,D,20250415,000000,6.85,7.02,6.8,6.96,2610500,0
6608.HK,D,20250416,000000,6.96,7.04,6.71,6.79,1587500,0
6608.HK,D,20250417,000000,6.97,7.16,6.72,6.98,1278500,0
