<TICKER>,<PER>,<DATE>,<TIME>,<OPEN>,<HIGH>,<LOW>,<CLOSE>,<VOL>,<OPENINT>
6609.HK,D,20210820,000000,141.2,143.8,127.8,129,2053800,0
6609.HK,D,20210823,000000,126,127.5,119,122,503150,0
6609.HK,D,20210824,000000,123,127.2,120.1,125,263750,0
6609.HK,D,20210825,000000,124.3,126.7,122.2,125,127150,0
6609.HK,D,20210826,000000,126,126.9,121.5,122.8,113650,0
6609.HK,D,20210827,000000,122.8,125.8,122,122.8,122150,0
6609.HK,D,20210830,000000,123,133.1,123,128.1,216200,0
6609.HK,D,20210831,000000,128.1,132.1,128.1,131.6,116300,0
6609.HK,D,20210901,000000,131.6,132.8,129.2,130,83500,0
6609.HK,D,20210902,000000,130.1,142,127.7,135.5,307100,0
6609.HK,D,20210903,000000,135,146.4,132.2,142,327800,0
6609.HK,D,20210906,000000,142,145,139.1,143.2,157750,0
6609.HK,D,20210907,000000,143.2,144.5,140.7,142.5,60450,0
6609.HK,D,20210908,000000,142.5,146.5,141.1,145.8,196150,0
6609.HK,D,20210909,000000,146.3,147.5,136.1,138,142600,0
6609.HK,D,20210910,000000,138,144.4,137.7,138,65250,0
6609.HK,D,20210913,000000,136.3,136.3,125,128.7,49700,0
6609.HK,D,20210914,000000,127,127.9,121.9,123.1,36500,0
6609.HK,D,20210915,000000,122.4,124.4,112.3,113.7,84750,0
6609.HK,D,20210916,000000,113.7,113.7,102,103.2,67900,0
6609.HK,D,20210917,000000,102,105.9,102,104,21650,0
6609.HK,D,20210920,000000,104,104,98.4,98.5,32550,0
6609.HK,D,20210921,000000,98,102.4,95.05,100.8,11900,0
6609.HK,D,20210923,000000,100.8,109,98.4,100.5,23250,0
6609.HK,D,20210924,000000,100.5,100.5,95,95.3,20900,0
6609.HK,D,20210927,000000,95.3,100.1,95.3,100.1,20400,0
6609.HK,D,20210928,000000,100.1,115.1,99.6,113.9,39250,0
6609.HK,D,20210929,000000,113,113,105.8,110.9,24750,0
6609.HK,D,20210930,000000,108.2,123,103.1,122,66050,0
6609.HK,D,20211004,000000,116.1,116.1,112,112,13900,0
6609.HK,D,20211005,000000,111,111,104.4,105.6,14650,0
6609.HK,D,20211006,000000,105.6,107.7,105.4,105.6,3900,0
6609.HK,D,20211007,000000,107.2,107.2,102.6,105.1,5300,0
6609.HK,D,20211008,000000,105.1,107.1,104.8,106.5,10186,0
6609.HK,D,20211011,000000,105,106.4,103,103.8,11400,0
6609.HK,D,20211012,000000,103,103.8,102.5,103.2,3500,0
6609.HK,D,20211015,000000,103.2,103.2,99.85,101.1,11150,0
6609.HK,D,20211018,000000,101.1,101.1,97,101.1,15000,0
6609.HK,D,20211019,000000,101,105.5,100,103.9,13850,0
6609.HK,D,20211020,000000,102.2,102.7,100,101.2,13750,0
6609.HK,D,20211021,000000,101.2,101.2,100.1,100.3,9400,0
6609.HK,D,20211022,000000,100,101.3,98,100.2,11700,0
6609.HK,D,20211025,000000,100.3,100.3,98,98.15,9100,0
6609.HK,D,20211026,000000,98.15,101.8,96,96.65,14450,0
6609.HK,D,20211027,000000,96.65,96.85,92.2,92.2,19200,0
6609.HK,D,20211028,000000,92.2,93.6,89.5,89.95,21950,0
6609.HK,D,20211029,000000,89.5,99.95,89.5,90.35,8850,0
6609.HK,D,20211101,000000,90.35,90.35,85.9,86.05,28000,0
6609.HK,D,20211102,000000,86.05,86.45,79,79,39950,0
6609.HK,D,20211103,000000,79,81.45,76,76.75,16600,0
6609.HK,D,20211104,000000,76.75,77.1,74.5,74.95,22700,0
6609.HK,D,20211105,000000,74.8,78.7,71.4,72.85,23000,0
6609.HK,D,20211108,000000,72.85,72.95,70.3,72.95,15700,0
6609.HK,D,20211109,000000,72.8,77.3,72,75.75,11200,0
6609.HK,D,20211110,000000,75.8,78,75.8,77.25,10200,0
6609.HK,D,20211111,000000,77.25,78.25,76.1,76.8,12150,0
6609.HK,D,20211112,000000,76.8,81.35,76.8,80.6,12250,0
6609.HK,D,20211115,000000,80.4,81.75,76.95,78.5,15350,0
6609.HK,D,20211116,000000,78,81.65,77.15,80.45,8386,0
6609.HK,D,20211117,000000,80.45,82,78.25,80.25,10150,0
6609.HK,D,20211118,000000,80,80.85,78.05,79.15,18250,0
6609.HK,D,20211119,000000,80,80.75,78.3,79.8,7750,0
6609.HK,D,20211122,000000,79.5,79.5,77.05,77.9,10050,0
6609.HK,D,20211123,000000,77.9,77.9,73.3,73.7,16150,0
6609.HK,D,20211124,000000,73.7,80.45,73.7,79.9,20750,0
6609.HK,D,20211125,000000,80.75,86.2,80.75,86.1,38600,0
6609.HK,D,20211126,000000,86.1,88.05,81,86.2,22000,0
6609.HK,D,20211129,000000,86.2,88.9,82.05,87.1,26700,0
6609.HK,D,20211130,000000,87,89.5,86.85,88,22050,0
6609.HK,D,20211201,000000,88,91.7,82.3,91.6,36350,0
6609.HK,D,20211202,000000,91.6,92,84.55,90.35,30500,0
6609.HK,D,20211203,000000,90.05,91.35,88.7,90.95,12500,0
6609.HK,D,20211206,000000,90.9,91.8,82.05,89.5,19100,0
6609.HK,D,20211207,000000,89.5,92.5,89.4,92.2,14150,0
6609.HK,D,20211208,000000,92,93.2,89.35,90.1,15700,0
6609.HK,D,20211209,000000,90.1,94,90.1,91.2,13600,0
6609.HK,D,20211210,000000,89.05,91.2,89.05,90.4,35550,0
6609.HK,D,20211213,000000,90.35,90.8,87.85,90.2,45250,0
6609.HK,D,20211214,000000,89.1,90.25,87.35,89.75,49250,0
6609.HK,D,20211215,000000,88.3,89.7,84.8,87,48850,0
6609.HK,D,20211216,000000,86.5,88.5,80.25,86.95,64850,0
6609.HK,D,20211217,000000,86.5,86.5,76.8,83.7,62400,0
6609.HK,D,20211220,000000,82.5,89.25,82,86,162800,0
6609.HK,D,20211221,000000,86,93.75,86,92.2,108950,0
6609.HK,D,20211222,000000,93,94.5,90.7,94.3,86850,0
6609.HK,D,20211223,000000,93.4,94.9,91,94.8,73150,0
6609.HK,D,20211224,000000,94,98.6,92.8,97.9,63250,0
6609.HK,D,20211228,000000,97.9,99.5,95.1,98.2,115850,0
6609.HK,D,20211229,000000,97.5,98.6,96.25,98.3,77400,0
6609.HK,D,20211230,000000,97.1,103.7,96.3,103.3,106750,0
6609.HK,D,20211231,000000,100,105.5,100,104.8,46950,0
6609.HK,D,20220103,000000,104.8,105,101,104.9,77300,0
6609.HK,D,20220104,000000,104.2,104.4,101.6,103.7,63350,0
6609.HK,D,20220105,000000,102.2,103.9,100.5,103,84050,0
6609.HK,D,20220106,000000,101.6,102.7,100.1,101.7,37150,0
6609.HK,D,20220107,000000,100.7,103.7,100.7,103.3,43500,0
6609.HK,D,20220110,000000,101.4,105.7,101.4,104.5,48000,0
6609.HK,D,20220111,000000,104,105,102.6,104.6,46700,0
6609.HK,D,20220112,000000,103.5,104.5,102.2,103.6,35900,0
6609.HK,D,20220113,000000,103,104.7,101.7,103.6,36550,0
6609.HK,D,20220114,000000,101.7,103.8,101.1,102.5,48200,0
6609.HK,D,20220117,000000,103,103.2,100.4,100.6,45550,0
6609.HK,D,20220118,000000,101,102.9,100,101.5,36900,0
6609.HK,D,20220119,000000,100.5,100.7,98,99.45,36750,0
6609.HK,D,20220120,000000,98,98.8,91,93.1,33500,0
6609.HK,D,20220121,000000,93.05,93.05,84.05,86,22850,0
6609.HK,D,20220124,000000,83,84.3,79.3,81.45,53250,0
6609.HK,D,20220125,000000,81,81,74.6,75.95,70350,0
6609.HK,D,20220126,000000,75.95,76.6,73.15,73.6,30750,0
6609.HK,D,20220127,000000,73.6,74.75,71,71.9,41400,0
6609.HK,D,20220128,000000,71.9,72.5,70.2,71.95,25850,0
6609.HK,D,20220131,000000,71.95,73.05,69.5,72.5,12000,0
6609.HK,D,20220204,000000,72.5,73.85,70,71.65,42650,0
6609.HK,D,20220207,000000,72.5,72.5,70,70.5,45200,0
6609.HK,D,20220208,000000,71.5,71.8,69,70.2,32450,0
6609.HK,D,20220209,000000,69,71,68.95,69.75,34500,0
6609.HK,D,20220210,000000,69.75,69.75,67.5,67.9,42150,0
6609.HK,D,20220211,000000,69,69,62.1,64,63500,0
6609.HK,D,20220214,000000,63.95,63.95,60,60.05,47050,0
6609.HK,D,20220215,000000,60.05,60.05,56.8,57.35,48400,0
6609.HK,D,20220216,000000,57.4,58.4,53.2,53.65,72650,0
6609.HK,D,20220217,000000,53.3,55.8,53.3,55.3,59000,0
6609.HK,D,20220218,000000,55.3,55.3,52.7,53.4,58850,0
6609.HK,D,20220221,000000,54,56.45,51,51.55,53650,0
6609.HK,D,20220222,000000,50.55,50.8,48.5,49.4,50400,0
6609.HK,D,20220223,000000,48.8,49.3,47.7,48.45,49050,0
6609.HK,D,20220224,000000,48.05,48.35,46.5,47.9,26300,0
6609.HK,D,20220225,000000,46.8,49.5,46.05,48,38850,0
6609.HK,D,20220228,000000,48,48,46,46.35,31200,0
6609.HK,D,20220301,000000,46.35,49.45,46.35,49,65950,0
6609.HK,D,20220302,000000,49,49,47,48.4,53000,0
6609.HK,D,20220303,000000,48.5,49.4,46,47.3,52300,0
6609.HK,D,20220304,000000,46.3,47.5,45.35,47.4,60100,0
6609.HK,D,20220307,000000,46.2,47.25,45.15,46.55,59150,0
6609.HK,D,20220308,000000,46,46.75,43.55,44.1,32700,0
6609.HK,D,20220309,000000,44,44,40,43,53400,0
6609.HK,D,20220310,000000,42.7,44.7,42.7,44.1,47450,0
6609.HK,D,20220311,000000,43,44.6,41.8,44,53300,0
6609.HK,D,20220314,000000,42.8,43,40.1,40.1,46100,0
6609.HK,D,20220315,000000,40,40.5,35.75,36.4,51500,0
6609.HK,D,20220316,000000,36.4,42.5,36.15,41.6,77700,0
6609.HK,D,20220317,000000,44.8,46.5,44.3,46.35,73750,0
6609.HK,D,20220318,000000,45.2,46.1,42.6,45.05,44500,0
6609.HK,D,20220321,000000,45.05,46,43.1,45.45,57750,0
6609.HK,D,20220322,000000,44.2,46.25,42.9,44.25,53700,0
6609.HK,D,20220323,000000,43.45,44.7,42.4,43.45,80650,0
6609.HK,D,20220324,000000,43,45.75,42.55,45.2,101800,0
6609.HK,D,20220325,000000,43.5,45,41.7,42.85,58100,0
6609.HK,D,20220328,000000,42.5,43.15,39.7,42,77700,0
6609.HK,D,20220329,000000,40.6,41.75,39,40.65,92100,0
6609.HK,D,20220330,000000,40,41.4,39.5,41.3,76850,0
6609.HK,D,20220331,000000,40.05,41,39.1,40.1,70850,0
6609.HK,D,20220401,000000,39.4,41.15,38,40.95,97300,0
6609.HK,D,20220404,000000,39.8,43,39.5,42.85,83950,0
6609.HK,D,20220406,000000,42.5,44.5,42,44.25,93600,0
6609.HK,D,20220407,000000,43.5,45.5,40.5,41.85,86550,0
6609.HK,D,20220408,000000,41.5,42,39.8,41.95,65000,0
6609.HK,D,20220411,000000,41.95,41.95,38.5,40.1,63100,0
6609.HK,D,20220412,000000,39.5,40,37.55,39.25,67200,0
6609.HK,D,20220413,000000,39,39.2,37.6,38.95,54400,0
6609.HK,D,20220414,000000,38.3,39.4,38.05,38.85,64800,0
6609.HK,D,20220419,000000,38.1,38.65,36.3,37.4,77250,0
6609.HK,D,20220420,000000,36.6,37.8,35.35,36.5,50650,0
6609.HK,D,20220421,000000,36.15,36.9,34,34.9,63200,0
6609.HK,D,20220422,000000,34.5,34.5,31.25,31.25,42300,0
6609.HK,D,20220425,000000,31.3,31.3,27.8,28.15,61800,0
6609.HK,D,20220426,000000,28.65,30.7,27.5,29.25,34450,0
6609.HK,D,20220427,000000,29.2,30.3,27.35,29.9,64950,0
6609.HK,D,20220428,000000,29.5,31.55,29,31.4,75000,0
6609.HK,D,20220429,000000,31.3,32.45,29.65,32.4,84100,0
6609.HK,D,20220503,000000,31.3,32.45,31,32.1,80900,0
6609.HK,D,20220504,000000,31.2,32,29.2,30.05,52350,0
6609.HK,D,20220505,000000,30.6,30.7,28.35,29,58200,0
6609.HK,D,20220506,000000,28.45,29,27.7,28.55,43000,0
6609.HK,D,20220510,000000,28,28.95,27,28.65,60100,0
6609.HK,D,20220511,000000,28.6,29.05,27.75,28.85,85500,0
6609.HK,D,20220512,000000,28.3,28.9,28,28.9,72550,0
6609.HK,D,20220513,000000,28.3,28.75,27.8,28.65,79850,0
6609.HK,D,20220516,000000,27.8,28.7,27.8,28.45,81700,0
6609.HK,D,20220517,000000,28,28.5,27.5,28,84950,0
6609.HK,D,20220518,000000,28.05,29.75,27.1,29.7,111750,0
6609.HK,D,20220519,000000,29.45,31.7,28.5,31.1,81200,0
6609.HK,D,20220520,000000,31.15,32.35,30.55,31.15,60200,0
6609.HK,D,20220523,000000,31.15,31.3,30.15,31.25,70300,0
6609.HK,D,20220524,000000,30.5,30.85,29.55,30,53350,0
6609.HK,D,20220525,000000,30,30.6,29.35,29.95,52350,0
6609.HK,D,20220526,000000,29.95,31.1,29.45,30.9,110100,0
6609.HK,D,20220527,000000,30.9,30.95,28.55,30.65,57150,0
6609.HK,D,20220530,000000,30,30.3,28.6,29.6,70400,0
6609.HK,D,20220531,000000,29,30.45,29,30,74350,0
6609.HK,D,20220601,000000,30.8,30.8,29.1,30.6,78050,0
6609.HK,D,20220602,000000,30,30.65,29.65,30.6,41150,0
6609.HK,D,20220606,000000,30.6,31.05,29.6,30.75,61350,0
6609.HK,D,20220607,000000,30,31.45,30,31.25,78350,0
6609.HK,D,20220608,000000,31.25,32.75,31.25,32.75,84400,0
6609.HK,D,20220609,000000,32.75,33.4,31.7,32.8,56350,0
6609.HK,D,20220610,000000,32.5,32.5,30.85,32.45,37600,0
6609.HK,D,20220613,000000,32.3,32.3,30,30.85,63350,0
6609.HK,D,20220614,000000,29.8,30.95,29.35,30.6,49250,0
6609.HK,D,20220615,000000,30.6,31.55,30.1,30.8,49050,0
6609.HK,D,20220616,000000,30.2,32.8,29.6,31.85,72900,0
6609.HK,D,20220617,000000,31.85,33.3,30.8,33,73900,0
6609.HK,D,20220620,000000,33,33.55,32.5,33,48850,0
6609.HK,D,20220621,000000,33,36.35,33,35.2,85150,0
6609.HK,D,20220622,000000,35.2,36.5,34.1,34.7,11600,0
6609.HK,D,20220623,000000,34.15,35.5,34,35.3,20400,0
6609.HK,D,20220624,000000,35.3,38.85,34.85,38.85,70200,0
6609.HK,D,20220627,000000,39,40.05,34.6,38,32250,0
6609.HK,D,20220628,000000,37.8,39,36.5,38.45,69600,0
6609.HK,D,20220629,000000,38.45,38.45,35.4,37.3,30400,0
6609.HK,D,20220630,000000,37.3,37.3,35.55,36.45,23150,0
6609.HK,D,20220704,000000,35.9,37.05,35.2,37.05,9550,0
6609.HK,D,20220705,000000,37.05,37.9,35.4,35.95,11000,0
6609.HK,D,20220706,000000,36,36.05,34,35.5,18600,0
6609.HK,D,20220707,000000,34.5,35.55,34.1,35.2,11950,0
6609.HK,D,20220708,000000,34.85,35.85,34.85,35.85,5550,0
6609.HK,D,20220711,000000,34.9,34.9,32.3,33.85,9500,0
6609.HK,D,20220712,000000,33.85,33.85,31.8,32.5,24250,0
6609.HK,D,20220713,000000,32.45,33.4,32.45,33.4,8950,0
6609.HK,D,20220714,000000,33.35,34.95,32.95,34.45,4450,0
6609.HK,D,20220715,000000,34,34,31.85,32.7,9000,0
6609.HK,D,20220718,000000,32.7,32.95,31.4,32,3800,0
6609.HK,D,20220719,000000,31.25,36.4,31.05,34.3,18850,0
6609.HK,D,20220720,000000,34.35,35.2,34.1,34.1,1500,0
6609.HK,D,20220721,000000,32.3,33.65,32.3,33.3,750,0
6609.HK,D,20220722,000000,33.3,33.55,32.6,32.6,4150,0
6609.HK,D,20220725,000000,33.3,34.05,33.3,33.3,4450,0
6609.HK,D,20220726,000000,33.3,33.8,33.1,33.1,5050,0
6609.HK,D,20220727,000000,33.1,33.15,32.5,32.5,2100,0
6609.HK,D,20220728,000000,33.5,33.5,31.5,32.6,23800,0
6609.HK,D,20220729,000000,32,32.95,30.8,32.2,53500,0
6609.HK,D,20220801,000000,32,32.4,31.3,32,22650,0
6609.HK,D,20220802,000000,32,32,29.7,31.4,33650,0
6609.HK,D,20220803,000000,30.1,31.8,30.1,31.8,26400,0
6609.HK,D,20220804,000000,32,32,30.5,31.85,22350,0
6609.HK,D,20220805,000000,30.9,35.2,30.9,33.95,54650,0
6609.HK,D,20220808,000000,33.15,35.5,32.35,35.25,26300,0
6609.HK,D,20220809,000000,35,36.6,34.1,36.6,19500,0
6609.HK,D,20220810,000000,36,36,34.5,36,15600,0
6609.HK,D,20220811,000000,35.9,36.7,34.9,35.95,21100,0
6609.HK,D,20220812,000000,35.7,35.7,34.55,35.45,19450,0
6609.HK,D,20220815,000000,35,36.2,33.6,34.45,22400,0
6609.HK,D,20220816,000000,33.8,35.6,33.65,34.4,17650,0
6609.HK,D,20220817,000000,34.4,35.5,32.85,35.45,23150,0
6609.HK,D,20220818,000000,34.3,35.55,34.3,35,14650,0
6609.HK,D,20220819,000000,34.6,35.35,33.5,33.8,20300,0
6609.HK,D,20220822,000000,33,34.4,32.9,33.95,15000,0
6609.HK,D,20220823,000000,33.5,34.25,33.2,33.7,18650,0
6609.HK,D,20220824,000000,34,34,32.95,33.7,18050,0
6609.HK,D,20220825,000000,33.1,34.5,32.75,33.8,15100,0
6609.HK,D,20220826,000000,33.1,34.3,33.05,33.85,17000,0
6609.HK,D,20220829,000000,34.2,35,33.1,34.35,20050,0
6609.HK,D,20220830,000000,33.6,35.35,33.6,35,37300,0
6609.HK,D,20220831,000000,34.8,35.75,34,34.9,15900,0
6609.HK,D,20220901,000000,34.9,36.5,34.9,35.5,24550,0
6609.HK,D,20220902,000000,35.7,35.75,34.2,35.75,14600,0
6609.HK,D,20220905,000000,35.65,35.65,32.8,34.6,23300,0
6609.HK,D,20220906,000000,35.5,35.5,32.45,32.45,28100,0
6609.HK,D,20220907,000000,34,34.05,32.55,33.9,19950,0
6609.HK,D,20220908,000000,33.9,33.9,32.45,32.45,3200,0
6609.HK,D,20220909,000000,32.5,33.75,32.5,33.75,400,0
6609.HK,D,20220913,000000,33.8,34.2,33.8,34,6750,0
6609.HK,D,20220914,000000,34,34.15,33.95,34,3350,0
6609.HK,D,20220915,000000,33.5,34.2,33.5,34.2,4350,0
6609.HK,D,20220916,000000,34.2,34.5,33.5,34.5,5250,0
6609.HK,D,20220919,000000,34,34,33,33.5,1750,0
6609.HK,D,20220920,000000,33.4,33.5,33,33,4950,0
6609.HK,D,20220921,000000,32,33.45,31.5,32.4,1300,0
6609.HK,D,20220922,000000,31.95,32.3,31.35,31.95,1350,0
6609.HK,D,20220923,000000,31.7,33.2,30.95,31.2,5550,0
6609.HK,D,20220926,000000,31.2,31.25,31,31,3450,0
6609.HK,D,20220927,000000,28.2,30.9,28.15,30.9,19400,0
6609.HK,D,20220928,000000,30,31.6,30,31.6,3100,0
6609.HK,D,20220929,000000,28.8,31,28.8,29.45,20950,0
6609.HK,D,20220930,000000,29.45,29.6,29.1,29.2,2650,0
6609.HK,D,20221003,000000,29.2,29.2,29.15,29.15,500,0
6609.HK,D,20221005,000000,29.15,30.55,29.15,30.55,300,0
6609.HK,D,20221006,000000,30.55,30.55,30.4,30.4,500,0
6609.HK,D,20221007,000000,29.4,29.6,29.25,29.4,1350,0
6609.HK,D,20221010,000000,29.35,29.4,29.1,29.35,4800,0
6609.HK,D,20221011,000000,29.35,30.8,28.95,30.8,11900,0
6609.HK,D,20221012,000000,30.8,31,29.25,30.3,11100,0
6609.HK,D,20221013,000000,30.35,31.55,30,31.3,27700,0
6609.HK,D,20221014,000000,31.35,32.75,29.5,30.2,29650,0
6609.HK,D,20221017,000000,30.2,30.45,30.2,30.35,195000,0
6609.HK,D,20221018,000000,30.35,31,30.35,30.85,128500,0
6609.HK,D,20221019,000000,30.95,31.5,30.5,30.5,62950,0
6609.HK,D,20221020,000000,30.2,30.3,29.65,30,14100,0
6609.HK,D,20221021,000000,30,31,30,30.45,33450,0
6609.HK,D,20221024,000000,29.85,30.45,29.2,29.3,81900,0
6609.HK,D,20221025,000000,28.75,30.05,28.4,29.15,30350,0
6609.HK,D,20221026,000000,28.65,30.6,28.65,29.7,20950,0
6609.HK,D,20221027,000000,30.6,30.9,29.8,30.2,10850,0
6609.HK,D,20221028,000000,29.55,29.55,28.65,28.65,4750,0
6609.HK,D,20221031,000000,28.35,30,28,28,12150,0
6609.HK,D,20221101,000000,28,28.85,28,28.35,9450,0
6609.HK,D,20221102,000000,28.35,28.35,28,28.05,6700,0
6609.HK,D,20221103,000000,28,29.45,27.95,28.05,10100,0
6609.HK,D,20221104,000000,28,28.65,27,28,35250,0
6609.HK,D,20221107,000000,28,29,28,28.5,7000,0
6609.HK,D,20221108,000000,27.75,29.35,27.75,28.15,15700,0
6609.HK,D,20221109,000000,28.15,28.75,27.8,28.1,9750,0
6609.HK,D,20221110,000000,29.4,29.8,28.6,29.25,32000,0
6609.HK,D,20221111,000000,30.3,30.8,29.3,30.6,26500,0
6609.HK,D,20221114,000000,30.95,32,30.6,31.6,79350,0
6609.HK,D,20221115,000000,32,32.2,30.9,32,73150,0
6609.HK,D,20221116,000000,32,32.1,31.3,31.55,34950,0
6609.HK,D,20221117,000000,31.65,31.95,30.75,31.4,32300,0
6609.HK,D,20221118,000000,31.4,32.8,31,32.7,63100,0
6609.HK,D,20221121,000000,32.7,32.7,31.55,32.25,54850,0
6609.HK,D,20221122,000000,33,33,31.5,32.7,39650,0
6609.HK,D,20221123,000000,32.6,32.75,30.5,32.1,58150,0
6609.HK,D,20221124,000000,32.1,32.75,31.8,32.2,60100,0
6609.HK,D,20221125,000000,32.05,32.75,31.85,32.2,32050,0
6609.HK,D,20221128,000000,32.2,33.1,31.9,33.05,35150,0
6609.HK,D,20221129,000000,33.05,34.9,33.05,34.7,55600,0
6609.HK,D,20221130,000000,34.65,35.8,34.45,35.8,38400,0
6609.HK,D,20221201,000000,36.3,37.8,36.3,36.8,51300,0
6609.HK,D,20221202,000000,36.8,37.65,36.35,37,35400,0
6609.HK,D,20221205,000000,37.9,39.7,37.9,39.3,48050,0
6609.HK,D,20221206,000000,38.6,41.4,38.6,40.7,35550,0
6609.HK,D,20221207,000000,41.8,44.35,41.8,43.4,56100,0
6609.HK,D,20221208,000000,44,44,39.9,42.1,84950,0
6609.HK,D,20221209,000000,42.1,44,42.1,43.2,46550,0
6609.HK,D,20221212,000000,43.7,46.85,43.7,45.3,47450,0
6609.HK,D,20221213,000000,45.75,45.75,42.85,42.9,42700,0
6609.HK,D,20221214,000000,44.1,45.8,43,43.6,47950,0
6609.HK,D,20221215,000000,43.7,43.9,42.2,43.1,53200,0
6609.HK,D,20221216,000000,43.1,43.5,42.3,43.05,56600,0
6609.HK,D,20221219,000000,42.5,42.9,38.8,39.45,51900,0
6609.HK,D,20221220,000000,41,41,36.35,37.95,25050,0
6609.HK,D,20221221,000000,37.65,38,36,36,47350,0
6609.HK,D,20221222,000000,37.9,38.25,35.1,35.95,39800,0
6609.HK,D,20221223,000000,36.5,36.5,34.6,35.9,20150,0
6609.HK,D,20221228,000000,36,39.4,36,39.3,43800,0
6609.HK,D,20221229,000000,39.25,39.25,36.8,38.8,20350,0
6609.HK,D,20221230,000000,38.1,38.1,36.2,36.75,32400,0
6609.HK,D,20230103,000000,36.7,38.45,36.65,38.45,29400,0
6609.HK,D,20230104,000000,38.35,39.45,37.45,39,31500,0
6609.HK,D,20230105,000000,39,40.9,39,40.1,23000,0
6609.HK,D,20230106,000000,40.4,42.1,40,40.85,24800,0
6609.HK,D,20230109,000000,40.8,41.75,40.4,40.9,14650,0
6609.HK,D,20230110,000000,41.2,41.2,40.1,41,12800,0
6609.HK,D,20230111,000000,41,43.6,40.2,43.6,29228,0
6609.HK,D,20230112,000000,43.45,43.45,41.4,42.6,16200,0
6609.HK,D,20230113,000000,42.5,44.8,42.45,44.65,31650,0
6609.HK,D,20230116,000000,44.6,46,43.95,44,33300,0
6609.HK,D,20230117,000000,42.9,42.95,41.5,41.5,17450,0
6609.HK,D,20230118,000000,41.5,41.5,40.4,40.95,6550,0
6609.HK,D,20230119,000000,40.95,42.8,40.4,40.55,3350,0
6609.HK,D,20230120,000000,40.35,41,40.3,40.9,16500,0
6609.HK,D,20230126,000000,40.25,41,40.25,40.8,900,0
6609.HK,D,20230127,000000,41.05,41.05,40.55,40.9,4350,0
6609.HK,D,20230130,000000,40.9,41.05,39.9,40.05,25500,0
6609.HK,D,20230131,000000,40.05,40.05,37.65,37.85,19800,0
6609.HK,D,20230201,000000,38.2,38.9,38,38.8,6850,0
6609.HK,D,20230202,000000,38.8,39.95,38.8,39.8,17350,0
6609.HK,D,20230203,000000,40.6,42.35,39.85,42.15,62050,0
6609.HK,D,20230206,000000,41.15,42.1,39.1,39.95,28550,0
6609.HK,D,20230207,000000,39.9,42.75,39.9,40.85,35400,0
6609.HK,D,20230208,000000,41.55,41.7,40.8,41.7,21122,0
6609.HK,D,20230209,000000,42,43.65,41.75,43.65,13600,0
6609.HK,D,20230210,000000,43.85,44,42.65,42.85,11200,0
6609.HK,D,20230213,000000,42.85,44.2,42.85,43.3,9850,0
6609.HK,D,20230214,000000,44.45,44.45,42.9,42.9,9000,0
6609.HK,D,20230215,000000,42.8,42.9,42.5,42.7,11250,0
6609.HK,D,20230216,000000,42.7,43.65,42,42.35,3150,0
6609.HK,D,20230217,000000,41.85,42.35,41.8,42.05,9050,0
6609.HK,D,20230220,000000,42,42.5,41.8,42.5,6850,0
6609.HK,D,20230221,000000,41.6,42.6,41.6,41.65,2688,0
6609.HK,D,20230222,000000,41.65,41.95,41,41,2550,0
6609.HK,D,20230223,000000,40.75,42,40.75,40.75,2200,0
6609.HK,D,20230224,000000,40.6,41.5,40.5,40.55,8700,0
6609.HK,D,20230227,000000,40.55,41.6,40.1,41.55,1700,0
6609.HK,D,20230228,000000,41.55,41.55,39.6,40.1,3700,0
6609.HK,D,20230301,000000,40,41,39.8,40.1,4300,0
6609.HK,D,20230302,000000,40.1,40.1,39.8,40.1,3500,0
6609.HK,D,20230303,000000,40.1,40.2,39.75,39.85,5550,0
6609.HK,D,20230306,000000,39.9,40.55,39.75,40.5,3400,0
6609.HK,D,20230307,000000,40.6,42.85,40.55,41.2,4300,0
6609.HK,D,20230308,000000,40.85,40.85,40.55,40.6,550,0
6609.HK,D,20230309,000000,40.6,40.6,40.1,40.1,600,0
6609.HK,D,20230310,000000,40,40,38.75,38.75,13250,0
6609.HK,D,20230313,000000,38.75,39.15,38.7,39.15,2000,0
6609.HK,D,20230314,000000,39.15,39.15,38.5,38.65,2800,0
6609.HK,D,20230315,000000,38.7,38.7,38.6,38.6,5050,0
6609.HK,D,20230316,000000,38.65,38.7,38.4,38.5,8250,0
6609.HK,D,20230317,000000,40,40,38.55,38.55,6900,0
6609.HK,D,20230320,000000,37.6,38.5,37.6,38.05,3450,0
6609.HK,D,20230321,000000,38.05,38.15,37.6,37.9,7600,0
6609.HK,D,20230322,000000,37.9,38.8,37.45,37.45,3150,0
6609.HK,D,20230323,000000,37.3,37.7,37,37.1,3300,0
6609.HK,D,20230324,000000,37,37.55,37,37.1,21850,0
6609.HK,D,20230327,000000,37.1,37.1,36.3,36.6,10800,0
6609.HK,D,20230328,000000,36.2,36.6,36.05,36.05,10600,0
6609.HK,D,20230329,000000,36.25,37.45,36.2,36.6,38250,0
6609.HK,D,20230330,000000,36.6,37.95,36.5,36.8,3900,0
6609.HK,D,20230331,000000,36.8,38.05,36.8,37.95,7250,0
6609.HK,D,20230403,000000,37.95,38.9,37.95,38.45,1450,0
6609.HK,D,20230404,000000,38.45,39,37,37,14300,0
6609.HK,D,20230406,000000,37,38.5,37,38,5150,0
6609.HK,D,20230411,000000,38,38.4,37.55,38.05,9350,0
6609.HK,D,20230412,000000,38.05,38.7,38,38.7,32300,0
6609.HK,D,20230413,000000,38.7,40,38.4,39.55,26350,0
6609.HK,D,20230414,000000,39.55,39.75,38.55,39.75,400,0
6609.HK,D,20230417,000000,39.75,39.75,38.55,39.7,20650,0
6609.HK,D,20230418,000000,39.65,39.65,38.75,39,2150,0
6609.HK,D,20230419,000000,39.65,39.65,38,38.35,4700,0
6609.HK,D,20230420,000000,38,38.3,38,38,3850,0
6609.HK,D,20230421,000000,36.4,38,36.4,37.9,5200,0
6609.HK,D,20230424,000000,37.85,38.6,37.85,38.6,12150,0
6609.HK,D,20230425,000000,37.1,38.95,37.1,38.95,1850,0
6609.HK,D,20230426,000000,39,39.8,38.4,39.8,14000,0
6609.HK,D,20230427,000000,40,40,39.5,40,4500,0
6609.HK,D,20230428,000000,38.7,39.95,38.7,39.9,14150,0
6609.HK,D,20230502,000000,39,39.8,38.3,39.75,52850,0
6609.HK,D,20230503,000000,39.1,40,38,39.75,57350,0
6609.HK,D,20230504,000000,39.2,39.8,38.8,39.4,65250,0
6609.HK,D,20230505,000000,39.4,39.7,38.7,39.1,67250,0
6609.HK,D,20230508,000000,40,42.45,40,42.05,121000,0
6609.HK,D,20230509,000000,41.6,42,41,41.55,44450,0
6609.HK,D,20230510,000000,41.5,43,40.05,42,97950,0
6609.HK,D,20230511,000000,41.3,42.5,41.05,42,41550,0
6609.HK,D,20230512,000000,41.1,41.6,39.9,41.1,245650,0
6609.HK,D,20230515,000000,41.1,41.9,40.15,41.65,131000,0
6609.HK,D,20230516,000000,41.2,41.9,40,41.7,385300,0
6609.HK,D,20230517,000000,41.7,41.85,40.45,40.8,76900,0
6609.HK,D,20230518,000000,40.8,41.15,40.1,40.6,66450,0
6609.HK,D,20230519,000000,40.5,40.8,40.35,40.4,54250,0
6609.HK,D,20230522,000000,40.4,41,40,40,88700,0
6609.HK,D,20230523,000000,40.05,40.5,39.5,39.55,48600,0
6609.HK,D,20230524,000000,39.55,41.3,39.5,40.65,56800,0
6609.HK,D,20230525,000000,40.2,40.2,39.2,39.3,38650,0
6609.HK,D,20230529,000000,40,40.8,38.55,39,73800,0
6609.HK,D,20230530,000000,38.8,40,37.6,38.1,42750,0
6609.HK,D,20230531,000000,37.6,38.1,36.5,37,25750,0
6609.HK,D,20230601,000000,36.5,38.5,36.5,37,34150,0
6609.HK,D,20230602,000000,36.5,38.5,36.5,37.3,118400,0
6609.HK,D,20230605,000000,38.05,39.6,38.05,38.55,150900,0
6609.HK,D,20230606,000000,37.2,40.5,37.2,39.65,143200,0
6609.HK,D,20230607,000000,39.1,40,39.1,39.15,15450,0
6609.HK,D,20230608,000000,38,38.85,37,37.1,147700,0
6609.HK,D,20230609,000000,37.1,38.5,37,37.2,2050,0
6609.HK,D,20230612,000000,37.2,38.3,36.95,37.1,2850,0
6609.HK,D,20230613,000000,37.1,37.1,35.05,36,15700,0
6609.HK,D,20230614,000000,36.05,38.65,36.05,36.1,900,0
6609.HK,D,20230615,000000,36.1,38.45,36.1,36.1,1650,0
6609.HK,D,20230616,000000,36.15,37.2,36,36.1,11500,0
6609.HK,D,20230619,000000,36,36,35,35.05,10650,0
6609.HK,D,20230620,000000,35.05,35.05,32.55,32.95,28150,0
6609.HK,D,20230621,000000,32.5,33.95,32,32.6,43500,0
6609.HK,D,20230623,000000,32.9,34,32.45,32.9,1650,0
6609.HK,D,20230626,000000,32.7,33.55,32.7,33.1,4450,0
6609.HK,D,20230627,000000,32.1,33.2,32.1,32.4,6200,0
6609.HK,D,20230628,000000,32,32.8,32,32.65,8400,0
6609.HK,D,20230629,000000,32.65,32.8,32.1,32.6,8900,0
6609.HK,D,20230630,000000,32.55,33.35,32.25,33.3,2150,0
6609.HK,D,20230703,000000,33,35.95,32.7,32.75,600,0
6609.HK,D,20230704,000000,32.5,33.1,32.45,32.6,2200,0
6609.HK,D,20230705,000000,33,33.6,32.05,32.25,6000,0
6609.HK,D,20230706,000000,32.25,32.9,32.1,32.9,1450,0
6609.HK,D,20230707,000000,32.4,32.9,32.05,32.5,7350,0
6609.HK,D,20230710,000000,32.5,32.75,32.05,32.05,10700,0
6609.HK,D,20230711,000000,32,32.5,31.5,32.5,2050,0
6609.HK,D,20230712,000000,34.1,34.1,30.15,32.45,2750,0
6609.HK,D,20230713,000000,32.45,33,32.45,32.6,17600,0
6609.HK,D,20230714,000000,32.6,32.95,30.15,31.2,3650,0
6609.HK,D,20230718,000000,32.6,32.6,29.95,30.05,1050,0
6609.HK,D,20230719,000000,32.6,32.6,30.15,30.2,11550,0
6609.HK,D,20230720,000000,32.6,32.6,30.2,30.55,1600,0
6609.HK,D,20230721,000000,30.05,30.95,30.05,30.5,3750,0
6609.HK,D,20230724,000000,30.5,31.5,30.1,30.45,750,0
6609.HK,D,20230725,000000,30.15,30.95,30.15,30.65,4100,0
6609.HK,D,20230726,000000,30,30.75,30,30.7,1150,0
6609.HK,D,20230727,000000,30.05,31.5,30.05,31.5,2900,0
6609.HK,D,20230728,000000,30.05,32.1,30.05,30.7,3150,0
6609.HK,D,20230731,000000,30.7,31.7,30.7,30.95,17300,0
6609.HK,D,20230801,000000,30.05,31,30.05,30.5,21900,0
6609.HK,D,20230802,000000,30.05,30.5,30.05,30.1,4400,0
6609.HK,D,20230803,000000,30.05,30.25,29.7,29.75,6650,0
6609.HK,D,20230804,000000,29.75,30,29.5,30,2050,0
6609.HK,D,20230807,000000,29.75,29.75,29.45,29.75,550,0
6609.HK,D,20230808,000000,29.8,29.8,29.7,29.7,600,0
6609.HK,D,20230809,000000,29.7,29.7,29.2,29.35,2000,0
6609.HK,D,20230810,000000,29.35,29.35,28.8,28.8,6950,0
6609.HK,D,20230811,000000,28.55,28.8,28.05,28.05,4500,0
6609.HK,D,20230814,000000,28.15,28.15,28.15,28.15,150,0
6609.HK,D,20230815,000000,28.05,28.3,28,28.3,3450,0
6609.HK,D,20230816,000000,28.1,28.1,27.3,28.1,2400,0
6609.HK,D,20230817,000000,27.95,27.95,27.2,27.3,1100,0
6609.HK,D,20230818,000000,27.3,27.3,27.1,27.1,700,0
6609.HK,D,20230821,000000,26.05,26.4,26.05,26.4,1950,0
6609.HK,D,20230822,000000,26.4,27.45,26.1,27,1050,0
6609.HK,D,20230823,000000,26.95,26.95,25.55,25.6,3400,0
6609.HK,D,20230824,000000,25.6,25.6,24.8,24.9,16550,0
6609.HK,D,20230825,000000,24.9,24.9,23.95,24.1,6800,0
6609.HK,D,20230828,000000,24.65,24.65,23.3,23.3,8200,0
6609.HK,D,20230829,000000,24,24.6,23.55,23.65,7350,0
6609.HK,D,20230830,000000,23,23.85,22.6,22.65,25600,0
6609.HK,D,20230831,000000,22.95,24,22.95,23.65,12700,0
6609.HK,D,20230904,000000,24.4,24.55,23.75,24.2,14450,0
6609.HK,D,20230905,000000,23.5,24.45,23.5,24.45,5850,0
6609.HK,D,20230906,000000,25.65,25.65,23.05,25.35,5600,0
6609.HK,D,20230907,000000,25.35,25.35,24,25,4950,0
6609.HK,D,20230911,000000,24,25.6,24,24.9,11650,0
6609.HK,D,20230912,000000,24.45,26,24.45,25.75,9050,0
6609.HK,D,20230913,000000,24.55,25.45,24.3,25.25,20400,0
6609.HK,D,20230914,000000,24.4,25.25,23.95,23.95,26550,0
6609.HK,D,20230915,000000,24,24.5,22.65,23,56050,0
6609.HK,D,20230918,000000,23,24.3,22.8,23.7,9350,0
6609.HK,D,20230919,000000,23.25,23.7,23.25,23.25,5050,0
6609.HK,D,20230920,000000,22.6,23.4,22.3,23,6000,0
6609.HK,D,20230921,000000,22.45,23.9,22.45,22.95,4650,0
6609.HK,D,20230922,000000,22.45,23,22.45,22.95,3550,0
6609.HK,D,20230925,000000,22,22.95,22,22.2,400,0
6609.HK,D,20230926,000000,23,23,22.6,23,5500,0
6609.HK,D,20230927,000000,22.2,23,22.2,23,5750,0
6609.HK,D,20230928,000000,23.5,23.5,23,23.5,500,0
6609.HK,D,20230929,000000,23.5,23.8,23,23.8,1050,0
6609.HK,D,20231003,000000,23.5,23.8,23.5,23.8,1300,0
6609.HK,D,20231004,000000,24.25,24.45,23.9,24.45,6650,0
6609.HK,D,20231005,000000,24.4,24.8,24.2,24.2,6400,0
6609.HK,D,20231006,000000,24,25,24,24.4,6850,0
6609.HK,D,20231009,000000,23.55,25.1,23.55,24.75,17350,0
6609.HK,D,20231010,000000,24.75,25.5,23.8,25.2,8750,0
6609.HK,D,20231011,000000,27.05,27.05,25.55,25.55,400,0
6609.HK,D,20231012,000000,25.55,26.25,25.55,25.7,1700,0
6609.HK,D,20231013,000000,25.5,26.3,25.3,25.5,8850,0
6609.HK,D,20231016,000000,25,26,24.6,26,3950,0
6609.HK,D,20231017,000000,25.6,26.5,25.25,26.2,4800,0
6609.HK,D,20231018,000000,25.15,27,25.15,26.3,3150,0
6609.HK,D,20231019,000000,26.3,26.45,26.15,26.15,850,0
6609.HK,D,20231020,000000,25.25,26.4,25.25,25.95,6650,0
6609.HK,D,20231024,000000,25.35,27,25.3,26.3,4750,0
6609.HK,D,20231025,000000,26.6,27.3,26.6,26.6,5450,0
6609.HK,D,20231026,000000,26.05,27,26.05,26.6,2150,0
6609.HK,D,20231027,000000,27,27,26.3,26.95,7000,0
6609.HK,D,20231030,000000,26.9,27.1,26.15,26.85,6200,0
6609.HK,D,20231031,000000,26.95,27.4,26.1,27.4,3500,0
6609.HK,D,20231101,000000,27.5,27.5,27,27.5,2600,0
6609.HK,D,20231102,000000,27.5,27.95,27.5,27.5,4500,0
6609.HK,D,20231103,000000,28,28,27.65,28,4200,0
6609.HK,D,20231106,000000,28,28,27.8,27.85,3700,0
6609.HK,D,20231107,000000,27.9,27.9,27.7,27.9,1700,0
6609.HK,D,20231108,000000,28.75,28.9,27.9,28.75,1500,0
6609.HK,D,20231109,000000,27.8,28.5,27.05,27.8,750,0
6609.HK,D,20231110,000000,27.8,27.8,27.7,27.8,3500,0
6609.HK,D,20231113,000000,27.8,28.25,27.4,27.4,4650,0
6609.HK,D,20231114,000000,27.05,28,27.05,27.2,3150,0
6609.HK,D,20231115,000000,27,28.3,27,28,27300,0
6609.HK,D,20231116,000000,27,27.9,27,27.5,3650,0
6609.HK,D,20231117,000000,27.2,27.95,27,27.4,3250,0
6609.HK,D,20231120,000000,25.7,27.85,25.7,27.85,5100,0
6609.HK,D,20231121,000000,26.6,27.75,26.6,27.75,350,0
6609.HK,D,20231122,000000,26.8,27.9,26.8,27.9,2750,0
6609.HK,D,20231123,000000,26.7,28.15,26.7,28,24350,0
6609.HK,D,20231124,000000,26.95,27.95,26.95,27.95,950,0
6609.HK,D,20231127,000000,26.8,26.9,26.8,26.9,850,0
6609.HK,D,20231128,000000,26.9,27.2,26.55,27,4350,0
6609.HK,D,20231129,000000,26.95,27.9,26.95,27.25,3100,0
6609.HK,D,20231130,000000,26.8,27.15,26.8,27.15,200,0
6609.HK,D,20231201,000000,27.15,27.7,27.15,27.4,5850,0
6609.HK,D,20231204,000000,27.3,27.45,26.65,27.3,4700,0
6609.HK,D,20231205,000000,26.7,26.7,25.05,25.75,12550,0
6609.HK,D,20231206,000000,25.05,25.75,24.5,25.7,2300,0
6609.HK,D,20231207,000000,25.3,25.65,25.1,25.65,850,0
6609.HK,D,20231208,000000,25.9,25.9,24.3,25.9,1150,0
6609.HK,D,20231211,000000,25.9,25.9,23.9,24.35,8800,0
6609.HK,D,20231212,000000,24.05,24.95,24.05,24.6,2800,0
6609.HK,D,20231213,000000,25,25,23.65,24.05,2000,0
6609.HK,D,20231214,000000,24.05,24.05,23.45,23.95,2050,0
6609.HK,D,20231215,000000,23.85,25,23.85,24.3,4350,0
6609.HK,D,20231218,000000,24.25,24.25,23.45,24.2,1200,0
6609.HK,D,20231219,000000,23.9,23.9,23.6,23.85,850,0
6609.HK,D,20231220,000000,23.85,24.15,23.35,23.85,3350,0
6609.HK,D,20231221,000000,23.85,23.85,23,23.8,1350,0
6609.HK,D,20231222,000000,23.1,24.45,23.1,24.45,1850,0
6609.HK,D,20231227,000000,23.05,26.4,23.05,26.4,14850,0
6609.HK,D,20231228,000000,25.5,27.35,25,26.75,16100,0
6609.HK,D,20231229,000000,26.65,29.8,25.75,29.75,13800,0
6609.HK,D,20240102,000000,27.45,27.5,24.8,26.4,40700,0
6609.HK,D,20240103,000000,26.4,27.4,26,27,11550,0
6609.HK,D,20240104,000000,25.7,25.9,24.55,25.6,7950,0
6609.HK,D,20240105,000000,27.25,27.3,24.05,24.05,31850,0
6609.HK,D,20240108,000000,24.05,24.05,23.6,24,2650,0
6609.HK,D,20240109,000000,24,25.15,24,25.15,5500,0
6609.HK,D,20240110,000000,24.25,25.1,24,25.1,6650,0
6609.HK,D,20240111,000000,24,24.8,24,24.7,8000,0
6609.HK,D,20240112,000000,24.1,24.75,24.05,24.3,26700,0
6609.HK,D,20240115,000000,24.3,24.35,23.5,24.35,3000,0
6609.HK,D,20240116,000000,24.35,24.75,23.8,24.35,4200,0
6609.HK,D,20240117,000000,23.55,23.55,23,23.15,15150,0
6609.HK,D,20240118,000000,22,24.7,22,23.5,11950,0
6609.HK,D,20240119,000000,23.3,23.3,23.3,23.3,50,0
6609.HK,D,20240122,000000,20.75,22.15,20.55,20.75,13900,0
6609.HK,D,20240123,000000,20.8,20.8,20,20.75,2350,0
6609.HK,D,20240124,000000,18.1,21.25,18.1,21.25,1366900,0
6609.HK,D,20240125,000000,21.25,21.25,20.4,21.25,237842,0
6609.HK,D,20240126,000000,21.2,21.5,21.2,21.2,5800,0
6609.HK,D,20240129,000000,21.2,21.2,20.55,20.55,650,0
6609.HK,D,20240130,000000,20.6,20.7,20.6,20.65,5700,0
6609.HK,D,20240131,000000,20,20.5,19.98,20.5,2100,0
6609.HK,D,20240201,000000,20.95,21,20.5,20.5,2000,0
6609.HK,D,20240202,000000,20.5,21,20.05,20.05,93350,0
6609.HK,D,20240205,000000,20,20.15,20,20.1,6100,0
6609.HK,D,20240206,000000,19.1,19.8,19.1,19.8,150,0
6609.HK,D,20240207,000000,19.52,19.8,19.02,19.6,1400,0
6609.HK,D,20240208,000000,20.2,20.75,20.1,20.2,650,0
6609.HK,D,20240209,000000,20.2,20.2,20.2,20.2,0,0
6609.HK,D,20240214,000000,19.8,19.8,19.8,19.8,500,0
6609.HK,D,20240215,000000,20.05,20.15,19,20.05,1100,0
6609.HK,D,20240216,000000,20.45,20.45,19.9,20.45,250,0
6609.HK,D,20240219,000000,20.4,20.5,19.4,20.4,3500,0
6609.HK,D,20240220,000000,20.4,20.5,19.02,20,3200,0
6609.HK,D,20240221,000000,20,20.85,20,20.05,1450,0
6609.HK,D,20240222,000000,19.32,20.05,19.32,20.05,1250,0
6609.HK,D,20240223,000000,20,20.15,20,20.15,1450,0
6609.HK,D,20240226,000000,20.2,20.2,20.15,20.15,700,0
6609.HK,D,20240227,000000,20.1,20.15,20.1,20.1,600,0
6609.HK,D,20240228,000000,20,20,20,20,100,0
6609.HK,D,20240229,000000,19.82,19.84,19.8,19.8,300,0
6609.HK,D,20240301,000000,19.82,20,18.4,18.6,5350,0
6609.HK,D,20240304,000000,18.6,18.64,18.54,18.54,3150,0
6609.HK,D,20240305,000000,18.54,18.56,18.5,18.5,1950,0
6609.HK,D,20240306,000000,18.5,19.5,18.08,19.5,5100,0
6609.HK,D,20240307,000000,19.5,19.5,19.5,19.5,168900,0
6609.HK,D,20240308,000000,18.12,19.5,18.12,19.5,11450,0
6609.HK,D,20240311,000000,19.7,21,19.7,20.75,15950,0
6609.HK,D,20240312,000000,20,21,20,20.9,15950,0
6609.HK,D,20240313,000000,20.45,22,20.4,21.2,39450,0
6609.HK,D,20240314,000000,21.2,21.95,20.7,21.1,82650,0
6609.HK,D,20240315,000000,21.2,22,19.7,20.4,61300,0
6609.HK,D,20240318,000000,20,20.45,19.6,20,53400,0
6609.HK,D,20240319,000000,20,20.65,19.02,20,109050,0
6609.HK,D,20240320,000000,21,21,18.84,19.42,155000,0
6609.HK,D,20240321,000000,19.58,20.05,18.92,19.7,186350,0
6609.HK,D,20240322,000000,19.02,20.15,19.02,19.72,119400,0
6609.HK,D,20240325,000000,19.3,20.15,19.16,19.7,167100,0
6609.HK,D,20240326,000000,20,20,19.16,19.42,200500,0
6609.HK,D,20240327,000000,19.12,19.3,18.42,19,191800,0
6609.HK,D,20240328,000000,18.72,19.5,18.58,19.4,113950,0
6609.HK,D,20240402,000000,19,20.3,18.9,19.98,126100,0
6609.HK,D,20240403,000000,19.5,20.25,19.02,19.62,159850,0
6609.HK,D,20240405,000000,19.36,19.8,18.5,19.36,164300,0
6609.HK,D,20240408,000000,19.02,20.25,19.02,19.98,144450,0
6609.HK,D,20240409,000000,20,20.3,18.6,19.22,144050,0
6609.HK,D,20240410,000000,18.52,18.7,17.2,17.5,163600,0
6609.HK,D,20240411,000000,17.2,17.96,16.06,16.76,204950,0
6609.HK,D,20240412,000000,17.26,17.28,15.64,16.76,116550,0
6609.HK,D,20240415,000000,16.66,17.44,15.9,16.96,155450,0
6609.HK,D,20240416,000000,16.86,17.22,16.64,17.02,103100,0
6609.HK,D,20240417,000000,17.36,17.9,16.94,17.9,109800,0
6609.HK,D,20240418,000000,17.62,18.74,17.6,18.74,104750,0
6609.HK,D,20240419,000000,17.02,17.02,17.02,17.02,1150,0
6609.HK,D,20240422,000000,17.02,17.28,16.06,16.52,75350,0
6609.HK,D,20240423,000000,16,16.68,15.98,16.54,103750,0
6609.HK,D,20240424,000000,16.02,16.7,16.02,16.58,116500,0
6609.HK,D,20240425,000000,16.3,17.08,16.3,17.06,88100,0
6609.HK,D,20240426,000000,16.52,18.74,16.52,17.92,104650,0
6609.HK,D,20240429,000000,18,18.62,18,18.62,5000,0
6609.HK,D,20240430,000000,17.9,17.9,17.88,17.9,500,0
6609.HK,D,20240502,000000,17.9,17.94,17.9,17.94,150,0
6609.HK,D,20240503,000000,17.94,19.36,17.94,19.36,7050,0
6609.HK,D,20240506,000000,18.58,19.5,18.58,19.18,2950,0
6609.HK,D,20240507,000000,19.18,19.64,19.1,19.12,1600,0
6609.HK,D,20240508,000000,19.1,19.1,19.1,19.1,0,0
6609.HK,D,20240509,000000,19.62,19.64,19.1,19.62,650,0
6609.HK,D,20240510,000000,19.36,19.36,19.3,19.36,2700,0
6609.HK,D,20240513,000000,19.64,19.64,19.22,19.22,2900,0
6609.HK,D,20240514,000000,19.22,19.22,19,19.22,3600,0
6609.HK,D,20240516,000000,18.82,19.12,18.52,18.56,5250,0
6609.HK,D,20240517,000000,18.56,18.66,18.4,18.56,12500,0
6609.HK,D,20240520,000000,18.56,18.8,18.52,18.6,5550,0
6609.HK,D,20240521,000000,18.52,18.6,18.46,18.6,4800,0
6609.HK,D,20240522,000000,18.46,18.56,18.44,18.46,13150,0
6609.HK,D,20240523,000000,18.4,18.46,18.4,18.46,550,0
6609.HK,D,20240524,000000,18.06,18.36,17.9,18.06,2350,0
6609.HK,D,20240527,000000,17.9,18.06,17.6,17.98,10250,0
6609.HK,D,20240528,000000,17.98,17.98,17.98,17.98,300,0
6609.HK,D,20240529,000000,17.9,18,17.9,18,350,0
6609.HK,D,20240530,000000,17.98,17.98,17.98,17.98,0,0
6609.HK,D,20240531,000000,17.98,17.98,17.98,17.98,200,0
6609.HK,D,20240603,000000,18.04,18.04,18.04,18.04,100,0
6609.HK,D,20240604,000000,17.9,18.04,17.9,17.9,1450,0
6609.HK,D,20240605,000000,17.9,18.38,17.9,17.98,1900,0
6609.HK,D,20240606,000000,17.98,18,17.98,18,200,0
6609.HK,D,20240607,000000,17.9,18.26,16.88,16.88,10550,0
6609.HK,D,20240611,000000,17.9,18.18,17.1,17.9,650,0
6609.HK,D,20240612,000000,17.2,17.2,17.2,17.2,600,0
6609.HK,D,20240613,000000,17,17.1,16.88,17,7650,0
6609.HK,D,20240614,000000,17,17.06,17,17.02,750,0
6609.HK,D,20240617,000000,17,17,17,17,300,0
6609.HK,D,20240618,000000,17,17,16.88,17,1550,0
6609.HK,D,20240619,000000,17,17,16.88,16.9,16150,0
6609.HK,D,20240620,000000,16.88,16.9,16.06,16.18,103300,0
6609.HK,D,20240621,000000,16.48,20,16.1,16.98,200,0
6609.HK,D,20240624,000000,16.2,16.2,16.1,16.2,1300,0
6609.HK,D,20240625,000000,16.18,16.32,16.18,16.32,750,0
6609.HK,D,20240626,000000,16.32,16.32,16.32,16.32,0,0
6609.HK,D,20240627,000000,16.48,16.48,16.06,16.06,600,0
6609.HK,D,20240628,000000,16.06,16.06,16.06,16.06,350,0
6609.HK,D,20240702,000000,16.2,16.74,16.16,16.2,3350,0
6609.HK,D,20240703,000000,16.2,16.3,16.1,16.22,3700,0
6609.HK,D,20240704,000000,16.06,16.12,16,16.02,2500,0
6609.HK,D,20240705,000000,16.02,16.02,16,16.02,400,0
6609.HK,D,20240708,000000,16,16.22,15.16,16.22,3950,0
6609.HK,D,20240709,000000,15.02,15.72,15.02,15.46,22950,0
6609.HK,D,20240710,000000,15.46,15.76,15.46,15.6,300,0
6609.HK,D,20240711,000000,15.1,15.18,15.1,15.18,1300,0
6609.HK,D,20240712,000000,15.18,15.22,15.1,15.22,900,0
6609.HK,D,20240715,000000,15.2,15.22,15.2,15.2,900,0
6609.HK,D,20240716,000000,15.22,15.22,15.1,15.22,1200,0
6609.HK,D,20240717,000000,15.2,15.2,15.1,15.12,900,0
6609.HK,D,20240718,000000,16.48,16.88,16.48,16.48,50,0
6609.HK,D,20240719,000000,15.08,16,15.06,15.08,700,0
6609.HK,D,20240722,000000,15.1,15.12,15,15.06,600,0
6609.HK,D,20240723,000000,16,16.02,15,16,22900,0
6609.HK,D,20240724,000000,16,16,16,16,0,0
6609.HK,D,20240725,000000,15.08,15.08,15.08,15.08,100,0
6609.HK,D,20240726,000000,15.16,15.16,15.1,15.1,700,0
6609.HK,D,20240729,000000,15.06,15.1,15.02,15.08,500,0
6609.HK,D,20240730,000000,15.08,16.2,15.06,16.2,6700,0
6609.HK,D,20240731,000000,17,17.02,17,17,2700,0
6609.HK,D,20240801,000000,17,17,17,17,550,0
6609.HK,D,20240802,000000,17,17.5,17,17.5,4450,0
6609.HK,D,20240805,000000,17.48,17.52,17.48,17.5,6000,0
6609.HK,D,20240806,000000,16,17.02,15.94,16.2,42250,0
6609.HK,D,20240807,000000,16.2,16.2,15.26,15.3,4750,0
6609.HK,D,20240808,000000,15.3,16.02,15.2,15.2,34850,0
6609.HK,D,20240809,000000,15.2,16.2,15.08,15.22,32600,0
6609.HK,D,20240812,000000,15.26,15.26,15.24,15.26,1600,0
6609.HK,D,20240813,000000,15.26,15.56,15.24,15.48,8900,0
6609.HK,D,20240814,000000,15.48,15.5,15.26,15.48,2400,0
6609.HK,D,20240815,000000,15.48,15.48,15.48,15.48,0,0
6609.HK,D,20240816,000000,15.46,15.46,15.46,15.46,0,0
6609.HK,D,20240819,000000,15.26,15.26,14.52,14.7,10900,0
6609.HK,D,20240820,000000,14.64,14.64,13.7,13.7,24900,0
6609.HK,D,20240821,000000,13.32,13.34,13.24,13.34,1750,0
6609.HK,D,20240822,000000,13.34,13.38,13.34,13.36,1150,0
6609.HK,D,20240823,000000,13.36,13.36,12.5,12.56,3250,0
6609.HK,D,20240826,000000,12.56,12.56,12.1,12.4,1800,0
6609.HK,D,20240827,000000,12.78,14,12.58,13.8,1250,0
6609.HK,D,20240828,000000,13.8,13.8,12.26,12.32,750,0
6609.HK,D,20240829,000000,13.86,13.86,13,13.86,5850,0
6609.HK,D,20240830,000000,13.8,14.8,13.8,14.36,7550,0
6609.HK,D,20240902,000000,14.36,15,14.36,15,900,0
6609.HK,D,20240903,000000,15.02,15.66,15.02,15.66,4750,0
6609.HK,D,20240904,000000,16.84,17.06,15.1,15.22,46550,0
6609.HK,D,20240905,000000,15.22,15.5,15.22,15.4,1050,0
6609.HK,D,20240909,000000,15.02,15.02,15.02,15.02,1000,0
6609.HK,D,20240910,000000,15.02,15.5,15.02,15.5,650,0
6609.HK,D,20240911,000000,15.5,15.5,15.5,15.5,0,0
6609.HK,D,20240912,000000,15.5,15.5,15.2,15.2,100,0
6609.HK,D,20240913,000000,15,15,14.02,14.02,6000,0
6609.HK,D,20240916,000000,14.02,15.96,14,14.04,3900,0
6609.HK,D,20240917,000000,14.04,14.04,14.04,14.04,50,0
6609.HK,D,20240919,000000,14.12,15,14.02,14.12,16350,0
6609.HK,D,20240920,000000,14.02,14.46,14.02,14.18,7250,0
6609.HK,D,20240923,000000,14.2,14.42,14.2,14.2,1150,0
6609.HK,D,20240924,000000,14,14.28,14,14.26,5300,0
6609.HK,D,20240925,000000,14.26,14.52,14.26,14.52,19950,0
6609.HK,D,20240926,000000,14.5,14.5,14.16,14.18,22700,0
6609.HK,D,20240927,000000,14.2,17.9,14.2,17.5,44350,0
6609.HK,D,20240930,000000,17.5,19.2,17.5,19.2,22200,0
6609.HK,D,20241002,000000,19.5,24,19.5,24,60550,0
6609.HK,D,20241003,000000,24.5,24.75,20.6,23.7,219750,0
6609.HK,D,20241004,000000,23.7,26.65,23.4,25.6,206950,0
6609.HK,D,20241007,000000,25.55,26.8,24.45,25.55,194300,0
6609.HK,D,20241008,000000,25.5,25.5,21,21.25,206100,0
6609.HK,D,20241009,000000,21.65,22.8,20.65,21.65,231550,0
6609.HK,D,20241010,000000,22,22.2,20.85,21.6,94150,0
6609.HK,D,20241014,000000,21.55,22.6,20.6,20.6,86500,0
6609.HK,D,20241015,000000,20.2,21.1,19.42,20.4,103150,0
6609.HK,D,20241016,000000,20.9,20.9,19.6,20,101950,0
6609.HK,D,20241017,000000,19.98,21,19.6,19.76,100600,0
6609.HK,D,20241018,000000,19.74,20.9,19.68,20.25,106000,0
6609.HK,D,20241021,000000,20.2,21.55,19.9,21,58900,0
6609.HK,D,20241022,000000,21.9,21.95,20.6,21.3,45800,0
6609.HK,D,20241023,000000,21.3,21.35,20.6,20.9,49600,0
6609.HK,D,20241024,000000,20.5,20.8,19.72,20,52300,0
6609.HK,D,20241025,000000,20,21.4,19.86,19.98,49500,0
6609.HK,D,20241028,000000,20.1,20.1,19.5,19.98,51800,0
6609.HK,D,20241029,000000,20.1,20.3,19.86,20,51450,0
6609.HK,D,20241030,000000,20.15,20.15,19.9,19.96,51000,0
6609.HK,D,20241031,000000,20.5,20.5,19.6,19.98,59250,0
6609.HK,D,20241101,000000,20.2,20.2,19.72,19.98,41200,0
6609.HK,D,20241104,000000,20,20.4,19.9,20.2,28000,0
6609.HK,D,20241105,000000,20.15,20.95,19.98,20.4,26450,0
6609.HK,D,20241106,000000,20.5,20.6,19.7,19.86,25500,0
6609.HK,D,20241107,000000,19,20,19,19.92,26300,0
6609.HK,D,20241108,000000,19.6,20.05,19.6,19.86,27350,0
6609.HK,D,20241111,000000,19.74,20,19.74,19.96,31300,0
6609.HK,D,20241112,000000,19.9,20.2,19.5,20.15,29050,0
6609.HK,D,20241113,000000,19.8,20.65,19.8,20.45,25950,0
6609.HK,D,20241114,000000,20.2,20.6,19.64,20,27550,0
6609.HK,D,20241115,000000,20.1,20.1,19.6,19.98,28450,0
6609.HK,D,20241118,000000,19.9,20.8,19.7,20.8,42550,0
6609.HK,D,20241119,000000,20.5,20.5,20.15,20.25,24100,0
6609.HK,D,20241120,000000,20.05,21.8,20.05,21.25,26350,0
6609.HK,D,20241121,000000,21,21.15,20.9,21.05,39350,0
6609.HK,D,20241122,000000,21,21.9,21,21.4,55300,0
6609.HK,D,20241125,000000,20.85,21.3,20.85,21.3,8050,0
6609.HK,D,20241126,000000,21.2,23,21.2,22.3,27400,0
6609.HK,D,20241127,000000,22.3,24.4,22.3,24,19050,0
6609.HK,D,20241128,000000,22.85,24,22.4,22.85,8100,0
6609.HK,D,20241129,000000,22.85,23.9,22.85,23.5,5800,0
6609.HK,D,20241202,000000,23.5,23.8,21.8,21.9,12500,0
6609.HK,D,20241203,000000,21.45,22.85,21.45,22.85,1500,0
6609.HK,D,20241204,000000,22.45,22.55,22.2,22.55,3700,0
6609.HK,D,20241205,000000,22.55,22.55,22.05,22.05,2000,0
6609.HK,D,20241206,000000,22.05,22.6,22.05,22.45,9100,0
6609.HK,D,20241209,000000,22.55,22.8,22.3,22.8,3550,0
6609.HK,D,20241210,000000,24,24,20,22.2,20800,0
6609.HK,D,20241211,000000,22.2,23.45,21.7,23.45,9300,0
6609.HK,D,20241212,000000,23.45,23.8,23.3,23.3,9200,0
6609.HK,D,20241213,000000,23.8,24.5,23.4,23.95,55550,0
6609.HK,D,20241216,000000,23.95,24.1,23.8,23.8,4150,0
6609.HK,D,20241217,000000,23.6,23.6,22.5,23.2,3900,0
6609.HK,D,20241218,000000,23.15,23.2,23.15,23.2,150,0
6609.HK,D,20241219,000000,23.15,23.15,23.15,23.15,950,0
6609.HK,D,20241220,000000,23.15,23.95,22.95,23.95,4100,0
6609.HK,D,20241223,000000,23.95,23.95,23.95,23.95,0,0
6609.HK,D,20241224,000000,23,23,22,22.55,550,0
6609.HK,D,20241227,000000,22.8,22.95,22.2,22.65,6250,0
6609.HK,D,20241230,000000,22.6,22.65,21.55,22.3,27900,0
6609.HK,D,20241231,000000,21.95,22.65,21.25,21.95,4650,0
6609.HK,D,20250102,000000,21.2,22.25,21.2,21.9,6150,0
6609.HK,D,20250103,000000,21.9,23.9,20.5,21.9,3763,0
6609.HK,D,20250106,000000,21,23.45,21,21.9,3300,0
6609.HK,D,20250107,000000,21.1,21.9,20.2,21.9,24300,0
6609.HK,D,20250108,000000,21.5,21.55,20.25,21,9750,0
6609.HK,D,20250109,000000,21.15,21.4,20.75,20.95,1250,0
6609.HK,D,20250110,000000,21,21.1,20.65,20.95,12000,0
6609.HK,D,20250113,000000,20.95,23.35,20.5,21.35,100200,0
6609.HK,D,20250114,000000,21.35,22.8,21.35,22.3,175150,0
6609.HK,D,20250115,000000,23.05,23.45,22.6,22.65,6050,0
6609.HK,D,20250116,000000,22.6,23.35,20.1,20.9,67550,0
6609.HK,D,20250117,000000,20.9,22.1,20.9,21.5,1258413,0
6609.HK,D,20250120,000000,21.95,21.95,21,21.3,26100,0
6609.HK,D,20250121,000000,21.75,23.4,21.75,23.3,455583,0
6609.HK,D,20250122,000000,23.3,23.6,23,23.6,63950,0
6609.HK,D,20250123,000000,24.35,24.35,23.75,24.35,70500,0
6609.HK,D,20250124,000000,24.5,24.5,23.95,24,5100,0
6609.HK,D,20250127,000000,23.65,24.3,23.65,23.65,2750,0
6609.HK,D,20250128,000000,23.65,24.45,23.6,24.35,2900,0
6609.HK,D,20250203,000000,24.5,25,23,24.85,33750,0
6609.HK,D,20250204,000000,24.9,25.5,24.35,25.2,13300,0
6609.HK,D,20250205,000000,25.2,26.8,25.2,26,50100,0
6609.HK,D,20250206,000000,26.75,27.8,25.75,26.15,6600,0
6609.HK,D,20250207,000000,25.45,26.5,24.5,24.5,58705,0
6609.HK,D,20250210,000000,24.65,27.85,24.65,27.55,43950,0
6609.HK,D,20250211,000000,27.5,29,27.5,28.65,7600,0
6609.HK,D,20250212,000000,28.65,29.35,26.95,28.15,4450,0
6609.HK,D,20250213,000000,28.15,28.2,26.3,27.15,6450,0
6609.HK,D,20250214,000000,27.15,29.5,27.15,28.7,17850,0
6609.HK,D,20250217,000000,28.7,29.5,28.1,29.35,21050,0
6609.HK,D,20250218,000000,29.35,29.35,27.65,28.65,11450,0
6609.HK,D,20250219,000000,28.4,28.65,26.85,28.15,26700,0
6609.HK,D,20250220,000000,27.35,28,26.3,28,17200,0
6609.HK,D,20250221,000000,27.8,28.2,26.6,26.85,8150,0
6609.HK,D,20250224,000000,26.8,27.85,25.85,27.85,10000,0
6609.HK,D,20250225,000000,27.85,27.95,26.55,27.8,6400,0
6609.HK,D,20250226,000000,27.8,27.9,26.8,27.5,5050,0
6609.HK,D,20250227,000000,26.8,27.7,26.8,27.5,6800,0
6609.HK,D,20250228,000000,26.75,27.45,26.3,27.15,2850,0
6609.HK,D,20250303,000000,27,27.45,25.9,27.05,3850,0
6609.HK,D,20250304,000000,26.45,26.6,26.4,26.55,1450,0
6609.HK,D,20250305,000000,26.5,27,26.45,26.9,24250,0
6609.HK,D,20250306,000000,26.3,27.9,26.2,27.75,13300,0
6609.HK,D,20250307,000000,27.35,28.15,26.45,27.7,37900,0
6609.HK,D,20250310,000000,27.5,29,27.5,29,37700,0
6609.HK,D,20250311,000000,28.05,30.3,28,29.1,67500,0
6609.HK,D,20250312,000000,32,32,28.65,31.55,36300,0
6609.HK,D,20250313,000000,31.55,33,30.55,32.25,21550,0
6609.HK,D,20250314,000000,32.05,32.5,30.4,32.2,13250,0
6609.HK,D,20250317,000000,32.2,34,32.2,32.25,8950,0
6609.HK,D,20250318,000000,32.25,32.9,32,32.7,11750,0
6609.HK,D,20250319,000000,32.7,33.9,31.6,32,15600,0
6609.HK,D,20250320,000000,32.85,32.85,30.85,31.65,9150,0
6609.HK,D,20250321,000000,30.3,31.65,30.3,30.75,3650,0
6609.HK,D,20250324,000000,31.15,33.85,29.85,31.95,22900,0
6609.HK,D,20250325,000000,30.2,32.45,30.2,31.55,1550,0
6609.HK,D,20250326,000000,30.55,31.9,30.55,31.8,1700,0
6609.HK,D,20250327,000000,31.4,31.8,30.35,31.7,2400,0
6609.HK,D,20250328,000000,31.9,33.95,31.45,31.45,6000,0
6609.HK,D,20250331,000000,30.3,30.3,30,30.05,2850,0
6609.HK,D,20250401,000000,31,31,29.3,29.95,8100,0
6609.HK,D,20250402,000000,28,30.45,28,28.85,2300,0
6609.HK,D,20250403,000000,28.05,28.35,27.6,28.3,2000,0
6609.HK,D,20250407,000000,27.5,28.25,25.2,26.7,9900,0
6609.HK,D,20250408,000000,25.1,27.45,24.3,27.2,15900,0
6609.HK,D,20250409,000000,27.2,27.2,26.8,27,1150,0
6609.HK,D,20250410,000000,26,28.85,25.9,26.7,2750,0
6609.HK,D,20250411,000000,29.15,29.15,26,26.5,12950,0
6609.HK,D,20250414,000000,26.65,29.1,26,27,15050,0
6609.HK,D,20250415,000000,27,27,25.65,27,4100,0
6609.HK,D,20250416,000000,28.3,28.3,26.5,28.3,1050,0
6609.HK,D,20250417,000000,25.5,26.95,25.5,26.45,3650,0
