<TICKER>,<PER>,<DATE>,<TIME>,<OPEN>,<HIGH>,<LOW>,<CLOSE>,<VOL>,<OPENINT>
667.HK,D,20190612,000000,9.44795,9.75844,8.75481,9.04609,120914441.45352,0
667.HK,D,20190613,000000,9.57476,9.61205,9.15611,9.43024,28186220.287795,0
667.HK,D,20190614,000000,9.66706,9.77615,9.44795,9.57476,17281049.290512,0
667.HK,D,20190617,000000,9.57476,10.1044,9.57476,9.79387,10754395.740481,0
667.HK,D,20190618,000000,9.79387,9.92161,9.66706,9.77615,8073884.0485635,0
667.HK,D,20190619,000000,9.84888,9.99527,9.50296,9.64842,6929635.3929425,0
667.HK,D,20190620,000000,9.64842,9.68478,9.50296,9.66706,9556965.725342,0
667.HK,D,20190621,000000,9.72114,9.94026,9.7025,9.94026,5477806.5862555,0
667.HK,D,20190624,000000,9.94026,10.123,9.61205,10.0866,10385407.024459,0
667.HK,D,20190625,000000,10.123,10.1771,9.90389,10.0866,7010232.1905278,0
667.HK,D,20190626,000000,10.0866,10.3775,10.0866,10.3235,13028088.157463,0
667.HK,D,20190627,000000,10.4148,10.4148,10.3235,10.3598,3809956.525786,0
667.HK,D,20190628,000000,10.3421,10.3598,10.0139,10.1407,4147693.4442244,0
667.HK,D,20190702,000000,10.2685,10.3775,10.0493,10.2507,3105424.1692709,0
667.HK,D,20190703,000000,10.3421,10.8158,10.2144,10.5603,13573072.145394,0
667.HK,D,20190704,000000,10.6517,10.6517,10.3048,10.5239,3288547.3263757,0
667.HK,D,20190705,000000,10.5053,10.5239,10.3598,10.4866,2989190.0907178,0
667.HK,D,20190708,000000,10.3775,10.5789,10.2321,10.3421,4003496.9487521,0
667.HK,D,20190709,000000,10.3775,10.3962,9.84888,10.1044,5339640.8007531,0
667.HK,D,20190710,000000,10.1044,10.4699,10.1044,10.4326,4380489.7886418,0
667.HK,D,20190711,000000,10.4866,10.5789,10.3962,10.5053,7568375.8461325,0
667.HK,D,20190712,000000,10.5053,11.1263,10.5053,11.0162,14916047.870507,0
667.HK,D,20190715,000000,11.144,11.5449,10.9985,11.3444,6552599.6527507,0
667.HK,D,20190716,000000,11.2167,11.4908,11.2167,11.4172,3378808.4895202,0
667.HK,D,20190717,000000,11.6549,12.275,11.5822,12.1659,11553897.568298,0
667.HK,D,20190718,000000,12.1109,12.3123,11.6186,11.8377,4649655.9366856,0
667.HK,D,20190719,000000,11.8004,12.0008,11.7099,11.9831,4895539.0182634,0
667.HK,D,20190722,000000,11.6549,12.2013,11.6549,11.8918,2084537.4773995,0
667.HK,D,20190723,000000,12.0381,12.1836,11.7277,12.0381,2575242.9305854,0
667.HK,D,20190724,000000,12.0381,12.2563,11.7099,11.7454,4017863.1874232,0
667.HK,D,20190725,000000,11.7099,12.0381,11.7099,11.8554,8293741.6618627,0
667.HK,D,20190726,000000,11.819,11.9831,11.764,11.9104,2545637.4320952,0
667.HK,D,20190729,000000,11.8918,12.2936,11.8731,12.2013,3156925.9819612,0
667.HK,D,20190730,000000,12.1286,12.275,11.9468,12.0381,5887367.1904965,0
667.HK,D,20190731,000000,11.9468,11.9831,11.7277,11.8731,720981.40485394,0
667.HK,D,20190801,000000,11.7099,11.9104,11.6186,11.8918,1557426.827838,0
667.HK,D,20190802,000000,11.6363,11.8554,11.5822,11.6913,3949218.4140074,0
667.HK,D,20190805,000000,11.6363,11.8004,11.3985,11.764,3858753.4744279,0
667.HK,D,20190806,000000,11.5449,11.7454,11.1263,11.5999,4955300.2116186,0
667.HK,D,20190807,000000,11.6726,11.7099,11.2717,11.6726,2167327.5529305,0
667.HK,D,20190808,000000,11.9104,12.1472,11.5449,11.6363,1469373.9577449,0
667.HK,D,20190809,000000,11.6549,11.8004,11.4358,11.4908,1236081.0423305,0
667.HK,D,20190812,000000,11.4358,11.4722,11.2167,11.3631,2720176.2387466,0
667.HK,D,20190813,000000,11.1626,11.254,11.0349,11.2167,2604395.8308883,0
667.HK,D,20190814,000000,11.3985,11.4722,11.144,11.199,1453454.7281372,0
667.HK,D,20190815,000000,11.1076,11.1076,10.9426,11.0535,3418599.5922404,0
667.HK,D,20190816,000000,11.089,11.4722,10.9258,11.3817,2024775.2115368,0
667.HK,D,20190819,000000,11.5636,12.0922,11.5636,11.8377,3203629.3958597,0
667.HK,D,20190820,000000,11.8377,11.9654,11.7277,11.7827,1580125.3776876,0
667.HK,D,20190821,000000,11.819,12.7309,11.819,12.5304,6416451.2539554,0
667.HK,D,20190822,000000,12.6395,12.7309,12.4941,12.6032,1967755.3474869,0
667.HK,D,20190823,000000,12.5845,12.7309,12.4568,12.5845,1068037.3414195,0
667.HK,D,20190826,000000,12.3663,12.5482,12.1286,12.4391,1485273.8822166,0
667.HK,D,20190828,000000,12.8773,13.1869,12.5845,13.1505,7014730.2872047,0
667.HK,D,20190829,000000,13.1505,13.1505,12.5482,12.8223,6672495.2720894,0
667.HK,D,20190830,000000,12.9314,12.9314,12.5668,12.6759,2613348.0514324,0
667.HK,D,20190902,000000,12.7496,12.8223,12.5668,12.7496,2369641.0876794,0
667.HK,D,20190903,000000,12.785,12.785,11.3985,12.1109,7536026.8733219,0
667.HK,D,20190904,000000,12.1659,12.7123,12.1659,12.5668,4566026.0877406,0
667.HK,D,20190905,000000,12.6759,12.7496,12.4391,12.6945,3952418.7765453,0
667.HK,D,20190906,000000,12.7682,12.895,12.5304,12.6759,3171765.1964631,0
667.HK,D,20190909,000000,12.9314,13.7892,12.7309,13.5701,16473355.650006,0
667.HK,D,20190910,000000,13.5701,14.136,13.2782,13.6801,7398014.4563997,0
667.HK,D,20190911,000000,13.6428,13.6801,12.9677,13.0955,2205860.6042911,0
667.HK,D,20190912,000000,13.0041,13.2596,12.8587,13.0405,2540701.7523367,0
667.HK,D,20190913,000000,12.95,13.406,12.95,13.3687,1346013.0665028,0
667.HK,D,20190916,000000,13.2782,13.971,13.2782,13.7705,6121089.108932,0
667.HK,D,20190917,000000,13.7155,13.8433,13.2596,13.5337,2713606.0574775,0
667.HK,D,20190918,000000,13.6801,13.8619,13.3873,13.46,2023039.8943162,0
667.HK,D,20190919,000000,13.5701,13.7155,13.5524,13.5878,3232573.1571898,0
667.HK,D,20190920,000000,13.5878,13.6614,13.2959,13.3687,1824600.2568485,0
667.HK,D,20190923,000000,13.3146,13.46,13.1682,13.3687,2389140.3474987,0
667.HK,D,20190924,000000,13.406,13.406,12.9314,13.3873,2865280.0756086,0
667.HK,D,20190925,000000,13.3332,13.3332,12.84,12.9864,3891100.3022233,0
667.HK,D,20190926,000000,13.0778,13.3687,12.9864,13.2241,4217871.9034409,0
667.HK,D,20190927,000000,13.1682,13.6241,13.1318,13.4423,2562084.3354189,0
667.HK,D,20190930,000000,13.0955,13.3687,12.9864,13.0405,1819617.3867577,0
667.HK,D,20191002,000000,12.95,13.3146,12.9314,13.1318,2282684.3203054,0
667.HK,D,20191003,000000,12.9314,13.7705,12.9127,13.6801,3895301.314308,0
667.HK,D,20191004,000000,13.9346,14.2806,13.5701,13.8246,5817116.873274,0
667.HK,D,20191008,000000,13.9523,14.1174,13.2241,13.8983,5349271.9185782,0
667.HK,D,20191009,000000,13.8796,14.4997,13.8069,14.136,3873341.7221624,0
667.HK,D,20191010,000000,14.0624,14.8465,13.8796,14.7011,6468759.5923254,0
667.HK,D,20191011,000000,14.7738,15.1197,14.1528,14.6824,18339880.227098,0
667.HK,D,20191014,000000,14.8288,15.2847,14.6274,14.8102,3334602.9457123,0
667.HK,D,20191015,000000,14.7738,15.0479,14.4269,14.9202,4069916.2689957,0
667.HK,D,20191016,000000,14.8642,15.102,14.6088,14.7197,4304885.5137152,0
667.HK,D,20191017,000000,14.7738,15.3575,14.7738,15.157,3923878.278055,0
667.HK,D,20191018,000000,15.1384,15.5216,14.8642,15.2661,5142123.5197809,0
667.HK,D,20191021,000000,15.4115,15.667,15.1384,15.5943,3851134.3807721,0
667.HK,D,20191022,000000,15.5943,15.5943,14.9015,15.0479,5045136.6617721,0
667.HK,D,20191023,000000,15.0479,15.0479,14.592,14.8288,3287451.2236566,0
667.HK,D,20191024,000000,15.0293,15.0647,14.7738,14.8102,1931570.0151596,0
667.HK,D,20191025,000000,14.8102,15.1384,14.7551,15.0479,2715523.7009821,0
667.HK,D,20191028,000000,15.0479,15.4115,14.7011,15.0833,5382587.2206939,0
667.HK,D,20191029,000000,15.0833,16.0139,14.9556,15.7761,3993079.6828908,0
667.HK,D,20191030,000000,15.9039,15.9598,15.3388,15.5393,2361965.1511233,0
667.HK,D,20191031,000000,15.5039,15.8321,14.8288,15.157,7374495.4382721,0
667.HK,D,20191101,000000,15.157,15.4666,14.992,15.2847,4630174.9094947,0
667.HK,D,20191104,000000,15.3202,15.4852,15.0647,15.3202,4291888.8671892,0
667.HK,D,20191105,000000,15.3202,15.722,15.0647,15.3761,14518845.770798,0
667.HK,D,20191106,000000,15.2661,15.6484,15.2661,15.3938,2773719.03331,0
667.HK,D,20191107,000000,15.3761,15.5216,14.9379,15.3202,15880757.689265,0
667.HK,D,20191108,000000,15.5216,15.6857,15.0106,15.1384,7204320.6648535,0
667.HK,D,20191111,000000,15.2484,15.2484,14.9379,15.0293,3760063.4744251,0
667.HK,D,20191112,000000,15.157,15.3202,14.992,15.1384,4843452.6889568,0
667.HK,D,20191113,000000,14.9743,15.2661,14.8465,14.8829,3118582.7644374,0
667.HK,D,20191114,000000,15.0106,15.2111,14.5547,14.9379,4663070.8611572,0
667.HK,D,20191115,000000,15.0479,15.1924,14.6638,14.7738,2786529.0635218,0
667.HK,D,20191118,000000,14.6824,14.9743,14.5733,14.8642,3230979.4109662,0
667.HK,D,20191119,000000,14.8465,14.8829,14.7011,14.7738,4598997.1149319,0
667.HK,D,20191120,000000,14.7738,15.3202,14.7365,14.9202,7676933.9881295,0
667.HK,D,20191121,000000,14.9202,15.1197,14.7738,14.9015,4560258.1421211,0
667.HK,D,20191122,000000,14.7924,14.8465,14.0987,14.4819,9064668.6709477,0
667.HK,D,20191125,000000,14.592,14.6461,14.136,14.4642,4271274.1995149,0
667.HK,D,20191126,000000,14.4083,14.6824,14.3542,14.4642,36856126.813717,0
667.HK,D,20191127,000000,14.4819,14.9556,14.3178,14.4997,3321014.2750171,0
667.HK,D,20191128,000000,14.3178,14.4083,13.4964,13.5524,7510805.7857079,0
667.HK,D,20191129,000000,13.46,13.7342,13.1141,13.2055,4282568.7765545,0
667.HK,D,20191202,000000,13.2055,13.3332,12.8773,13.1141,4761566.7372929,0
667.HK,D,20191203,000000,13.0405,13.8433,12.9127,13.6801,6377781.9941356,0
667.HK,D,20191204,000000,13.8433,13.8796,13.5151,13.6801,4117248.1723203,0
667.HK,D,20191205,000000,13.7342,14.0083,13.5701,13.6801,3829693.882282,0
667.HK,D,20191206,000000,13.8433,14.2806,13.6064,13.8433,4417444.1088845,0
667.HK,D,20191209,000000,13.7892,14.136,13.7892,13.9896,4659935.9215801,0
667.HK,D,20191210,000000,13.9523,14.2265,13.8983,14.0624,2695252.2357247,0
667.HK,D,20191211,000000,13.8433,14.3729,13.8433,14.3729,2983707.4321074,0
667.HK,D,20191212,000000,14.4083,14.4997,14.1528,14.2451,2575335.166235,0
667.HK,D,20191213,000000,14.3906,14.3906,13.8796,14.1174,2064252.069544,0
667.HK,D,20191216,000000,13.8433,14.4456,13.6801,13.8983,5485482.5228116,0
667.HK,D,20191217,000000,13.8983,14.0801,13.406,13.6428,4160303.9880314,0
667.HK,D,20191218,000000,13.4964,13.7155,13.406,13.6801,5344027.3566445,0
667.HK,D,20191219,000000,13.6801,13.8619,13.1869,13.406,5156188.3838296,0
667.HK,D,20191220,000000,13.4787,13.8069,13.2596,13.3873,18817862.523183,0
667.HK,D,20191223,000000,13.46,13.6969,13.2959,13.5337,1002234.7130189,0
667.HK,D,20191224,000000,13.5337,13.9346,13.2959,13.7705,2492453.927562,0
667.HK,D,20191227,000000,13.7155,14.3906,13.7155,14.3178,4248027.5983058,0
667.HK,D,20191230,000000,14.4819,14.9379,13.971,14.6824,4179493.2931679,0
667.HK,D,20191231,000000,14.4269,14.9202,14.4269,14.8829,2301310.5589766,0
667.HK,D,20200102,000000,14.8642,14.9379,13.8619,13.9523,3276711.1330219,0
667.HK,D,20200103,000000,13.9523,14.3906,13.9523,14.1901,3449191.7976793,0
667.HK,D,20200106,000000,13.9346,14.3178,13.8796,14.2265,2014468.4139535,0
667.HK,D,20200107,000000,14.136,14.5733,14.136,14.5183,2132786.3746818,0
667.HK,D,20200108,000000,14.136,14.8642,14.136,14.536,2620153.1118555,0
667.HK,D,20200109,000000,14.9379,14.9379,14.3729,14.6824,3507035.3475298,0
667.HK,D,20200110,000000,14.5547,15.0833,14.5547,14.9556,3393268.0363484,0
667.HK,D,20200113,000000,15.0293,15.0479,14.2265,14.4642,3416843.8973763,0
667.HK,D,20200114,000000,14.592,15.0833,14.4083,14.7924,2840060.0605022,0
667.HK,D,20200115,000000,14.9202,15.6316,14.8102,15.6316,3517774.365657,0
667.HK,D,20200116,000000,15.7043,15.7584,15.4852,15.6857,1711167.5680236,0
667.HK,D,20200117,000000,15.7584,16.2321,15.6857,15.8134,3544020.7704916,0
667.HK,D,20200120,000000,15.8134,16.1603,15.3388,15.4479,1687580.9819202,0
667.HK,D,20200121,000000,15.4479,15.4479,14.2451,14.5733,4425120.0454406,0
667.HK,D,20200122,000000,14.5733,15.0106,14.2992,14.9743,1818076.1934042,0
667.HK,D,20200123,000000,14.8288,14.9556,14.4456,14.8288,1428802.0695263,0
667.HK,D,20200124,000000,14.4997,14.8288,14.3178,14.4642,643124.86406627,0
667.HK,D,20200129,000000,14.136,14.136,13.3873,13.5151,4352747.2357709,0
667.HK,D,20200130,000000,13.6969,13.6969,13.1505,13.2055,2186626.2538374,0
667.HK,D,20200131,000000,13.5701,13.5701,12.9864,13.2596,1668946.1631885,0
667.HK,D,20200203,000000,13.1505,13.5524,12.7682,12.895,4690006.8883483,0
667.HK,D,20200204,000000,12.895,13.6801,12.7309,13.6614,3814890.0605293,0
667.HK,D,20200205,000000,13.9169,14.4997,13.7892,14.0437,5886153.1119466,0
667.HK,D,20200206,000000,14.2265,14.2265,13.8796,13.9523,1274200.1057757,0
667.HK,D,20200207,000000,13.9169,13.9523,13.5878,13.8069,2179284.9396378,0
667.HK,D,20200210,000000,13.6801,14.0437,13.6801,13.8619,8293193.6105032,0
667.HK,D,20200211,000000,14.026,14.136,13.8796,14.0437,5476710.4835364,0
667.HK,D,20200212,000000,14.0801,14.8288,14.0801,14.5733,3910286.3898371,0
667.HK,D,20200213,000000,14.8102,15.102,14.592,14.8642,4822070.1058747,0
667.HK,D,20200214,000000,15.1197,15.3761,14.7197,14.8642,2938748.9879974,0
667.HK,D,20200217,000000,14.8288,15.2661,14.8288,15.0647,2719987.4774172,0
667.HK,D,20200218,000000,14.9379,14.9379,14.3729,14.6088,4845585.9064795,0
667.HK,D,20200219,000000,14.7365,14.9379,14.4997,14.8288,2820321.6314986,0
667.HK,D,20200220,000000,14.8288,15.0647,14.6461,14.9743,1601507.9607697,0
667.HK,D,20200221,000000,14.8102,15.1197,14.5183,14.6461,1679363.4290499,0
667.HK,D,20200224,000000,14.4819,14.9015,14.4083,14.6274,2395958.2780124,0
667.HK,D,20200225,000000,14.6088,14.8465,14.2265,14.7924,3728562.8550889,0
667.HK,D,20200226,000000,14.4997,14.7551,14.4456,14.536,3894895.906453,0
667.HK,D,20200227,000000,14.3178,14.7924,14.3178,14.6461,4553390.8762599,0
667.HK,D,20200228,000000,14.4819,14.592,14.3178,14.4642,12230902.94596,0
667.HK,D,20200302,000000,14.3906,14.8102,14.1901,14.1901,3719411.14814,0
667.HK,D,20200303,000000,14.2265,14.4642,13.7342,13.8983,3349734.9547762,0
667.HK,D,20200304,000000,13.8983,14.2451,13.8796,14.0801,2177196.7674323,0
667.HK,D,20200305,000000,14.1174,14.4083,13.971,14.3178,4734346.4956003,0
667.HK,D,20200306,000000,14.0801,14.2078,13.8069,14.136,2982062.2055212,0
667.HK,D,20200309,000000,13.6801,13.7155,13.2409,13.2409,1404678.1571389,0
667.HK,D,20200310,000000,13.1318,13.7155,13.0591,13.4237,2603753.3988642,0
667.HK,D,20200311,000000,13.5524,13.5524,13.0778,13.2055,2111403.7915997,0
667.HK,D,20200312,000000,12.9127,12.9864,12.6218,12.7496,2140133.0514192,0
667.HK,D,20200313,000000,11.6726,12.5482,11.2167,12.3663,5968292.175393,0
667.HK,D,20200316,000000,12.3291,12.5304,11.764,11.8554,3682757.1300121,0
667.HK,D,20200317,000000,11.764,12.1836,11.4908,11.6726,4718119.4563249,0
667.HK,D,20200318,000000,11.4172,12.3841,11.2894,11.3817,4314917.749365,0
667.HK,D,20200319,000000,11.3817,11.7277,10.2321,10.3962,7900080.9820934,0
667.HK,D,20200320,000000,10.7794,11.3631,10.5239,11.2717,5903065.4835483,0
667.HK,D,20200323,000000,10.6703,11.2167,10.5053,10.9258,3247535.7100604,0
667.HK,D,20200324,000000,10.7608,11.8377,10.7608,10.9612,4123372.1904473,0
667.HK,D,20200325,000000,11.199,12.7123,11.1263,12.0381,3747452.9306181,0
667.HK,D,20200326,000000,11.8377,12.4941,11.6913,12.4214,5108817.8702331,0
667.HK,D,20200327,000000,12.6032,12.7682,12.2563,12.5845,3083492.4623216,0
667.HK,D,20200330,000000,12.1286,12.3123,11.7277,12.1836,3714008.927596,0
667.HK,D,20200331,000000,12.2563,12.5304,11.3081,11.4545,11619572.5683,0
667.HK,D,20200401,000000,11.6363,11.6363,10.4326,10.8335,8898185.4685261,0
667.HK,D,20200402,000000,10.5967,10.9258,10.3775,10.5603,3377368.1118767,0
667.HK,D,20200403,000000,10.6144,10.6703,9.68478,9.9589,6113255.5137656,0
667.HK,D,20200406,000000,9.9589,10.068,9.68478,9.84888,3372982.6284929,0
667.HK,D,20200407,000000,9.92161,10.9426,9.92161,10.688,19190468.807182,0
667.HK,D,20200408,000000,10.6517,10.8708,10.3048,10.6703,9629336.3899966,0
667.HK,D,20200409,000000,10.9071,11.2894,10.7608,11.0349,4514488.8823011,0
667.HK,D,20200414,000000,11.1626,11.5272,10.6703,10.9612,6217428.1723788,0
667.HK,D,20200415,000000,10.9985,12.1109,10.9985,11.9104,6772829.4261707,0
667.HK,D,20200416,000000,11.8918,12.0922,11.3985,11.9654,4425775.3475554,0
667.HK,D,20200417,000000,12.0381,12.4391,11.8554,12.1286,5080307.4019544,0
667.HK,D,20200420,000000,12.2386,12.4391,12.2013,12.3123,3707429.093759,0
667.HK,D,20200421,000000,12.3291,12.3291,11.5999,11.9468,4008760.8158218,0
667.HK,D,20200422,000000,11.9281,12.0195,11.5822,12.0195,6025531.9034913,0
667.HK,D,20200423,000000,12.0559,12.8773,12.0559,12.6759,10863163.021451,0
667.HK,D,20200424,000000,12.6759,12.7309,11.764,11.819,5030962.401953,0
667.HK,D,20200427,000000,11.819,12.1836,11.819,12.0008,3649312.0544824,0
667.HK,D,20200428,000000,12.0559,12.1472,11.6186,11.8554,3244138.0061328,0
667.HK,D,20200429,000000,11.8731,11.9654,11.3081,11.4172,3458612.7040239,0
667.HK,D,20200504,000000,11.2167,11.5999,11.0703,11.254,3017253.323347,0
667.HK,D,20200505,000000,11.3631,11.5449,10.9799,11.1076,2020389.728153,0
667.HK,D,20200506,000000,11.1626,11.4172,10.8708,11.0349,6185627.2509278,0
667.HK,D,20200507,000000,10.9258,11.1263,10.5789,11.0162,6398907.175405,0
667.HK,D,20200508,000000,11.1076,11.5822,10.7608,11.4545,7318910.589328,0
667.HK,D,20200511,000000,11.6186,12.3477,11.6186,11.9468,6444961.7222341,0
667.HK,D,20200512,000000,11.8554,12.22,11.764,11.9654,3275043.3837771,0
667.HK,D,20200513,000000,12.1109,12.6218,11.764,12.4941,9410027.9005645,0
667.HK,D,20200514,000000,12.5845,12.7496,12.2013,12.5304,6090227.7040973,0
667.HK,D,20200515,000000,12.7123,14.4083,12.3123,13.0778,11986366.933869,0
667.HK,D,20200518,000000,13.0778,13.2959,12.6945,13.1869,5287555.5439541,0
667.HK,D,20200519,000000,13.3687,13.5701,13.0405,13.2959,3390020.4834782,0
667.HK,D,20200520,000000,13.3687,13.7342,13.2241,13.5337,3626833.3686812,0
667.HK,D,20200521,000000,13.8983,13.8983,12.8587,13.0405,6213650.8007775,0
667.HK,D,20200522,000000,12.6759,13.3146,12.4941,12.95,5253743.6708414,0
667.HK,D,20200525,000000,12.9864,14.2078,12.895,13.8246,5045217.0998386,0
667.HK,D,20200526,000000,14.0437,14.0437,13.5151,13.7705,2808808.2629182,0
667.HK,D,20200527,000000,13.8246,13.8619,13.3687,13.8619,2121394.1994549,0
667.HK,D,20200528,000000,13.8246,13.9896,13.0228,13.7155,3868485.4079629,0
667.HK,D,20200529,000000,13.5766,14.0764,13.5402,14.0764,6874912.8400709,0
667.HK,D,20200601,000000,14.1137,14.7794,14.1137,14.3169,4700478.8520948,0
667.HK,D,20200602,000000,14.8344,14.853,14.0391,14.7057,3425900.1511529,0
667.HK,D,20200603,000000,14.6871,14.6871,14.1137,14.5575,2771211.5106513,0
667.HK,D,20200604,000000,14.5575,14.5575,14.0391,14.4092,2729583.202493,0
667.HK,D,20200605,000000,14.2619,14.5761,14.1873,14.3356,1963526.4502058,0
667.HK,D,20200608,000000,14.3729,14.3906,13.6139,13.7248,2075017.90036,0
667.HK,D,20200609,000000,13.7435,14.3356,13.7435,14.0213,1904059.1239202,0
667.HK,D,20200610,000000,14.3169,14.6125,14.1687,14.4279,2173828.0212087,0
667.HK,D,20200611,000000,14.3906,14.5015,14.0027,14.1323,1743644.1692329,0
667.HK,D,20200612,000000,13.8731,14.8344,13.6885,14.6684,2798782.4623137,0
667.HK,D,20200615,000000,14.798,14.798,13.0778,13.337,7537321.3899383,0
667.HK,D,20200616,000000,13.5216,14.1687,12.9482,14.1687,4985044.0635831,0
667.HK,D,20200617,000000,14.3169,14.3906,13.3733,13.8544,4493147.054506,0
667.HK,D,20200618,000000,13.5952,14.3542,13.5402,13.8544,3528082.2357479,0
667.HK,D,20200619,000000,13.8731,14.0213,13.5029,13.7808,2384063.0967432,0
667.HK,D,20200622,000000,13.7808,13.7994,13.4293,13.5402,1998295.0000557,0
667.HK,D,20200623,000000,13.6885,13.6885,13.1887,13.226,1505168.8973229,0
667.HK,D,20200624,000000,13.1328,13.5766,12.9482,13.0591,1595378.5801049,0
667.HK,D,20200626,000000,13.3547,13.3547,12.9668,13.1151,1263425.6948993,0
667.HK,D,20200629,000000,13.1701,13.2074,12.2638,12.3934,4752037.5076854,0
667.HK,D,20200630,000000,12.5416,13.0591,12.3934,12.9668,4089022.9910506,0
667.HK,D,20200702,000000,12.8559,13.1151,12.7263,12.9482,2817704.7130695,0
667.HK,D,20200703,000000,13.2437,13.4656,12.5594,12.6703,11217404.758621,0
667.HK,D,20200706,000000,13.0405,13.5589,12.0232,13.2624,13116023.051725,0
667.HK,D,20200707,000000,13.3547,13.8172,12.9668,13.5216,6716669.7131782,0
667.HK,D,20200708,000000,13.5766,14.0391,13.4843,13.8917,8055483.0364784,0
667.HK,D,20200709,000000,13.9841,14.7421,13.6698,14.5202,7389175.9216562,0
667.HK,D,20200710,000000,14.5202,14.8717,14.3356,14.7057,3803684.5016166,0
667.HK,D,20200713,000000,14.798,16.5183,14.7057,16.2218,11919018.822085,0
667.HK,D,20200714,000000,16.2218,16.4624,15.8703,16.1668,7937902.9609464,0
667.HK,D,20200715,000000,16.3514,16.8885,16.2041,16.6665,7188606.2841884,0
667.HK,D,20200716,000000,16.2041,16.6479,15.3342,15.5934,8476900.2117168,0
667.HK,D,20200717,000000,15.612,17.2577,15.612,17.1281,8573670.4231998,0
667.HK,D,20200720,000000,17.2763,18.4791,17.2763,17.4059,7073560.5440039,0
667.HK,D,20200721,000000,17.5169,18.1826,17.3509,17.7015,4134705.3777588,0
667.HK,D,20200722,000000,17.5728,18.2386,17.3686,17.5355,5303758.9880633,0
667.HK,D,20200723,000000,17.9057,18.7747,17.7202,18.4418,5019103.6859406,0
667.HK,D,20200724,000000,18.4418,18.6824,17.0171,17.2763,5602971.4352016,0
667.HK,D,20200727,000000,17.6651,18.109,17.1281,17.5728,2127197.5378237,0
667.HK,D,20200728,000000,17.5728,17.9794,16.8325,16.9808,6043035.2267546,0
667.HK,D,20200729,000000,16.7029,17.5542,16.4073,16.592,4395769.803748,0
667.HK,D,20200730,000000,16.5183,17.24,16.5183,16.7589,3658776.9336368,0
667.HK,D,20200731,000000,16.7952,17.295,16.6479,16.8325,2598036.9336072,0
667.HK,D,20200803,000000,16.7402,17.1654,16.5369,17.0544,4499242.1149291,0
667.HK,D,20200804,000000,17.0544,17.9057,17.0358,17.7202,2045700.9064015,0
667.HK,D,20200805,000000,17.3323,17.3873,16.7775,17.0171,4653496.5862325,0
667.HK,D,20200806,000000,16.9808,17.2213,15.9449,16.3887,6040304.6225249,0
667.HK,D,20200807,000000,16.4073,16.592,15.9999,16.4073,2068623.6103296,0
667.HK,D,20200810,000000,16.37,16.9808,16.315,16.9621,3301289.7886117,0
667.HK,D,20200811,000000,16.7952,17.1654,16.4624,16.9062,4283410.6949835,0
667.HK,D,20200812,000000,16.2777,16.9808,16.1481,16.5183,793087.16014296,0
667.HK,D,20200813,000000,16.37,16.8885,16.2777,16.7029,1992388.7009619,0
667.HK,D,20200814,000000,16.5369,16.6665,16.2041,16.2591,812178.86709214,0
667.HK,D,20200817,000000,16.37,16.37,15.4078,15.4824,2276680.4230242,0
667.HK,D,20200818,000000,15.4824,16.2041,15.3342,16.1108,4468256.2992183,0
667.HK,D,20200819,000000,16.1481,16.6843,16.0558,16.3328,2111858.5348021,0
667.HK,D,20200820,000000,16.2777,16.2777,15.5561,15.9999,4340475.6043507,0
667.HK,D,20200821,000000,16.2404,16.2404,15.6484,15.9076,2079095.5740761,0
667.HK,D,20200824,000000,15.9076,16.4624,15.3528,15.778,5190587.9910813,0
667.HK,D,20200825,000000,15.6484,16.0185,15.4265,15.5374,1993477.2961281,0
667.HK,D,20200826,000000,16.0185,16.2591,15.4824,15.7416,1407816.3142387,0
667.HK,D,20200827,000000,15.3155,16.0185,15.3155,15.778,2967588.7160948,0
667.HK,D,20200828,000000,16.1854,16.1854,15.5197,16.0931,1659025.4683242,0
667.HK,D,20200831,000000,15.9449,16.4624,15.7043,15.8339,2967675.5892066,0
667.HK,D,20200901,000000,15.9076,17.2027,15.7416,17.0358,6956680.815904,0
667.HK,D,20200902,000000,16.9808,17.5542,16.1668,16.7589,6725516.8279821,0
667.HK,D,20200903,000000,16.6106,17.0358,15.8153,16.1668,5531933.8974352,0
667.HK,D,20200904,000000,16.1668,16.3887,15.7966,16.2591,2274598.685864,0
667.HK,D,20200907,000000,16.2218,16.5369,15.9262,16.1108,2748770.3626144,0
667.HK,D,20200908,000000,15.778,16.37,15.7593,16.1295,1983529.788575,0
667.HK,D,20200909,000000,15.8526,15.9449,15.6857,15.8703,1498594.4260237,0
667.HK,D,20200910,000000,15.8703,16.5183,15.4078,16.1108,2018128.8822315,0
667.HK,D,20200911,000000,15.9635,16.2964,15.778,16.1295,3569164.6375618,0
667.HK,D,20200914,000000,16.0931,16.4997,15.7593,16.2591,1141245.6344729,0
667.HK,D,20200915,000000,16.2591,16.8512,16.2591,16.5733,2774995.3172979,0
667.HK,D,20200916,000000,16.6479,16.9248,15.9812,16.0931,2146796.5408454,0
667.HK,D,20200917,000000,15.9999,16.1668,15.6484,16.0745,2480438.6254468,0
667.HK,D,20200918,000000,15.9999,16.37,15.9076,16.37,2792151.1481141,0
667.HK,D,20200921,000000,16.37,16.8139,15.7593,16.592,4423882.3717246,0
667.HK,D,20200922,000000,16.592,16.592,15.7416,15.8703,3366539.003115,0
667.HK,D,20200923,000000,15.9449,16.1108,15.7966,15.9812,874951.66165582,0
667.HK,D,20200924,000000,16.0745,16.0745,15.4638,15.6484,2243026.2085218,0
667.HK,D,20200925,000000,16.1108,16.1108,14.853,15.2232,3756759.0786546,0
667.HK,D,20200928,000000,15.5104,15.5374,15.2232,15.4078,3311829.3203341,0
667.HK,D,20200929,000000,15.4638,15.6857,15.3528,15.5197,318964.81874001,0
667.HK,D,20200930,000000,15.5011,15.6857,15.3528,15.5197,457363.33838133,0
667.HK,D,20201005,000000,15.5374,15.667,14.8903,15.2046,1254846.7069836,0
667.HK,D,20201006,000000,15.0013,15.5561,15.0013,15.5374,361674.2145116,0
667.HK,D,20201007,000000,15.6307,15.7043,15.075,15.4265,849734.86407204,0
667.HK,D,20201008,000000,15.2046,15.2232,14.909,15.1309,663549.6979037,0
667.HK,D,20201009,000000,15.4451,15.4451,14.3542,14.4838,4637952.7342683,0
667.HK,D,20201012,000000,14.798,15.2791,14.5388,15.2791,2585779.2447851,0
667.HK,D,20201014,000000,15.5374,15.6857,14.909,15.6307,2782452.4623132,0
667.HK,D,20201015,000000,15.2605,15.4451,14.3356,14.3906,3574268.701006,0
667.HK,D,20201016,000000,14.3729,14.5948,13.7435,14.1323,3617800.7100707,0
667.HK,D,20201019,000000,14.0764,14.1137,13.7248,13.7248,2981512.0091466,0
667.HK,D,20201020,000000,13.7248,14.3356,13.7248,14.206,976579.25984597,0
667.HK,D,20201021,000000,14.1323,14.15,13.5952,14.095,2687352.14509,0
667.HK,D,20201022,000000,14.0213,14.3169,13.4843,14.15,4622666.2841168,0
667.HK,D,20201023,000000,14.206,14.2983,13.7062,14.0027,3673503.5348456,0
667.HK,D,20201027,000000,13.8544,14.4652,13.7062,14.2619,3132661.5710843,0
667.HK,D,20201028,000000,14.3356,14.6125,14.0577,14.1873,1358207.4773793,0
667.HK,D,20201029,000000,14.5015,14.7057,13.7062,14.0577,1735796.6314683,0
667.HK,D,20201030,000000,13.7062,14.1687,13.6325,13.7808,1298019.4260181,0
667.HK,D,20201102,000000,13.7435,14.6125,13.7435,14.1323,2184290.3323872,0
667.HK,D,20201103,000000,14.1137,14.5575,13.9468,14.1873,954486.67676378,0
667.HK,D,20201104,000000,14.1687,14.4279,13.9654,14.206,433689.87916617,0
667.HK,D,20201105,000000,14.4465,15.1122,14.1137,15.0199,2747964.9094422,0
667.HK,D,20201106,000000,14.5948,15.0936,14.3906,14.7234,1841152.2659124,0
667.HK,D,20201109,000000,14.7794,14.7794,13.8544,14.4279,7699187.4473446,0
667.HK,D,20201110,000000,14.6125,15.1682,14.4838,15.0572,2257569.4109391,0
667.HK,D,20201111,000000,14.4652,15.1682,14.2619,14.4838,2803811.4502292,0
667.HK,D,20201112,000000,14.4838,15.6484,14.4838,15.2419,2927866.2538581,0
667.HK,D,20201113,000000,14.8903,15.4824,14.853,15.4265,1823788.3686309,0
667.HK,D,20201116,000000,15.7043,15.7043,14.964,15.2419,967707.47736838,0
667.HK,D,20201117,000000,15.2419,15.723,15.2419,15.5374,1258019.1843251,0
667.HK,D,20201118,000000,15.612,15.612,15.0572,15.2232,985547.56800332,0
667.HK,D,20201119,000000,15.1859,15.4451,14.8717,14.9463,1395877.1601598,0
667.HK,D,20201120,000000,14.6498,15.612,14.6498,15.612,1795845.2568477,0
667.HK,D,20201123,000000,15.612,15.9449,15.4265,15.778,1596605.5287454,0
667.HK,D,20201124,000000,15.723,15.8339,15.3901,15.5561,502850.52871493,0
667.HK,D,20201125,000000,15.2605,15.8889,14.9826,15.075,1200173.4894595,0
667.HK,D,20201126,000000,15.2791,15.6307,15.0386,15.4078,1105024.9093964,0
667.HK,D,20201127,000000,15.3901,15.6307,14.9276,15.5561,879492.6586348,0
667.HK,D,20201130,000000,15.5561,15.9812,15.4638,15.9812,3890291.6315284,0
667.HK,D,20201201,000000,15.9812,16.5183,15.6307,16.0185,3063685.3928347,0
667.HK,D,20201202,000000,15.778,16.4997,15.3715,16.2777,3065848.6405689,0
667.HK,D,20201203,000000,16.2218,16.6293,16.0185,16.0931,1210555.3625715,0
667.HK,D,20201204,000000,16.8325,16.8325,15.7416,16.5733,2740936.767448,0
667.HK,D,20201207,000000,16.2591,16.5547,15.9449,16.2041,3887588.9124951,0
667.HK,D,20201208,000000,16.2041,16.5733,16.0745,16.3514,2660604.8792283,0
667.HK,D,20201209,000000,16.3328,16.3328,14.6684,15.2791,3686478.7312206,0
667.HK,D,20201210,000000,15.9449,15.9449,14.798,15.1682,1229241.6616657,0
667.HK,D,20201211,000000,15.5374,15.723,14.8717,15.3528,2163737.870151,0
667.HK,D,20201214,000000,16.1668,16.1668,14.7794,14.9826,2121928.3082163,0
667.HK,D,20201215,000000,14.9826,15.075,14.3542,14.9276,4278455.7100891,0
667.HK,D,20201216,000000,15.1682,15.5197,14.9276,15.1309,1233691.4955027,0
667.HK,D,20201217,000000,15.4451,15.4451,14.909,14.9463,1300390.7402175,0
667.HK,D,20201218,000000,15.3342,15.7966,14.8344,15.1309,2046504.2145586,0
667.HK,D,20201221,000000,14.8903,15.8889,14.8903,15.6857,3352992.1602144,0
667.HK,D,20201222,000000,15.3901,16.0558,15.0936,15.1309,1371008.9275307,0
667.HK,D,20201223,000000,15.5197,15.9076,15.0936,15.7966,2117458.0967358,0
667.HK,D,20201224,000000,15.6857,16.0372,15.4638,15.4638,709724.3655787,0
667.HK,D,20201228,000000,15.4451,15.8703,15.1309,15.723,1636452.4018583,0
667.HK,D,20201229,000000,16.2777,16.2777,15.2969,15.9999,2530636.2689527,0
667.HK,D,20201230,000000,15.9635,16.8325,15.9635,16.5547,5342453.9880644,0
667.HK,D,20201231,000000,16.315,17.295,16.1108,17.24,4328123.5348639,0
667.HK,D,20210104,000000,16.3887,17.1104,16.3887,16.6106,3865963.942706,0
667.HK,D,20210105,000000,15.3528,15.4265,14.2433,14.6125,102326132.01192,0
667.HK,D,20210106,000000,14.6125,14.7607,14.0764,14.3542,13281825.211851,0
667.HK,D,20210107,000000,14.1137,14.3729,13.1328,14.15,25894945.181991,0
667.HK,D,20210108,000000,14.2619,14.5388,13.8731,14.15,13740456.25416,0
667.HK,D,20210111,000000,14.2433,14.4838,13.8358,13.8917,7559611.3144102,0
667.HK,D,20210112,000000,13.9841,14.0577,13.5766,13.5766,6683810.2267725,0
667.HK,D,20210113,000000,13.8731,14.15,13.4293,13.5216,7093997.1754244,0
667.HK,D,20210114,000000,13.5952,13.6698,12.9855,13.4293,10747687.205738,0
667.HK,D,20210115,000000,13.5216,13.7994,13.2074,13.7621,6989984.3204366,0
667.HK,D,20210118,000000,13.7621,14.9276,13.337,14.7421,22764149.774049,0
667.HK,D,20210119,000000,14.9826,15.1682,14.7057,15.0572,6007570.6195029,0
667.HK,D,20210120,000000,15.1682,16.0185,15.0572,15.9076,10135319.713274,0
667.HK,D,20210121,000000,16.9062,17.1104,15.6857,16.0931,7158598.5953658,0
667.HK,D,20210122,000000,16.0931,16.0931,15.2605,15.8153,4664998.1572298,0
667.HK,D,20210125,000000,15.9076,16.7029,15.9076,16.37,4835443.2025518,0
667.HK,D,20210126,000000,16.37,16.8139,15.612,15.9449,2778269.6828569,0
667.HK,D,20210127,000000,15.7043,17.0544,15.7043,16.7216,5351584.2448622,0
667.HK,D,20210128,000000,16.6293,16.7952,15.8526,16.4624,5536215.3475864,0
667.HK,D,20210129,000000,16.1854,16.8698,15.9635,16.2041,4030744.0031336,0
667.HK,D,20210201,000000,15.9076,16.5369,15.8703,16.37,1228511.2840222,0
667.HK,D,20210202,000000,16.1854,17.7575,16.1854,17.4059,5155718.6255214,0
667.HK,D,20210203,000000,17.3323,18.3495,17.3323,17.8684,2923588.0212296,0
667.HK,D,20210204,000000,17.8684,18.1463,16.7775,17.2027,3042776.8580909,0
667.HK,D,20210205,000000,16.8885,18.0353,16.8512,17.4246,4348436.8279158,0
667.HK,D,20210208,000000,17.5728,17.5728,17.0731,17.2763,1390038.4290418,0
667.HK,D,20210209,000000,17.3873,17.5542,17.2763,17.4246,810680.57404073,0
667.HK,D,20210210,000000,17.4246,17.6651,17.3873,17.6465,1045556.5106032,0
667.HK,D,20210211,000000,17.6465,17.8311,17.295,17.5728,342860.28701862,0
667.HK,D,20210216,000000,17.5728,17.9607,16.8885,17.0358,1313703.7764717,0
667.HK,D,20210217,000000,17.0358,17.6651,17.0358,17.6651,1125027.175258,0
667.HK,D,20210218,000000,18.0353,19.1449,17.6278,17.8871,4690795.1813997,0
667.HK,D,20210219,000000,17.7761,19.2838,17.7761,17.998,3619614.3203426,0
667.HK,D,20210222,000000,18.2572,18.2572,17.1467,17.2027,3903547.8248823,0
667.HK,D,20210223,000000,17.2027,17.2577,16.9062,16.9994,2964428.0363364,0
667.HK,D,20210224,000000,16.6479,17.184,15.6307,16.0372,2413801.58617,0
667.HK,D,20210225,000000,16.0931,16.8698,16.0931,16.4437,3365350.6647464,0
667.HK,D,20210226,000000,15.6484,16.37,15.5374,16.1481,4459986.1934779,0
667.HK,D,20210301,000000,17.0917,17.0917,15.7966,16.0372,2021538.3837422,0
667.HK,D,20210302,000000,15.9906,16.8139,15.9635,16.2404,2595163.685873,0
667.HK,D,20210303,000000,16.1854,16.315,15.9999,16.1295,1681437.6586572,0
667.HK,D,20210304,000000,16.7402,16.7402,15.5374,15.8703,1984176.5106294,0
667.HK,D,20210305,000000,16.2404,16.2404,15.0013,15.612,1465023.8671103,0
667.HK,D,20210308,000000,15.3901,15.9262,15.0199,15.0572,1957580.4683325,0
667.HK,D,20210309,000000,14.7234,15.2791,14.206,14.8167,2129496.9940171,0
667.HK,D,20210310,000000,15.1309,15.5197,14.8344,14.9276,1789092.7492946,0
667.HK,D,20210311,000000,14.7057,15.5197,14.7057,15.3528,1948365.483438,0
667.HK,D,20210312,000000,15.3528,15.6484,15.1495,15.1859,2194969.2900914,0
667.HK,D,20210315,000000,15.4265,15.5374,14.964,15.0199,589957.44714636,0
667.HK,D,20210316,000000,15.2605,15.3528,15.0199,15.2605,1537538.247777,0
667.HK,D,20210317,000000,15.0572,15.5561,15.0572,15.5011,1606041.4501958,0
667.HK,D,20210318,000000,15.5011,15.723,15.3342,15.5374,888459.8942846,0
667.HK,D,20210319,000000,15.075,15.3342,14.8167,15.0199,1437775.7402214,0
667.HK,D,20210322,000000,14.7234,15.7043,14.7234,15.6307,1284510.1208817,0
667.HK,D,20210323,000000,15.6857,15.9076,14.8717,14.964,1689450.3625849,0
667.HK,D,20210324,000000,14.964,14.964,14.2433,14.4652,2738848.5952425,0
667.HK,D,20210325,000000,14.5761,15.1309,14.0577,14.4465,1342238.9124241,0
667.HK,D,20210326,000000,14.6125,15.4265,14.6125,15.0386,2968428.4895088,0
667.HK,D,20210329,000000,15.1495,16.7402,15.1309,16.1295,5148506.0122282,0
667.HK,D,20210330,000000,16.2041,16.6479,16.1295,16.1854,4593651.7372882,0
667.HK,D,20210331,000000,16.1854,16.4624,15.3715,15.667,4604466.9034517,0
667.HK,D,20210401,000000,15.7966,15.7966,15.2419,15.4451,1108882.7190642,0
667.HK,D,20210407,000000,15.8889,15.8889,14.9463,15.3715,2908152.4925282,0
667.HK,D,20210408,000000,15.5747,16.2777,15.5747,15.6857,2821901.435124,0
667.HK,D,20210409,000000,16.1481,16.1481,14.8903,15.0199,2513335.6496169,0
667.HK,D,20210412,000000,14.9276,15.0199,14.4838,14.7421,2752943.4895028,0
667.HK,D,20210413,000000,15.7043,15.7043,14.5202,14.5575,1733005.9668157,0
667.HK,D,20210414,000000,14.5575,15.3342,14.5202,14.6684,2115349.5468868,0
667.HK,D,20210415,000000,14.6684,15.0936,14.6684,14.853,1544302.5529132,0
667.HK,D,20210416,000000,14.9826,15.075,14.4279,14.8717,3184784.3656477,0
667.HK,D,20210419,000000,15.2605,15.6484,14.9826,15.4265,1916871.2991471,0
667.HK,D,20210420,000000,15.5747,17.0358,15.5747,16.8325,4465255.4230852,0
667.HK,D,20210421,000000,16.592,16.8139,16.3328,16.6479,2818789.0182055,0
667.HK,D,20210422,000000,16.6479,16.8325,16.481,16.6479,1093485.8006347,0
667.HK,D,20210423,000000,16.592,17.1104,16.592,16.9248,1463091.2085,0
667.HK,D,20210426,000000,17.1104,17.6465,16.8512,17.2577,5494524.8339901,0
667.HK,D,20210427,000000,17.2577,17.5728,16.7952,17.3509,1838714.4562446,0
667.HK,D,20210428,000000,17.3509,17.5355,16.9994,17.2577,2301656.9789162,0
667.HK,D,20210429,000000,16.9994,17.3873,16.8698,17.1654,675749.47131794,0
667.HK,D,20210430,000000,16.9062,17.1467,16.7402,16.7775,972573.44413588,0
667.HK,D,20210503,000000,16.7775,16.8512,16.481,16.6479,544463.82176745,0
667.HK,D,20210504,000000,16.9248,16.9435,16.3328,16.6106,542781.05741695,0
667.HK,D,20210505,000000,17.1104,17.1104,15.9635,16.0372,997611.13295833,0
667.HK,D,20210506,000000,16.2041,16.6843,15.7416,16.0372,1359289.6375001,0
667.HK,D,20210507,000000,16.3887,16.3887,15.7416,15.778,1022653.111811,0
667.HK,D,20210510,000000,16.1854,16.1854,15.5747,15.7966,713616.49548818,0
667.HK,D,20210511,000000,15.0199,16.2404,15.0199,15.9449,2011749.6073069,0
667.HK,D,20210512,000000,16.4624,16.4624,16.0185,16.1668,1378577.6133315,0
667.HK,D,20210513,000000,16.5369,16.5369,15.4638,15.612,1478051.6163554,0
667.HK,D,20210514,000000,15.7416,15.9449,15.2791,15.8526,1634844.7130365,0
667.HK,D,20210517,000000,16.0745,16.7216,16.0745,16.3887,2975971.4351283,0
667.HK,D,20210518,000000,16.8885,16.8885,16.2777,16.7216,1187968.3535074,0
667.HK,D,20210520,000000,16.6479,17.9057,16.6479,17.7015,4742587.6436368,0
667.HK,D,20210521,000000,18.0353,18.0353,16.6106,16.8139,1609120.6193802,0
667.HK,D,20210524,000000,16.9248,16.9248,16.2777,16.5733,733619.83385732,0
667.HK,D,20210525,000000,16.7775,16.9248,16.1481,16.6479,1538059.4864477,0
667.HK,D,20210526,000000,16.6479,16.6479,15.6484,15.723,2656740.6345152,0
667.HK,D,20210527,000000,15.6307,16.0745,15.5561,16.0372,4143612.5529856,0
667.HK,D,20210528,000000,16.0372,16.261,15.515,15.6829,1265372.2961078,0
667.HK,D,20210531,000000,15.571,15.8507,15.515,15.7948,1929977.3414436,0
667.HK,D,20210601,000000,15.515,15.7761,15.515,15.7575,904239.69791041,0
667.HK,D,20210602,000000,16.1491,16.1491,15.4218,15.5523,1350809.3202794,0
667.HK,D,20210603,000000,15.9999,15.9999,15.1607,15.2913,3268672.6889129,0
667.HK,D,20210604,000000,15.198,15.198,14.8064,14.9183,1759448.6405325,0
667.HK,D,20210607,000000,14.4708,14.7505,14.3962,14.4521,2691116.6466007,0
667.HK,D,20210608,000000,14.6759,15.1234,14.4521,14.9743,5981374.6225233,0
667.HK,D,20210609,000000,14.564,14.7691,13.7621,14.1724,8469847.4020489,0
667.HK,D,20210610,000000,14.3589,14.3589,13.7994,13.9859,4214586.8128064,0
667.HK,D,20210611,000000,13.8927,14.5826,13.8927,14.5826,2336478.0816362,0
667.HK,D,20210615,000000,15.3099,15.3099,13.6689,14.0232,3637424.3807661,0
667.HK,D,20210616,000000,14.3216,14.3216,13.6503,13.7062,952922.96075165,0
667.HK,D,20210617,000000,13.613,13.8367,13.4078,13.5384,1747173.7915895,0
667.HK,D,20210618,000000,13.5384,13.7062,13.2586,13.4265,2373236.1329967,0
667.HK,D,20210621,000000,13.4265,13.7621,13.2773,13.4824,3072611.8731975,0
667.HK,D,20210622,000000,14.0792,14.0792,13.3146,13.7994,2449384.1692526,0
667.HK,D,20210623,000000,13.9859,14.0792,13.7062,13.7435,1628066.4653022,0
667.HK,D,20210624,000000,13.7435,14.3029,13.24,13.2773,2879682.7795365,0
667.HK,D,20210625,000000,13.93,13.93,13.1468,13.4265,2856081.1783274,0
667.HK,D,20210628,000000,13.7248,13.7248,12.8857,13.0908,1019480.6344695,0
667.HK,D,20210629,000000,13.1095,13.1654,11.282,11.4685,15188851.96417,0
667.HK,D,20210630,000000,11.1887,11.5057,10.6852,11.3752,8700406.4957109,0
667.HK,D,20210702,000000,11.3752,11.5057,10.1631,10.6479,15025910.181688,0
667.HK,D,20210705,000000,10.5734,11.0023,8.96031,9.36124,18854338.505058,0
667.HK,D,20210706,000000,9.60366,10.275,9.05355,9.75285,19421181.269424,0
667.HK,D,20210707,000000,9.77149,10.3682,9.51042,10.2563,19659063.444657,0
667.HK,D,20210708,000000,10.2563,10.2563,9.62231,9.82744,8025265.1361755,0
667.HK,D,20210709,000000,9.79014,10.0512,9.21206,9.93932,10953530.362843,0
667.HK,D,20210712,000000,10.9277,10.9277,9.34259,9.64096,11442347.130228,0
667.HK,D,20210713,000000,9.82744,9.82744,9.32394,9.45448,7602911.6618434,0
667.HK,D,20210714,000000,9.65961,10.3496,9.2307,10.1072,6708285.9216372,0
667.HK,D,20210715,000000,9.6969,10.1072,9.24003,9.49177,8678194.8642904,0
667.HK,D,20210716,000000,9.6969,9.6969,9.10017,9.16544,7627779.8944725,0
667.HK,D,20210719,000000,9.24003,9.25868,8.84842,9.10017,6803773.414087,0
667.HK,D,20210720,000000,8.88572,9.13746,8.85775,9.01625,4760003.0212808,0
667.HK,D,20210721,000000,9.22138,9.27732,8.86707,9.00693,4236453.0967949,0
667.HK,D,20210722,000000,9.19341,9.3053,8.96031,9.27732,9418085.6498095,0
667.HK,D,20210723,000000,9.28665,9.31462,8.48479,8.53141,7072972.8098649,0
667.HK,D,20210726,000000,8.26101,8.29831,7.59901,7.9067,45976682.780738,0
667.HK,D,20210727,000000,7.944,8.81113,7.83211,8.08386,14704328.444519,0
667.HK,D,20210728,000000,8.09318,8.62465,7.52442,7.9067,10842000.302417,0
667.HK,D,20210729,000000,8.29831,8.63397,8.19575,8.55006,5632916.9185861,0
667.HK,D,20210730,000000,8.52208,8.53141,7.97197,8.42885,5926361.4201048,0
667.HK,D,20210802,000000,8.52208,8.52208,7.93468,8.25169,7269405.7857012,0
667.HK,D,20210803,000000,8.39155,8.39155,7.78549,8.06521,6149222.0545522,0
667.HK,D,20210804,000000,8.06521,8.20507,7.78549,7.81346,4592477.3415178,0
667.HK,D,20210805,000000,7.64563,7.89738,7.58037,7.83211,6997601.2690773,0
667.HK,D,20210806,000000,7.89738,7.91603,7.58037,7.64563,4748729.8943922,0
667.HK,D,20210809,000000,7.48713,8.11183,7.10485,8.04656,5045096.9789927,0
667.HK,D,20210810,000000,8.10251,8.36358,8.05589,8.30763,3053965.2568828,0
667.HK,D,20210811,000000,8.1771,8.30763,8.04656,8.13048,1428043.8066864,0
667.HK,D,20210812,000000,8.02792,8.27966,7.68293,7.9067,3364643.8822691,0
667.HK,D,20210813,000000,7.27268,7.95332,7.27268,7.66428,3240542.9608154,0
667.HK,D,20210816,000000,7.66428,7.89738,7.58969,7.76685,2854478.8520434,0
667.HK,D,20210817,000000,7.65496,7.72955,7.35659,7.42186,4182243.2025336,0
667.HK,D,20210818,000000,7.45915,7.5151,7.19808,7.36592,3678700.906447,0
667.HK,D,20210819,000000,7.45915,7.45915,6.98363,7.06755,5021780.6647926,0
667.HK,D,20210820,000000,7.0862,7.33794,7.00228,7.27268,5409849.2901811,0
667.HK,D,20210823,000000,7.30997,7.53375,7.15146,7.18876,2376261.6768034,0
667.HK,D,20210824,000000,7.19808,7.73887,7.19808,7.70158,3839319.6375693,0
667.HK,D,20210825,000000,8.47546,8.47546,7.68293,7.75752,6005613.2932188,0
667.HK,D,20210826,000000,7.34727,7.73887,7.07687,7.27268,6109539.2750949,0
667.HK,D,20210827,000000,7.27268,7.27268,6.99296,7.17944,7804637.4624533,0
667.HK,D,20210830,000000,7.11417,7.84144,7.11417,7.70158,6285430.5137705,0
667.HK,D,20210831,000000,7.77617,7.79482,7.45915,7.77617,4682031.722185,0
667.HK,D,20210901,000000,7.77617,8.1771,7.49645,7.73887,5046148.0363945,0
667.HK,D,20210902,000000,7.64563,8.24237,7.62699,8.11183,8686774.9247136,0
667.HK,D,20210903,000000,8.20507,8.23304,7.78549,8.15845,4084645.0152197,0
667.HK,D,20210906,000000,8.24237,9.18408,8.05589,8.63397,10977651.057708,0
667.HK,D,20210907,000000,8.63397,9.17476,8.55938,8.78315,6142787.0092348,0
667.HK,D,20210908,000000,8.96031,9.02558,8.57803,8.70856,5038694.1089018,0
667.HK,D,20210909,000000,8.51276,8.58735,8.11183,8.18642,6293656.6467012,0
667.HK,D,20210910,000000,7.85076,8.63397,7.85076,8.46614,3417727.6435998,0
667.HK,D,20210913,000000,8.46614,8.47546,8.10251,8.3729,2798172.2055161,0
667.HK,D,20210914,000000,8.15845,8.3729,7.92535,8.00927,3323732.0091561,0
667.HK,D,20210915,000000,8.00927,8.08386,7.76685,7.87873,2765460.7251527,0
667.HK,D,20210916,000000,7.87873,8.10251,7.34727,7.52442,2242899.6526305,0
667.HK,D,20210917,000000,7.4778,7.52442,7.25403,7.27268,3804291.5408916,0
667.HK,D,20210920,000000,7.3193,7.66428,7.3193,7.35659,1958935.0453719,0
667.HK,D,20210921,000000,7.3193,7.49645,7.02093,7.38456,2148232.6284587,0
667.HK,D,20210923,000000,7.38456,7.92535,7.38456,7.80414,7700604.229822,0
667.HK,D,20210924,000000,7.7482,8.07454,7.54307,7.82279,5686971.2992523,0
667.HK,D,20210927,000000,7.82279,8.20507,7.54307,7.64563,3848828.4895333,0
667.HK,D,20210928,000000,7.48713,7.83211,7.46848,7.72955,4218064.9548004,0
667.HK,D,20210929,000000,7.7482,7.83211,7.49645,7.72023,1564574.0181705,0
667.HK,D,20210930,000000,7.72023,7.72955,7.282,7.48713,4062658.6103852,0
667.HK,D,20211004,000000,7.45915,7.84144,7.37524,7.72955,3140945.6194229,0
667.HK,D,20211005,000000,7.72955,7.72955,7.38456,7.39389,2795233.5348212,0
667.HK,D,20211006,000000,7.41254,7.50577,7.05823,7.29132,4471026.5862274,0
667.HK,D,20211007,000000,7.25403,7.61766,7.14214,7.36592,3999380.6647641,0
667.HK,D,20211008,000000,7.30997,7.9813,7.30997,7.81346,6650083.0817565,0
667.HK,D,20211011,000000,7.81346,7.9067,7.58037,7.58037,6608255.2871934,0
667.HK,D,20211012,000000,7.58037,7.79482,7.34727,7.65496,9450518.2782092,0
667.HK,D,20211015,000000,8.8018,9.54772,8.36358,9.02558,42827907.856179,0
667.HK,D,20211018,000000,9.02558,9.13746,8.45682,8.58735,20711193.354052,0
667.HK,D,20211019,000000,8.67127,8.67127,8.01859,8.23304,10486760.060715,0
667.HK,D,20211020,000000,8.6433,8.68992,8.25169,8.38223,11544225.695186,0
667.HK,D,20211021,000000,8.38223,8.38223,7.93468,8.04656,14992426.495886,0
667.HK,D,20211022,000000,7.99994,8.07454,7.84144,8.00927,9159858.0062977,0
667.HK,D,20211025,000000,8.00927,8.15845,7.70158,7.84144,8085319.1240925,0
667.HK,D,20211026,000000,7.75752,7.85076,7.45915,7.53375,7262699.3959729,0
667.HK,D,20211027,000000,7.53375,7.53375,6.84377,7.25403,22053387.221159,0
667.HK,D,20211028,000000,7.27268,7.30065,6.98363,6.99296,4924954.6829168,0
667.HK,D,20211029,000000,7.0862,7.2447,6.88107,6.90904,7436606.4956757,0
667.HK,D,20211101,000000,6.97431,7.0862,6.8158,6.87175,3290828.5499407,0
667.HK,D,20211102,000000,6.82513,7.03025,6.55473,6.87175,9676163.1422638,0
667.HK,D,20211103,000000,6.88107,6.88107,6.56406,6.87175,10540818.731412,0
667.HK,D,20211104,000000,6.87175,6.87175,6.60135,6.62,4227150.166281,0
667.HK,D,20211105,000000,6.64797,6.74121,6.56406,6.56406,5352040.0605722,0
667.HK,D,20211108,000000,6.82513,6.82513,6.52676,6.52676,2590105.7402535,0
667.HK,D,20211109,000000,6.67594,6.67594,6.08854,6.22839,8550956.8582445,0
667.HK,D,20211110,000000,6.22839,6.37758,6.10718,6.32163,3451345.3928455,0
667.HK,D,20211111,000000,6.31231,6.69459,6.13515,6.56406,8378965.2570313,0
667.HK,D,20211112,000000,6.69459,6.69459,6.39623,6.56406,8297486.8582374,0
667.HK,D,20211115,000000,6.56406,6.83445,6.53608,6.62,6107325.6195057,0
667.HK,D,20211116,000000,6.43352,6.92769,6.43352,6.8158,9021161.3295567,0
667.HK,D,20211117,000000,6.94634,7.38456,6.80648,7.16079,5866433.988079,0
667.HK,D,20211118,000000,7.16079,7.36592,7.00228,7.0862,4410213.2629629,0
667.HK,D,20211119,000000,6.71324,7.20741,6.71324,7.13282,2857136.5257594,0
667.HK,D,20211122,000000,7.13282,7.20741,6.80648,6.93701,4122182.7795712,0
667.HK,D,20211123,000000,7.03025,7.36592,6.91837,7.30065,6707848.3385556,0
667.HK,D,20211124,000000,7.02093,7.21673,6.89039,7.14214,9696753.1422644,0
667.HK,D,20211125,000000,7.12349,8.1398,7.09552,7.70158,17011391.934009,0
667.HK,D,20211126,000000,7.70158,7.92535,7.55239,7.58037,4672915.4079853,0
667.HK,D,20211129,000000,7.58037,7.72955,7.282,7.58037,5395424.0635946,0
667.HK,D,20211130,000000,7.5151,7.69225,7.30997,7.58969,46850595.182575,0
667.HK,D,20211201,000000,6.99296,7.0862,6.39623,6.64797,62308973.657327,0
667.HK,D,20211202,000000,6.77851,6.77851,5.87408,6.12583,13974237.160511,0
667.HK,D,20211203,000000,6.02327,6.27501,5.74355,5.80882,8207685.8008331,0
667.HK,D,20211206,000000,5.82746,5.93003,5.46383,5.59437,9643987.9156768,0
667.HK,D,20211207,000000,5.83679,5.93003,5.51977,5.64099,8112447.1301356,0
667.HK,D,20211208,000000,5.64099,5.74355,5.54775,5.64099,5290143.5046793,0
667.HK,D,20211209,000000,5.85544,6.14448,5.60369,5.94868,10936895.770698,0
667.HK,D,20211210,000000,6.06056,6.20975,5.75287,5.89273,4422972.8853197,0
667.HK,D,20211213,000000,5.9953,5.9953,5.51977,5.54775,6335838.3687568,0
667.HK,D,20211214,000000,5.55707,5.55707,4.97899,5.09087,7550453.172416,0
667.HK,D,20211215,000000,5.18411,5.26803,4.93237,4.93237,8532333.837096,0
667.HK,D,20211216,000000,4.95101,5.15614,4.81115,5.10952,5222039.2750701,0
667.HK,D,20211217,000000,5.08155,5.08155,4.77386,4.78318,5588836.8581619,0
667.HK,D,20211220,000000,4.77386,4.95101,4.57806,4.62468,5007537.7644901,0
667.HK,D,20211221,000000,4.634,4.83913,4.46617,4.6713,5192009.0635889,0
667.HK,D,20211222,000000,4.64332,4.80183,4.54076,4.64332,2253338.3686429,0
667.HK,D,20211223,000000,4.66197,4.6713,4.49414,4.53144,6452741.6920229,0
667.HK,D,20211224,000000,4.62468,4.634,4.36361,4.50346,2822303.6254564,0
667.HK,D,20211228,000000,4.50346,4.61535,4.35428,4.55008,4990377.6436437,0
667.HK,D,20211229,000000,4.62468,4.68062,4.1678,4.50346,4077673.7161258,0
667.HK,D,20211230,000000,4.53144,4.53144,4.26104,4.37293,2658746.2236391,0
667.HK,D,20211231,000000,4.60603,4.60603,4.41023,4.55008,3686208.4593173,0
667.HK,D,20220103,000000,4.634,4.634,4.30766,4.37293,1969123.8671244,0
667.HK,D,20220104,000000,4.52211,4.55941,4.35428,4.41023,2397697.8852632,0
667.HK,D,20220105,000000,4.55008,4.55008,4.26104,4.35428,6040596.3445793,0
667.HK,D,20220106,000000,4.35428,4.46617,4.2051,4.23307,3302787.0091556,0
667.HK,D,20220107,000000,4.41023,4.41023,4.13983,4.26104,1955503.0212026,0
667.HK,D,20220110,000000,4.26104,4.52211,4.15848,4.4009,3004093.6556729,0
667.HK,D,20220111,000000,4.36361,4.4382,4.23307,4.41955,8948042.0546302,0
667.HK,D,20220112,000000,4.62468,4.62468,4.46617,4.46617,2345037.7644159,0
667.HK,D,20220113,000000,4.55008,4.55008,4.19577,4.2051,3917333.8369673,0
667.HK,D,20220114,000000,4.23307,4.23307,4.03727,4.18645,2665197.3565698,0
667.HK,D,20220117,000000,4.18645,4.18645,4.01862,4.13051,2543987.9154788,0
667.HK,D,20220118,000000,4.2051,4.31699,4.08389,4.13051,2748836.8580827,0
667.HK,D,20220119,000000,4.13051,4.27969,4.13051,4.26104,1893512.084645,0
667.HK,D,20220120,000000,4.24239,4.48482,4.24239,4.42887,2778867.0695639,0
667.HK,D,20220121,000000,4.4009,4.53144,4.34496,4.34496,1556208.4592579,0
667.HK,D,20220124,000000,4.29834,4.35428,4.14915,4.28901,2060287.0091209,0
667.HK,D,20220125,000000,4.26104,4.27969,3.7762,3.83214,11234516.616628,0
667.HK,D,20220126,000000,3.83214,3.95335,3.67363,3.71093,5037031.7221949,0
667.HK,D,20220127,000000,3.69228,3.69228,3.3473,3.57107,4315234.1390932,0
667.HK,D,20220128,000000,3.52445,3.87876,3.48715,3.85079,4204229.607368,0
667.HK,D,20220131,000000,3.85079,3.87876,3.56175,3.7389,2077983.3837438,0
667.HK,D,20220204,000000,3.58972,3.76687,3.48715,3.7389,2346646.5257452,0
667.HK,D,20220207,000000,3.72025,4.0093,3.72025,3.84146,2294629.9094296,0
667.HK,D,20220208,000000,3.79485,3.82282,3.45918,3.62701,7605687.3113904,0
667.HK,D,20220209,000000,3.59904,3.96268,3.59904,3.87876,6534252.2660433,0
667.HK,D,20220210,000000,3.87876,4.19577,3.87876,4.17713,3806329.3052421,0
667.HK,D,20220211,000000,4.13051,4.31699,4.07456,4.22375,6305808.1572756,0
667.HK,D,20220214,000000,4.19577,4.38225,4.04659,4.29834,6406087.6134717,0
667.HK,D,20220215,000000,4.27969,4.41955,4.19577,4.39158,5322318.7312663,0
667.HK,D,20220216,000000,4.42887,4.62468,4.39158,4.52211,4537779.4563199,0
667.HK,D,20220217,000000,4.50346,4.50346,4.23307,4.47549,3356447.7795498,0
667.HK,D,20220218,000000,4.45685,4.53144,4.32631,4.36361,4768261.3294381,0
667.HK,D,20220221,000000,4.30766,4.38225,4.14915,4.28901,1674720.5438534,0
667.HK,D,20220222,000000,4.23307,4.33563,4.09321,4.31699,3441676.7372561,0
667.HK,D,20220223,000000,4.27037,4.37293,4.17713,4.27969,3149418.4290909,0
667.HK,D,20220224,000000,4.23307,4.23307,3.9347,4.1678,6566427.4926303,0
667.HK,D,20220225,000000,4.1678,4.31699,4.15848,4.18645,1699388.2175701,0
667.HK,D,20220228,000000,4.18645,4.23307,4.13051,4.23307,2499478.8520335,0
667.HK,D,20220301,000000,4.19577,4.41023,4.19577,4.28901,1584272.7643946,0
667.HK,D,20220302,000000,4.27037,4.29834,4.14915,4.19577,1577122.3565395,0
667.HK,D,20220303,000000,4.22375,4.38225,4.14915,4.22375,2042590.6344981,0
667.HK,D,20220304,000000,4.42887,4.42887,4.03727,4.18645,3605234.1390734,0
667.HK,D,20220307,000000,4.24239,4.24239,3.89741,4.08389,6261835.3476067,0
667.HK,D,20220308,000000,3.90673,4.18645,3.90673,4.05592,5217212.9910821,0
667.HK,D,20220309,000000,3.92538,4.15848,3.86944,4.10254,6146004.5318935,0
667.HK,D,20220310,000000,4.1678,4.45685,4.08389,4.17713,6948776.4352391,0
667.HK,D,20220311,000000,4.06524,4.1678,3.87876,4.12118,5710566.4654161,0
667.HK,D,20220314,000000,4.0093,4.09321,3.84146,4.07456,7197061.9337355,0
667.HK,D,20220315,000000,3.91606,3.9347,2.94637,2.96501,13232598.18768,0
667.HK,D,20220316,000000,2.96501,3.55242,2.96501,3.5058,6455422.9609051,0
667.HK,D,20220317,000000,3.57107,3.98132,3.57107,3.86944,6359433.5349206,0
667.HK,D,20220318,000000,3.99065,4.05592,3.81349,4.03727,2578308.1571716,0
667.HK,D,20220321,000000,4.04659,4.2051,3.96268,4.12118,2015241.6918991,0
667.HK,D,20220322,000000,3.99997,4.31699,3.95335,4.29834,2202394.2598802,0
667.HK,D,20220323,000000,4.01862,4.35428,4.01862,4.21442,3203858.9124761,0
667.HK,D,20220324,000000,4.22375,4.52211,4.05592,4.22375,4064803.625491,0
667.HK,D,20220325,000000,4.22375,4.61535,3.99065,4.01862,5922922.9608903,0
667.HK,D,20220328,000000,4.09321,4.79251,4.06524,4.69927,12699492.220898,0
667.HK,D,20220329,000000,4.8298,4.92304,4.54076,4.68994,5478904.8339897,0
667.HK,D,20220330,000000,4.68062,4.81115,4.54076,4.70859,2480173.7160813,0
667.HK,D,20220331,000000,4.48482,4.58738,4.18645,4.26104,1781971.2991434,0
667.HK,D,20220401,000000,4.26104,4.30766,4.03727,4.30766,1764864.8036746,0
667.HK,D,20220404,000000,4.25172,4.38225,4.13983,4.37293,865030.9667915,0
667.HK,D,20220406,000000,4.14915,4.51279,4.14915,4.39158,831729.60727395,0
667.HK,D,20220407,000000,4.35428,4.4382,4.27037,4.32631,1029070.9970076,0
667.HK,D,20220408,000000,4.21442,4.4009,4.12118,4.33563,1529395.7704354,0
667.HK,D,20220411,000000,4.38225,4.41955,3.95335,4.1678,3890521.1481448,0
667.HK,D,20220412,000000,4.26104,4.28901,4.02794,4.11186,6748217.5228468,0
667.HK,D,20220413,000000,4.17713,4.17713,3.69228,3.72958,6093987.9155778,0
667.HK,D,20220414,000000,3.82282,4.42887,3.60837,4.25172,7999833.8370811,0
667.HK,D,20220419,000000,4.17713,4.2051,4.01862,4.12118,1022635.9516902,0
667.HK,D,20220420,000000,4.14915,4.39158,4.09321,4.25172,3034123.8671541,0
667.HK,D,20220421,000000,4.39158,4.41955,4.02794,4.08389,981880.66467995,0
667.HK,D,20220422,000000,4.13983,4.13983,3.82282,4.0093,1837741.6918942,0
667.HK,D,20220425,000000,3.82282,3.98132,3.67363,3.7762,1529395.7704354,0
667.HK,D,20220426,000000,3.85079,3.88808,3.69228,3.76687,2353617.8248391,0
667.HK,D,20220427,000000,3.75755,3.9347,3.65499,3.7762,1635037.7643961,0
667.HK,D,20220428,000000,3.82282,3.82282,3.5431,3.65499,553950.15107285,0
667.HK,D,20220429,000000,3.7762,3.81349,3.44986,3.7762,1586238.6707391,0
667.HK,D,20220503,000000,3.74823,3.78552,3.52445,3.65499,1783043.8066963,0
667.HK,D,20220504,000000,3.58972,3.58972,3.16082,3.30068,2597613.2931238,0
667.HK,D,20220505,000000,3.35662,3.56175,3.32865,3.43121,1916034.7432559,0
667.HK,D,20220506,000000,3.53377,3.53377,3.28203,3.31,1473089.1239082,0
667.HK,D,20220510,000000,3.26338,3.33797,3.06758,3.23541,6964327.7947562,0
667.HK,D,20220511,000000,3.22608,3.48715,3.18879,3.23541,2004516.6163701,0
667.HK,D,20220512,000000,3.37527,3.37527,3.0769,3.09555,659055.89125705,0
667.HK,D,20220513,000000,3.17946,3.17946,3.03961,3.0769,747537.7643713,0
667.HK,D,20220516,000000,3.00231,3.15149,2.99299,3.02096,993141.9939854,0
667.HK,D,20220517,000000,3.18879,3.32865,3.04893,3.2727,2564901.8127604,0
667.HK,D,20220518,000000,3.31,3.43121,3.2727,3.33797,1505264.3504952,0
667.HK,D,20220519,000000,3.30068,3.3473,3.23541,3.31,659055.89125705,0
667.HK,D,20220520,000000,3.39392,3.53377,3.28203,3.42189,1569078.5498927,0
667.HK,D,20220523,000000,3.46851,3.46851,3.32865,3.37527,1271457.703963,0
667.HK,D,20220524,000000,3.45918,3.45918,3.31,3.31,962575.52872775,0
667.HK,D,20220525,000000,3.41256,3.41256,3.26338,3.2727,1216759.8187651,0
667.HK,D,20220526,000000,3.3473,3.39392,3.23541,3.2727,1290762.8399152,0
667.HK,D,20220527,000000,3.41256,3.46851,3.2727,3.31,1963225.0755835,0
667.HK,D,20220530,000000,3.36,3.66,3.36,3.49,1065000,0
667.HK,D,20220531,000000,3.45,3.73,3.45,3.67,2241000,0
667.HK,D,20220601,000000,3.73,3.79,3.61,3.65,614000,0
667.HK,D,20220602,000000,3.65,3.7,3.57,3.62,620500,0
667.HK,D,20220606,000000,3.63,3.77,3.63,3.71,1670000,0
667.HK,D,20220607,000000,3.71,4.32,3.71,4.08,5563500,0
667.HK,D,20220608,000000,4.49,4.49,3.93,4.03,5301500,0
667.HK,D,20220609,000000,4.09,4.36,4.01,4.1,5018300,0
667.HK,D,20220610,000000,4.04,4.24,3.85,4.11,3896500,0
667.HK,D,20220613,000000,4.1,4.37,3.91,4.05,7707000,0
667.HK,D,20220614,000000,3.89,4.08,3.68,3.87,2727000,0
667.HK,D,20220615,000000,3.91,4.27,3.87,4.23,6659950,0
667.HK,D,20220616,000000,4.3,5.65,4.3,4.7,43126500,0
667.HK,D,20220617,000000,4.78,4.94,4.23,4.31,18304000,0
667.HK,D,20220620,000000,4.31,4.43,4.11,4.15,7040000,0
667.HK,D,20220621,000000,4.15,4.19,3.89,3.93,8945200,0
667.HK,D,20220622,000000,3.96,3.97,3.75,3.78,7012000,0
667.HK,D,20220623,000000,3.82,3.87,3.74,3.78,4296000,0
667.HK,D,20220624,000000,3.85,3.9,3.74,3.8,3066000,0
667.HK,D,20220627,000000,3.8,3.95,3.77,3.92,7141402,0
667.HK,D,20220628,000000,4.03,4.05,3.87,4,5280800,0
667.HK,D,20220629,000000,4.02,4.32,3.87,3.92,8416000,0
667.HK,D,20220630,000000,4.06,4.33,3.9,4.16,8207000,0
667.HK,D,20220704,000000,4.21,4.21,3.94,4.06,3561500,0
667.HK,D,20220705,000000,4.3,4.3,3.98,4.12,3113500,0
667.HK,D,20220706,000000,4.16,4.24,4.04,4.18,2228500,0
667.HK,D,20220707,000000,4.29,4.29,3.99,4.01,1932500,0
667.HK,D,20220708,000000,4.03,4.05,3.95,3.97,2399000,0
667.HK,D,20220711,000000,3.97,3.99,3.81,3.95,4113100,0
667.HK,D,20220712,000000,3.95,3.95,3.75,3.85,2318128,0
667.HK,D,20220713,000000,3.75,3.89,3.74,3.76,1310500,0
667.HK,D,20220714,000000,3.76,3.76,3.6,3.66,2212400,0
667.HK,D,20220715,000000,3.52,3.63,3.4,3.41,3242000,0
667.HK,D,20220718,000000,3.48,3.52,3.4,3.41,1189500,0
667.HK,D,20220719,000000,3.4,3.46,3.39,3.43,1267500,0
667.HK,D,20220720,000000,3.47,3.58,3.39,3.48,2345000,0
667.HK,D,20220721,000000,3.5,3.54,3.37,3.42,1074500,0
667.HK,D,20220722,000000,3.41,3.5,3.35,3.39,1986500,0
667.HK,D,20220725,000000,3.5,3.5,3.32,3.41,1580500,0
667.HK,D,20220726,000000,3.53,3.53,3.36,3.5,1067500,0
667.HK,D,20220727,000000,3.55,3.55,3.31,3.33,1768500,0
667.HK,D,20220728,000000,3.45,3.45,3.37,3.4,705500,0
667.HK,D,20220729,000000,3.41,3.41,3.18,3.2,2701500,0
667.HK,D,20220801,000000,3.25,3.25,3.11,3.19,2443000,0
667.HK,D,20220802,000000,3.1,3.16,2.97,3.1,2761000,0
667.HK,D,20220803,000000,3.11,3.14,3.02,3.06,1043000,0
667.HK,D,20220804,000000,3.07,3.15,3.06,3.12,794500,0
667.HK,D,20220805,000000,3.18,3.21,3.12,3.18,822000,0
667.HK,D,20220808,000000,3.04,3.17,3.04,3.09,556500,0
667.HK,D,20220809,000000,3.13,3.19,3.06,3.11,429000,0
667.HK,D,20220810,000000,3.22,3.22,3.02,3.05,946500,0
667.HK,D,20220811,000000,3.16,3.16,3.04,3.09,1686000,0
667.HK,D,20220812,000000,3.08,3.15,3.07,3.11,904500,0
667.HK,D,20220815,000000,3.13,3.15,3.05,3.1,713000,0
667.HK,D,20220816,000000,3.1,3.15,3.03,3.04,533500,0
667.HK,D,20220817,000000,3.12,3.12,3.01,3.02,1701500,0
667.HK,D,20220818,000000,3.03,3.04,2.91,2.96,2446000,0
667.HK,D,20220819,000000,3.05,3.3,2.95,3.09,5259500,0
667.HK,D,20220822,000000,3.09,3.16,2.97,3.04,1153500,0
667.HK,D,20220823,000000,3.11,3.11,2.97,3.01,1602500,0
667.HK,D,20220824,000000,3.05,3.16,2.95,2.99,1794500,0
667.HK,D,20220825,000000,2.99,3.1,2.97,3.03,1434000,0
667.HK,D,20220826,000000,3.03,3.23,3.02,3.19,2497167,0
667.HK,D,20220829,000000,3.16,3.34,3.16,3.3,3261500,0
667.HK,D,20220830,000000,3.2,3.45,3.2,3.31,2662500,0
667.HK,D,20220831,000000,3.19,3.45,3.19,3.34,2726500,0
667.HK,D,20220901,000000,3.28,3.42,3.28,3.32,2028500,0
667.HK,D,20220902,000000,3.37,3.37,3.19,3.24,802600,0
667.HK,D,20220905,000000,3.15,3.24,3.07,3.14,1821000,0
667.HK,D,20220906,000000,3.24,3.35,3.09,3.29,3069200,0
667.HK,D,20220907,000000,3.29,3.33,3.21,3.22,859600,0
667.HK,D,20220908,000000,3.3,3.35,3.24,3.28,1620700,0
667.HK,D,20220909,000000,3.46,3.63,3.33,3.42,2490400,0
667.HK,D,20220913,000000,3.41,3.41,3.25,3.27,1657432,0
667.HK,D,20220914,000000,3.31,3.32,3.21,3.31,1782100,0
667.HK,D,20220915,000000,3.22,3.34,3.16,3.18,1562500,0
667.HK,D,20220916,000000,3.27,3.27,2.92,2.92,3772400,0
667.HK,D,20220919,000000,2.95,3,2.72,2.79,3546900,0
667.HK,D,20220920,000000,2.87,2.87,2.73,2.75,1823800,0
667.HK,D,20220921,000000,2.73,2.85,2.66,2.68,2237500,0
667.HK,D,20220922,000000,2.73,2.73,2.63,2.65,981200,0
667.HK,D,20220923,000000,2.61,2.67,2.52,2.52,1716700,0
667.HK,D,20220926,000000,2.42,2.69,2.42,2.53,834825,0
667.HK,D,20220927,000000,2.54,2.72,2.49,2.7,1749000,0
667.HK,D,20220928,000000,2.62,2.72,2.53,2.58,806175,0
667.HK,D,20220929,000000,2.62,2.62,2.45,2.54,580500,0
667.HK,D,20220930,000000,2.68,2.68,2.57,2.6,837011,0
667.HK,D,20221003,000000,2.54,2.78,2.54,2.67,568000,0
667.HK,D,20221005,000000,2.8,3,2.8,2.89,492500,0
667.HK,D,20221006,000000,2.78,2.85,2.77,2.82,107500,0
667.HK,D,20221007,000000,2.94,2.94,2.7,2.76,405500,0
667.HK,D,20221010,000000,2.79,2.87,2.65,2.74,1911000,0
667.HK,D,20221011,000000,2.83,2.83,2.7,2.83,1390000,0
667.HK,D,20221012,000000,2.8,2.8,2.54,2.65,2436500,0
667.HK,D,20221013,000000,2.73,2.73,2.52,2.53,1189000,0
667.HK,D,20221014,000000,2.68,2.68,2.53,2.56,995000,0
667.HK,D,20221017,000000,2.56,2.65,2.49,2.62,1326000,0
667.HK,D,20221018,000000,2.66,2.74,2.59,2.74,1545000,0
667.HK,D,20221019,000000,2.7,2.79,2.6,2.6,891000,0
667.HK,D,20221020,000000,2.6,2.6,2.49,2.54,3616135,0
667.HK,D,20221021,000000,2.58,2.7,2.54,2.67,1777000,0
667.HK,D,20221024,000000,2.65,2.74,2.39,2.45,2994000,0
667.HK,D,20221025,000000,2.44,2.55,2.34,2.42,3639500,0
667.HK,D,20221026,000000,2.41,2.54,2.36,2.52,1353500,0
667.HK,D,20221027,000000,2.57,2.87,2.57,2.72,6239000,0
667.HK,D,20221028,000000,2.68,2.7,2.42,2.58,3181500,0
667.HK,D,20221031,000000,2.49,2.66,2.47,2.47,945000,0
667.HK,D,20221101,000000,2.42,2.56,2.36,2.52,2267000,0
667.HK,D,20221102,000000,2.53,2.69,2.53,2.69,2626000,0
667.HK,D,20221103,000000,2.57,2.75,2.55,2.67,1573000,0
667.HK,D,20221104,000000,2.67,2.91,2.67,2.85,6444500,0
667.HK,D,20221107,000000,3,3.09,2.79,3.06,4592523,0
667.HK,D,20221108,000000,3,3.28,3,3.28,5090000,0
667.HK,D,20221109,000000,3.27,3.45,3.22,3.28,4201500,0
667.HK,D,20221110,000000,3.19,3.35,3.11,3.24,2969000,0
667.HK,D,20221111,000000,3.5,3.53,3.18,3.4,3668500,0
667.HK,D,20221114,000000,3.4,3.6,3.39,3.47,3406500,0
667.HK,D,20221115,000000,3.35,3.93,3.35,3.88,5174070,0
667.HK,D,20221116,000000,3.93,4.16,3.8,3.88,5242023,0
667.HK,D,20221117,000000,3.88,4.31,3.8,4.05,7518900,0
667.HK,D,20221118,000000,4.1,4.83,4.04,4.54,24846270,0
667.HK,D,20221121,000000,4.54,4.64,4.3,4.36,9891000,0
667.HK,D,20221122,000000,4.11,4.41,4.11,4.26,5981735,0
667.HK,D,20221123,000000,4.21,4.21,3.9,4,3488500,0
667.HK,D,20221124,000000,4.06,4.06,3.85,3.97,2412500,0
667.HK,D,20221125,000000,3.98,3.98,3.81,3.85,2962500,0
667.HK,D,20221128,000000,3.9,3.9,3.55,3.78,3689500,0
667.HK,D,20221129,000000,3.79,4.24,3.74,4.19,6910800,0
667.HK,D,20221130,000000,4.24,4.66,4.12,4.5,7299100,0
667.HK,D,20221201,000000,4.76,4.94,4.55,4.78,11483500,0
667.HK,D,20221202,000000,4.63,4.98,4.6,4.75,4072100,0
667.HK,D,20221205,000000,4.75,5.2,4.61,5.01,6770700,0
667.HK,D,20221206,000000,5,5.93,4.88,5.61,23191000,0
667.HK,D,20221207,000000,5.55,5.84,5.37,5.5,10241500,0
667.HK,D,20221208,000000,5.49,5.81,5.49,5.69,7907500,0
667.HK,D,20221209,000000,5.86,5.86,5.27,5.64,7694000,0
667.HK,D,20221212,000000,5.93,5.93,5.11,5.33,5471500,0
667.HK,D,20221213,000000,5.3,5.53,5.23,5.43,2602077,0
667.HK,D,20221214,000000,5.49,6,5.42,5.51,12875000,0
667.HK,D,20221215,000000,5.52,5.79,5.13,5.22,8487500,0
667.HK,D,20221216,000000,5.34,5.74,5.25,5.45,12068000,0
667.HK,D,20221219,000000,5.53,6.26,5.53,5.96,20217814,0
667.HK,D,20221220,000000,6.09,6.14,5.71,5.78,11246500,0
667.HK,D,20221221,000000,5.78,6.35,5.78,6.25,12537500,0
667.HK,D,20221222,000000,6.49,6.6,6.11,6.42,17193000,0
667.HK,D,20221223,000000,6.42,6.83,6.24,6.71,16818094,0
667.HK,D,20221228,000000,6.64,6.8,6.33,6.39,10239500,0
667.HK,D,20221229,000000,5.78,6.33,5.78,6.07,8218000,0
667.HK,D,20221230,000000,6.16,6.44,6.03,6.23,5160000,0
667.HK,D,20230103,000000,6.23,6.37,5.78,6.05,4544500,0
667.HK,D,20230104,000000,6.12,6.68,5.96,6.66,9852620,0
667.HK,D,20230105,000000,6.8,7.1,6.59,6.7,7387900,0
667.HK,D,20230106,000000,6.79,7.35,6.75,7.05,16835450,0
667.HK,D,20230109,000000,7.21,7.3,6.7,6.99,11489000,0
667.HK,D,20230110,000000,7.08,7.1,6.52,6.56,11928000,0
667.HK,D,20230111,000000,6.89,6.89,6.1,6.25,12794500,0
667.HK,D,20230112,000000,6.39,6.39,5.92,6.02,7093000,0
667.HK,D,20230113,000000,6.02,6.21,5.85,6.18,6266500,0
667.HK,D,20230116,000000,6.35,6.35,5.92,6.02,3766500,0
667.HK,D,20230117,000000,5.84,6.18,5.84,6,1830000,0
667.HK,D,20230118,000000,6.01,6.01,5.71,5.87,5731800,0
667.HK,D,20230119,000000,5.73,5.96,5.73,5.94,587000,0
667.HK,D,20230120,000000,6.03,6.25,6,6.22,1406000,0
667.HK,D,20230126,000000,6.22,6.4,6.18,6.4,1772500,0
667.HK,D,20230127,000000,6.39,6.51,6.24,6.38,924000,0
667.HK,D,20230130,000000,6.32,6.37,5.8,5.83,2708500,0
667.HK,D,20230131,000000,5.86,6,5.62,5.97,6407000,0
667.HK,D,20230201,000000,5.97,6.15,5.8,5.93,2244000,0
667.HK,D,20230202,000000,5.94,6.47,5.94,6.17,9807500,0
667.HK,D,20230203,000000,6.23,6.24,5.69,5.69,4252500,0
667.HK,D,20230206,000000,5.68,5.68,5.36,5.48,3934000,0
667.HK,D,20230207,000000,5.58,5.62,5.37,5.46,3113500,0
667.HK,D,20230208,000000,5.5,5.5,5.15,5.31,7525500,0
667.HK,D,20230209,000000,5.62,5.92,5.42,5.79,8812500,0
667.HK,D,20230210,000000,5.8,6.12,5.8,6.01,8021000,0
667.HK,D,20230213,000000,5.92,6.1,5.74,6.06,6589500,0
667.HK,D,20230214,000000,6.01,6.48,6,6.33,5783500,0
667.HK,D,20230215,000000,6.33,6.39,6.04,6.15,3813631,0
667.HK,D,20230216,000000,6.15,6.35,5.85,5.99,6428500,0
667.HK,D,20230217,000000,5.99,6.17,5.83,5.9,4205000,0
667.HK,D,20230220,000000,6.07,6.34,5.95,6.25,9137000,0
667.HK,D,20230221,000000,6.58,6.64,6.25,6.35,8161000,0
667.HK,D,20230222,000000,6.35,6.39,5.92,6.25,7261000,0
667.HK,D,20230223,000000,6.25,6.39,6,6.13,7714000,0
667.HK,D,20230224,000000,6,6.15,5.94,6.1,3155000,0
667.HK,D,20230227,000000,6.2,6.2,5.75,6.03,6083500,0
667.HK,D,20230228,000000,6.09,6.28,5.82,5.9,5657500,0
667.HK,D,20230301,000000,6.1,6.28,5.93,6.28,6420000,0
667.HK,D,20230302,000000,6.16,6.35,5.94,6.07,8026500,0
667.HK,D,20230303,000000,6.15,6.17,5.8,5.99,6257000,0
667.HK,D,20230306,000000,5.9,5.97,5.68,5.84,6154000,0
667.HK,D,20230307,000000,5.7,5.73,5.41,5.47,7219000,0
667.HK,D,20230308,000000,5.43,5.43,5.14,5.2,5170000,0
667.HK,D,20230309,000000,5.24,5.45,5.21,5.34,4804000,0
667.HK,D,20230310,000000,5.11,5.33,5.11,5.27,4916500,0
667.HK,D,20230313,000000,5.25,5.38,5.04,5.05,7383500,0
667.HK,D,20230314,000000,5.11,5.11,4.72,4.82,4744000,0
667.HK,D,20230315,000000,4.85,5.12,4.82,4.91,6812500,0
667.HK,D,20230316,000000,4.83,4.98,4.82,4.9,2660000,0
667.HK,D,20230317,000000,4.92,5.13,4.92,5.09,6112000,0
667.HK,D,20230320,000000,5,5.01,4.8,4.96,4035500,0
667.HK,D,20230321,000000,4.96,5.15,4.93,5.1,3103000,0
667.HK,D,20230322,000000,5.1,5.44,5.1,5.32,5247500,0
667.HK,D,20230323,000000,5.21,5.25,4.93,4.99,6714000,0
667.HK,D,20230324,000000,4.99,5.14,4.56,4.6,11479400,0
667.HK,D,20230327,000000,4.64,4.74,4.37,4.61,13011000,0
667.HK,D,20230328,000000,4.64,4.66,4.47,4.56,2264500,0
667.HK,D,20230329,000000,4.56,4.72,4.52,4.68,2705500,0
667.HK,D,20230330,000000,4.61,4.78,4.58,4.68,1655500,0
667.HK,D,20230331,000000,4.57,4.76,4.57,4.64,7414000,0
667.HK,D,20230403,000000,4.51,4.72,4.51,4.64,6414500,0
667.HK,D,20230404,000000,4.52,4.75,4.27,4.32,3511500,0
667.HK,D,20230406,000000,4.07,4.51,4.07,4.5,10106000,0
667.HK,D,20230411,000000,4.35,4.5,4.16,4.31,5690000,0
667.HK,D,20230412,000000,4.2,4.38,4.2,4.23,4052500,0
667.HK,D,20230413,000000,4.12,4.33,4.04,4.32,8933500,0
667.HK,D,20230414,000000,4.41,4.41,4.1,4.2,4779500,0
667.HK,D,20230417,000000,4.2,4.27,4.13,4.26,3089500,0
667.HK,D,20230418,000000,3.84,4.35,3.84,4.19,2239500,0
667.HK,D,20230419,000000,4.04,4.25,4.04,4.18,1564000,0
667.HK,D,20230420,000000,4.08,4.21,4.08,4.16,1427500,0
667.HK,D,20230421,000000,4.09,4.2,4.02,4.1,4382500,0
667.HK,D,20230424,000000,3.98,4.18,3.98,4.15,2537500,0
667.HK,D,20230425,000000,4.05,4.19,3.93,3.98,5903000,0
667.HK,D,20230426,000000,3.87,4.05,3.87,4,2692500,0
667.HK,D,20230427,000000,4,4,3.81,3.93,2623000,0
667.HK,D,20230428,000000,3.84,4.01,3.84,3.92,1696500,0
667.HK,D,20230502,000000,3.93,4.03,3.66,3.81,3422400,0
667.HK,D,20230503,000000,3.7,3.84,3.7,3.72,671000,0
667.HK,D,20230504,000000,3.73,4,3.73,3.93,8066200,0
667.HK,D,20230505,000000,3.93,4.26,3.93,4.09,4928500,0
667.HK,D,20230508,000000,4.28,4.31,3.81,3.91,5600660,0
667.HK,D,20230509,000000,3.95,4.03,3.72,3.8,4664500,0
667.HK,D,20230510,000000,3.88,4.06,3.72,4.04,5696240,0
667.HK,D,20230511,000000,4.04,4.06,3.92,4.04,3590000,0
667.HK,D,20230512,000000,4.04,4.11,3.85,3.95,4248500,0
667.HK,D,20230515,000000,4.1,4.27,3.93,4.25,7696000,0
667.HK,D,20230516,000000,4.26,4.39,4.13,4.25,6776000,0
667.HK,D,20230517,000000,4.27,4.27,3.91,3.95,4502000,0
667.HK,D,20230518,000000,4.12,4.12,3.9,4.07,5231000,0
667.HK,D,20230519,000000,4.1,4.1,3.87,3.93,2618000,0
667.HK,D,20230522,000000,3.93,3.98,3.84,3.95,4935250,0
667.HK,D,20230523,000000,3.85,4.02,3.77,3.81,4161250,0
667.HK,D,20230524,000000,3.9,3.9,3.68,3.7,3055000,0
667.HK,D,20230525,000000,3.8,3.8,3.52,3.58,4237500,0
667.HK,D,20230529,000000,3.6,3.62,3.44,3.48,5200500,0
667.HK,D,20230530,000000,3.41,3.52,3.18,3.29,3470000,0
667.HK,D,20230531,000000,3.29,3.29,3.11,3.22,6959000,0
667.HK,D,20230601,000000,3.15,3.28,3.09,3.13,4986000,0
667.HK,D,20230602,000000,3.15,3.34,3.15,3.33,4181500,0
667.HK,D,20230605,000000,3.4,3.46,3.21,3.24,2116000,0
667.HK,D,20230606,000000,3.32,3.32,3.1,3.11,2141000,0
667.HK,D,20230607,000000,3.24,3.39,3.2,3.25,5325000,0
667.HK,D,20230608,000000,3.27,3.27,3.12,3.24,3328500,0
667.HK,D,20230609,000000,3.27,3.28,3.17,3.24,2261500,0
667.HK,D,20230612,000000,3.25,3.25,3.14,3.21,1992500,0
667.HK,D,20230613,000000,3.21,3.28,3.18,3.26,6155500,0
667.HK,D,20230614,000000,3.29,3.36,3.21,3.27,4910500,0
667.HK,D,20230615,000000,3.3,3.45,3.25,3.38,7523500,0
667.HK,D,20230616,000000,3.39,3.66,3.39,3.63,7578500,0
667.HK,D,20230619,000000,3.62,3.7,3.52,3.66,4909000,0
667.HK,D,20230620,000000,3.62,3.68,3.5,3.55,7480000,0
667.HK,D,20230621,000000,3.51,3.58,3.46,3.54,7123500,0
667.HK,D,20230623,000000,3.5,3.5,3.16,3.18,2947500,0
667.HK,D,20230626,000000,3.43,3.43,3.17,3.19,2629900,0
667.HK,D,20230627,000000,3.24,3.29,3.18,3.23,2652000,0
667.HK,D,20230628,000000,3.21,3.23,3.1,3.17,5234400,0
667.HK,D,20230629,000000,3.17,3.17,2.93,2.96,8907000,0
667.HK,D,20230630,000000,2.96,3.06,2.94,3.01,4836500,0
667.HK,D,20230703,000000,3.09,3.09,3,3.09,3269700,0
667.HK,D,20230704,000000,3.1,3.11,3.04,3.1,2336500,0
667.HK,D,20230705,000000,3.1,3.1,3,3.01,1275500,0
667.HK,D,20230706,000000,3.04,3.12,2.89,2.95,5788000,0
667.HK,D,20230707,000000,2.95,3.03,2.89,3.01,4970500,0
667.HK,D,20230710,000000,3.01,3.04,2.95,3.01,1792500,0
667.HK,D,20230711,000000,3.05,3.08,2.98,3.02,3698000,0
667.HK,D,20230712,000000,3.01,3.06,2.98,3.04,4289500,0
667.HK,D,20230713,000000,3.07,3.17,3.04,3.16,4891000,0
667.HK,D,20230714,000000,3.13,3.19,3.07,3.11,2395000,0
667.HK,D,20230718,000000,3.11,3.11,3.01,3.06,2004900,0
667.HK,D,20230719,000000,3.13,3.13,2.96,3.03,2219400,0
667.HK,D,20230720,000000,3,3.11,3,3.07,1131500,0
667.HK,D,20230721,000000,3.14,3.14,3.05,3.07,1143960,0
667.HK,D,20230724,000000,3.07,3.07,3,3.03,1301500,0
667.HK,D,20230725,000000,3.03,3.14,3.03,3.14,2481500,0
667.HK,D,20230726,000000,3.14,3.2,3.02,3.1,1164500,0
667.HK,D,20230727,000000,3.1,3.15,3.05,3.11,4178500,0
667.HK,D,20230728,000000,3.13,3.39,3.1,3.38,8245500,0
667.HK,D,20230731,000000,3.41,3.67,3.41,3.52,9879500,0
667.HK,D,20230801,000000,3.52,3.66,3.44,3.52,3615000,0
667.HK,D,20230802,000000,3.5,3.55,3.27,3.35,5579000,0
667.HK,D,20230803,000000,3.35,3.41,3.25,3.37,3959500,0
667.HK,D,20230804,000000,3.42,3.48,3.27,3.3,6108700,0
667.HK,D,20230807,000000,3.35,3.35,3.19,3.28,3091700,0
667.HK,D,20230808,000000,3.28,3.28,3.08,3.14,4774500,0
667.HK,D,20230809,000000,3.2,3.2,3.01,3.05,4176100,0
667.HK,D,20230810,000000,3.07,3.08,3,3.04,4341500,0
667.HK,D,20230811,000000,3.06,3.06,2.91,2.94,4129000,0
667.HK,D,20230814,000000,2.92,2.92,2.81,2.91,6713000,0
667.HK,D,20230815,000000,2.91,2.95,2.83,2.9,4339000,0
667.HK,D,20230816,000000,2.91,2.92,2.82,2.87,2692500,0
667.HK,D,20230817,000000,2.86,2.86,2.77,2.83,2187500,0
667.HK,D,20230818,000000,2.86,2.86,2.68,2.69,6166500,0
667.HK,D,20230821,000000,2.68,2.8,2.56,2.68,19830000,0
667.HK,D,20230822,000000,2.68,3.14,2.68,3.08,44850143,0
667.HK,D,20230823,000000,3.05,3.2,2.93,3.13,19415568,0
667.HK,D,20230824,000000,3.17,3.62,3.13,3.57,23275500,0
667.HK,D,20230825,000000,3.57,3.65,3.47,3.52,11501500,0
667.HK,D,20230828,000000,3.55,3.85,3.52,3.73,14711500,0
667.HK,D,20230829,000000,3.75,3.75,3.54,3.6,5870700,0
667.HK,D,20230830,000000,3.65,3.72,3.46,3.49,6426000,0
667.HK,D,20230831,000000,3.54,3.54,3.31,3.37,7654200,0
667.HK,D,20230904,000000,3.37,3.66,3.37,3.64,8098530,0
667.HK,D,20230905,000000,3.64,3.64,3.42,3.45,3934000,0
667.HK,D,20230906,000000,3.41,3.42,3.33,3.36,2688000,0
667.HK,D,20230907,000000,3.31,3.46,3.25,3.41,5861000,0
667.HK,D,20230911,000000,3.38,3.38,3.27,3.34,4391500,0
667.HK,D,20230912,000000,3.35,3.39,3.29,3.37,1135397,0
667.HK,D,20230913,000000,3.33,3.38,3.25,3.36,3059200,0
667.HK,D,20230914,000000,3.36,3.46,3.31,3.36,2048500,0
667.HK,D,20230915,000000,3.45,3.45,3.35,3.41,5116000,0
667.HK,D,20230918,000000,3.34,3.46,3.21,3.36,3539303,0
667.HK,D,20230919,000000,3.34,3.34,3.21,3.23,3059500,0
667.HK,D,20230920,000000,3.19,3.22,3.13,3.15,1606500,0
667.HK,D,20230921,000000,3.19,3.21,3.1,3.17,1138000,0
667.HK,D,20230922,000000,3.17,3.28,3.12,3.27,1547500,0
667.HK,D,20230925,000000,3.29,3.29,3.15,3.16,1272500,0
667.HK,D,20230926,000000,3.15,3.18,3.07,3.12,1802000,0
667.HK,D,20230927,000000,3.11,3.19,3.11,3.16,1880000,0
667.HK,D,20230928,000000,3.18,3.44,3.18,3.37,8162000,0
667.HK,D,20230929,000000,3.34,3.37,3.21,3.22,1610000,0
667.HK,D,20231003,000000,3.09,3.19,2.9,2.93,1331000,0
667.HK,D,20231004,000000,2.89,2.95,2.87,2.93,923500,0
667.HK,D,20231005,000000,2.85,2.97,2.85,2.94,491000,0
667.HK,D,20231006,000000,2.9,3.3,2.9,3.03,1151133,0
667.HK,D,20231009,000000,3.21,3.25,3.03,3.22,3227500,0
667.HK,D,20231010,000000,3.24,3.29,3.19,3.21,1195000,0
667.HK,D,20231011,000000,3.27,3.36,3.22,3.3,1679500,0
667.HK,D,20231012,000000,3.32,3.54,3.31,3.39,4444000,0
667.HK,D,20231013,000000,3.38,3.38,3.2,3.2,2686000,0
667.HK,D,20231016,000000,3.2,3.27,3.19,3.23,1942240,0
667.HK,D,20231017,000000,3.24,3.28,3.2,3.24,1127500,0
667.HK,D,20231018,000000,3.26,3.28,3.13,3.14,1805257,0
667.HK,D,20231019,000000,3.1,3.16,3.08,3.09,1100500,0
667.HK,D,20231020,000000,3.07,3.15,3.03,3.03,1787465,0
667.HK,D,20231024,000000,3.02,3.09,2.96,3.05,3575463,0
667.HK,D,20231025,000000,3.07,3.16,2.99,3,2997000,0
667.HK,D,20231026,000000,3.02,3.04,2.93,3,1954000,0
667.HK,D,20231027,000000,3.01,3.08,2.98,3.02,2457500,0
667.HK,D,20231030,000000,3.01,3.13,3,3.06,2557500,0
667.HK,D,20231031,000000,3.04,3.09,2.96,3,3016592,0
667.HK,D,20231101,000000,3,3,2.92,2.95,2058500,0
667.HK,D,20231102,000000,2.97,3,2.92,2.94,1191500,0
667.HK,D,20231103,000000,2.94,3.05,2.92,3.03,1685000,0
667.HK,D,20231106,000000,3.07,3.21,3.07,3.15,3184000,0
667.HK,D,20231107,000000,3.15,3.15,3.03,3.06,2926000,0
667.HK,D,20231108,000000,3.09,3.1,3.02,3.08,2379000,0
667.HK,D,20231109,000000,3.06,3.06,2.95,2.95,2682000,0
667.HK,D,20231110,000000,2.93,2.93,2.85,2.85,2489500,0
667.HK,D,20231113,000000,2.84,2.87,2.72,2.8,7072000,0
667.HK,D,20231114,000000,2.81,2.85,2.76,2.78,2990000,0
667.HK,D,20231115,000000,2.83,2.89,2.79,2.84,7951500,0
667.HK,D,20231116,000000,2.87,2.87,2.67,2.71,8580500,0
667.HK,D,20231117,000000,2.7,2.72,2.67,2.7,6118000,0
667.HK,D,20231120,000000,2.72,2.84,2.69,2.84,8396500,0
667.HK,D,20231121,000000,2.85,2.88,2.81,2.83,5187000,0
667.HK,D,20231122,000000,2.84,2.84,2.76,2.8,4594000,0
667.HK,D,20231123,000000,2.8,2.82,2.74,2.82,6197000,0
667.HK,D,20231124,000000,2.83,2.87,2.74,2.76,4527500,0
667.HK,D,20231127,000000,2.76,2.76,2.68,2.72,5432000,0
667.HK,D,20231128,000000,2.74,2.74,2.52,2.52,11160100,0
667.HK,D,20231129,000000,2.56,2.63,2.5,2.55,9583000,0
667.HK,D,20231130,000000,2.57,2.63,2.54,2.57,9284500,0
667.HK,D,20231201,000000,2.6,2.74,2.48,2.69,12403850,0
667.HK,D,20231204,000000,2.75,2.8,2.49,2.5,12161000,0
667.HK,D,20231205,000000,2.49,2.51,2.35,2.41,16725500,0
667.HK,D,20231206,000000,2.43,2.5,2.39,2.5,5244600,0
667.HK,D,20231207,000000,2.51,2.51,2.39,2.43,4150000,0
667.HK,D,20231208,000000,2.45,2.47,2.38,2.41,3054600,0
667.HK,D,20231211,000000,2.38,2.41,2.29,2.41,6906500,0
667.HK,D,20231212,000000,2.41,2.48,2.4,2.45,3535500,0
667.HK,D,20231213,000000,2.46,2.46,2.38,2.4,3432000,0
667.HK,D,20231214,000000,2.44,2.5,2.39,2.4,3755500,0
667.HK,D,20231215,000000,2.44,2.53,2.42,2.51,6355739,0
667.HK,D,20231218,000000,2.47,2.51,2.44,2.45,2780000,0
667.HK,D,20231219,000000,2.45,2.53,2.43,2.49,3263500,0
667.HK,D,20231220,000000,2.53,2.53,2.44,2.46,2464000,0
667.HK,D,20231221,000000,2.4,2.6,2.39,2.56,6096508,0
667.HK,D,20231222,000000,2.58,2.64,2.51,2.58,7573500,0
667.HK,D,20231227,000000,2.55,2.74,2.53,2.72,10213500,0
667.HK,D,20231228,000000,2.67,2.79,2.67,2.75,6291000,0
667.HK,D,20231229,000000,2.77,2.77,2.66,2.68,4127000,0
667.HK,D,20240102,000000,2.73,2.73,2.58,2.61,4419000,0
667.HK,D,20240103,000000,2.62,2.64,2.59,2.61,2770000,0
667.HK,D,20240104,000000,2.64,2.65,2.6,2.62,3459978,0
667.HK,D,20240105,000000,2.6,2.64,2.54,2.55,1571588,0
667.HK,D,20240108,000000,2.54,2.56,2.5,2.51,3185000,0
667.HK,D,20240109,000000,2.5,2.62,2.49,2.51,2272000,0
667.HK,D,20240110,000000,2.51,2.61,2.49,2.53,3400000,0
667.HK,D,20240111,000000,2.52,2.62,2.52,2.59,4255500,0
667.HK,D,20240112,000000,2.56,2.66,2.56,2.59,2221500,0
667.HK,D,20240115,000000,2.56,2.58,2.51,2.55,2261000,0
667.HK,D,20240116,000000,2.53,2.59,2.5,2.51,1613500,0
667.HK,D,20240117,000000,2.49,2.49,2.36,2.37,6037400,0
667.HK,D,20240118,000000,2.38,2.41,2.33,2.39,2348000,0
667.HK,D,20240119,000000,2.39,2.43,2.33,2.35,2741500,0
667.HK,D,20240122,000000,2.35,2.35,2.18,2.2,6315500,0
667.HK,D,20240123,000000,2.23,2.35,2.21,2.3,4586948,0
667.HK,D,20240124,000000,2.35,2.45,2.31,2.43,8753500,0
667.HK,D,20240125,000000,2.43,2.52,2.36,2.52,2570000,0
667.HK,D,20240126,000000,2.51,2.52,2.36,2.41,6088500,0
667.HK,D,20240129,000000,2.41,2.49,2.41,2.43,1241500,0
667.HK,D,20240130,000000,2.41,2.41,2.32,2.32,1736000,0
667.HK,D,20240131,000000,2.31,2.31,2.26,2.26,2225000,0
667.HK,D,20240201,000000,2.26,2.32,2.23,2.28,2403500,0
667.HK,D,20240202,000000,2.28,2.43,2.27,2.28,4820000,0
667.HK,D,20240205,000000,2.25,2.25,2.14,2.19,3490500,0
667.HK,D,20240206,000000,2.19,2.35,2.18,2.3,3503500,0
667.HK,D,20240207,000000,2.3,2.38,2.22,2.24,3552000,0
667.HK,D,20240208,000000,2.25,2.32,2.24,2.3,1074000,0
667.HK,D,20240209,000000,2.32,2.32,2.22,2.27,404500,0
667.HK,D,20240214,000000,2.25,2.29,2.11,2.27,972500,0
667.HK,D,20240215,000000,2.17,2.25,2.17,2.25,407000,0
667.HK,D,20240216,000000,2.27,2.39,2.27,2.37,485500,0
667.HK,D,20240219,000000,2.33,2.39,2.3,2.32,2674537,0
667.HK,D,20240220,000000,2.39,2.45,2.3,2.43,6399000,0
667.HK,D,20240221,000000,2.45,2.64,2.4,2.55,11754500,0
667.HK,D,20240222,000000,2.59,2.66,2.54,2.66,9476000,0
667.HK,D,20240223,000000,2.66,2.66,2.56,2.62,4886500,0
667.HK,D,20240226,000000,2.62,2.73,2.59,2.67,3857500,0
667.HK,D,20240227,000000,2.73,2.73,2.55,2.69,4565550,0
667.HK,D,20240228,000000,2.69,2.81,2.58,2.6,6906444,0
667.HK,D,20240229,000000,2.57,2.66,2.56,2.63,5759000,0
667.HK,D,20240301,000000,2.63,2.74,2.54,2.65,5754880,0
667.HK,D,20240304,000000,2.63,2.63,2.5,2.61,6216000,0
667.HK,D,20240305,000000,2.56,2.56,2.45,2.45,5700000,0
667.HK,D,20240306,000000,2.45,2.55,2.44,2.5,3241000,0
667.HK,D,20240307,000000,2.48,2.53,2.43,2.44,2978000,0
667.HK,D,20240308,000000,2.43,2.51,2.43,2.46,2051000,0
667.HK,D,20240311,000000,2.49,2.54,2.47,2.54,5821500,0
667.HK,D,20240312,000000,2.54,2.63,2.5,2.61,4326000,0
667.HK,D,20240313,000000,2.65,2.65,2.54,2.58,4848000,0
667.HK,D,20240314,000000,2.59,2.59,2.47,2.49,4162500,0
667.HK,D,20240315,000000,2.45,2.46,2.33,2.4,9431500,0
667.HK,D,20240318,000000,2.43,2.54,2.36,2.52,10185500,0
667.HK,D,20240319,000000,2.5,2.51,2.38,2.38,4204500,0
667.HK,D,20240320,000000,2.38,2.46,2.34,2.42,3649000,0
667.HK,D,20240321,000000,2.45,2.54,2.45,2.51,5066000,0
667.HK,D,20240322,000000,2.5,2.5,2.35,2.41,3123500,0
667.HK,D,20240325,000000,2.39,2.41,2.33,2.33,2303500,0
667.HK,D,20240326,000000,2.32,2.42,2.32,2.38,3343500,0
667.HK,D,20240327,000000,2.38,2.41,2.33,2.41,3153000,0
667.HK,D,20240328,000000,2.39,2.48,2.31,2.4,8179500,0
667.HK,D,20240402,000000,2.36,2.57,2.36,2.45,10350500,0
667.HK,D,20240403,000000,2.45,2.48,2.34,2.37,12181000,0
667.HK,D,20240405,000000,2.44,2.44,2.17,2.29,4764781,0
667.HK,D,20240408,000000,2.37,2.4,2.29,2.32,20469000,0
667.HK,D,20240409,000000,2.32,2.38,2.32,2.35,4179000,0
667.HK,D,20240410,000000,2.34,2.36,2.28,2.3,6515000,0
667.HK,D,20240411,000000,2.3,2.32,2.27,2.3,3255500,0
667.HK,D,20240412,000000,2.32,2.35,2.29,2.3,7086500,0
667.HK,D,20240415,000000,2.3,2.36,2.26,2.35,4335500,0
667.HK,D,20240416,000000,2.34,2.34,2.27,2.29,4190000,0
667.HK,D,20240417,000000,2.29,2.33,2.28,2.28,5197770,0
667.HK,D,20240418,000000,2.28,2.32,2.27,2.29,2036500,0
667.HK,D,20240419,000000,2.28,2.28,2.2,2.22,5952045,0
667.HK,D,20240422,000000,2.24,2.27,2.19,2.19,3286500,0
667.HK,D,20240423,000000,2.2,2.25,2.17,2.18,13165000,0
667.HK,D,20240424,000000,2.22,2.26,2.16,2.25,4604500,0
667.HK,D,20240425,000000,2.26,2.28,2.23,2.26,2114000,0
667.HK,D,20240426,000000,2.25,2.34,2.25,2.33,9326000,0
667.HK,D,20240429,000000,2.3,2.45,2.3,2.38,9140500,0
667.HK,D,20240430,000000,2.4,2.42,2.34,2.37,3162000,0
667.HK,D,20240502,000000,2.39,2.51,2.34,2.51,1258000,0
667.HK,D,20240503,000000,2.51,2.56,2.44,2.5,941000,0
667.HK,D,20240506,000000,2.45,2.49,2.43,2.49,3836500,0
667.HK,D,20240507,000000,2.5,2.5,2.41,2.45,3237100,0
667.HK,D,20240508,000000,2.42,2.5,2.39,2.39,4756500,0
667.HK,D,20240509,000000,2.4,2.5,2.4,2.5,6077500,0
667.HK,D,20240510,000000,2.5,2.65,2.5,2.62,10815000,0
667.HK,D,20240513,000000,2.6,2.67,2.55,2.66,5174210,0
667.HK,D,20240514,000000,2.69,2.74,2.64,2.66,3975000,0
667.HK,D,20240516,000000,2.66,2.67,2.59,2.65,5443000,0
667.HK,D,20240517,000000,2.66,2.74,2.64,2.7,5828000,0
667.HK,D,20240520,000000,2.68,2.72,2.62,2.65,4106500,0
667.HK,D,20240521,000000,2.61,2.65,2.5,2.55,9914500,0
667.HK,D,20240522,000000,2.57,2.62,2.55,2.62,3977500,0
667.HK,D,20240523,000000,2.58,2.58,2.49,2.51,3642500,0
667.HK,D,20240524,000000,2.5,2.5,2.38,2.38,4419000,0
667.HK,D,20240527,000000,2.38,2.45,2.36,2.44,2896200,0
667.HK,D,20240528,000000,2.46,2.47,2.41,2.41,1688500,0
667.HK,D,20240529,000000,2.4,2.4,2.35,2.36,2642000,0
667.HK,D,20240530,000000,2.35,2.37,2.3,2.3,3163500,0
667.HK,D,20240531,000000,2.33,2.36,2.3,2.3,3436000,0
667.HK,D,20240603,000000,2.36,2.36,2.31,2.33,3441000,0
667.HK,D,20240604,000000,2.33,2.35,2.26,2.3,10014000,0
667.HK,D,20240605,000000,2.31,2.34,2.25,2.27,5335000,0
667.HK,D,20240606,000000,2.28,2.28,2.22,2.23,4649000,0
667.HK,D,20240607,000000,2.27,2.27,2.2,2.23,2762000,0
667.HK,D,20240611,000000,2.23,2.24,2.17,2.23,5454500,0
667.HK,D,20240612,000000,2.09,2.09,2.01,2.05,7673000,0
667.HK,D,20240613,000000,2.07,2.13,2.04,2.12,3366500,0
667.HK,D,20240614,000000,2.13,2.14,2.08,2.1,2952000,0
667.HK,D,20240617,000000,2.1,2.17,2.09,2.12,4163500,0
667.HK,D,20240618,000000,2.13,2.25,2.12,2.19,7544000,0
667.HK,D,20240619,000000,2.19,2.24,2.16,2.22,3432500,0
667.HK,D,20240620,000000,2.22,2.22,2.17,2.18,2698000,0
667.HK,D,20240621,000000,2.18,2.2,2.14,2.16,2412000,0
667.HK,D,20240624,000000,2.16,2.29,2.14,2.27,11370000,0
667.HK,D,20240625,000000,2.27,2.41,2.27,2.28,7162000,0
667.HK,D,20240626,000000,2.3,2.32,2.27,2.31,3563000,0
667.HK,D,20240627,000000,2.29,2.31,2.24,2.25,2708500,0
667.HK,D,20240628,000000,2.26,2.3,2.25,2.26,1676135,0
667.HK,D,20240702,000000,2.28,2.32,2.27,2.29,4017635,0
667.HK,D,20240703,000000,2.34,2.36,2.29,2.34,2700500,0
667.HK,D,20240704,000000,2.36,2.38,2.26,2.31,3932000,0
667.HK,D,20240705,000000,2.31,2.31,2.23,2.27,2952500,0
667.HK,D,20240708,000000,2.27,2.27,2.22,2.26,2056500,0
667.HK,D,20240709,000000,2.26,2.32,2.24,2.3,2270500,0
667.HK,D,20240710,000000,2.33,2.35,2.26,2.29,2617500,0
667.HK,D,20240711,000000,2.31,2.36,2.28,2.34,3569000,0
667.HK,D,20240712,000000,2.35,2.38,2.32,2.36,2650000,0
667.HK,D,20240715,000000,2.35,2.37,2.28,2.32,4744000,0
667.HK,D,20240716,000000,2.33,2.33,2.26,2.28,2424500,0
667.HK,D,20240717,000000,2.27,2.31,2.25,2.27,2796000,0
667.HK,D,20240718,000000,2.28,2.29,2.23,2.27,2661500,0
667.HK,D,20240719,000000,2.27,2.27,2.22,2.23,4953000,0
667.HK,D,20240722,000000,2.24,2.28,2.18,2.28,1954500,0
667.HK,D,20240723,000000,2.27,2.35,2.27,2.31,5791500,0
667.HK,D,20240724,000000,2.31,2.39,2.3,2.38,4995500,0
667.HK,D,20240725,000000,2.36,2.38,2.28,2.34,3376000,0
667.HK,D,20240726,000000,2.34,2.38,2.31,2.38,2635000,0
667.HK,D,20240729,000000,2.37,2.44,2.37,2.41,2619155,0
667.HK,D,20240730,000000,2.41,2.42,2.34,2.36,2494000,0
667.HK,D,20240731,000000,2.39,2.51,2.38,2.48,3982500,0
667.HK,D,20240801,000000,2.49,2.55,2.35,2.41,12378000,0
667.HK,D,20240802,000000,2.39,2.45,2.36,2.41,1705500,0
667.HK,D,20240805,000000,2.39,2.45,2.34,2.39,4480500,0
667.HK,D,20240806,000000,2.38,2.55,2.38,2.52,7032374,0
667.HK,D,20240807,000000,2.54,2.73,2.52,2.57,10684768,0
667.HK,D,20240808,000000,2.62,2.62,2.49,2.5,3829500,0
667.HK,D,20240809,000000,2.5,2.6,2.5,2.57,2228000,0
667.HK,D,20240812,000000,2.62,2.62,2.45,2.49,4030500,0
667.HK,D,20240813,000000,2.48,2.5,2.43,2.45,2577500,0
667.HK,D,20240814,000000,2.45,2.45,2.38,2.39,1779000,0
667.HK,D,20240815,000000,2.4,2.46,2.37,2.43,1426000,0
667.HK,D,20240816,000000,2.44,2.47,2.42,2.42,1546500,0
667.HK,D,20240819,000000,2.44,2.59,2.44,2.51,3810500,0
667.HK,D,20240820,000000,2.49,2.53,2.46,2.49,2330500,0
667.HK,D,20240821,000000,2.48,2.6,2.47,2.58,2385000,0
667.HK,D,20240822,000000,2.63,2.68,2.32,2.33,18974500,0
667.HK,D,20240823,000000,2.33,2.38,2.23,2.27,7286000,0
667.HK,D,20240826,000000,2.31,2.38,2.26,2.38,2859500,0
667.HK,D,20240827,000000,2.39,2.39,2.31,2.35,2130000,0
667.HK,D,20240828,000000,2.36,2.36,2.29,2.33,1081500,0
667.HK,D,20240829,000000,2.33,2.34,2.28,2.32,3544500,0
667.HK,D,20240830,000000,2.32,2.41,2.32,2.37,4932000,0
667.HK,D,20240902,000000,2.38,2.41,2.31,2.33,2832000,0
667.HK,D,20240903,000000,2.33,2.36,2.29,2.32,1814000,0
667.HK,D,20240904,000000,2.34,2.34,2.27,2.28,1741000,0
667.HK,D,20240905,000000,2.32,2.32,2.27,2.3,577594,0
667.HK,D,20240909,000000,2.31,2.31,2.25,2.3,12726277,0
667.HK,D,20240910,000000,2.31,2.33,2.28,2.3,4323000,0
667.HK,D,20240911,000000,2.28,2.31,2.25,2.29,3554000,0
667.HK,D,20240912,000000,2.27,2.3,2.23,2.23,2806000,0
667.HK,D,20240913,000000,2.26,2.3,2.22,2.26,5286500,0
667.HK,D,20240916,000000,2.26,2.28,2.2,2.27,587000,0
667.HK,D,20240917,000000,2.27,2.28,2.22,2.25,451000,0
667.HK,D,20240919,000000,2.28,2.32,2.25,2.28,5822500,0
667.HK,D,20240920,000000,2.29,2.34,2.27,2.33,3608000,0
667.HK,D,20240923,000000,2.31,2.37,2.29,2.29,3625000,0
667.HK,D,20240924,000000,2.32,2.41,2.3,2.32,20264000,0
667.HK,D,20240925,000000,2.38,2.42,2.33,2.36,6465000,0
667.HK,D,20240926,000000,2.47,2.55,2.41,2.55,21863500,0
667.HK,D,20240927,000000,2.64,2.79,2.62,2.79,18606109,0
667.HK,D,20240930,000000,2.89,3.03,2.69,3.03,30641520,0
667.HK,D,20241002,000000,3,3.2,3,3.2,5494000,0
667.HK,D,20241003,000000,3.22,3.22,2.91,3.07,3043266,0
667.HK,D,20241004,000000,3.07,3.27,3.01,3.24,3289000,0
667.HK,D,20241007,000000,3.24,3.87,3.24,3.87,9805277,0
667.HK,D,20241008,000000,3.88,3.92,3.06,3.12,34229204,0
667.HK,D,20241009,000000,3.18,3.23,2.83,2.92,22010500,0
667.HK,D,20241010,000000,3,3.08,2.93,2.94,12144493,0
667.HK,D,20241014,000000,2.88,2.94,2.72,2.81,8934000,0
667.HK,D,20241015,000000,2.82,2.86,2.63,2.67,17486500,0
667.HK,D,20241016,000000,2.68,2.77,2.65,2.72,9052124,0
667.HK,D,20241017,000000,2.74,2.82,2.66,2.68,4376124,0
667.HK,D,20241018,000000,2.66,2.86,2.66,2.85,9402681,0
667.HK,D,20241021,000000,2.87,2.88,2.77,2.82,5175000,0
667.HK,D,20241022,000000,2.88,2.96,2.82,2.84,6200580,0
667.HK,D,20241023,000000,2.84,2.93,2.81,2.89,4937404,0
667.HK,D,20241024,000000,2.87,2.89,2.78,2.8,3781500,0
667.HK,D,20241025,000000,2.83,2.83,2.74,2.8,4850000,0
667.HK,D,20241028,000000,2.8,2.91,2.78,2.89,4014000,0
667.HK,D,20241029,000000,2.89,2.95,2.86,2.92,5571162,0
667.HK,D,20241030,000000,2.89,2.94,2.85,2.89,4525000,0
667.HK,D,20241031,000000,2.92,2.92,2.85,2.85,4676500,0
667.HK,D,20241101,000000,2.86,3,2.8,2.89,7148662,0
667.HK,D,20241104,000000,2.97,3.02,2.9,2.99,4860500,0
667.HK,D,20241105,000000,2.96,3.09,2.94,3.06,5229000,0
667.HK,D,20241106,000000,3.06,3.06,2.95,3,3632000,0
667.HK,D,20241107,000000,3,3.21,2.96,3.2,8584500,0
667.HK,D,20241108,000000,3.28,3.3,3.11,3.16,3822000,0
667.HK,D,20241111,000000,3.11,3.14,3.03,3.06,4977500,0
667.HK,D,20241112,000000,3.06,3.17,2.94,2.95,6591300,0
667.HK,D,20241113,000000,2.95,2.95,2.81,2.88,6554000,0
667.HK,D,20241114,000000,2.86,2.91,2.81,2.9,6731996,0
667.HK,D,20241115,000000,2.86,2.93,2.82,2.82,3247000,0
667.HK,D,20241118,000000,2.82,2.93,2.76,2.83,5963000,0
667.HK,D,20241119,000000,2.8,2.89,2.77,2.81,2787686,0
667.HK,D,20241120,000000,2.79,2.89,2.79,2.86,2984500,0
667.HK,D,20241121,000000,2.9,2.9,2.79,2.8,2865500,0
667.HK,D,20241122,000000,2.82,2.87,2.67,2.7,4682500,0
667.HK,D,20241125,000000,2.7,2.76,2.7,2.75,2847000,0
667.HK,D,20241126,000000,2.75,2.83,2.73,2.78,2457000,0
667.HK,D,20241127,000000,2.76,2.92,2.75,2.9,5012000,0
667.HK,D,20241128,000000,2.86,2.98,2.86,2.92,4269500,0
667.HK,D,20241129,000000,2.92,2.98,2.83,2.88,4614500,0
667.HK,D,20241202,000000,2.89,2.94,2.81,2.87,2799000,0
667.HK,D,20241203,000000,2.86,2.89,2.82,2.86,2467000,0
667.HK,D,20241204,000000,2.9,2.9,2.79,2.81,1840500,0
667.HK,D,20241205,000000,2.84,2.84,2.77,2.79,2334000,0
667.HK,D,20241206,000000,2.83,2.88,2.79,2.87,2101500,0
667.HK,D,20241209,000000,2.87,2.95,2.82,2.95,1911000,0
667.HK,D,20241210,000000,2.98,3.07,2.84,2.85,4728000,0
667.HK,D,20241211,000000,2.85,2.91,2.85,2.88,1290500,0
667.HK,D,20241212,000000,2.88,2.91,2.82,2.87,2306500,0
667.HK,D,20241213,000000,2.86,2.86,2.73,2.73,3128000,0
667.HK,D,20241216,000000,2.77,2.85,2.73,2.78,4447500,0
667.HK,D,20241217,000000,2.77,2.78,2.71,2.76,2128000,0
667.HK,D,20241218,000000,2.76,2.77,2.63,2.72,6159000,0
667.HK,D,20241219,000000,2.7,2.72,2.67,2.69,1047500,0
667.HK,D,20241220,000000,2.72,2.75,2.63,2.65,2781064,0
667.HK,D,20241223,000000,2.67,2.69,2.62,2.69,2344000,0
667.HK,D,20241224,000000,2.7,2.72,2.66,2.7,1517000,0
667.HK,D,20241227,000000,2.7,2.77,2.68,2.76,4912000,0
667.HK,D,20241230,000000,2.77,2.79,2.64,2.71,5767000,0
667.HK,D,20241231,000000,2.73,2.75,2.71,2.73,997000,0
667.HK,D,20250102,000000,2.73,2.73,2.58,2.63,5435500,0
667.HK,D,20250103,000000,2.6,2.65,2.55,2.58,3646500,0
667.HK,D,20250106,000000,2.6,2.62,2.53,2.56,2345000,0
667.HK,D,20250107,000000,2.58,2.58,2.49,2.57,3790500,0
667.HK,D,20250108,000000,2.58,2.58,2.45,2.52,4518000,0
667.HK,D,20250109,000000,2.5,2.54,2.47,2.51,2187500,0
667.HK,D,20250110,000000,2.5,2.5,2.4,2.44,2936500,0
667.HK,D,20250113,000000,2.42,2.43,2.38,2.43,1399500,0
667.HK,D,20250114,000000,2.41,2.49,2.41,2.47,3021500,0
667.HK,D,20250115,000000,2.44,2.49,2.41,2.46,2150000,0
667.HK,D,20250116,000000,2.47,2.53,2.46,2.5,1937000,0
667.HK,D,20250117,000000,2.5,2.55,2.48,2.54,2289500,0
667.HK,D,20250120,000000,2.58,2.64,2.53,2.53,4804000,0
667.HK,D,20250121,000000,2.59,2.6,2.53,2.55,3239000,0
667.HK,D,20250122,000000,2.54,2.55,2.47,2.52,1662000,0
667.HK,D,20250123,000000,2.54,2.6,2.5,2.52,2420000,0
667.HK,D,20250124,000000,2.51,2.58,2.51,2.58,1243500,0
667.HK,D,20250127,000000,2.58,2.62,2.58,2.62,1190000,0
667.HK,D,20250128,000000,2.61,2.62,2.55,2.58,111000,0
667.HK,D,20250203,000000,2.58,2.58,2.47,2.56,1161500,0
667.HK,D,20250204,000000,2.62,2.62,2.5,2.61,679500,0
667.HK,D,20250205,000000,2.61,2.69,2.55,2.68,4984500,0
667.HK,D,20250206,000000,2.69,2.76,2.65,2.74,2527000,0
667.HK,D,20250207,000000,2.77,2.8,2.7,2.78,3758000,0
667.HK,D,20250210,000000,2.8,2.86,2.76,2.85,6234500,0
667.HK,D,20250211,000000,2.86,2.9,2.75,2.77,13500000,0
667.HK,D,20250212,000000,2.8,2.86,2.75,2.86,2470500,0
667.HK,D,20250213,000000,2.81,2.85,2.67,2.67,8456500,0
667.HK,D,20250214,000000,2.69,2.8,2.69,2.79,4878000,0
667.HK,D,20250217,000000,2.81,2.86,2.71,2.75,4733500,0
667.HK,D,20250218,000000,2.73,2.73,2.61,2.64,8723034,0
667.HK,D,20250219,000000,2.65,2.7,2.64,2.67,3787000,0
667.HK,D,20250220,000000,2.67,2.81,2.65,2.78,7239000,0
667.HK,D,20250221,000000,2.76,2.79,2.7,2.77,3997050,0
667.HK,D,20250224,000000,2.74,2.85,2.73,2.84,5210500,0
667.HK,D,20250225,000000,2.8,3.04,2.74,2.99,13761500,0
667.HK,D,20250226,000000,2.98,3.04,2.94,3.04,8177500,0
667.HK,D,20250227,000000,3.05,3.21,3.04,3.2,11504000,0
667.HK,D,20250228,000000,3.19,3.21,3.06,3.08,9755000,0
667.HK,D,20250303,000000,3.1,3.23,3.1,3.2,9101500,0
667.HK,D,20250304,000000,3.14,3.3,3.12,3.26,6367052,0
667.HK,D,20250305,000000,3.28,3.28,3.14,3.23,3775000,0
667.HK,D,20250306,000000,3.26,3.28,3.2,3.24,5686500,0
667.HK,D,20250307,000000,3.26,3.55,3.24,3.35,15371000,0
667.HK,D,20250310,000000,3.34,3.57,3.29,3.54,12506450,0
667.HK,D,20250311,000000,3.5,3.59,3.46,3.57,8851500,0
667.HK,D,20250312,000000,3.59,3.6,3.41,3.52,8325500,0
667.HK,D,20250313,000000,3.46,3.55,3.37,3.52,8192000,0
667.HK,D,20250314,000000,3.52,3.75,3.41,3.7,8924474,0
667.HK,D,20250317,000000,3.77,4.24,3.72,4.16,42642482,0
667.HK,D,20250318,000000,4.16,4.22,4,4.17,14268000,0
667.HK,D,20250319,000000,4.17,4.41,4.05,4.41,14411158,0
667.HK,D,20250320,000000,4.41,4.53,4.29,4.32,12535726,0
667.HK,D,20250321,000000,4.31,4.59,4.21,4.4,10822000,0
667.HK,D,20250324,000000,4.4,4.4,4.13,4.28,10460500,0
667.HK,D,20250325,000000,4.2,4.25,3.97,3.99,13137000,0
667.HK,D,20250326,000000,3.99,4.14,3.99,4.13,6860346,0
667.HK,D,20250327,000000,4.13,4.42,4.13,4.34,13252200,0
667.HK,D,20250328,000000,4.37,5.13,4.37,4.83,63920035,0
667.HK,D,20250331,000000,4.82,5.07,4.66,5.04,24502563,0
667.HK,D,20250401,000000,5.04,5.09,4.83,4.93,16150586,0
667.HK,D,20250402,000000,4.91,5.25,4.91,5.09,23729510,0
667.HK,D,20250403,000000,4.99,5.22,4.79,5.2,9826580,0
667.HK,D,20250407,000000,5,5,4.26,4.46,28909456,0
667.HK,D,20250408,000000,4.66,4.84,4.48,4.67,17146030,0
667.HK,D,20250409,000000,4.5,4.86,4.39,4.77,14035450,0
667.HK,D,20250410,000000,4.88,5,4.8,4.83,9198269,0
667.HK,D,20250411,000000,4.77,5.07,4.7,4.96,11381796,0
667.HK,D,20250414,000000,4.95,5.18,4.95,5.06,3418793,0
667.HK,D,20250415,000000,5.06,5.21,5.06,5.2,6946600,0
667.HK,D,20250416,000000,5.2,5.29,5.09,5.22,7074050,0
667.HK,D,20250417,000000,5.19,5.25,5.13,5.18,3220170,0
