<TICKER>,<PER>,<DATE>,<TIME>,<OPEN>,<HIGH>,<LOW>,<CLOSE>,<VOL>,<OPENINT>
767.HK,D,20191101,000000,0.75,0.75,0.58,0.59,12804738,0
767.HK,D,20191104,000000,0.6,0.6,0.57,0.57,3760025.2,0
767.HK,D,20191105,000000,0.58,0.58,0.57,0.57,1896000,0
767.HK,D,20191106,000000,0.57,0.58,0.57,0.57,3652000,0
767.HK,D,20191107,000000,0.58,0.58,0.57,0.58,484005.6,0
767.HK,D,20191108,000000,0.57,0.58,0.57,0.58,1484200,0
767.HK,D,20191111,000000,0.57,0.58,0.57,0.57,676000,0
767.HK,D,20191112,000000,0.57,0.58,0.57,0.58,233312.5,0
767.HK,D,20191113,000000,0.58,0.58,0.57,0.57,640000,0
767.HK,D,20191114,000000,0.57,0.58,0.57,0.58,256000,0
767.HK,D,20191115,000000,0.57,0.58,0.57,0.57,376000,0
767.HK,D,20191118,000000,0.57,0.58,0.57,0.58,1396000,0
767.HK,D,20191119,000000,0.57,0.58,0.57,0.57,88000,0
767.HK,D,20191120,000000,0.57,0.58,0.57,0.57,440000,0
767.HK,D,20191121,000000,0.57,0.58,0.57,0.57,72007.5,0
767.HK,D,20191122,000000,0.57,0.58,0.57,0.57,144047.8,0
767.HK,D,20191125,000000,0.57,0.57,0.57,0.57,60037.5,0
767.HK,D,20191126,000000,0.57,0.57,0.57,0.57,468000,0
767.HK,D,20191127,000000,0.57,0.58,0.57,0.58,68000,0
767.HK,D,20191128,000000,0.57,0.58,0.57,0.57,312000,0
767.HK,D,20191129,000000,0.57,0.58,0.57,0.57,168012.5,0
767.HK,D,20191202,000000,0.57,0.58,0.57,0.57,96000,0
767.HK,D,20191203,000000,0.57,0.57,0.57,0.57,152025,0
767.HK,D,20191204,000000,0.57,0.58,0.57,0.58,80000,0
767.HK,D,20191205,000000,0.58,0.58,0.57,0.58,40012.5,0
767.HK,D,20191206,000000,0.57,0.57,0.57,0.57,104000,0
767.HK,D,20191209,000000,0.57,0.57,0.57,0.57,60000,0
767.HK,D,20191210,000000,0.58,0.58,0.57,0.57,172002.4,0
767.HK,D,20191211,000000,0.57,0.57,0.57,0.57,256037.5,0
767.HK,D,20191212,000000,0.58,0.58,0.57,0.57,116000,0
767.HK,D,20191213,000000,0.57,0.58,0.57,0.58,392000,0
767.HK,D,20191216,000000,0.57,0.58,0.57,0.57,164013.6,0
767.HK,D,20191217,000000,0.52,0.58,0.52,0.57,212006.8,0
767.HK,D,20191218,000000,0.57,0.58,0.57,0.57,472454.2,0
767.HK,D,20191219,000000,0.58,0.58,0.57,0.57,84400,0
767.HK,D,20191220,000000,0.57,0.57,0.57,0.57,416025,0
767.HK,D,20191223,000000,0.58,0.58,0.57,0.57,644075,0
767.HK,D,20191224,000000,0.58,0.58,0.57,0.57,960000,0
767.HK,D,20191227,000000,0.52,0.58,0.52,0.58,603026.8,0
767.HK,D,20191230,000000,0.59,0.63,0.58,0.58,1216025,0
767.HK,D,20191231,000000,0.53,0.58,0.53,0.58,150275,0
767.HK,D,20200102,000000,0.58,0.62,0.58,0.59,192875,0
767.HK,D,20200103,000000,0.62,0.68,0.58,0.61,892278.2,0
767.HK,D,20200106,000000,0.61,0.65,0.61,0.65,176050,0
767.HK,D,20200107,000000,0.66,0.68,0.65,0.66,179312.5,0
767.HK,D,20200108,000000,0.67,0.67,0.61,0.64,152312.5,0
767.HK,D,20200109,000000,0.61,0.64,0.61,0.64,68325,0
767.HK,D,20200110,000000,0.61,0.62,0.61,0.62,48000,0
767.HK,D,20200113,000000,0.61,0.63,0.61,0.63,72000,0
767.HK,D,20200114,000000,0.57,0.62,0.57,0.6,116487.5,0
767.HK,D,20200115,000000,0.6,0.62,0.58,0.58,128000,0
767.HK,D,20200116,000000,0.58,0.59,0.58,0.58,52000,0
767.HK,D,20200117,000000,0.57,0.59,0.56,0.59,68000,0
767.HK,D,20200120,000000,0.52,0.58,0.5,0.58,24000,0
767.HK,D,20200121,000000,0.53,0.55,0.52,0.54,96000,0
767.HK,D,20200122,000000,0.56,0.57,0.56,0.56,24000.6,0
767.HK,D,20200123,000000,0.55,0.55,0.55,0.55,48000,0
767.HK,D,20200124,000000,0.59,0.59,0.59,0.59,40000,0
767.HK,D,20200129,000000,0.59,0.59,0.59,0.59,38.7,0
767.HK,D,20200130,000000,0.46,0.59,0.46,0.59,44737.5,0
767.HK,D,20200131,000000,0.55,0.55,0.55,0.55,20000,0
767.HK,D,20200203,000000,0.55,0.55,0.55,0.55,0,0
767.HK,D,20200204,000000,0.56,0.56,0.56,0.56,0,0
767.HK,D,20200205,000000,0.56,0.58,0.56,0.56,72000,0
767.HK,D,20200206,000000,0.57,0.57,0.57,0.57,8000,0
767.HK,D,20200207,000000,0.57,0.57,0.57,0.57,0,0
767.HK,D,20200210,000000,0.57,0.57,0.57,0.57,0,0
767.HK,D,20200211,000000,0.6,0.6,0.6,0.6,0,0
767.HK,D,20200212,000000,0.6,0.6,0.6,0.6,0,0
767.HK,D,20200213,000000,0.6,0.6,0.6,0.6,0,0
767.HK,D,20200214,000000,0.45,0.6,0.45,0.6,1.2,0
767.HK,D,20200217,000000,0.6,0.6,0.6,0.6,0,0
767.HK,D,20200218,000000,0.59,0.59,0.59,0.59,40000,0
767.HK,D,20200219,000000,0.59,0.6,0.59,0.6,44000,0
767.HK,D,20200220,000000,0.55,0.55,0.55,0.55,40009.4,0
767.HK,D,20200221,000000,0.55,0.6,0.55,0.58,92000,0
767.HK,D,20200224,000000,0.58,0.58,0.54,0.54,144000,0
767.HK,D,20200225,000000,0.57,0.57,0.56,0.56,300000,0
767.HK,D,20200226,000000,0.57,0.57,0.57,0.57,32000,0
767.HK,D,20200227,000000,0.59,0.59,0.56,0.59,24000,0
767.HK,D,20200228,000000,0.56,0.56,0.55,0.55,40300.1,0
767.HK,D,20200302,000000,0.53,0.55,0.53,0.55,4000,0
767.HK,D,20200303,000000,0.45,0.55,0.45,0.55,23850,0
767.HK,D,20200304,000000,0.55,0.55,0.55,0.55,0,0
767.HK,D,20200305,000000,0.55,0.55,0.55,0.55,0,0
767.HK,D,20200306,000000,0.55,0.55,0.55,0.55,0,0
767.HK,D,20200309,000000,0.5,0.51,0.5,0.51,108000,0
767.HK,D,20200310,000000,0.41,0.5,0.41,0.5,24050,0
767.HK,D,20200311,000000,0.5,0.5,0.5,0.5,0,0
767.HK,D,20200312,000000,0.5,0.5,0.5,0.5,0,0
767.HK,D,20200313,000000,0.41,0.47,0.41,0.47,40066,0
767.HK,D,20200316,000000,0.47,0.47,0.47,0.47,12.5,0
767.HK,D,20200317,000000,0.44,0.47,0.44,0.44,16000,0
767.HK,D,20200318,000000,0.44,0.44,0.4,0.44,216000,0
767.HK,D,20200319,000000,0.35,0.4,0.35,0.35,256000,0
767.HK,D,20200320,000000,0.35,0.39,0.35,0.37,56812.5,0
767.HK,D,20200323,000000,0.6,0.6,0.37,0.6,336000,0
767.HK,D,20200324,000000,0.6,0.6,0.46,0.5,1324000,0
767.HK,D,20200325,000000,0.58,0.58,0.52,0.53,44687.5,0
767.HK,D,20200326,000000,0.56,0.59,0.54,0.59,204000,0
767.HK,D,20200327,000000,0.54,0.56,0.54,0.56,76000,0
767.HK,D,20200330,000000,0.56,0.56,0.56,0.56,0,0
767.HK,D,20200331,000000,0.45,0.56,0.45,0.56,9.3,0
767.HK,D,20200401,000000,0.56,0.56,0.56,0.56,37.5,0
767.HK,D,20200402,000000,0.56,0.56,0.56,0.56,0,0
767.HK,D,20200403,000000,0.45,0.51,0.45,0.5,17587.5,0
767.HK,D,20200406,000000,0.5,0.5,0.5,0.5,0,0
767.HK,D,20200407,000000,0.49,0.5,0.48,0.48,28000,0
767.HK,D,20200408,000000,0.49,0.49,0.49,0.49,0,0
767.HK,D,20200409,000000,0.51,0.51,0.51,0.51,52087.5,0
767.HK,D,20200414,000000,0.51,0.51,0.51,0.51,0,0
767.HK,D,20200415,000000,0.45,0.53,0.45,0.51,56005,0
767.HK,D,20200416,000000,0.51,0.52,0.49,0.52,40000,0
767.HK,D,20200417,000000,0.52,0.53,0.5,0.5,156000,0
767.HK,D,20200420,000000,0.51,0.51,0.51,0.51,8012.5,0
767.HK,D,20200421,000000,0.54,0.67,0.52,0.56,604000,0
767.HK,D,20200422,000000,0.56,0.64,0.56,0.6,792496.8,0
767.HK,D,20200423,000000,0.63,0.64,0.6,0.63,848000,0
767.HK,D,20200424,000000,0.65,0.65,0.63,0.65,516000,0
767.HK,D,20200427,000000,0.68,0.84,0.68,0.8,2760000,0
767.HK,D,20200428,000000,0.82,1.14,0.82,1.05,3540000,0
767.HK,D,20200429,000000,1.06,1.1,0.85,0.97,1472000,0
767.HK,D,20200504,000000,0.93,1.21,0.93,1.17,1381134.5,0
767.HK,D,20200505,000000,1.15,1.5,1.15,1.47,2394650,0
767.HK,D,20200506,000000,1.54,1.77,1.1,1.2,5182375,0
767.HK,D,20200507,000000,1.09,1.45,1.09,1.39,1526025,0
767.HK,D,20200508,000000,1.39,1.4,1.25,1.38,376094.7,0
767.HK,D,20200511,000000,1.38,1.47,1.35,1.41,372000,0
767.HK,D,20200512,000000,1.29,1.36,1.2,1.35,116001.2,0
767.HK,D,20200513,000000,1.3,1.3,1.2,1.26,80012.5,0
767.HK,D,20200514,000000,1.31,1.31,1.25,1.29,40000,0
767.HK,D,20200515,000000,1.25,1.29,1.22,1.29,288006.2,0
767.HK,D,20200518,000000,1.2,1.2,1.19,1.19,286625,0
767.HK,D,20200519,000000,1.19,1.3,1.19,1.25,88150.6,0
767.HK,D,20200520,000000,1.19,1.25,1.16,1.17,100000,0
767.HK,D,20200521,000000,1.16,1.16,0.8,0.92,624000,0
767.HK,D,20200522,000000,0.85,0.87,0.76,0.78,188000,0
767.HK,D,20200525,000000,0.77,0.82,0.61,0.77,248000,0
767.HK,D,20200526,000000,0.71,0.98,0.71,0.85,528025,0
767.HK,D,20200527,000000,0.83,0.85,0.82,0.85,68000,0
767.HK,D,20200528,000000,0.84,0.9,0.84,0.89,180000,0
767.HK,D,20200529,000000,0.82,0.9,0.82,0.9,24000,0
767.HK,D,20200601,000000,0.89,0.95,0.85,0.95,76312.5,0
767.HK,D,20200602,000000,0.95,0.95,0.88,0.88,180000,0
767.HK,D,20200603,000000,0.95,0.95,0.8,0.93,148250,0
767.HK,D,20200604,000000,0.91,0.94,0.85,0.89,100000,0
767.HK,D,20200605,000000,0.92,0.92,0.88,0.88,56000.4,0
767.HK,D,20200608,000000,0.93,0.93,0.81,0.87,216700,0
767.HK,D,20200609,000000,0.83,0.9,0.79,0.81,116000,0
767.HK,D,20200610,000000,0.83,0.88,0.79,0.79,80000,0
767.HK,D,20200611,000000,0.87,0.87,0.72,0.82,308000,0
767.HK,D,20200612,000000,0.85,0.85,0.74,0.75,116000,0
767.HK,D,20200615,000000,0.73,0.84,0.64,0.68,432000,0
767.HK,D,20200616,000000,0.71,0.73,0.68,0.71,185400,0
767.HK,D,20200617,000000,0.68,0.7,0.62,0.7,676000,0
767.HK,D,20200618,000000,0.74,0.75,0.68,0.69,540165,0
767.HK,D,20200619,000000,0.72,0.78,0.68,0.74,228000,0
767.HK,D,20200622,000000,0.76,0.79,0.68,0.72,148099.9,0
767.HK,D,20200623,000000,0.73,0.73,0.67,0.69,308000,0
767.HK,D,20200624,000000,0.69,0.72,0.69,0.72,140000,0
767.HK,D,20200626,000000,0.7,0.8,0.7,0.74,503012.5,0
767.HK,D,20200629,000000,0.75,0.77,0.73,0.73,136000,0
767.HK,D,20200630,000000,0.72,0.72,0.71,0.72,28000,0
767.HK,D,20200702,000000,0.75,0.76,0.7,0.7,84000,0
767.HK,D,20200703,000000,0.7,0.7,0.67,0.7,160000,0
767.HK,D,20200706,000000,0.73,0.73,0.73,0.73,16000.6,0
767.HK,D,20200707,000000,0.75,0.76,0.68,0.68,44001.8,0
767.HK,D,20200708,000000,0.64,0.73,0.64,0.71,156300.1,0
767.HK,D,20200709,000000,0.74,0.78,0.73,0.75,156191,0
767.HK,D,20200710,000000,0.71,0.73,0.69,0.73,52062.5,0
767.HK,D,20200713,000000,0.65,0.77,0.65,0.75,24125,0
767.HK,D,20200714,000000,0.73,0.73,0.69,0.69,8003.1,0
767.HK,D,20200715,000000,0.67,0.67,0.62,0.67,108000.1,0
767.HK,D,20200716,000000,0.67,0.67,0.67,0.67,132000,0
767.HK,D,20200717,000000,0.62,0.7,0.62,0.7,140000.3,0
767.HK,D,20200720,000000,0.71,0.77,0.71,0.72,116000,0
767.HK,D,20200721,000000,0.75,0.76,0.7,0.7,76625,0
767.HK,D,20200722,000000,0.72,0.72,0.7,0.71,112050,0
767.HK,D,20200723,000000,0.7,0.71,0.7,0.7,32037.5,0
767.HK,D,20200724,000000,0.7,0.7,0.66,0.7,132000,0
767.HK,D,20200727,000000,0.69,0.7,0.69,0.69,16000,0
767.HK,D,20200728,000000,0.69,0.71,0.68,0.71,160000,0
767.HK,D,20200729,000000,0.71,0.73,0.68,0.69,108120,0
767.HK,D,20200730,000000,0.72,0.73,0.69,0.72,56525,0
767.HK,D,20200731,000000,0.73,0.73,0.7,0.73,20025.4,0
767.HK,D,20200803,000000,0.7,0.7,0.7,0.7,16000,0
767.HK,D,20200804,000000,0.7,0.71,0.65,0.7,104025,0
767.HK,D,20200805,000000,0.66,0.69,0.65,0.68,128000,0
767.HK,D,20200806,000000,0.64,0.64,0.57,0.58,484062.5,0
767.HK,D,20200807,000000,0.58,0.6,0.58,0.6,92000,0
767.HK,D,20200810,000000,0.59,0.6,0.59,0.59,40000,0
767.HK,D,20200811,000000,0.59,0.63,0.58,0.63,340000,0
767.HK,D,20200812,000000,0.6,0.66,0.59,0.59,208462.5,0
767.HK,D,20200813,000000,0.56,0.61,0.56,0.58,28000,0
767.HK,D,20200814,000000,0.62,0.62,0.58,0.58,76050,0
767.HK,D,20200817,000000,0.53,0.62,0.53,0.55,36187.5,0
767.HK,D,20200818,000000,0.59,0.59,0.54,0.57,152000,0
767.HK,D,20200819,000000,0.58,0.58,0.58,0.58,8000,0
767.HK,D,20200820,000000,0.59,0.61,0.56,0.57,108000,0
767.HK,D,20200821,000000,0.6,0.63,0.58,0.6,376000,0
767.HK,D,20200824,000000,0.6,0.63,0.6,0.6,212000,0
767.HK,D,20200825,000000,0.63,0.65,0.62,0.62,96000,0
767.HK,D,20200826,000000,0.67,0.68,0.62,0.62,92000,0
767.HK,D,20200827,000000,0.61,0.64,0.61,0.61,8000,0
767.HK,D,20200828,000000,0.6,0.62,0.6,0.62,24375,0
767.HK,D,20200831,000000,0.62,0.65,0.6,0.63,64000,0
767.HK,D,20200901,000000,0.6,0.64,0.6,0.61,100000,0
767.HK,D,20200902,000000,0.66,0.67,0.62,0.62,192075,0
767.HK,D,20200903,000000,0.61,0.63,0.61,0.61,80000,0
767.HK,D,20200904,000000,0.66,0.66,0.63,0.66,20000,0
767.HK,D,20200907,000000,0.66,0.66,0.66,0.66,12062.5,0
767.HK,D,20200908,000000,0.68,0.68,0.6,0.6,160000,0
767.HK,D,20200909,000000,0.62,0.63,0.61,0.61,20000,0
767.HK,D,20200910,000000,0.5,0.61,0.5,0.61,64062.5,0
767.HK,D,20200911,000000,0.62,0.68,0.62,0.63,340003.8,0
767.HK,D,20200914,000000,0.68,1.13,0.67,1.11,5773317.3,0
767.HK,D,20200915,000000,1.17,1.74,1.11,1.48,11508804.9,0
767.HK,D,20200916,000000,1.48,1.48,1.03,1.34,2520005.7,0
767.HK,D,20200917,000000,1.54,2.1,1.28,1.32,17866450,0
767.HK,D,20200918,000000,1.33,1.45,1.28,1.3,2096000,0
767.HK,D,20200921,000000,1.23,1.23,1.04,1.15,588000,0
767.HK,D,20200922,000000,1.17,1.43,0.98,1.31,1412250,0
767.HK,D,20200923,000000,1.31,1.31,1.11,1.15,744000,0
767.HK,D,20200924,000000,1.18,1.26,1.12,1.2,516037.5,0
767.HK,D,20200925,000000,1.11,1.38,1.1,1.23,776000,0
767.HK,D,20200928,000000,1.23,1.23,1.12,1.15,936000,0
767.HK,D,20200929,000000,1.11,1.2,1.11,1.15,216400,0
767.HK,D,20200930,000000,1.12,1.12,0.95,1.06,666000,0
767.HK,D,20201005,000000,1.06,1.1,1.06,1.1,32612.5,0
767.HK,D,20201006,000000,1.1,1.25,1.07,1.15,165162.5,0
767.HK,D,20201007,000000,1.11,1.12,1.03,1.03,524000,0
767.HK,D,20201008,000000,1.03,1.08,1,1.06,140000,0
767.HK,D,20201009,000000,1.03,1.1,1.01,1.04,152000,0
767.HK,D,20201012,000000,1.1,1.1,1.02,1.05,24000,0
767.HK,D,20201014,000000,1.03,1.05,1.03,1.05,112000,0
767.HK,D,20201015,000000,1.1,1.38,1.04,1.24,820225,0
767.HK,D,20201016,000000,1.24,1.4,1.24,1.38,1040000,0
767.HK,D,20201019,000000,1.38,1.64,1.38,1.54,1320000,0
767.HK,D,20201020,000000,1.54,1.59,1.4,1.52,624000,0
767.HK,D,20201021,000000,1.44,1.6,1.44,1.54,340000,0
767.HK,D,20201022,000000,1.53,1.74,1.53,1.71,636000,0
767.HK,D,20201023,000000,1.71,1.71,1.63,1.66,616077.5,0
767.HK,D,20201027,000000,1.7,1.8,1.7,1.7,664137.5,0
767.HK,D,20201028,000000,1.78,1.78,1.73,1.74,108000,0
767.HK,D,20201029,000000,1.76,2.03,1.76,2.02,3173250,0
767.HK,D,20201030,000000,2.04,2.35,2,2.03,2650350,0
767.HK,D,20201102,000000,1.95,2,1.69,2,1343600,0
767.HK,D,20201103,000000,2,2.1,1.9,1.91,236037.5,0
767.HK,D,20201104,000000,1.86,1.9,1.76,1.9,568000,0
767.HK,D,20201105,000000,1.9,2,1.88,1.92,198400,0
767.HK,D,20201106,000000,2.02,2.25,1.99,2.08,520500,0
767.HK,D,20201109,000000,2.08,2.16,2.08,2.15,252000,0
767.HK,D,20201110,000000,2.15,2.17,2.01,2.11,484000,0
767.HK,D,20201111,000000,2.09,2.44,2.09,2.27,2300000,0
767.HK,D,20201112,000000,2.37,2.85,2.26,2.85,3804979.7,0
767.HK,D,20201113,000000,2.85,3.45,2.7,3.2,3396144.4,0
767.HK,D,20201116,000000,3.3,4.35,3.3,4.15,6212008,0
767.HK,D,20201117,000000,4.4,4.95,3.8,4.2,6265000,0
767.HK,D,20201118,000000,4.3,4.3,3.7,4,2144437.5,0
767.HK,D,20201119,000000,4,4.6,3.9,4.4,3315412.7,0
767.HK,D,20201120,000000,4.5,4.5,4.3,4.4,736387.5,0
767.HK,D,20201123,000000,4.5,4.55,4.15,4.2,872012.5,0
767.HK,D,20201124,000000,4.2,4.35,4.15,4.2,736162.5,0
767.HK,D,20201125,000000,4.2,4.3,3.9,4,732000,0
767.HK,D,20201126,000000,4,4.15,3.8,4.15,740000,0
767.HK,D,20201127,000000,4.3,4.3,3.95,3.95,253112.5,0
767.HK,D,20201130,000000,3.95,4.1,3.9,4,380000,0
767.HK,D,20201201,000000,3.9,4.1,3.85,3.9,704000,0
767.HK,D,20201202,000000,3.8,4,3.6,3.75,1172000,0
767.HK,D,20201203,000000,3.75,3.9,3.75,3.75,136062.5,0
767.HK,D,20201204,000000,3.75,3.75,3.45,3.6,348000,0
767.HK,D,20201207,000000,3.6,3.6,3.1,3.15,976000,0
767.HK,D,20201208,000000,3.05,3.05,2.6,2.7,1394000,0
767.HK,D,20201209,000000,2.75,3.5,2.75,3.35,620500,0
767.HK,D,20201210,000000,3.55,3.8,3.4,3.6,600025,0
767.HK,D,20201211,000000,3.95,3.95,3.4,3.65,1068019.3,0
767.HK,D,20201214,000000,3.8,4,3.5,3.95,1804000,0
767.HK,D,20201215,000000,3.9,4.05,3.8,3.9,1120050,0
767.HK,D,20201216,000000,3.9,3.9,3.7,3.7,292000,0
767.HK,D,20201217,000000,3.75,3.9,3.7,3.8,182087.4,0
767.HK,D,20201218,000000,3.8,3.8,3.65,3.8,68162.5,0
767.HK,D,20201221,000000,3.8,3.8,3.65,3.75,248000,0
767.HK,D,20201222,000000,3.7,3.7,3.65,3.65,76000,0
767.HK,D,20201223,000000,3.65,3.8,3.5,3.75,520000,0
767.HK,D,20201224,000000,3.7,3.75,3.65,3.65,60000,0
767.HK,D,20201228,000000,3.65,3.7,3.5,3.7,704050,0
767.HK,D,20201229,000000,3.8,4.45,3.8,4.15,1574940.6,0
767.HK,D,20201230,000000,4.2,4.2,4,4,602950,0
767.HK,D,20201231,000000,3.9,3.95,3.85,3.9,224000,0
767.HK,D,20210104,000000,3.85,4.2,3.8,4.1,504412.5,0
767.HK,D,20210105,000000,4.1,4.15,3.95,4.1,244000,0
767.HK,D,20210106,000000,4.05,4.75,4.05,4.75,1394025,0
767.HK,D,20210107,000000,4.8,5.9,4.5,5.5,3077031.5,0
767.HK,D,20210108,000000,5.5,5.9,5.3,5.5,1168387.5,0
767.HK,D,20210111,000000,5.8,6.8,5.8,6.8,1695449.5,0
767.HK,D,20210112,000000,6.9,9.3,6.9,8.5,5599743.5,0
767.HK,D,20210113,000000,8.8,9.2,7.8,8.1,3208658.1,0
767.HK,D,20210114,000000,8.1,8.6,8.1,8.2,1081662.5,0
767.HK,D,20210115,000000,8.2,8.6,7.9,8.3,2570562.5,0
767.HK,D,20210118,000000,8.3,8.4,7,7,3952023.3,0
767.HK,D,20210119,000000,7,7.5,7,7.5,1658178.1,0
767.HK,D,20210120,000000,7.8,8.3,7.4,7.5,1786200,0
767.HK,D,20210121,000000,7.8,8,7.5,8,1671675,0
767.HK,D,20210122,000000,7.9,8.4,7.8,8.2,1647600,0
767.HK,D,20210125,000000,8.2,9.6,8.2,9.2,3844103,0
767.HK,D,20210126,000000,9.2,9.4,8.7,9.2,1662048.3,0
767.HK,D,20210127,000000,9.4,9.9,8.9,9.4,1288800.6,0
767.HK,D,20210128,000000,9.4,9.6,9.1,9.3,1818623.6,0
767.HK,D,20210129,000000,9.5,9.5,9.2,9.5,1001558.7,0
767.HK,D,20210201,000000,9.5,9.6,9,9.3,1000918.7,0
767.HK,D,20210202,000000,9.3,9.3,8.7,8.8,1077218.7,0
767.HK,D,20210203,000000,8.8,8.8,8,8.6,1104998.1,0
767.HK,D,20210204,000000,8.7,8.8,8.5,8.6,580189,0
767.HK,D,20210205,000000,8.7,9.4,8.7,9.1,1328000,0
767.HK,D,20210208,000000,9.2,9.4,9.1,9.2,668796.9,0
767.HK,D,20210209,000000,9.3,9.4,8.9,9.1,857000.5,0
767.HK,D,20210210,000000,9.2,9.2,8.2,9,705562.5,0
767.HK,D,20210211,000000,9,9.2,8.8,9.2,208000,0
767.HK,D,20210216,000000,9.2,9.4,8.4,8.8,2300000.5,0
767.HK,D,20210217,000000,8.7,9.1,8.7,9.1,1292535.6,0
767.HK,D,20210218,000000,9.2,9.2,8.3,8.7,1198912.5,0
767.HK,D,20210219,000000,8.7,9,8.5,8.8,843000,0
767.HK,D,20210222,000000,8.9,8.9,7.5,7.6,2590712.5,0
767.HK,D,20210223,000000,7.5,8.3,5.1,8,2372750,0
767.HK,D,20210224,000000,9.2,9.5,7.8,8.3,2496025,0
767.HK,D,20210225,000000,8.4,8.8,8.2,8.2,839028.1,0
767.HK,D,20210226,000000,8.2,8.2,7.6,7.8,605250,0
767.HK,D,20210301,000000,7.8,8,7.4,7.6,522037.5,0
767.HK,D,20210302,000000,7.7,7.8,7.4,7.5,316012.5,0
767.HK,D,20210303,000000,7.5,7.6,7.4,7.6,268000,0
767.HK,D,20210304,000000,7.7,8.2,7.5,7.7,716228,0
767.HK,D,20210305,000000,7.5,7.8,7.4,7.6,268725,0
767.HK,D,20210308,000000,7.6,7.8,7.5,7.5,592098,0
767.HK,D,20210309,000000,7.5,7.6,7.1,7.2,448075,0
767.HK,D,20210310,000000,7.2,7.5,7.2,7.5,196000,0
767.HK,D,20210311,000000,7.6,7.6,7.3,7.5,480262.5,0
767.HK,D,20210312,000000,7.7,7.9,7.5,7.8,888512.5,0
767.HK,D,20210315,000000,8,8.2,7.9,8,624000,0
767.HK,D,20210316,000000,8.2,8.3,8,8.2,656000,0
767.HK,D,20210317,000000,8.2,8.9,8.1,8.8,1396025,0
767.HK,D,20210318,000000,9,9,8.2,8.2,1388100,0
767.HK,D,20210319,000000,8.2,8.5,8.1,8.5,344537.5,0
767.HK,D,20210322,000000,8.6,8.7,8.4,8.6,344050,0
767.HK,D,20210323,000000,8.5,8.5,7.3,7.3,2876000,0
767.HK,D,20210324,000000,7.5,7.9,7.5,7.8,789100,0
767.HK,D,20210325,000000,7.7,7.9,7.6,7.9,232000,0
767.HK,D,20210326,000000,7.9,7.9,7.6,7.8,685000,0
767.HK,D,20210329,000000,7.8,8,7.6,7.6,256015.5,0
767.HK,D,20210330,000000,7.6,8,7.6,7.8,487000,0
767.HK,D,20210331,000000,7.8,7.9,7.4,7.4,562000,0
767.HK,D,20210401,000000,7.5,7.5,7.3,7.5,301625,0
767.HK,D,20210407,000000,6.5,6.6,5.1,6.2,3908000,0
767.HK,D,20210408,000000,6.1,6.7,5.9,6.5,634000,0
767.HK,D,20210409,000000,6.7,6.7,6,6.2,709375,0
767.HK,D,20210412,000000,6.5,6.5,5.9,6,406000,0
767.HK,D,20210413,000000,6.2,6.2,6,6,219000,0
767.HK,D,20210414,000000,6.1,6.1,5.7,5.7,701000,0
767.HK,D,20210415,000000,5.7,5.7,5.3,5.6,400000,0
767.HK,D,20210416,000000,5.6,5.6,5.2,5.3,587250,0
767.HK,D,20210419,000000,5.3,5.7,5.2,5.6,252975,0
767.HK,D,20210420,000000,5.7,6,5.5,5.6,552075,0
767.HK,D,20210421,000000,5.6,5.6,5.3,5.3,370000,0
767.HK,D,20210422,000000,5.4,5.6,5.4,5.4,306000,0
767.HK,D,20210423,000000,5.4,5.6,5.2,5.4,130000.1,0
767.HK,D,20210426,000000,5.4,5.7,5.3,5.4,188000,0
767.HK,D,20210427,000000,5.3,5.7,5.2,5.6,760037.5,0
767.HK,D,20210428,000000,5.7,7.6,5.7,7.3,3633162.5,0
767.HK,D,20210429,000000,7.5,8.2,7.1,7.6,2104213.2,0
767.HK,D,20210430,000000,7.8,7.8,7.2,7.4,622100,0
767.HK,D,20210503,000000,7.4,8.3,7,7.9,865000,0
767.HK,D,20210504,000000,8.1,8.2,7.6,7.8,440162.5,0
767.HK,D,20210505,000000,7.8,7.8,7.6,7.8,384012.5,0
767.HK,D,20210506,000000,7.6,7.8,7.5,7.8,261156,0
767.HK,D,20210507,000000,7.8,7.8,7.5,7.6,542000.1,0
767.HK,D,20210510,000000,7.7,7.7,7.2,7.4,1015000,0
767.HK,D,20210511,000000,7.4,7.5,6.8,7.4,501000,0
767.HK,D,20210512,000000,7.5,8.3,7.5,7.8,1369062.5,0
767.HK,D,20210513,000000,7.7,7.7,7.2,7.3,578000,0
767.HK,D,20210514,000000,7.4,7.4,7.1,7.2,248000,0
767.HK,D,20210517,000000,7.4,7.4,7.1,7.2,533041.8,0
767.HK,D,20210518,000000,7.3,7.8,7.1,7.5,965125,0
767.HK,D,20210520,000000,7.4,7.5,7.2,7.4,421037.5,0
767.HK,D,20210521,000000,7.4,7.7,7.1,7.3,547750,0
767.HK,D,20210524,000000,7.3,7.5,7.1,7.2,690050,0
767.HK,D,20210525,000000,7.1,7.3,7.1,7.1,1602125,0
767.HK,D,20210526,000000,7.2,7.3,7,7.1,527012.5,0
767.HK,D,20210527,000000,7.2,7.2,7,7.1,292000,0
767.HK,D,20210528,000000,7.1,7.1,7,7.1,291003.1,0
767.HK,D,20210531,000000,7.1,7.1,6.9,7,315000,0
767.HK,D,20210601,000000,7.1,7.1,6.7,6.7,1350062.5,0
767.HK,D,20210602,000000,6.8,7,6.8,7,608000,0
767.HK,D,20210603,000000,7.2,7.2,7,7.2,429475,0
767.HK,D,20210604,000000,7.2,7.4,7,7.1,655375,0
767.HK,D,20210607,000000,7.2,7.3,6.8,6.9,487000,0
767.HK,D,20210608,000000,7,7,6.7,6.9,331088.5,0
767.HK,D,20210609,000000,7.1,7.1,6.8,7,449000,0
767.HK,D,20210610,000000,7.1,7.2,6.7,6.9,4128000,0
767.HK,D,20210611,000000,7,7,6.8,7,449000,0
767.HK,D,20210615,000000,7,7,6.2,6.6,4482012.5,0
767.HK,D,20210616,000000,6.6,6.8,6.2,6.8,884213,0
767.HK,D,20210617,000000,6.7,6.9,6.7,6.9,432000,0
767.HK,D,20210618,000000,6.9,7,6.7,7,597003.1,0
767.HK,D,20210621,000000,6.9,7,6.8,7,345000,0
767.HK,D,20210622,000000,6.9,6.9,6.7,6.8,415000,0
767.HK,D,20210623,000000,6.9,6.9,6.5,6.8,2612000,0
767.HK,D,20210624,000000,6.6,6.8,6.4,6.7,511658.1,0
767.HK,D,20210625,000000,6.6,6.6,6.5,6.6,2325000,0
767.HK,D,20210628,000000,6.4,6.6,6.4,6.5,180000,0
767.HK,D,20210629,000000,6.3,6.5,6.3,6.3,2194000,0
767.HK,D,20210630,000000,6.3,6.4,6.1,6.3,517096.8,0
767.HK,D,20210702,000000,6,6.3,6,6.3,427000,0
767.HK,D,20210705,000000,6.3,6.4,6.1,6.3,184000,0
767.HK,D,20210706,000000,6.2,6.3,5.1,6,1046000,0
767.HK,D,20210707,000000,6,6,5.6,6,418812.5,0
767.HK,D,20210708,000000,6,6,5.4,6,835000,0
767.HK,D,20210709,000000,5.9,5.9,5.2,5.5,1477000,0
767.HK,D,20210712,000000,5.5,5.5,5.1,5.1,599000,0
767.HK,D,20210713,000000,5.2,5.5,5.2,5.4,316000,0
767.HK,D,20210714,000000,5.6,5.8,5.5,5.7,888000,0
767.HK,D,20210715,000000,5.7,5.7,5.4,5.5,445000,0
767.HK,D,20210716,000000,5.4,5.5,5.2,5.4,160021.8,0
767.HK,D,20210719,000000,5.2,5.3,5.1,5.1,250000,0
767.HK,D,20210720,000000,5.1,5.1,4.45,5,789000,0
767.HK,D,20210721,000000,4.7,4.9,4.6,4.8,447000,0
767.HK,D,20210722,000000,4.8,4.8,4.2,4.55,1105012.5,0
767.HK,D,20210723,000000,4.3,4.35,4.15,4.2,365000,0
767.HK,D,20210726,000000,4.25,4.25,3.4,3.45,1183000,0
767.HK,D,20210727,000000,3.45,4.35,3.45,4.15,1011155,0
767.HK,D,20210728,000000,4,5.3,4,5.3,1375012.5,0
767.HK,D,20210729,000000,5.4,5.4,4.3,5.3,873050,0
767.HK,D,20210730,000000,4.8,5.9,4.8,5.7,1106025,0
767.HK,D,20210802,000000,5.6,6,5.6,6,720012.5,0
767.HK,D,20210803,000000,5.9,6,5.6,5.8,367025,0
767.HK,D,20210804,000000,5.6,6.3,5.6,6,569087.5,0
767.HK,D,20210805,000000,6,6.2,5.9,6,480000,0
767.HK,D,20210806,000000,6,6.3,5.6,6.1,380000,0
767.HK,D,20210809,000000,5.9,6.1,5.7,6.1,185000,0
767.HK,D,20210813,000000,7,7.5,6,6.4,3711379.6,0
767.HK,D,20210816,000000,6.5,6.6,6.1,6.3,308000,0
767.HK,D,20210817,000000,6.1,6.3,5.7,5.8,2535000,0
767.HK,D,20210818,000000,5.9,6,5.7,5.9,115100,0
767.HK,D,20210819,000000,5.9,5.9,5.1,5.5,971031.2,0
767.HK,D,20210820,000000,5.5,5.5,5.1,5.4,225007.5,0
767.HK,D,20210823,000000,5.4,5.4,5.1,5.2,101000,0
767.HK,D,20210824,000000,5.2,5.4,5.2,5.4,1073171.8,0
767.HK,D,20210825,000000,5.4,5.6,5.2,5.5,278050,0
767.HK,D,20210826,000000,5.5,5.7,5.4,5.5,836000,0
767.HK,D,20210827,000000,5.5,5.6,5.4,5.5,799025,0
767.HK,D,20210830,000000,5.7,6.1,5.7,5.9,648000,0
767.HK,D,20210831,000000,5.8,6,5.7,5.9,781000,0
767.HK,D,20210901,000000,5.9,6,5.6,5.8,650218.7,0
767.HK,D,20210902,000000,5.8,6,5.8,5.8,710000,0
767.HK,D,20210903,000000,5.9,5.9,5.6,5.7,769000,0
767.HK,D,20210906,000000,5.7,5.8,5.5,5.7,775000,0
767.HK,D,20210907,000000,5.7,5.7,5.2,5.4,817000,0
767.HK,D,20210908,000000,5.4,5.5,5,5.5,988075,0
767.HK,D,20210909,000000,5.5,5.5,5,5.4,1493000,0
767.HK,D,20210910,000000,5.4,5.4,4.9,5.3,1658645.2,0
767.HK,D,20210913,000000,5.4,5.9,5.3,5.8,1731000,0
767.HK,D,20210914,000000,5.9,6.1,5.7,5.7,2150462.5,0
767.HK,D,20210915,000000,5.7,5.9,5.5,5.5,656000,0
767.HK,D,20210916,000000,5.4,5.7,4.9,5.2,2565000,0
767.HK,D,20210917,000000,5.2,5.2,4.95,4.95,827000,0
767.HK,D,20210920,000000,4.9,4.95,4.6,4.65,631000,0
767.HK,D,20210921,000000,4.65,4.85,4.6,4.65,586000,0
767.HK,D,20210923,000000,4.75,5,4.75,5,758000,0
767.HK,D,20210924,000000,5,5.2,4.95,5,744000,0
767.HK,D,20210927,000000,5,5.2,4.9,4.9,617000,0
767.HK,D,20210928,000000,4.9,5.1,4.9,4.95,507312.6,0
767.HK,D,20210929,000000,4.9,4.9,4.75,4.75,662000,0
767.HK,D,20210930,000000,4.75,4.95,4.7,4.7,649000,0
767.HK,D,20211004,000000,4.65,4.9,4.65,4.75,961075,0
767.HK,D,20211005,000000,4.75,4.85,4.65,4.65,1119000,0
767.HK,D,20211006,000000,4.65,4.75,4.55,4.6,942000,0
767.HK,D,20211007,000000,4.6,4.6,4.55,4.6,772000,0
767.HK,D,20211008,000000,4.6,4.8,4.5,4.7,911000,0
767.HK,D,20211011,000000,4.55,6.1,4.55,5.8,1034000,0
767.HK,D,20211012,000000,5.5,5.8,5.2,5.5,397075,0
767.HK,D,20211015,000000,5.5,5.7,5,5.6,801062.5,0
767.HK,D,20211018,000000,5.6,5.8,5.3,5.3,662112.5,0
767.HK,D,20211019,000000,5.3,5.4,5,5.1,1325000,0
767.HK,D,20211020,000000,5.2,5.5,5.1,5.3,1157008.1,0
767.HK,D,20211021,000000,5.3,5.4,5.3,5.3,233000,0
767.HK,D,20211022,000000,5.3,5.4,5.3,5.3,412000,0
767.HK,D,20211025,000000,5.3,5.3,5.1,5.2,452175,0
767.HK,D,20211026,000000,5.3,5.3,5.1,5.1,1413000,0
767.HK,D,20211027,000000,5,5.1,4.95,5,744000,0
767.HK,D,20211028,000000,5,5,4.85,5,478000,0
767.HK,D,20211029,000000,5,5,4.8,4.9,390000,0
767.HK,D,20211101,000000,4.8,5,4.75,5,445000,0
767.HK,D,20211102,000000,5,5,4.85,5,398000,0
767.HK,D,20211103,000000,4.95,4.95,4.75,4.85,421000,0
767.HK,D,20211104,000000,4.9,5,4.85,4.85,597000,0
767.HK,D,20211105,000000,4.9,4.9,4.65,4.8,549000,0
767.HK,D,20211108,000000,4.85,4.85,4.25,4.3,1217412.5,0
767.HK,D,20211109,000000,4.4,4.6,4.4,4.5,599000,0
767.HK,D,20211110,000000,4.5,4.5,3.6,3.9,2597012.5,0
767.HK,D,20211111,000000,3.9,4.15,3.9,4.05,334625,0
767.HK,D,20211112,000000,4.2,4.4,4.1,4.35,500375,0
767.HK,D,20211115,000000,4.55,4.55,4.25,4.25,456000,0
767.HK,D,20211116,000000,4.25,4.5,4.1,4.35,357000,0
767.HK,D,20211117,000000,4.4,4.4,3.8,3.95,1252001.9,0
767.HK,D,20211118,000000,4.1,4.1,3.75,3.9,662000,0
767.HK,D,20211119,000000,3.8,3.95,3.8,3.9,541000,0
767.HK,D,20211122,000000,3.9,3.9,3.75,3.8,442012.5,0
767.HK,D,20211123,000000,3.8,3.8,3.5,3.7,1004000,0
767.HK,D,20211124,000000,3.65,3.85,3.4,3.8,1298000,0
767.HK,D,20211125,000000,3.7,3.9,3.65,3.85,273000.1,0
767.HK,D,20211126,000000,3.9,4,3.5,3.6,474000,0
767.HK,D,20211129,000000,3.75,3.9,3.65,3.8,1174000,0
767.HK,D,20211130,000000,3.75,3.85,3.4,3.45,2403025,0
767.HK,D,20211201,000000,3.45,3.65,3.3,3.35,599000,0
767.HK,D,20211202,000000,3.35,3.35,3.25,3.25,140000,0
767.HK,D,20211203,000000,3.35,3.45,3.2,3.4,443000,0
767.HK,D,20211206,000000,3.45,3.45,2.9,2.9,855000,0
767.HK,D,20211207,000000,2.8,3.2,2.8,3,1003000,0
767.HK,D,20211208,000000,3.2,3.2,2.9,3.1,448000,0
767.HK,D,20211209,000000,3.2,3.2,2.9,2.9,971125,0
767.HK,D,20211210,000000,2.95,3,2.9,3,363693.7,0
767.HK,D,20211213,000000,3.1,3.5,3.1,3.25,620613.1,0
767.HK,D,20211214,000000,3.35,3.35,2.6,3.15,2827000,0
767.HK,D,20211215,000000,3.2,3.2,2.85,3.05,2845000,0
767.HK,D,20211216,000000,3.1,3.1,2.42,2.42,5552050,0
767.HK,D,20211217,000000,2.43,2.55,2.3,2.35,1682000,0
767.HK,D,20211220,000000,2.03,2.23,0.86,1.55,20136787.5,0
767.HK,D,20211221,000000,1.55,1.61,1.4,1.46,2339000,0
767.HK,D,20211222,000000,1.51,1.51,1.2,1.28,1374000,0
767.HK,D,20211223,000000,1.25,1.35,1.2,1.21,567028.1,0
767.HK,D,20211224,000000,1.24,1.98,1.24,1.85,2973000,0
767.HK,D,20211228,000000,1.85,2.2,1.65,1.66,2786037.5,0
767.HK,D,20211229,000000,1.69,1.7,1.34,1.65,4165000,0
767.HK,D,20211230,000000,1.65,2.1,1.5,2.02,2407000,0
767.HK,D,20211231,000000,2.02,2.2,2.02,2.07,1623000,0
767.HK,D,20220103,000000,2.07,2.14,1.87,1.93,978000,0
767.HK,D,20220104,000000,1.93,1.98,1.79,1.94,577290.6,0
767.HK,D,20220105,000000,1.9,1.94,1.85,1.9,425000,0
767.HK,D,20220106,000000,1.9,1.9,1.85,1.9,388000,0
767.HK,D,20220107,000000,1.9,1.98,1.85,1.95,369625,0
767.HK,D,20220110,000000,1.95,2,1.86,1.9,145000,0
767.HK,D,20220111,000000,1.85,1.94,1.85,1.94,167000,0
767.HK,D,20220112,000000,1.94,1.94,1.85,1.94,191000,0
767.HK,D,20220113,000000,1.88,1.93,1.8,1.82,511000,0
767.HK,D,20220114,000000,1.82,1.93,1.82,1.82,141000,0
767.HK,D,20220117,000000,1.8,1.83,1.73,1.78,263100,0
767.HK,D,20220118,000000,1.89,1.9,1.79,1.89,205000,0
767.HK,D,20220119,000000,1.76,1.83,1.76,1.8,84000,0
767.HK,D,20220120,000000,1.88,1.88,1.75,1.85,236000,0
767.HK,D,20220121,000000,1.85,1.99,1.85,1.96,262187.5,0
767.HK,D,20220124,000000,1.96,1.99,1.25,1.57,2594000,0
767.HK,D,20220125,000000,1.6,1.6,1.5,1.51,225112.5,0
767.HK,D,20220126,000000,1.5,1.63,1.5,1.52,121037.5,0
767.HK,D,20220127,000000,1.54,1.78,1.52,1.69,595000,0
767.HK,D,20220128,000000,1.8,1.81,1.72,1.75,148000,0
767.HK,D,20220131,000000,1.75,1.75,1.75,1.75,12000,0
767.HK,D,20220204,000000,1.8,1.8,1.7,1.8,110000,0
767.HK,D,20220207,000000,1.8,1.88,1.7,1.76,115162.5,0
767.HK,D,20220208,000000,1.76,1.8,1.76,1.76,48000,0
767.HK,D,20220209,000000,1.76,1.8,1.7,1.79,49000,0
767.HK,D,20220210,000000,1.7,1.8,1.65,1.8,62000,0
767.HK,D,20220211,000000,1.8,1.8,1.65,1.7,202000,0
767.HK,D,20220214,000000,1.7,1.7,1.59,1.69,39000,0
767.HK,D,20220215,000000,1.59,1.68,1.59,1.67,82062.5,0
767.HK,D,20220216,000000,1.65,1.65,1.59,1.6,4000,0
767.HK,D,20220217,000000,1.55,1.69,1.55,1.64,88000,0
767.HK,D,20220218,000000,1.62,1.65,1.6,1.62,72000,0
767.HK,D,20220221,000000,1.66,1.66,1.49,1.58,95000,0
767.HK,D,20220222,000000,1.55,1.55,1.49,1.55,90000,0
767.HK,D,20220223,000000,1.55,1.55,1.49,1.55,52000,0
767.HK,D,20220224,000000,1.53,1.53,1.15,1.24,1870000,0
767.HK,D,20220225,000000,1.21,1.23,1.12,1.12,659000,0
767.HK,D,20220228,000000,1.12,1.19,1.05,1.1,419000,0
767.HK,D,20220301,000000,1.1,1.17,1.06,1.1,151012.5,0
767.HK,D,20220302,000000,1.01,1.2,1.01,1.11,412000,0
767.HK,D,20220303,000000,1.12,1.12,1.1,1.1,89000,0
767.HK,D,20220304,000000,1.1,1.1,0.86,1.05,231000,0
767.HK,D,20220307,000000,1.03,1.03,1,1.03,25075,0
767.HK,D,20220308,000000,1.02,1.02,0.75,0.94,340019.3,0
767.HK,D,20220309,000000,0.95,1.09,0.95,1.09,295147.9,0
767.HK,D,20220310,000000,1.1,1.19,1.09,1.09,310000,0
767.HK,D,20220311,000000,1.08,1.12,1.02,1.03,201000,0
767.HK,D,20220314,000000,1.03,1.03,0.92,0.92,311000,0
767.HK,D,20220315,000000,0.92,0.92,0.88,0.88,287000,0
767.HK,D,20220316,000000,1.05,1.05,0.95,1,196000,0
767.HK,D,20220317,000000,0.97,1.03,0.92,0.98,196012.5,0
767.HK,D,20220318,000000,0.98,1.03,0.98,1.02,62000,0
767.HK,D,20220321,000000,1.03,1.05,1.02,1.04,180000,0
767.HK,D,20220322,000000,1.04,1.04,1,1.01,78000,0
767.HK,D,20220323,000000,1.01,1.03,0.98,1.01,423000,0
767.HK,D,20220324,000000,1,1.1,1,1.04,265000,0
767.HK,D,20220325,000000,1.02,1.02,0.9,1,452000,0
767.HK,D,20220328,000000,1,1.08,0.97,1.01,436000,0
767.HK,D,20220329,000000,1,1,0.99,0.99,180000,0
767.HK,D,20220330,000000,0.89,1,0.89,1,126962.5,0
767.HK,D,20220331,000000,0.91,0.91,0.5,0.59,15447975.5,0
767.HK,D,20220401,000000,0.67,0.7,0.53,0.58,3721000,0
767.HK,D,20220404,000000,0.62,0.62,0.58,0.59,617000,0
767.HK,D,20220406,000000,0.58,0.6,0.52,0.57,1682000,0
767.HK,D,20220407,000000,0.55,0.55,0.51,0.53,1596000,0
767.HK,D,20220408,000000,0.6,0.61,0.53,0.54,2531000,0
767.HK,D,20220411,000000,0.55,0.55,0.46,0.52,1987312.5,0
767.HK,D,20220412,000000,0.5,0.54,0.46,0.51,1702006.2,0
767.HK,D,20220413,000000,0.5,0.52,0.49,0.52,827000,0
767.HK,D,20220414,000000,0.53,0.57,0.5,0.57,7647087.5,0
767.HK,D,20220419,000000,0.58,1.16,0.55,0.91,40964003.7,0
767.HK,D,20220420,000000,1,1.21,0.79,0.93,36241000,0
767.HK,D,20220421,000000,0.99,1.03,0.68,0.74,11184000,0
767.HK,D,20220422,000000,0.75,0.85,0.58,0.6,19451000.8,0
767.HK,D,20220425,000000,0.6,0.63,0.53,0.59,2604000,0
767.HK,D,20220426,000000,0.57,0.67,0.55,0.61,1733000,0
767.HK,D,20220427,000000,0.61,0.61,0.57,0.6,1304000,0
767.HK,D,20220428,000000,0.59,0.62,0.59,0.6,1042000,0
767.HK,D,20220429,000000,0.6,0.63,0.59,0.63,707000,0
767.HK,D,20220503,000000,0.6,0.62,0.59,0.61,768000,0
767.HK,D,20220504,000000,0.6,0.6,0.57,0.59,932000,0
767.HK,D,20220505,000000,0.59,0.61,0.58,0.59,898012.5,0
767.HK,D,20220506,000000,0.59,0.6,0.56,0.58,1089000,0
767.HK,D,20220510,000000,0.57,0.58,0.52,0.53,1476000,0
767.HK,D,20220511,000000,0.53,0.54,0.5,0.5,772100,0
767.HK,D,20220512,000000,0.5,0.5,0.43,0.46,2307000,0
767.HK,D,20220513,000000,0.45,0.5,0.45,0.48,367000,0
767.HK,D,20220516,000000,0.48,0.5,0.46,0.48,601000,0
767.HK,D,20220517,000000,0.48,0.61,0.47,0.58,10190000,0
767.HK,D,20220518,000000,0.58,0.58,0.54,0.54,439000,0
767.HK,D,20220519,000000,0.54,0.57,0.52,0.55,274100,0
767.HK,D,20220520,000000,0.55,0.58,0.53,0.55,200000,0
767.HK,D,20220523,000000,0.53,0.58,0.52,0.56,580000,0
767.HK,D,20220524,000000,0.55,0.59,0.54,0.55,260000,0
767.HK,D,20220525,000000,0.55,0.55,0.52,0.53,596000,0
767.HK,D,20220526,000000,0.53,0.53,0.5,0.52,266000,0
767.HK,D,20220527,000000,0.53,0.55,0.51,0.51,375000,0
767.HK,D,20220530,000000,0.51,0.53,0.49,0.52,789000,0
767.HK,D,20220531,000000,0.55,0.89,0.55,0.66,36178999.9,0
767.HK,D,20220601,000000,0.66,0.66,0.59,0.62,5973000,0
767.HK,D,20220602,000000,0.6,0.61,0.58,0.59,1927272.5,0
767.HK,D,20220606,000000,0.59,0.61,0.58,0.59,1265012.5,0
767.HK,D,20220607,000000,0.59,0.64,0.59,0.63,677000,0
767.HK,D,20220608,000000,0.64,0.65,0.6,0.62,1267012.5,0
767.HK,D,20220609,000000,0.6,0.61,0.57,0.6,774025,0
767.HK,D,20220610,000000,0.6,0.61,0.58,0.61,808000,0
767.HK,D,20220613,000000,0.62,0.69,0.58,0.59,3175000,0
767.HK,D,20220614,000000,0.58,0.62,0.58,0.59,862162.5,0
767.HK,D,20220615,000000,0.58,0.6,0.54,0.57,1073000,0
767.HK,D,20220616,000000,0.58,0.61,0.56,0.57,4425000,0
767.HK,D,20220617,000000,0.59,0.61,0.56,0.58,1070000,0
767.HK,D,20220620,000000,0.6,0.61,0.58,0.6,938000,0
767.HK,D,20220621,000000,0.6,0.82,0.6,0.8,8154000,0
767.HK,D,20220622,000000,0.78,0.78,0.58,0.61,11847300,0
767.HK,D,20220623,000000,0.61,0.61,0.49,0.55,40237062.5,0
767.HK,D,20220624,000000,0.56,0.59,0.54,0.56,3580000,0
767.HK,D,20220627,000000,0.56,0.56,0.52,0.55,2071912.5,0
767.HK,D,20220628,000000,0.56,0.56,0.54,0.54,1398000,0
767.HK,D,20220629,000000,0.54,0.6,0.54,0.58,3573000,0
767.HK,D,20220630,000000,0.57,0.59,0.56,0.57,735000,0
767.HK,D,20220704,000000,0.57,0.57,0.54,0.56,1200000,0
767.HK,D,20220705,000000,0.56,0.56,0.54,0.56,646934.1,0
767.HK,D,20220706,000000,0.56,0.59,0.53,0.55,2136000,0
767.HK,D,20220707,000000,0.55,0.55,0.54,0.55,1126012.5,0
767.HK,D,20220708,000000,0.55,0.64,0.55,0.57,2474000.6,0
767.HK,D,20220711,000000,0.57,0.58,0.54,0.56,2252000,0
767.HK,D,20220712,000000,0.55,0.57,0.55,0.55,721008.7,0
767.HK,D,20220713,000000,0.55,0.76,0.55,0.71,15689000,0
767.HK,D,20220714,000000,0.81,0.88,0.67,0.68,11213001.2,0
767.HK,D,20220715,000000,0.66,0.7,0.62,0.63,2596000,0
767.HK,D,20220718,000000,0.64,0.66,0.62,0.63,896000,0
767.HK,D,20220719,000000,0.63,0.68,0.6,0.62,616912.5,0
767.HK,D,20220720,000000,0.62,0.65,0.62,0.62,714000,0
767.HK,D,20220721,000000,0.61,0.68,0.61,0.65,1371087.5,0
767.HK,D,20220722,000000,0.67,0.67,0.63,0.63,217005,0
767.HK,D,20220725,000000,0.63,0.66,0.63,0.64,271112.5,0
767.HK,D,20220726,000000,0.73,1.04,0.73,0.81,27250035,0
767.HK,D,20220727,000000,0.81,0.81,0.7,0.7,4292000,0
767.HK,D,20220728,000000,0.66,0.71,0.61,0.67,2325000,0
767.HK,D,20220729,000000,0.74,0.74,0.67,0.68,3409000.2,0
767.HK,D,20220801,000000,0.68,0.72,0.65,0.7,1536995.5,0
767.HK,D,20220802,000000,0.7,0.7,0.62,0.67,1816001,0
767.HK,D,20220803,000000,0.65,0.69,0.65,0.65,905025,0
767.HK,D,20220804,000000,0.66,0.74,0.66,0.69,1349000,0
767.HK,D,20220805,000000,0.7,0.7,0.66,0.67,1118000,0
767.HK,D,20220808,000000,0.67,0.7,0.66,0.68,1103000,0
767.HK,D,20220809,000000,0.68,0.68,0.66,0.67,386031.1,0
767.HK,D,20220810,000000,0.67,0.67,0.65,0.65,709375,0
767.HK,D,20220811,000000,0.66,0.66,0.64,0.65,1339000,0
767.HK,D,20220812,000000,0.66,0.66,0.63,0.63,565000,0
767.HK,D,20220815,000000,0.63,0.64,0.62,0.63,921017.5,0
767.HK,D,20220816,000000,0.62,0.63,0.61,0.62,520000,0
767.HK,D,20220817,000000,0.62,0.64,0.6,0.62,910000,0
767.HK,D,20220818,000000,0.61,0.62,0.6,0.61,732000,0
767.HK,D,20220819,000000,0.61,0.62,0.6,0.61,538000,0
767.HK,D,20220822,000000,0.57,0.61,0.57,0.61,391000.2,0
767.HK,D,20220823,000000,0.61,0.65,0.61,0.65,442000,0
767.HK,D,20220824,000000,0.66,0.66,0.63,0.64,762000,0
767.HK,D,20220825,000000,0.65,0.67,0.65,0.65,719025,0
767.HK,D,20220826,000000,0.67,0.67,0.65,0.65,1205212.5,0
767.HK,D,20220829,000000,0.65,0.72,0.63,0.71,6255000,0
767.HK,D,20220830,000000,0.72,0.83,0.66,0.69,7725000,0
767.HK,D,20220831,000000,0.69,0.69,0.67,0.69,416000,0
767.HK,D,20220901,000000,0.66,0.71,0.66,0.69,704000,0
767.HK,D,20220902,000000,0.69,0.71,0.67,0.68,553060.4,0
767.HK,D,20220905,000000,0.68,0.68,0.66,0.66,684000,0
767.HK,D,20220906,000000,0.66,0.66,0.65,0.66,311001.5,0
767.HK,D,20220907,000000,0.67,0.67,0.65,0.65,153000.1,0
767.HK,D,20220908,000000,0.58,0.65,0.58,0.65,186038.7,0
767.HK,D,20220909,000000,0.65,0.67,0.65,0.66,277000,0
767.HK,D,20220913,000000,0.66,0.68,0.66,0.68,202000,0
767.HK,D,20220914,000000,0.65,0.65,0.63,0.64,575000,0
767.HK,D,20220915,000000,0.65,0.65,0.62,0.65,480000,0
767.HK,D,20220916,000000,0.65,0.65,0.63,0.63,196000,0
767.HK,D,20220919,000000,0.63,0.65,0.63,0.63,114000,0
767.HK,D,20220920,000000,0.62,0.62,0.59,0.59,1206000,0
767.HK,D,20220921,000000,0.6,0.61,0.59,0.6,1174000,0
767.HK,D,20220922,000000,0.6,0.61,0.58,0.6,254000,0
767.HK,D,20220923,000000,0.59,0.59,0.57,0.59,65000.1,0
767.HK,D,20220926,000000,0.58,0.58,0.55,0.58,541012.5,0
767.HK,D,20220927,000000,0.59,0.59,0.58,0.58,119000,0
767.HK,D,20220928,000000,0.58,0.6,0.56,0.56,381000,0
767.HK,D,20220929,000000,0.56,0.59,0.55,0.56,605000,0
767.HK,D,20220930,000000,0.56,0.59,0.56,0.58,406000,0
767.HK,D,20221003,000000,0.61,0.61,0.57,0.59,223003.8,0
767.HK,D,20221005,000000,0.59,0.6,0.59,0.59,54000,0
767.HK,D,20221006,000000,0.59,0.59,0.59,0.59,45,0
767.HK,D,20221007,000000,0.59,0.6,0.57,0.59,2017000,0
767.HK,D,20221010,000000,0.58,0.58,0.57,0.57,239000,0
767.HK,D,20221011,000000,0.55,0.56,0.55,0.56,173043.5,0
767.HK,D,20221012,000000,0.54,0.56,0.52,0.54,459000,0
767.HK,D,20221013,000000,0.55,0.55,0.54,0.55,56000,0
767.HK,D,20221014,000000,0.57,0.57,0.55,0.55,60100,0
767.HK,D,20221017,000000,0.55,0.55,0.47,0.51,1321000,0
767.HK,D,20221018,000000,0.49,0.5,0.49,0.5,613000,0
767.HK,D,20221019,000000,0.5,0.5,0.49,0.49,113000,0
767.HK,D,20221020,000000,0.5,0.57,0.49,0.56,1964000,0
767.HK,D,20221021,000000,0.55,0.55,0.53,0.54,295000,0
767.HK,D,20221024,000000,0.53,0.53,0.5,0.51,399500,0
767.HK,D,20221025,000000,0.51,0.59,0.48,0.59,953000,0
767.HK,D,20221026,000000,0.59,0.65,0.59,0.61,1503000,0
767.HK,D,20221027,000000,0.59,0.59,0.59,0.59,144000,0
767.HK,D,20221028,000000,0.6,0.6,0.58,0.58,723000,0
767.HK,D,20221031,000000,0.54,0.55,0.54,0.54,67000,0
767.HK,D,20221101,000000,0.54,0.55,0.52,0.55,247000,0
767.HK,D,20221102,000000,0.55,0.55,0.51,0.52,1090000,0
767.HK,D,20221103,000000,0.51,0.52,0.5,0.52,324000,0
767.HK,D,20221104,000000,0.52,0.57,0.52,0.54,529000,0
767.HK,D,20221107,000000,0.52,0.54,0.5,0.54,1491000,0
767.HK,D,20221108,000000,0.54,0.54,0.52,0.52,243000,0
767.HK,D,20221109,000000,0.52,0.54,0.52,0.52,133000,0
767.HK,D,20221110,000000,0.52,0.53,0.51,0.51,233000,0
767.HK,D,20221111,000000,0.54,0.54,0.51,0.53,413000,0
767.HK,D,20221114,000000,0.52,0.56,0.52,0.53,945000,0
767.HK,D,20221115,000000,0.55,0.58,0.55,0.57,510000,0
767.HK,D,20221116,000000,0.55,0.61,0.55,0.6,1002000,0
767.HK,D,20221117,000000,0.6,0.6,0.57,0.58,327000,0
767.HK,D,20221118,000000,0.6,0.61,0.57,0.57,449062.5,0
767.HK,D,20221121,000000,0.57,0.57,0.47,0.54,6463062.5,0
767.HK,D,20221122,000000,0.52,0.52,0.5,0.51,317000,0
767.HK,D,20221123,000000,0.5,0.5,0.44,0.46,4616021.3,0
767.HK,D,20221124,000000,0.34,0.49,0.34,0.48,580025,0
767.HK,D,20221125,000000,0.48,0.49,0.47,0.48,345000,0
767.HK,D,20221128,000000,0.48,0.49,0.44,0.49,1367000,0
767.HK,D,20221129,000000,0.49,0.5,0.49,0.49,472000,0
767.HK,D,20221130,000000,0.49,0.5,0.47,0.5,753000,0
767.HK,D,20221201,000000,0.5,0.51,0.49,0.5,516000,0
767.HK,D,20221202,000000,0.49,0.5,0.49,0.5,265000,0
767.HK,D,20221205,000000,0.45,0.52,0.45,0.52,527037.5,0
767.HK,D,20221206,000000,0.53,0.56,0.51,0.54,1558000,0
767.HK,D,20221207,000000,0.56,0.62,0.54,0.59,3088003.8,0
767.HK,D,20221208,000000,0.58,0.58,0.56,0.58,890000,0
767.HK,D,20221209,000000,0.58,0.59,0.57,0.57,368000,0
767.HK,D,20221212,000000,0.57,0.59,0.52,0.53,1694312.5,0
767.HK,D,20221213,000000,0.5,0.53,0.49,0.5,3072000,0
767.HK,D,20221214,000000,0.49,0.52,0.49,0.5,467000,0
767.HK,D,20221215,000000,0.49,0.5,0.42,0.45,5273000,0
767.HK,D,20221216,000000,0.44,0.48,0.44,0.47,1109027.5,0
767.HK,D,20221219,000000,0.47,0.48,0.4,0.42,4268002.5,0
767.HK,D,20221220,000000,0.42,0.42,0.37,0.38,4217000,0
767.HK,D,20221221,000000,0.4,0.43,0.37,0.39,3769000,0
767.HK,D,20221222,000000,0.4,0.41,0.37,0.39,1820000,0
767.HK,D,20221223,000000,0.4,0.41,0.37,0.38,1441000,0
767.HK,D,20221228,000000,0.38,0.4,0.37,0.4,694000,0
767.HK,D,20221229,000000,0.4,0.43,0.4,0.43,1001000,0
767.HK,D,20221230,000000,0.44,0.44,0.42,0.42,206000,0
767.HK,D,20230103,000000,0.42,0.42,0.38,0.4,1545000,0
767.HK,D,20230104,000000,0.4,0.41,0.4,0.4,455000,0
767.HK,D,20230105,000000,0.39,0.4,0.39,0.4,297015.6,0
767.HK,D,20230106,000000,0.41,0.41,0.4,0.4,283000,0
767.HK,D,20230109,000000,0.4,0.43,0.4,0.42,425250.4,0
767.HK,D,20230110,000000,0.42,0.43,0.41,0.42,1538000,0
767.HK,D,20230111,000000,0.43,0.44,0.4,0.41,1023000,0
767.HK,D,20230112,000000,0.41,0.42,0.41,0.42,1050000,0
767.HK,D,20230113,000000,0.43,0.45,0.41,0.44,2182000,0
767.HK,D,20230116,000000,0.5,0.66,0.45,0.59,41397000,0
767.HK,D,20230117,000000,0.59,0.59,0.51,0.53,3190000,0
767.HK,D,20230118,000000,0.5,0.52,0.5,0.52,1096000,0
767.HK,D,20230119,000000,0.52,0.56,0.52,0.54,481000,0
767.HK,D,20230120,000000,0.54,0.58,0.53,0.53,920000,0
767.HK,D,20230126,000000,0.53,0.54,0.52,0.53,561000,0
767.HK,D,20230127,000000,0.48,0.54,0.48,0.53,343003.1,0
767.HK,D,20230130,000000,0.52,0.52,0.49,0.52,920000,0
767.HK,D,20230131,000000,0.5,0.52,0.49,0.52,5153000,0
767.HK,D,20230201,000000,0.5,0.53,0.5,0.53,247000,0
767.HK,D,20230202,000000,0.53,0.55,0.52,0.53,692012.5,0
767.HK,D,20230203,000000,0.41,0.53,0.41,0.53,31050,0
767.HK,D,20230206,000000,0.53,0.57,0.51,0.53,900000,0
767.HK,D,20230207,000000,0.53,0.58,0.52,0.55,1522000,0
767.HK,D,20230208,000000,0.55,0.55,0.54,0.54,413000,0
767.HK,D,20230209,000000,0.42,0.53,0.42,0.53,577002.1,0
767.HK,D,20230210,000000,0.52,0.52,0.5,0.5,941000,0
767.HK,D,20230213,000000,0.5,0.5,0.49,0.49,358000,0
767.HK,D,20230214,000000,0.49,0.5,0.49,0.5,365031.7,0
767.HK,D,20230215,000000,0.49,0.56,0.48,0.53,1475000,0
767.HK,D,20230216,000000,0.53,0.57,0.52,0.53,657000,0
767.HK,D,20230217,000000,0.52,0.53,0.52,0.53,219000,0
767.HK,D,20230220,000000,0.53,0.53,0.51,0.51,160000,0
767.HK,D,20230221,000000,0.5,0.51,0.5,0.5,209034.3,0
767.HK,D,20230222,000000,0.49,0.5,0.48,0.5,577250,0
767.HK,D,20230223,000000,0.49,0.49,0.48,0.49,217000,0
767.HK,D,20230224,000000,0.49,0.49,0.47,0.47,320006.2,0
767.HK,D,20230227,000000,0.47,0.47,0.43,0.45,2406000,0
767.HK,D,20230228,000000,0.45,0.47,0.45,0.46,503000,0
767.HK,D,20230301,000000,0.46,0.46,0.45,0.46,132000,0
767.HK,D,20230302,000000,0.46,0.46,0.45,0.45,161000,0
767.HK,D,20230303,000000,0.44,0.46,0.44,0.46,132000,0
767.HK,D,20230306,000000,0.46,0.46,0.46,0.46,28637.5,0
767.HK,D,20230307,000000,0.44,0.47,0.44,0.47,397011.6,0
767.HK,D,20230308,000000,0.47,0.47,0.44,0.44,516000.2,0
767.HK,D,20230309,000000,0.44,0.46,0.44,0.46,156000.5,0
767.HK,D,20230310,000000,0.45,0.45,0.44,0.44,231000,0
767.HK,D,20230313,000000,0.43,0.44,0.43,0.44,427102.5,0
767.HK,D,20230314,000000,0.5,0.6,0.46,0.47,4801025.1,0
767.HK,D,20230315,000000,0.46,0.46,0.44,0.44,679000,0
767.HK,D,20230316,000000,0.44,0.44,0.43,0.44,307000,0
767.HK,D,20230317,000000,0.45,0.47,0.45,0.47,325000,0
767.HK,D,20230320,000000,0.47,0.47,0.45,0.45,114000,0
767.HK,D,20230321,000000,0.45,0.45,0.44,0.45,179000,0
767.HK,D,20230322,000000,0.45,0.47,0.45,0.47,192000,0
767.HK,D,20230323,000000,0.46,0.46,0.45,0.46,472012.5,0
767.HK,D,20230324,000000,0.45,0.46,0.44,0.46,460000,0
767.HK,D,20230327,000000,0.44,0.45,0.43,0.45,670000,0
767.HK,D,20230328,000000,0.42,0.45,0.4,0.41,2710100,0
767.HK,D,20230329,000000,0.41,0.44,0.4,0.43,913012.5,0
767.HK,D,20230330,000000,0.43,0.44,0.41,0.42,226000,0
767.HK,D,20230331,000000,0.42,0.43,0.4,0.41,467000,0
767.HK,D,20230419,000000,0.41,0.45,0.38,0.4,1429000,0
767.HK,D,20230420,000000,0.39,0.41,0.38,0.39,330013.5,0
767.HK,D,20230421,000000,0.44,0.44,0.39,0.39,488012.5,0
767.HK,D,20230424,000000,0.39,0.41,0.38,0.4,398000,0
767.HK,D,20230425,000000,0.39,0.39,0.38,0.38,328000,0
767.HK,D,20230426,000000,0.38,0.39,0.38,0.38,105000,0
767.HK,D,20230427,000000,0.39,0.39,0.38,0.39,201000,0
767.HK,D,20230428,000000,0.4,0.44,0.39,0.42,39043.7,0
767.HK,D,20230502,000000,0.42,0.42,0.4,0.4,184000,0
767.HK,D,20230503,000000,0.38,0.4,0.38,0.39,75000,0
767.HK,D,20230504,000000,0.39,0.42,0.39,0.41,352000,0
767.HK,D,20230505,000000,0.41,0.41,0.38,0.4,382000,0
767.HK,D,20230508,000000,0.4,0.42,0.4,0.4,312875,0
767.HK,D,20230509,000000,0.4,0.4,0.4,0.4,81000,0
767.HK,D,20230510,000000,0.4,0.4,0.4,0.4,26000,0
767.HK,D,20230511,000000,0.39,0.41,0.39,0.41,401010.6,0
767.HK,D,20230512,000000,0.39,0.41,0.39,0.41,63000,0
767.HK,D,20230515,000000,0.39,0.41,0.39,0.4,120000,0
767.HK,D,20230516,000000,0.39,0.4,0.38,0.4,53000,0
767.HK,D,20230517,000000,0.4,0.4,0.38,0.4,369000,0
767.HK,D,20230518,000000,0.39,0.39,0.39,0.39,33100,0
767.HK,D,20230519,000000,0.38,0.38,0.37,0.38,206000,0
767.HK,D,20230522,000000,0.39,0.39,0.38,0.38,68000,0
767.HK,D,20230523,000000,0.38,0.39,0.38,0.39,177000,0
767.HK,D,20230524,000000,0.39,0.39,0.38,0.38,112000,0
767.HK,D,20230525,000000,0.38,0.38,0.36,0.38,154000,0
767.HK,D,20230529,000000,0.37,0.37,0.34,0.35,592325,0
767.HK,D,20230530,000000,0.35,0.38,0.35,0.37,248000,0
767.HK,D,20230531,000000,0.29,0.39,0.29,0.39,4241000.2,0
767.HK,D,20230601,000000,0.36,0.4,0.36,0.38,261000,0
767.HK,D,20230602,000000,0.39,0.39,0.38,0.39,40000,0
767.HK,D,20230605,000000,0.39,0.39,0.39,0.39,20000,0
767.HK,D,20230606,000000,0.39,0.42,0.37,0.38,327000,0
767.HK,D,20230607,000000,0.38,0.38,0.38,0.38,110000,0
767.HK,D,20230608,000000,0.38,0.38,0.37,0.37,110000,0
767.HK,D,20230609,000000,0.42,0.42,0.39,0.39,43000,0
767.HK,D,20230612,000000,0.36,0.38,0.35,0.36,1528000,0
767.HK,D,20230613,000000,0.33,0.37,0.3,0.37,633000,0
767.HK,D,20230614,000000,0.39,0.39,0.36,0.36,17000,0
767.HK,D,20230615,000000,0.34,0.36,0.33,0.35,542000,0
767.HK,D,20230616,000000,0.34,0.35,0.34,0.35,64000,0
767.HK,D,20230619,000000,0.35,0.35,0.33,0.34,414000,0
767.HK,D,20230620,000000,0.33,0.34,0.33,0.34,413163.7,0
767.HK,D,20230621,000000,0.35,0.35,0.34,0.35,131000,0
767.HK,D,20230623,000000,0.33,0.33,0.31,0.32,689062.8,0
767.HK,D,20230626,000000,0.3,0.31,0.3,0.31,79000,0
767.HK,D,20230627,000000,0.31,0.33,0.3,0.33,272162.5,0
767.HK,D,20230628,000000,0.33,0.35,0.31,0.34,436039,0
767.HK,D,20230629,000000,0.34,0.36,0.34,0.36,131037.5,0
767.HK,D,20230630,000000,0.37,0.4,0.35,0.36,238672.9,0
767.HK,D,20230703,000000,0.29,0.35,0.29,0.34,105018.7,0
767.HK,D,20230704,000000,0.34,0.35,0.34,0.35,101000,0
767.HK,D,20230705,000000,0.35,0.35,0.33,0.34,87000,0
767.HK,D,20230706,000000,0.34,0.34,0.34,0.34,0,0
767.HK,D,20230707,000000,0.33,0.34,0.33,0.34,24625,0
767.HK,D,20230710,000000,0.22,0.33,0.22,0.33,40432.5,0
767.HK,D,20230711,000000,0.32,0.33,0.32,0.32,35000,0
767.HK,D,20230712,000000,0.33,0.34,0.33,0.34,55000,0
767.HK,D,20230713,000000,0.34,0.34,0.32,0.32,204000,0
767.HK,D,20230714,000000,0.33,0.34,0.32,0.33,285000,0
767.HK,D,20230718,000000,0.33,0.34,0.32,0.33,46000,0
767.HK,D,20230719,000000,0.33,0.33,0.32,0.32,62000,0
767.HK,D,20230720,000000,0.3,0.32,0.26,0.3,436312.5,0
767.HK,D,20230721,000000,0.3,0.31,0.24,0.27,2717000,0
767.HK,D,20230724,000000,0.27,0.27,0.27,0.27,112000,0
767.HK,D,20230725,000000,0.27,0.28,0.26,0.27,50000,0
767.HK,D,20230726,000000,0.27,0.28,0.26,0.27,80000,0
767.HK,D,20230727,000000,0.25,0.28,0.25,0.28,245000,0
767.HK,D,20230728,000000,0.28,0.3,0.28,0.3,547025,0
767.HK,D,20230731,000000,0.3,0.32,0.3,0.31,193037.5,0
767.HK,D,20230801,000000,0.3,0.32,0.29,0.3,71000,0
767.HK,D,20230802,000000,0.29,0.32,0.29,0.305,21000,0
767.HK,D,20230803,000000,0.305,0.305,0.305,0.305,31001,0
767.HK,D,20230804,000000,0.305,0.305,0.305,0.305,1010,0
767.HK,D,20230807,000000,0.29,0.29,0.29,0.29,14,0
767.HK,D,20230808,000000,0.29,0.29,0.25,0.25,93000,0
767.HK,D,20230809,000000,0.25,0.25,0.246,0.25,21025,0
767.HK,D,20230810,000000,0.25,0.25,0.25,0.25,48037,0
767.HK,D,20230811,000000,0.25,0.25,0.25,0.25,110187,0
767.HK,D,20230814,000000,0.24,0.25,0.223,0.25,144325,0
767.HK,D,20230815,000000,0.24,0.24,0.24,0.24,23000,0
767.HK,D,20230816,000000,0.215,0.255,0.215,0.25,113003,0
767.HK,D,20230817,000000,0.246,0.265,0.246,0.265,440618,0
767.HK,D,20230818,000000,0.265,0.265,0.265,0.265,22000,0
767.HK,D,20230821,000000,0.235,0.265,0.235,0.265,90012,0
767.HK,D,20230822,000000,0.25,0.255,0.25,0.255,233000,0
767.HK,D,20230823,000000,0.26,0.275,0.255,0.26,134000,0
767.HK,D,20230824,000000,0.27,0.31,0.27,0.3,442112,0
767.HK,D,20230825,000000,0.3,0.3,0.3,0.3,90000,0
767.HK,D,20230828,000000,0.285,0.285,0.27,0.27,155000,0
767.HK,D,20230829,000000,0.265,0.265,0.25,0.255,90046,0
767.HK,D,20230830,000000,0.255,0.255,0.25,0.25,50000,0
767.HK,D,20230831,000000,0.25,0.25,0.25,0.25,8,0
767.HK,D,20230904,000000,0.25,0.25,0.245,0.245,600000,0
767.HK,D,20230905,000000,0.24,0.245,0.238,0.245,830000,0
767.HK,D,20230906,000000,0.226,0.24,0.226,0.24,132012,0
767.HK,D,20230907,000000,0.24,0.24,0.227,0.227,385000,0
767.HK,D,20230911,000000,0.22,0.222,0.22,0.22,434012,0
767.HK,D,20230912,000000,0.2,0.215,0.188,0.196,1078000,0
767.HK,D,20230913,000000,0.192,0.192,0.188,0.192,100000,0
767.HK,D,20230914,000000,0.17,0.192,0.17,0.192,145937,0
767.HK,D,20230915,000000,0.181,0.207,0.18,0.2,1780712,0
767.HK,D,20230918,000000,0.2,0.2,0.197,0.197,458000,0
767.HK,D,20230919,000000,0.197,0.197,0.191,0.191,70000,0
767.HK,D,20230920,000000,0.202,0.202,0.202,0.202,30000,0
767.HK,D,20230921,000000,0.198,0.219,0.195,0.198,200600,0
767.HK,D,20230922,000000,0.188,0.2,0.188,0.2,50000,0
767.HK,D,20230925,000000,0.2,0.2,0.2,0.2,10000,0
767.HK,D,20230926,000000,0.167,0.199,0.167,0.199,25,0
767.HK,D,20230927,000000,0.175,0.195,0.175,0.195,339002,0
767.HK,D,20230928,000000,0.185,0.195,0.185,0.185,10000,0
767.HK,D,20230929,000000,0.185,0.185,0.185,0.185,25000,0
767.HK,D,20231003,000000,0.171,0.187,0.17,0.179,701000,0
767.HK,D,20231004,000000,0.161,0.171,0.161,0.171,110262,0
767.HK,D,20231005,000000,0.159,0.171,0.159,0.171,45025,0
767.HK,D,20231006,000000,0.155,0.17,0.155,0.168,331500,0
767.HK,D,20231009,000000,0.158,0.177,0.158,0.177,120062,0
767.HK,D,20231010,000000,0.177,0.177,0.177,0.177,500000,0
767.HK,D,20231011,000000,0.175,0.19,0.175,0.19,180000,0
767.HK,D,20231012,000000,0.194,0.217,0.194,0.197,543000,0
767.HK,D,20231013,000000,0.199,0.199,0.181,0.191,690000,0
767.HK,D,20231016,000000,0.191,0.191,0.191,0.191,0,0
767.HK,D,20231017,000000,0.188,0.191,0.161,0.188,58000,0
767.HK,D,20231018,000000,0.184,0.19,0.184,0.188,140000,0
767.HK,D,20231019,000000,0.187,0.187,0.187,0.187,300000,0
767.HK,D,20231020,000000,0.187,0.187,0.165,0.181,60000,0
767.HK,D,20231024,000000,0.189,0.189,0.167,0.189,30000,0
767.HK,D,20231025,000000,0.172,0.187,0.171,0.187,390000,0
767.HK,D,20231026,000000,0.186,0.187,0.173,0.186,150000,0
767.HK,D,20231027,000000,0.194,0.194,0.194,0.194,10000,0
767.HK,D,20231030,000000,0.179,0.182,0.177,0.179,300625,0
767.HK,D,20231031,000000,0.179,0.179,0.179,0.179,0,0
767.HK,D,20231101,000000,0.16,0.18,0.16,0.18,340001,0
767.HK,D,20231102,000000,0.16,0.18,0.16,0.18,2000,0
767.HK,D,20231103,000000,0.176,0.191,0.161,0.176,470000,0
767.HK,D,20231106,000000,0.163,0.17,0.16,0.17,511000,0
767.HK,D,20231107,000000,0.174,0.174,0.161,0.162,664000,0
767.HK,D,20231108,000000,0.165,0.165,0.165,0.165,30000,0
767.HK,D,20231109,000000,0.15,0.166,0.15,0.165,60182,0
767.HK,D,20231110,000000,0.165,0.165,0.165,0.165,0,0
767.HK,D,20231113,000000,0.155,0.155,0.155,0.155,30000,0
767.HK,D,20231114,000000,0.156,0.17,0.156,0.168,190000,0
767.HK,D,20231115,000000,0.161,0.161,0.153,0.161,310000,0
767.HK,D,20231116,000000,0.161,0.161,0.161,0.161,209000,0
767.HK,D,20231117,000000,0.161,0.162,0.161,0.162,45001,0
767.HK,D,20231120,000000,0.162,0.165,0.16,0.16,63000,0
767.HK,D,20231121,000000,0.163,0.173,0.163,0.171,300000,0
767.HK,D,20231122,000000,0.171,0.175,0.171,0.175,50000,0
767.HK,D,20231123,000000,0.175,0.175,0.175,0.175,616000,0
767.HK,D,20231124,000000,0.163,0.185,0.163,0.184,1099000,0
767.HK,D,20231127,000000,0.178,0.178,0.163,0.17,178000,0
767.HK,D,20231128,000000,0.17,0.17,0.165,0.169,620000,0
767.HK,D,20231129,000000,0.168,0.168,0.168,0.168,0,0
767.HK,D,20231130,000000,0.168,0.168,0.168,0.168,0,0
767.HK,D,20231201,000000,0.168,0.168,0.168,0.168,113000,0
767.HK,D,20231204,000000,0.16,0.168,0.16,0.16,214000,0
767.HK,D,20231205,000000,0.15,0.16,0.15,0.16,122000,0
767.HK,D,20231206,000000,0.135,0.16,0.135,0.16,260025,0
767.HK,D,20231207,000000,0.163,0.163,0.155,0.155,437000,0
767.HK,D,20231208,000000,0.155,0.155,0.155,0.155,0,0
767.HK,D,20231211,000000,0.12,0.154,0.12,0.154,9000,0
767.HK,D,20231212,000000,0.123,0.15,0.119,0.135,329631,0
767.HK,D,20231213,000000,0.135,0.14,0.13,0.135,750012,0
767.HK,D,20231214,000000,0.12,0.135,0.12,0.135,1220362,0
767.HK,D,20231215,000000,0.135,0.135,0.135,0.135,0,0
767.HK,D,20231218,000000,0.135,0.135,0.135,0.135,0,0
767.HK,D,20231219,000000,0.13,0.13,0.13,0.13,550037,0
767.HK,D,20231220,000000,0.13,0.13,0.125,0.13,160025,0
767.HK,D,20231221,000000,0.107,0.135,0.107,0.135,530001,0
767.HK,D,20231222,000000,0.143,0.143,0.142,0.142,90000,0
767.HK,D,20231227,000000,0.11,0.142,0.11,0.142,12,0
767.HK,D,20231228,000000,0.115,0.132,0.115,0.132,866049,0
767.HK,D,20231229,000000,0.131,0.139,0.131,0.135,160000,0
767.HK,D,20240102,000000,0.149,0.149,0.145,0.145,50000,0
767.HK,D,20240103,000000,0.145,0.145,0.145,0.145,6,0
767.HK,D,20240104,000000,0.12,0.146,0.12,0.126,30625,0
767.HK,D,20240105,000000,0.125,0.155,0.125,0.149,3967000,0
767.HK,D,20240108,000000,0.15,0.155,0.148,0.149,194000,0
767.HK,D,20240109,000000,0.149,0.149,0.149,0.149,0,0
767.HK,D,20240110,000000,0.149,0.149,0.149,0.149,0,0
767.HK,D,20240111,000000,0.137,0.149,0.137,0.149,37,0
767.HK,D,20240112,000000,0.149,0.149,0.149,0.149,50,0
767.HK,D,20240115,000000,0.149,0.149,0.149,0.149,25,0
767.HK,D,20240116,000000,0.137,0.149,0.137,0.149,12000,0
767.HK,D,20240117,000000,0.149,0.149,0.149,0.149,6,0
767.HK,D,20240118,000000,0.127,0.144,0.127,0.133,42000,0
767.HK,D,20240119,000000,0.133,0.133,0.133,0.133,0,0
767.HK,D,20240122,000000,0.13,0.13,0.13,0.13,10000,0
767.HK,D,20240123,000000,0.128,0.128,0.128,0.128,50000,0
767.HK,D,20240124,000000,0.122,0.122,0.112,0.12,652000,0
767.HK,D,20240125,000000,0.13,0.13,0.13,0.13,61887,0
767.HK,D,20240126,000000,0.118,0.118,0.114,0.118,20000,0
767.HK,D,20240129,000000,0.12,0.12,0.119,0.12,10000,0
767.HK,D,20240130,000000,0.125,0.128,0.125,0.128,90000,0
767.HK,D,20240131,000000,0.128,0.13,0.128,0.128,930000,0
767.HK,D,20240201,000000,0.128,0.128,0.128,0.128,400000,0
767.HK,D,20240202,000000,0.125,0.125,0.125,0.125,277000,0
767.HK,D,20240205,000000,0.125,0.125,0.125,0.125,26000,0
767.HK,D,20240206,000000,0.121,0.128,0.121,0.128,129125,0
767.HK,D,20240207,000000,0.116,0.128,0.116,0.128,14000,0
767.HK,D,20240208,000000,0.121,0.121,0.121,0.121,17485,0
767.HK,D,20240209,000000,0.11,0.121,0.11,0.121,2000,0
767.HK,D,20240214,000000,0.121,0.121,0.12,0.12,26000,0
767.HK,D,20240215,000000,0.11,0.11,0.11,0.11,20000,0
767.HK,D,20240216,000000,0.103,0.111,0.103,0.111,65000,0
767.HK,D,20240219,000000,0.108,0.123,0.108,0.108,120000,0
767.HK,D,20240220,000000,0.119,0.119,0.114,0.114,10000,0
767.HK,D,20240221,000000,0.131,0.131,0.11,0.117,44000,0
767.HK,D,20240222,000000,0.11,0.13,0.11,0.124,20056,0
767.HK,D,20240223,000000,0.135,0.135,0.134,0.134,30000,0
767.HK,D,20240226,000000,0.129,0.134,0.128,0.129,45062,0
767.HK,D,20240227,000000,0.117,0.129,0.117,0.129,232,0
767.HK,D,20240228,000000,0.128,0.128,0.128,0.128,0,0
767.HK,D,20240229,000000,0.12,0.12,0.12,0.12,20000,0
767.HK,D,20240301,000000,0.117,0.117,0.109,0.114,123000,0
767.HK,D,20240304,000000,0.114,0.114,0.114,0.114,30000,0
767.HK,D,20240305,000000,0.126,0.126,0.109,0.126,134000,0
767.HK,D,20240306,000000,0.126,0.126,0.126,0.126,120000,0
767.HK,D,20240307,000000,0.114,0.126,0.114,0.126,120037,0
767.HK,D,20240308,000000,0.136,0.137,0.126,0.126,110000,0
767.HK,D,20240311,000000,0.126,0.138,0.126,0.136,460000,0
767.HK,D,20240312,000000,0.136,0.136,0.127,0.136,710000,0
767.HK,D,20240313,000000,0.137,0.139,0.137,0.139,650705,0
767.HK,D,20240314,000000,0.136,0.136,0.131,0.133,920975,0
767.HK,D,20240315,000000,0.133,0.143,0.126,0.128,794000,0
767.HK,D,20240318,000000,0.136,0.136,0.136,0.136,130000,0
767.HK,D,20240319,000000,0.133,0.135,0.132,0.135,227000,0
767.HK,D,20240320,000000,0.136,0.136,0.136,0.136,220000,0
767.HK,D,20240321,000000,0.15,0.158,0.14,0.15,1216000,0
767.HK,D,20240322,000000,0.137,0.141,0.137,0.141,10213,0
767.HK,D,20240325,000000,0.15,0.15,0.131,0.133,870000,0
767.HK,D,20240326,000000,0.133,0.133,0.133,0.133,0,0
767.HK,D,20240327,000000,0.13,0.143,0.13,0.133,260000,0
767.HK,D,20240328,000000,0.13,0.133,0.13,0.133,106000,0
767.HK,D,20240402,000000,0.132,0.134,0.132,0.134,91437,0
767.HK,D,20240403,000000,0.122,0.134,0.122,0.134,100012,0
767.HK,D,20240405,000000,0.134,0.134,0.134,0.134,0,0
767.HK,D,20240408,000000,0.133,0.134,0.133,0.133,160000,0
767.HK,D,20240409,000000,0.133,0.133,0.133,0.133,0,0
767.HK,D,20240410,000000,0.134,0.141,0.134,0.134,60000,0
767.HK,D,20240411,000000,0.134,0.134,0.134,0.134,0,0
767.HK,D,20240412,000000,0.136,0.136,0.136,0.136,10000,0
767.HK,D,20240415,000000,0.135,0.135,0.135,0.135,25647,0
767.HK,D,20240416,000000,0.134,0.134,0.134,0.134,0,0
767.HK,D,20240417,000000,0.132,0.132,0.12,0.121,154000,0
767.HK,D,20240418,000000,0.126,0.126,0.126,0.126,0,0
767.HK,D,20240419,000000,0.11,0.135,0.11,0.135,186,0
767.HK,D,20240422,000000,0.135,0.135,0.135,0.135,0,0
767.HK,D,20240423,000000,0.143,0.143,0.141,0.141,20000,0
767.HK,D,20240424,000000,0.122,0.14,0.122,0.14,23000,0
767.HK,D,20240425,000000,0.127,0.139,0.127,0.127,30000,0
767.HK,D,20240426,000000,0.12,0.13,0.12,0.13,481293,0
767.HK,D,20240429,000000,0.13,0.13,0.13,0.13,20000,0
767.HK,D,20240430,000000,0.13,0.13,0.129,0.13,112000,0
767.HK,D,20240502,000000,0.123,0.123,0.123,0.123,20000,0
767.HK,D,20240503,000000,0.13,0.13,0.121,0.13,150000,0
767.HK,D,20240506,000000,0.138,0.147,0.138,0.147,1260025,0
767.HK,D,20240507,000000,0.127,0.152,0.127,0.149,1032000,0
767.HK,D,20240508,000000,0.149,0.325,0.149,0.24,12329000,0
767.HK,D,20240509,000000,0.265,0.3,0.238,0.26,4725000,0
767.HK,D,20240510,000000,0.25,0.25,0.23,0.244,1080037,0
767.HK,D,20240513,000000,0.245,0.265,0.239,0.239,353250,0
767.HK,D,20240514,000000,0.22,0.22,0.212,0.22,350412,0
767.HK,D,20240516,000000,0.2,0.217,0.2,0.217,483000,0
767.HK,D,20240517,000000,0.203,0.209,0.195,0.196,1119000,0
767.HK,D,20240520,000000,0.203,0.235,0.202,0.22,1245500,0
767.HK,D,20240521,000000,0.22,0.27,0.22,0.24,756000,0
767.HK,D,20240522,000000,0.24,0.26,0.23,0.245,1100029,0
767.HK,D,20240523,000000,0.244,0.246,0.221,0.23,250000,0
767.HK,D,20240524,000000,0.22,0.235,0.22,0.23,570031,0
767.HK,D,20240527,000000,0.241,0.248,0.24,0.24,435000,0
767.HK,D,20240528,000000,0.23,0.236,0.23,0.23,190000,0
767.HK,D,20240529,000000,0.228,0.229,0.225,0.225,100012,0
767.HK,D,20240530,000000,0.214,0.221,0.214,0.214,170125,0
767.HK,D,20240531,000000,0.22,0.3,0.22,0.285,3750000,0
767.HK,D,20240603,000000,0.27,0.335,0.25,0.28,2584000,0
767.HK,D,20240604,000000,0.28,0.305,0.255,0.305,1180113,0
767.HK,D,20240605,000000,0.305,0.37,0.305,0.37,4741722,0
767.HK,D,20240606,000000,0.37,0.395,0.36,0.37,1986000,0
767.HK,D,20240607,000000,0.35,0.37,0.35,0.37,81000,0
767.HK,D,20240611,000000,0.33,0.39,0.33,0.38,503250,0
767.HK,D,20240612,000000,0.37,0.375,0.345,0.37,486000,0
767.HK,D,20240613,000000,0.37,0.37,0.36,0.365,360000,0
767.HK,D,20240614,000000,0.36,0.375,0.35,0.37,1260000,0
767.HK,D,20240617,000000,0.37,0.37,0.36,0.36,127000,0
767.HK,D,20240618,000000,0.35,0.36,0.35,0.36,1061037,0
767.HK,D,20240619,000000,0.36,0.36,0.335,0.34,136000,0
767.HK,D,20240620,000000,0.355,0.36,0.34,0.35,1638000,0
767.HK,D,20240621,000000,0.355,0.36,0.33,0.345,591000,0
767.HK,D,20240624,000000,0.325,0.355,0.325,0.335,439002,0
767.HK,D,20240625,000000,0.335,0.335,0.335,0.335,60000,0
767.HK,D,20240626,000000,0.32,0.33,0.31,0.315,144000,0
767.HK,D,20240627,000000,0.31,0.315,0.31,0.31,410000,0
767.HK,D,20240628,000000,0.31,0.31,0.3,0.31,320000,0
767.HK,D,20240702,000000,0.35,0.37,0.33,0.355,1295000,0
767.HK,D,20240703,000000,0.32,0.37,0.32,0.37,15000,0
767.HK,D,20240704,000000,0.365,0.365,0.34,0.34,210000,0
767.HK,D,20240705,000000,0.31,0.34,0.31,0.34,411000,0
767.HK,D,20240708,000000,0.34,0.34,0.32,0.32,270012,0
767.HK,D,20240709,000000,0.29,0.33,0.29,0.33,140004,0
767.HK,D,20240710,000000,0.34,0.34,0.31,0.325,360000,0
767.HK,D,20240711,000000,0.325,0.33,0.325,0.325,145000,0
767.HK,D,20240712,000000,0.31,0.315,0.31,0.315,140137,0
767.HK,D,20240715,000000,0.315,0.315,0.31,0.315,120437,0
767.HK,D,20240716,000000,0.31,0.31,0.305,0.305,310200,0
767.HK,D,20240717,000000,0.33,0.34,0.33,0.33,120000,0
767.HK,D,20240718,000000,0.33,0.33,0.33,0.33,0,0
767.HK,D,20240719,000000,0.33,0.33,0.33,0.33,4000,0
767.HK,D,20240722,000000,0.33,0.37,0.33,0.36,330000,0
767.HK,D,20240723,000000,0.345,0.35,0.345,0.345,410023,0
767.HK,D,20240724,000000,0.31,0.345,0.31,0.345,165,0
767.HK,D,20240725,000000,0.31,0.335,0.31,0.31,140000,0
767.HK,D,20240726,000000,0.36,0.36,0.31,0.31,30000,0
767.HK,D,20240729,000000,0.31,0.325,0.3,0.305,376000,0
767.HK,D,20240730,000000,0.31,0.32,0.31,0.32,90000,0
767.HK,D,20240731,000000,0.32,0.32,0.32,0.32,0,0
767.HK,D,20240801,000000,0.34,0.34,0.335,0.335,80000,0
767.HK,D,20240802,000000,0.29,0.31,0.29,0.29,353000,0
767.HK,D,20240805,000000,0.32,0.32,0.29,0.295,138000,0
767.HK,D,20240806,000000,0.295,0.295,0.285,0.285,124000,0
767.HK,D,20240807,000000,0.285,0.285,0.285,0.285,0,0
767.HK,D,20240808,000000,0.29,0.3,0.29,0.29,1245000,0
767.HK,D,20240809,000000,0.29,0.29,0.29,0.29,0,0
767.HK,D,20240812,000000,0.29,0.29,0.29,0.29,0,0
767.HK,D,20240813,000000,0.27,0.27,0.265,0.27,130000,0
767.HK,D,20240814,000000,0.27,0.27,0.27,0.27,0,0
767.HK,D,20240815,000000,0.238,0.27,0.238,0.27,15,0
767.HK,D,20240816,000000,0.275,0.28,0.275,0.28,140313,0
767.HK,D,20240819,000000,0.245,0.275,0.245,0.275,3,0
767.HK,D,20240820,000000,0.275,0.275,0.275,0.275,0,0
767.HK,D,20240821,000000,0.275,0.275,0.275,0.275,0,0
767.HK,D,20240822,000000,0.275,0.275,0.275,0.275,0,0
767.HK,D,20240823,000000,0.365,0.37,0.275,0.285,370000,0
767.HK,D,20240826,000000,0.285,0.285,0.285,0.285,0,0
767.HK,D,20240827,000000,0.26,0.28,0.26,0.27,128000,0
767.HK,D,20240828,000000,0.24,0.27,0.24,0.265,681000,0
767.HK,D,20240829,000000,0.255,0.265,0.255,0.255,235001,0
767.HK,D,20240830,000000,0.26,0.26,0.25,0.255,500000,0
767.HK,D,20240902,000000,0.255,0.255,0.255,0.255,10000,0
767.HK,D,20240903,000000,0.27,0.28,0.265,0.27,141000,0
767.HK,D,20240904,000000,0.255,0.265,0.255,0.255,131000,0
767.HK,D,20240905,000000,0.255,0.27,0.255,0.265,63000,0
767.HK,D,20240909,000000,0.265,0.27,0.265,0.27,210312,0
767.HK,D,20240910,000000,0.28,0.285,0.28,0.285,188000,0
767.HK,D,20240911,000000,0.31,0.31,0.265,0.265,346653,0
767.HK,D,20240912,000000,0.29,0.3,0.275,0.29,480193,0
767.HK,D,20240913,000000,0.31,0.315,0.31,0.31,10000,0
767.HK,D,20240916,000000,0.31,0.31,0.31,0.31,4000,0
767.HK,D,20240917,000000,0.31,0.31,0.31,0.31,0,0
767.HK,D,20240919,000000,0.31,0.31,0.3,0.3,46000,0
767.HK,D,20240920,000000,0.3,0.3,0.3,0.3,0,0
767.HK,D,20240923,000000,0.265,0.27,0.265,0.265,110000,0
767.HK,D,20240924,000000,0.246,0.275,0.243,0.27,760007,0
767.HK,D,20240925,000000,0.246,0.255,0.238,0.255,435000,0
767.HK,D,20240926,000000,0.242,0.25,0.242,0.242,1400000,0
767.HK,D,20240927,000000,0.241,0.27,0.235,0.241,306012,0
767.HK,D,20240930,000000,0.255,0.255,0.245,0.247,1132000,0
767.HK,D,20241002,000000,0.248,0.265,0.248,0.25,1558000,0
767.HK,D,20241003,000000,0.25,0.25,0.216,0.229,2018000,0
767.HK,D,20241004,000000,0.218,0.25,0.218,0.25,395037,0
767.HK,D,20241007,000000,0.25,0.265,0.24,0.25,1917010,0
767.HK,D,20241008,000000,0.25,0.265,0.24,0.24,622339,0
767.HK,D,20241009,000000,0.239,0.24,0.22,0.239,310000,0
767.HK,D,20241010,000000,0.25,0.25,0.238,0.238,431000,0
767.HK,D,20241014,000000,0.238,0.238,0.238,0.238,10000,0
767.HK,D,20241015,000000,0.227,0.237,0.225,0.227,330000,0
767.HK,D,20241016,000000,0.228,0.249,0.228,0.249,55000,0
767.HK,D,20241017,000000,0.237,0.24,0.237,0.24,76000,0
767.HK,D,20241018,000000,0.238,0.238,0.234,0.236,440000,0
767.HK,D,20241021,000000,0.255,0.255,0.249,0.249,105000,0
767.HK,D,20241022,000000,0.216,0.221,0.216,0.221,40163,0
767.HK,D,20241023,000000,0.219,0.238,0.219,0.232,70813,0
767.HK,D,20241024,000000,0.21,0.236,0.21,0.21,137400,0
767.HK,D,20241025,000000,0.207,0.21,0.206,0.207,410050,0
767.HK,D,20241028,000000,0.218,0.218,0.2,0.208,40062,0
767.HK,D,20241029,000000,0.22,0.22,0.211,0.22,250000,0
767.HK,D,20241030,000000,0.22,0.295,0.22,0.295,770000,0
767.HK,D,20241031,000000,0.275,0.285,0.241,0.285,1068000,0
767.HK,D,20241101,000000,0.255,0.265,0.255,0.255,284225,0
767.HK,D,20241104,000000,0.26,0.26,0.25,0.26,1420001,0
767.HK,D,20241105,000000,0.26,0.28,0.26,0.275,4640000,0
767.HK,D,20241106,000000,0.285,0.32,0.28,0.305,3292012,0
767.HK,D,20241107,000000,0.285,0.285,0.285,0.285,40000,0
767.HK,D,20241108,000000,0.285,0.285,0.25,0.255,280000,0
767.HK,D,20241111,000000,0.255,0.255,0.255,0.255,180000,0
767.HK,D,20241112,000000,0.275,0.275,0.265,0.265,172000,0
767.HK,D,20241113,000000,0.265,0.265,0.265,0.265,0,0
767.HK,D,20241114,000000,0.265,0.265,0.24,0.25,260000,0
767.HK,D,20241115,000000,0.25,0.265,0.25,0.265,102062,0
767.HK,D,20241118,000000,0.265,0.265,0.265,0.265,10000,0
767.HK,D,20241119,000000,0.265,0.265,0.265,0.265,50000,0
767.HK,D,20241120,000000,0.265,0.295,0.265,0.285,2165000,0
767.HK,D,20241121,000000,0.265,0.265,0.25,0.255,620000,0
767.HK,D,20241122,000000,0.245,0.25,0.245,0.25,220000,0
767.HK,D,20241125,000000,0.245,0.245,0.231,0.245,1633000,0
767.HK,D,20241126,000000,0.245,0.245,0.245,0.245,6,0
767.HK,D,20241127,000000,0.235,0.235,0.232,0.235,210000,0
767.HK,D,20241128,000000,0.235,0.235,0.23,0.235,4762000,0
767.HK,D,20241129,000000,0.235,0.235,0.235,0.235,26000,0
767.HK,D,20241202,000000,0.225,0.225,0.225,0.225,50000,0
767.HK,D,20241203,000000,0.22,0.221,0.22,0.221,80000,0
767.HK,D,20241204,000000,0.221,0.221,0.221,0.221,0,0
767.HK,D,20241205,000000,0.213,0.223,0.213,0.223,78000,0
767.HK,D,20241206,000000,0.216,0.24,0.216,0.238,150050,0
767.HK,D,20241209,000000,0.221,0.221,0.221,0.221,60000,0
767.HK,D,20241210,000000,0.226,0.255,0.226,0.246,664000,0
767.HK,D,20241211,000000,0.243,0.246,0.243,0.243,110000,0
767.HK,D,20241212,000000,0.243,0.243,0.243,0.243,113,0
767.HK,D,20241213,000000,0.243,0.243,0.227,0.227,510000,0
767.HK,D,20241216,000000,0.228,0.23,0.228,0.23,35000,0
767.HK,D,20241217,000000,0.225,0.225,0.223,0.225,20000,0
767.HK,D,20241218,000000,0.237,0.238,0.227,0.237,450000,0
767.HK,D,20241219,000000,0.224,0.225,0.22,0.22,2270000,0
767.HK,D,20241220,000000,0.22,0.22,0.22,0.22,10000,0
767.HK,D,20241223,000000,0.22,0.22,0.22,0.22,10000,0
767.HK,D,20241224,000000,0.225,0.226,0.222,0.222,20000,0
767.HK,D,20241227,000000,0.222,0.222,0.215,0.215,80000,0
767.HK,D,20241230,000000,0.23,0.23,0.216,0.225,3951000,0
767.HK,D,20241231,000000,0.225,0.225,0.225,0.225,170000,0
767.HK,D,20250102,000000,0.225,0.225,0.225,0.225,15000,0
767.HK,D,20250103,000000,0.225,0.225,0.22,0.22,50000,0
767.HK,D,20250106,000000,0.216,0.216,0.163,0.182,3150012,0
767.HK,D,20250107,000000,0.182,0.182,0.165,0.17,90000,0
767.HK,D,20250108,000000,0.171,0.18,0.171,0.171,300037,0
767.HK,D,20250109,000000,0.17,0.17,0.161,0.161,640000,0
767.HK,D,20250110,000000,0.161,0.17,0.161,0.17,483000,0
767.HK,D,20250113,000000,0.169,0.171,0.169,0.169,392000,0
767.HK,D,20250114,000000,0.17,0.17,0.161,0.161,171000,0
767.HK,D,20250115,000000,0.161,0.161,0.161,0.161,100000,0
767.HK,D,20250116,000000,0.161,0.161,0.161,0.161,260000,0
767.HK,D,20250117,000000,0.161,0.161,0.161,0.161,230000,0
767.HK,D,20250120,000000,0.161,0.161,0.161,0.161,200000,0
767.HK,D,20250121,000000,0.145,0.161,0.145,0.161,2025,0
767.HK,D,20250122,000000,0.161,0.161,0.16,0.161,710000,0
767.HK,D,20250123,000000,0.161,0.161,0.158,0.158,150027,0
767.HK,D,20250124,000000,0.152,0.168,0.152,0.168,480000,0
767.HK,D,20250127,000000,0.175,0.228,0.175,0.222,1054150,0
767.HK,D,20250128,000000,0.222,0.222,0.208,0.208,200000,0
767.HK,D,20250203,000000,0.21,0.21,0.208,0.208,76000,0
767.HK,D,20250204,000000,0.209,0.239,0.209,0.228,460000,0
767.HK,D,20250205,000000,0.245,0.245,0.231,0.231,70000,0
767.HK,D,20250206,000000,0.242,0.246,0.237,0.246,416000,0
767.HK,D,20250207,000000,0.228,0.231,0.228,0.231,180150,0
767.HK,D,20250210,000000,0.225,0.27,0.225,0.255,1504187,0
767.HK,D,20250211,000000,0.265,0.265,0.245,0.245,208000,0
767.HK,D,20250212,000000,0.245,0.245,0.245,0.245,0,0
767.HK,D,20250213,000000,0.232,0.255,0.23,0.243,408025,0
767.HK,D,20250214,000000,0.215,0.265,0.215,0.24,122000,0
767.HK,D,20250217,000000,0.22,0.24,0.22,0.24,32100,0
767.HK,D,20250218,000000,0.255,0.29,0.255,0.265,1891000,0
767.HK,D,20250219,000000,0.25,0.26,0.25,0.25,484150,0
767.HK,D,20250220,000000,0.25,0.25,0.25,0.25,158000,0
767.HK,D,20250221,000000,0.25,0.25,0.25,0.25,33798,0
767.HK,D,20250224,000000,0.255,0.265,0.255,0.265,1118000,0
767.HK,D,20250225,000000,0.27,0.295,0.27,0.28,1831000,0
767.HK,D,20250226,000000,0.28,0.285,0.275,0.275,325574,0
767.HK,D,20250227,000000,0.28,0.28,0.265,0.265,520000,0
767.HK,D,20250228,000000,0.235,0.28,0.235,0.28,392012,0
767.HK,D,20250303,000000,0.28,0.285,0.28,0.285,790000,0
767.HK,D,20250304,000000,0.255,0.31,0.255,0.295,1856000,0
767.HK,D,20250305,000000,0.31,0.315,0.3,0.3,2082000,0
767.HK,D,20250306,000000,0.315,0.315,0.305,0.315,634028,0
767.HK,D,20250307,000000,0.31,0.315,0.305,0.305,896025,0
767.HK,D,20250310,000000,0.305,0.375,0.3,0.31,1610024,0
767.HK,D,20250311,000000,0.33,0.33,0.31,0.32,310000,0
767.HK,D,20250312,000000,0.32,0.4,0.32,0.4,3316006,0
767.HK,D,20250313,000000,0.41,0.485,0.41,0.445,4057200,0
767.HK,D,20250314,000000,0.48,0.48,0.385,0.395,4208037,0
767.HK,D,20250317,000000,0.4,0.415,0.4,0.4,921063,0
767.HK,D,20250318,000000,0.4,0.415,0.39,0.4,912037,0
767.HK,D,20250319,000000,0.4,0.43,0.335,0.375,2326012,0
767.HK,D,20250320,000000,0.36,0.4,0.36,0.385,1168780,0
767.HK,D,20250321,000000,0.365,0.38,0.365,0.365,150906,0
767.HK,D,20250324,000000,0.375,0.375,0.37,0.37,357000,0
767.HK,D,20250325,000000,0.37,0.38,0.37,0.37,704077,0
767.HK,D,20250326,000000,0.37,0.44,0.37,0.41,1431000,0
767.HK,D,20250327,000000,0.425,0.43,0.405,0.405,386000,0
767.HK,D,20250328,000000,0.405,0.41,0.4,0.405,253000,0
767.HK,D,20250331,000000,0.41,0.41,0.38,0.405,149000,0
767.HK,D,20250401,000000,0.37,0.4,0.37,0.4,541000,0
767.HK,D,20250402,000000,0.39,0.39,0.39,0.39,250000,0
767.HK,D,20250403,000000,0.39,0.42,0.39,0.39,513480,0
767.HK,D,20250407,000000,0.39,0.39,0.315,0.38,2245000,0
767.HK,D,20250408,000000,0.355,0.38,0.355,0.37,179000,0
767.HK,D,20250409,000000,0.36,0.36,0.34,0.345,380287,0
767.HK,D,20250410,000000,0.38,0.405,0.38,0.385,320000,0
767.HK,D,20250411,000000,0.38,0.4,0.38,0.4,394025,0
767.HK,D,20250414,000000,0.4,0.435,0.4,0.4,843012,0
767.HK,D,20250415,000000,0.4,0.42,0.39,0.415,446000,0
767.HK,D,20250416,000000,0.415,0.42,0.39,0.405,540000,0
767.HK,D,20250417,000000,0.4,0.4,0.4,0.4,50000,0
