<TICKER>,<PER>,<DATE>,<TIME>,<OPEN>,<HIGH>,<LOW>,<CLOSE>,<VOL>,<OPENINT>
83437.HK,D,20240710,000000,9.21,9.21,9.11,9.11,44000,0
83437.HK,D,20240711,000000,9.165,9.165,9.165,9.165,0,0
83437.HK,D,20240712,000000,9.17,9.17,9.17,9.17,2010,0
83437.HK,D,20240715,000000,9.195,9.195,9.19,9.19,26580,0
83437.HK,D,20240716,000000,9.13,9.15,9.13,9.15,560,0
83437.HK,D,20240717,000000,9.1,9.1,8.8,8.8,117120,0
83437.HK,D,20240718,000000,8.85,8.895,8.85,8.895,10,0
83437.HK,D,20240719,000000,8.72,8.72,8.675,8.685,75000,0
83437.HK,D,20240722,000000,8.65,8.765,8.65,8.765,10,0
83437.HK,D,20240723,000000,8.76,8.76,8.76,8.76,0,0
83437.HK,D,20240724,000000,8.795,8.795,8.795,8.795,0,0
83437.HK,D,20240725,000000,8.52,8.555,8.52,8.52,30000,0
83437.HK,D,20240726,000000,8.52,8.52,8.495,8.495,30000,0
83437.HK,D,20240729,000000,8.52,8.56,8.52,8.56,1000,0
83437.HK,D,20240730,000000,8.42,8.42,8.42,8.42,0,0
83437.HK,D,20240731,000000,8.475,8.475,8.475,8.475,0,0
83437.HK,D,20240801,000000,8.54,8.54,8.54,8.54,0,0
83437.HK,D,20240802,000000,8.47,8.47,8.47,8.47,0,0
83437.HK,D,20240805,000000,8.1,8.25,8.08,8.1,7000,0
83437.HK,D,20240806,000000,8.1,8.1,8.1,8.1,0,0
83437.HK,D,20240807,000000,8.285,8.285,8.285,8.285,0,0
83437.HK,D,20240808,000000,8.285,8.285,8.285,8.285,0,0
83437.HK,D,20240809,000000,8.305,8.305,8.305,8.305,0,0
83437.HK,D,20240812,000000,8.305,8.305,8.305,8.305,0,0
83437.HK,D,20240813,000000,8.365,8.365,8.365,8.365,0,0
83437.HK,D,20240814,000000,8.365,8.365,8.365,8.365,0,0
83437.HK,D,20240815,000000,8.43,8.43,8.43,8.43,0,0
83437.HK,D,20240816,000000,8.545,8.545,8.545,8.545,0,0
83437.HK,D,20240819,000000,8.555,8.555,8.555,8.555,0,0
83437.HK,D,20240820,000000,8.505,8.505,8.505,8.505,0,0
83437.HK,D,20240821,000000,8.485,8.485,8.485,8.485,0,0
83437.HK,D,20240822,000000,8.485,8.485,8.485,8.485,0,0
83437.HK,D,20240823,000000,8.505,8.505,8.505,8.505,200,0
83437.HK,D,20240826,000000,8.51,8.51,8.51,8.51,0,0
83437.HK,D,20240827,000000,8.705,8.705,8.705,8.705,0,0
83437.HK,D,20240828,000000,8.635,8.635,8.635,8.635,0,0
83437.HK,D,20240829,000000,8.555,8.555,8.555,8.555,0,0
83437.HK,D,20240830,000000,8.5,8.565,8.5,8.565,6000,0
83437.HK,D,20240902,000000,8.535,8.535,8.535,8.535,0,0
83437.HK,D,20240903,000000,8.49,8.49,8.45,8.45,10000,0
83437.HK,D,20240904,000000,8.27,8.27,8.225,8.225,10000,0
83437.HK,D,20240905,000000,8.145,8.145,8.055,8.075,7500,0
83437.HK,D,20240909,000000,7.85,7.85,7.77,7.78,20,0
83437.HK,D,20240910,000000,7.8,7.8,7.8,7.8,300,0
83437.HK,D,20240911,000000,7.69,7.69,7.69,7.69,1300,0
83437.HK,D,20240912,000000,7.69,7.69,7.69,7.69,0,0
83437.HK,D,20240913,000000,7.765,7.77,7.765,7.765,2000,0
83437.HK,D,20240916,000000,7.76,7.76,7.76,7.76,0,0
83437.HK,D,20240917,000000,7.86,7.865,7.86,7.86,4000,0
83437.HK,D,20240919,000000,7.89,7.89,7.89,7.89,2910,0
83437.HK,D,20240920,000000,7.91,7.91,7.91,7.91,0,0
83437.HK,D,20240923,000000,8.08,8.08,8.06,8.06,760,0
83437.HK,D,20240924,000000,8.265,8.33,8.245,8.33,33800,0
83437.HK,D,20240925,000000,8.48,8.48,8.425,8.425,6600,0
83437.HK,D,20240926,000000,8.45,8.45,8.395,8.395,5500,0
83437.HK,D,20240927,000000,8.12,8.12,8.12,8.12,0,0
83437.HK,D,20240930,000000,8.3,8.3,8.3,8.3,0,0
83437.HK,D,20241002,000000,8.69,8.69,8.645,8.69,30000,0
83437.HK,D,20241003,000000,8.69,8.69,8.69,8.69,0,0
83437.HK,D,20241004,000000,8.65,8.965,8.65,8.965,1000,0
83437.HK,D,20241007,000000,9.2,9.325,9.2,9.325,31500,0
83437.HK,D,20241008,000000,8.495,8.64,8.495,8.495,4000,0
83437.HK,D,20241009,000000,8.35,8.38,8.12,8.185,20000,0
83437.HK,D,20241010,000000,8.63,8.635,8.62,8.62,18000,0
83437.HK,D,20241014,000000,8.62,8.62,8.62,8.62,1090,0
83437.HK,D,20241015,000000,8.415,8.515,8.415,8.415,8000,0
83437.HK,D,20241016,000000,8.43,8.43,8.43,8.43,0,0
83437.HK,D,20241017,000000,8.315,8.315,8.315,8.315,0,0
83437.HK,D,20241018,000000,8.32,8.425,8.32,8.425,10000,0
83437.HK,D,20241021,000000,8.425,8.425,8.385,8.385,90,0
83437.HK,D,20241022,000000,8.385,8.385,8.385,8.385,0,0
83437.HK,D,20241023,000000,8.41,8.43,8.41,8.41,24000,0
83437.HK,D,20241024,000000,8.36,8.36,8.36,8.36,0,0
83437.HK,D,20241025,000000,8.32,8.32,8.32,8.32,0,0
83437.HK,D,20241028,000000,8.25,8.28,8.25,8.28,6000,0
83437.HK,D,20241029,000000,8.215,8.215,8.18,8.18,19000,0
83437.HK,D,20241030,000000,8.135,8.135,8.08,8.08,12500,0
83437.HK,D,20241031,000000,8.09,8.09,8.09,8.09,0,0
83437.HK,D,20241101,000000,8.17,8.17,8.17,8.17,0,0
83437.HK,D,20241104,000000,8.12,8.12,8.12,8.12,3000,0
83437.HK,D,20241105,000000,8.21,8.21,8.21,8.21,0,0
83437.HK,D,20241106,000000,8.195,8.195,8.195,8.195,0,0
83437.HK,D,20241107,000000,8.26,8.265,8.26,8.26,15500,0
83437.HK,D,20241108,000000,8.235,8.235,8.12,8.12,136000,0
83437.HK,D,20241111,000000,8.06,8.06,8.06,8.06,4500,0
83437.HK,D,20241112,000000,8.015,8.015,7.915,7.915,19000,0
83437.HK,D,20241113,000000,7.93,7.93,7.93,7.93,0,0
83437.HK,D,20241114,000000,7.93,7.93,7.87,7.87,2840,0
83437.HK,D,20241115,000000,7.91,7.91,7.91,7.91,0,0
83437.HK,D,20241118,000000,8.055,8.055,8.055,8.055,490,0
83437.HK,D,20241119,000000,8.04,8.04,8.04,8.04,0,0
83437.HK,D,20241120,000000,8.04,8.04,8.04,8.04,1240,0
83437.HK,D,20241121,000000,8.04,8.04,8.04,8.04,0,0
83437.HK,D,20241122,000000,7.92,7.92,7.92,7.92,0,0
83437.HK,D,20241125,000000,7.92,7.92,7.92,7.92,0,0
83437.HK,D,20241126,000000,7.895,7.895,7.895,7.895,0,0
83437.HK,D,20241127,000000,7.94,7.94,7.94,7.94,0,0
83437.HK,D,20241128,000000,7.88,7.88,7.875,7.875,3000,0
83437.HK,D,20241129,000000,7.875,7.875,7.875,7.875,5000,0
83437.HK,D,20241202,000000,7.9,7.905,7.9,7.905,3000,0
83437.HK,D,20241203,000000,8.025,8.025,8.025,8.025,0,0
83437.HK,D,20241204,000000,8.18,8.18,8.18,8.18,47500,0
83437.HK,D,20241205,000000,8.135,8.135,8.135,8.135,0,0
83437.HK,D,20241206,000000,8.195,8.195,8.195,8.195,0,0
83437.HK,D,20241209,000000,8.34,8.34,8.34,8.34,0,0
83437.HK,D,20241210,000000,8.28,8.28,8.28,8.28,0,0
83437.HK,D,20241211,000000,8.32,8.32,8.32,8.32,0,0
83437.HK,D,20241212,000000,8.32,8.32,8.32,8.32,0,0
83437.HK,D,20241213,000000,8.275,8.275,8.275,8.275,0,0
83437.HK,D,20241216,000000,8.275,8.275,8.275,8.275,0,0
83437.HK,D,20241217,000000,8.26,8.34,8.26,8.335,90360,0
83437.HK,D,20241218,000000,8.36,8.36,8.36,8.36,0,0
83437.HK,D,20241219,000000,8.36,8.36,8.36,8.36,0,0
83437.HK,D,20241220,000000,8.33,8.33,8.27,8.27,1250,0
83437.HK,D,20241223,000000,8.34,8.34,8.34,8.34,0,0
83437.HK,D,20241224,000000,8.51,8.51,8.505,8.505,8000,0
83437.HK,D,20241227,000000,8.47,8.5,8.45,8.5,33000,0
83437.HK,D,20241230,000000,8.52,8.52,8.52,8.52,0,0
83437.HK,D,20241231,000000,8.605,8.605,8.605,8.605,0,0
83437.HK,D,20250102,000000,8.475,8.475,8.475,8.475,0,0
83437.HK,D,20250103,000000,8.5,8.5,8.5,8.5,10000,0
83437.HK,D,20250106,000000,8.5,8.515,8.5,8.515,8000,0
83437.HK,D,20250107,000000,8.425,8.425,8.405,8.405,30000,0
83437.HK,D,20250108,000000,8.35,8.36,8.35,8.36,1000,0
83437.HK,D,20250109,000000,8.305,8.305,8.305,8.305,0,0
83437.HK,D,20250110,000000,8.22,8.24,8.22,8.22,10000,0
83437.HK,D,20250113,000000,8.185,8.215,8.185,8.215,10000,0
83437.HK,D,20250114,000000,8.305,8.305,8.305,8.305,20000,0
83437.HK,D,20250115,000000,8.305,8.305,8.305,8.305,0,0
83437.HK,D,20250116,000000,8.325,8.325,8.325,8.325,0,0
83437.HK,D,20250117,000000,8.325,8.325,8.325,8.325,0,0
83437.HK,D,20250120,000000,8.325,8.325,8.265,8.265,9810,0
83437.HK,D,20250121,000000,8.19,8.19,8.175,8.175,10020,0
83437.HK,D,20250122,000000,8.12,8.12,8.105,8.105,10000,0
83437.HK,D,20250123,000000,8.195,8.195,8.155,8.155,3000,0
83437.HK,D,20250124,000000,8.13,8.13,8.13,8.13,10000,0
83437.HK,D,20250127,000000,8.215,8.22,8.215,8.22,20000,0
83437.HK,D,20250128,000000,8.19,8.19,8.19,8.19,1500,0
83437.HK,D,20250203,000000,8.18,8.18,8.18,8.18,0,0
83437.HK,D,20250204,000000,8.22,8.22,8.22,8.22,0,0
83437.HK,D,20250205,000000,8.185,8.185,8.185,8.185,0,0
83437.HK,D,20250206,000000,8.25,8.25,8.25,8.25,0,0
83437.HK,D,20250207,000000,8.26,8.26,8.26,8.26,0,0
83437.HK,D,20250210,000000,8.355,8.355,8.355,8.355,250,0
83437.HK,D,20250211,000000,8.355,8.355,8.355,8.355,0,0
83437.HK,D,20250212,000000,8.43,8.46,8.43,8.46,10000,0
83437.HK,D,20250213,000000,8.385,8.385,8.385,8.385,0,0
83437.HK,D,20250214,000000,8.445,8.445,8.445,8.445,0,0
83437.HK,D,20250217,000000,8.46,8.46,8.46,8.46,0,0
83437.HK,D,20250218,000000,8.525,8.525,8.525,8.525,0,0
83437.HK,D,20250219,000000,8.52,8.52,8.52,8.52,0,0
83437.HK,D,20250220,000000,8.52,8.52,8.52,8.52,0,0
83437.HK,D,20250221,000000,8.51,8.51,8.495,8.51,1900,0
83437.HK,D,20250224,000000,8.475,8.475,8.475,8.475,0,0
83437.HK,D,20250225,000000,8.425,8.425,8.385,8.385,6800,0
83437.HK,D,20250226,000000,8.375,8.375,8.35,8.355,11500,0
83437.HK,D,20250227,000000,8.355,8.355,8.355,8.355,0,0
83437.HK,D,20250228,000000,8.305,8.305,8.305,8.305,0,0
83437.HK,D,20250303,000000,8.39,8.39,8.34,8.34,10200,0
83437.HK,D,20250304,000000,8.24,8.265,8.19,8.265,18440,0
83437.HK,D,20250305,000000,8.285,8.335,8.285,8.335,12640,0
83437.HK,D,20250306,000000,8.395,8.395,8.395,8.395,23000,0
83437.HK,D,20250307,000000,8.45,8.465,8.45,8.465,9600,0
83437.HK,D,20250310,000000,8.46,8.535,8.46,8.475,44730,0
83437.HK,D,20250311,000000,8.35,8.415,8.35,8.415,3000,0
83437.HK,D,20250312,000000,8.415,8.415,8.415,8.415,0,0
83437.HK,D,20250313,000000,8.45,8.45,8.43,8.45,16100,0
83437.HK,D,20250314,000000,8.485,8.525,8.485,8.525,15400,0
83437.HK,D,20250317,000000,8.56,8.56,8.56,8.56,0,0
83437.HK,D,20250318,000000,8.63,8.63,8.63,8.63,10000,0
83437.HK,D,20250319,000000,8.63,8.63,8.63,8.63,0,0
83437.HK,D,20250320,000000,8.61,8.61,8.61,8.61,0,0
83437.HK,D,20250321,000000,8.65,8.65,8.53,8.53,15200,0
83437.HK,D,20250324,000000,8.545,8.545,8.545,8.545,0,0
83437.HK,D,20250325,000000,8.5,8.5,8.5,8.5,3000,0
83437.HK,D,20250326,000000,8.5,8.5,8.495,8.495,10000,0
83437.HK,D,20250327,000000,8.49,8.525,8.49,8.525,26000,0
83437.HK,D,20250328,000000,8.51,8.51,8.45,8.45,24000,0
83437.HK,D,20250331,000000,8.45,8.475,8.45,8.455,18700,0
83437.HK,D,20250401,000000,8.54,8.545,8.54,8.545,21000,0
83437.HK,D,20250402,000000,8.58,8.58,8.58,8.58,0,0
83437.HK,D,20250403,000000,8.58,8.58,8.58,8.58,0,0
83437.HK,D,20250407,000000,7.995,7.995,7.665,7.665,108100,0
83437.HK,D,20250408,000000,7.86,7.86,7.825,7.855,9100,0
83437.HK,D,20250409,000000,7.805,7.805,7.645,7.645,120000,0
83437.HK,D,20250410,000000,7.65,7.74,7.65,7.705,27500,0
83437.HK,D,20250411,000000,7.57,7.685,7.565,7.685,13000,0
83437.HK,D,20250414,000000,7.79,7.79,7.79,7.79,0,0
83437.HK,D,20250415,000000,7.835,7.835,7.835,7.835,0,0
83437.HK,D,20250416,000000,7.835,7.835,7.835,7.835,0,0
83437.HK,D,20250417,000000,7.835,7.835,7.835,7.835,0,0
