<TICKER>,<PER>,<DATE>,<TIME>,<OPEN>,<HIGH>,<LOW>,<CLOSE>,<VOL>,<OPENINT>
9072.HK,D,20191024,000000,10.08,10.16,10.06,10.12,103050,0
9072.HK,D,20191025,000000,10.06,10.06,10.06,10.06,0,0
9072.HK,D,20191028,000000,10.14,10.14,10.14,10.14,0,0
9072.HK,D,20191029,000000,10.24,10.24,10.24,10.24,0,0
9072.HK,D,20191030,000000,10.2,10.2,10.2,10.2,0,0
9072.HK,D,20191031,000000,10.3,10.3,10.3,10.3,5000,0
9072.HK,D,20191101,000000,10.24,10.24,10.24,10.24,0,0
9072.HK,D,20191104,000000,10.26,10.26,10.26,10.26,0,0
9072.HK,D,20191105,000000,10.42,10.42,10.42,10.42,20,0
9072.HK,D,20191106,000000,10.38,10.38,10.38,10.38,0,0
9072.HK,D,20191107,000000,10.38,10.38,10.38,10.38,250,0
9072.HK,D,20191108,000000,10.38,10.38,10.38,10.38,0,0
9072.HK,D,20191111,000000,10.38,10.38,10.38,10.38,0,0
9072.HK,D,20191112,000000,10.38,10.38,10.38,10.38,0,0
9072.HK,D,20191113,000000,10.38,10.38,10.38,10.38,0,0
9072.HK,D,20191114,000000,10.36,10.36,10.36,10.36,0,0
9072.HK,D,20191115,000000,10.38,10.38,10.38,10.38,0,0
9072.HK,D,20191118,000000,10.5,10.5,10.5,10.5,0,0
9072.HK,D,20191119,000000,10.5,10.5,10.5,10.5,0,0
9072.HK,D,20191120,000000,10.5,10.5,10.5,10.5,0,0
9072.HK,D,20191121,000000,10.42,10.42,10.42,10.42,0,0
9072.HK,D,20191122,000000,10.46,10.46,10.46,10.46,0,0
9072.HK,D,20191125,000000,10.56,10.56,10.56,10.56,0,0
9072.HK,D,20191126,000000,10.66,10.66,10.66,10.66,0,0
9072.HK,D,20191127,000000,10.74,10.74,10.74,10.74,0,0
9072.HK,D,20191128,000000,10.78,10.78,10.78,10.78,0,0
9072.HK,D,20191129,000000,10.78,10.78,10.78,10.78,0,0
9072.HK,D,20191202,000000,10.78,10.78,10.78,10.78,0,0
9072.HK,D,20191203,000000,10.68,10.68,10.68,10.68,0,0
9072.HK,D,20191204,000000,10.6,10.6,10.6,10.6,0,0
9072.HK,D,20191205,000000,10.62,10.62,10.62,10.62,0,0
9072.HK,D,20191206,000000,10.68,10.68,10.68,10.68,0,0
9072.HK,D,20191209,000000,10.72,10.72,10.72,10.72,5090,0
9072.HK,D,20191210,000000,10.7,10.72,10.7,10.7,2270,0
9072.HK,D,20191211,000000,10.68,10.68,10.68,10.68,3500,0
9072.HK,D,20191212,000000,10.8,10.84,10.8,10.8,4640,0
9072.HK,D,20191213,000000,10.88,10.88,10.88,10.88,0,0
9072.HK,D,20191216,000000,10.88,10.88,10.88,10.88,0,0
9072.HK,D,20191217,000000,11.02,11.02,11.02,11.02,0,0
9072.HK,D,20191218,000000,11.06,11.06,11.06,11.06,0,0
9072.HK,D,20191219,000000,11.12,11.12,11.12,11.12,0,0
9072.HK,D,20191220,000000,11.24,11.26,11.22,11.22,60000,0
9072.HK,D,20191223,000000,11.28,11.28,11.28,11.28,0,0
9072.HK,D,20191224,000000,11.3,11.3,11.3,11.3,0,0
9072.HK,D,20191227,000000,11.46,11.46,11.46,11.46,0,0
9072.HK,D,20191230,000000,11.46,11.46,11.46,11.46,0,0
9072.HK,D,20191231,000000,11.34,11.34,11.34,11.34,0,0
9072.HK,D,20200102,000000,11.34,11.34,11.34,11.34,0,0
9072.HK,D,20200103,000000,11.5,11.5,11.5,11.5,4900,0
9072.HK,D,20200106,000000,11.5,11.5,11.5,11.5,0,0
9072.HK,D,20200107,000000,11.64,11.64,11.64,11.64,0,0
9072.HK,D,20200108,000000,11.64,11.64,11.64,11.64,0,0
9072.HK,D,20200109,000000,11.82,11.82,11.82,11.82,0,0
9072.HK,D,20200110,000000,11.92,11.92,11.92,11.92,0,0
9072.HK,D,20200113,000000,11.94,11.94,11.94,11.94,0,0
9072.HK,D,20200114,000000,12.06,12.06,12.06,12.06,0,0
9072.HK,D,20200115,000000,12.02,12.02,12.02,12.02,0,0
9072.HK,D,20200116,000000,12.02,12.02,12.02,12.02,0,0
9072.HK,D,20200117,000000,12.02,12.02,12.02,12.02,0,0
9072.HK,D,20200120,000000,12.06,12.06,12.06,12.06,0,0
9072.HK,D,20200121,000000,12.06,12.06,12.06,12.06,0,0
9072.HK,D,20200122,000000,12.08,12.08,12.08,12.08,0,0
9072.HK,D,20200123,000000,12.04,12.04,12.04,12.04,0,0
9072.HK,D,20200124,000000,12.04,12.04,12.04,12.04,0,0
9072.HK,D,20200129,000000,11.9,11.9,11.86,11.86,9800,0
9072.HK,D,20200130,000000,11.68,11.68,11.68,11.68,0,0
9072.HK,D,20200131,000000,11.78,11.78,11.78,11.78,0,0
9072.HK,D,20200203,000000,11.74,11.74,11.74,11.74,0,0
9072.HK,D,20200204,000000,11.96,11.96,11.96,11.96,0,0
9072.HK,D,20200205,000000,12.12,12.12,12.12,12.12,0,0
9072.HK,D,20200206,000000,12.14,12.14,12.14,12.14,0,0
9072.HK,D,20200207,000000,12.18,12.18,12.18,12.18,0,0
9072.HK,D,20200210,000000,12.18,12.18,12.18,12.18,0,0
9072.HK,D,20200211,000000,12.26,12.26,12.26,12.26,0,0
9072.HK,D,20200212,000000,12.3,12.3,12.3,12.3,0,0
9072.HK,D,20200213,000000,12.52,12.54,12.52,12.52,260,0
9072.HK,D,20200214,000000,12.52,12.52,12.52,12.52,0,0
9072.HK,D,20200217,000000,12.54,12.54,12.54,12.54,0,0
9072.HK,D,20200218,000000,12.5,12.5,12.5,12.5,0,0
9072.HK,D,20200219,000000,12.56,12.56,12.56,12.56,0,0
9072.HK,D,20200220,000000,12.62,12.62,12.62,12.62,0,0
9072.HK,D,20200221,000000,12.48,12.48,12.48,12.48,0,0
9072.HK,D,20200224,000000,12.5,12.5,12.12,12.12,200,0
9072.HK,D,20200225,000000,12,12,12,12,0,0
9072.HK,D,20200226,000000,11.72,11.72,11.72,11.72,0,0
9072.HK,D,20200227,000000,11.72,11.72,11.72,11.72,0,0
9072.HK,D,20200228,000000,11.5,11.5,11.24,11.24,580,0
9072.HK,D,20200302,000000,11.58,11.58,11.58,11.58,0,0
9072.HK,D,20200303,000000,11.7,11.7,11.7,11.7,4900,0
9072.HK,D,20200304,000000,11.66,11.66,11.66,11.66,0,0
9072.HK,D,20200305,000000,11.76,11.76,11.76,11.76,0,0
9072.HK,D,20200306,000000,11.58,11.58,11.58,11.58,0,0
9072.HK,D,20200309,000000,10.88,10.88,10.88,10.88,0,0
9072.HK,D,20200310,000000,11.02,11.02,11.02,11.02,0,0
9072.HK,D,20200311,000000,11.02,11.02,11.02,11.02,0,0
9072.HK,D,20200312,000000,10.36,10.36,10.36,10.36,9000,0
9072.HK,D,20200313,000000,9.63,10.28,9.62,10.28,18560,0
9072.HK,D,20200316,000000,10.1,10.1,10.1,10.1,30,0
9072.HK,D,20200317,000000,9.87,9.87,9.87,9.87,0,0
9072.HK,D,20200318,000000,9.59,9.59,9.29,9.3,300,0
9072.HK,D,20200319,000000,9.47,9.47,9.21,9.46,400,0
9072.HK,D,20200320,000000,9.99,9.99,9.99,9.99,0,0
9072.HK,D,20200323,000000,9.38,9.38,9.35,9.35,100,0
9072.HK,D,20200324,000000,10.22,10.24,10.14,10.22,100,0
9072.HK,D,20200325,000000,10.48,10.48,10.48,10.48,0,0
9072.HK,D,20200326,000000,10.18,10.18,10.18,10.18,0,0
9072.HK,D,20200327,000000,10.48,10.48,10.48,10.48,0,0
9072.HK,D,20200330,000000,10.28,10.28,10.28,10.28,0,0
9072.HK,D,20200331,000000,10.6,10.6,10.6,10.6,0,0
9072.HK,D,20200401,000000,10.4,10.4,10.4,10.4,0,0
9072.HK,D,20200402,000000,10.4,10.4,10.4,10.4,0,0
9072.HK,D,20200403,000000,10.26,10.26,10.26,10.26,0,0
9072.HK,D,20200406,000000,10.56,10.56,10.56,10.56,0,0
9072.HK,D,20200407,000000,10.94,10.94,10.94,10.94,0,0
9072.HK,D,20200408,000000,10.86,10.86,10.86,10.86,0,0
9072.HK,D,20200409,000000,11.02,11.02,11.02,11.02,0,0
9072.HK,D,20200414,000000,11.38,11.38,11.38,11.38,0,0
9072.HK,D,20200415,000000,11.5,11.5,11.5,11.5,0,0
9072.HK,D,20200416,000000,11.84,11.84,11.84,11.84,0,0
9072.HK,D,20200417,000000,12.28,12.28,12.28,12.28,0,0
9072.HK,D,20200420,000000,12.08,12.08,12.08,12.08,0,0
9072.HK,D,20200421,000000,12.16,12.16,12.1,12.1,330,0
9072.HK,D,20200422,000000,12.04,12.04,12.04,12.04,0,0
9072.HK,D,20200423,000000,12.12,12.12,12.12,12.12,0,0
9072.HK,D,20200424,000000,12.12,12.12,12.12,12.12,0,0
9072.HK,D,20200427,000000,12.34,12.34,12.34,12.34,0,0
9072.HK,D,20200428,000000,12.34,12.34,12.34,12.34,0,0
9072.HK,D,20200429,000000,12.22,12.22,12.22,12.22,0,0
9072.HK,D,20200504,000000,12.02,12.02,12.02,12.02,0,0
9072.HK,D,20200505,000000,12.28,12.28,12.28,12.28,0,0
9072.HK,D,20200506,000000,12.42,12.42,12.42,12.42,0,0
9072.HK,D,20200507,000000,12.68,12.68,12.68,12.68,0,0
9072.HK,D,20200508,000000,12.88,12.88,12.88,12.88,0,0
9072.HK,D,20200511,000000,13.06,13.06,13.06,13.06,0,0
9072.HK,D,20200512,000000,13.08,13.08,13.04,13.08,100,0
9072.HK,D,20200513,000000,13.02,13.04,13.02,13.04,10000,0
9072.HK,D,20200514,000000,12.96,12.96,12.96,12.96,10000,0
9072.HK,D,20200515,000000,13.06,13.06,13.06,13.06,0,0
9072.HK,D,20200518,000000,13.28,13.28,13.28,13.28,0,0
9072.HK,D,20200519,000000,13.48,13.48,13.48,13.48,0,0
9072.HK,D,20200520,000000,13.58,13.58,13.58,13.58,0,0
9072.HK,D,20200521,000000,13.72,13.74,13.72,13.74,330,0
9072.HK,D,20200522,000000,13.54,13.54,13.54,13.54,0,0
9072.HK,D,20200525,000000,13.62,13.62,13.62,13.62,0,0
9072.HK,D,20200526,000000,13.84,13.84,13.84,13.84,0,0
9072.HK,D,20200527,000000,13.94,13.94,13.72,13.72,70,0
9072.HK,D,20200528,000000,13.52,13.52,13.52,13.52,0,0
9072.HK,D,20200529,000000,13.34,13.34,13.34,13.34,0,0
9072.HK,D,20200601,000000,13.67,13.67,13.67,13.67,0,0
9072.HK,D,20200602,000000,13.77,13.77,13.77,13.77,0,0
9072.HK,D,20200603,000000,13.97,13.97,13.97,13.97,0,0
9072.HK,D,20200604,000000,13.97,13.97,13.97,13.97,0,0
9072.HK,D,20200605,000000,13.97,13.97,13.97,13.97,0,0
9072.HK,D,20200608,000000,14.01,14.01,14.01,14.01,0,0
9072.HK,D,20200609,000000,14.01,14.01,14.01,14.01,0,0
9072.HK,D,20200610,000000,14.37,14.44,14.37,14.37,14180,0
9072.HK,D,20200611,000000,14.49,14.49,14.28,14.28,3700,0
9072.HK,D,20200612,000000,14.08,14.08,14.07,14.07,15000,0
9072.HK,D,20200615,000000,13.93,13.93,13.7,13.7,18000,0
9072.HK,D,20200616,000000,13.7,14.56,13.7,14.53,3040,0
9072.HK,D,20200617,000000,14.67,14.67,14.67,14.67,0,0
9072.HK,D,20200618,000000,14.77,14.77,14.77,14.77,0,0
9072.HK,D,20200619,000000,14.9,14.93,14.9,14.93,2020,0
9072.HK,D,20200622,000000,14.96,15.04,14.93,15.03,50000,0
9072.HK,D,20200623,000000,15.25,15.28,15.24,15.28,10000,0
9072.HK,D,20200624,000000,15.42,15.42,15.35,15.35,5100,0
9072.HK,D,20200626,000000,15.24,15.24,15.24,15.24,0,0
9072.HK,D,20200629,000000,14.94,14.94,14.94,14.94,0,0
9072.HK,D,20200630,000000,14.94,14.94,14.94,14.94,0,0
9072.HK,D,20200702,000000,15.44,15.55,15.44,15.55,13000,0
9072.HK,D,20200703,000000,15.85,15.86,15.85,15.85,10040,0
9072.HK,D,20200706,000000,15.95,15.95,15.95,15.95,0,0
9072.HK,D,20200707,000000,16.04,16.05,15.93,15.95,50000,0
9072.HK,D,20200708,000000,16.14,16.14,16.14,16.14,0,0
9072.HK,D,20200709,000000,16.56,16.56,16.56,16.56,0,0
9072.HK,D,20200710,000000,16.68,16.68,16.68,16.68,0,0
9072.HK,D,20200713,000000,16.92,16.92,16.92,16.92,0,0
9072.HK,D,20200714,000000,16.4,16.4,16.4,16.4,9900,0
9072.HK,D,20200715,000000,16.4,16.4,16.4,16.4,0,0
9072.HK,D,20200716,000000,16.15,16.15,16.15,16.15,0,0
9072.HK,D,20200717,000000,15.93,15.99,15.93,15.97,15000,0
9072.HK,D,20200720,000000,15.97,15.97,15.97,15.97,0,0
9072.HK,D,20200721,000000,16.75,16.75,16.75,16.75,0,0
9072.HK,D,20200722,000000,16.55,16.56,16.42,16.42,100,0
9072.HK,D,20200723,000000,16.42,16.42,16.42,16.42,0,0
9072.HK,D,20200724,000000,15.87,15.87,15.87,15.87,0,0
9072.HK,D,20200727,000000,15.87,15.87,15.87,15.87,0,0
9072.HK,D,20200728,000000,16.27,16.27,16.27,16.27,10000,0
9072.HK,D,20200729,000000,16.22,16.22,16.22,16.22,40,0
9072.HK,D,20200730,000000,16.23,16.23,16.23,16.23,0,0
9072.HK,D,20200731,000000,16.56,16.56,16.56,16.56,0,0
9072.HK,D,20200803,000000,16.68,16.68,16.68,16.68,0,0
9072.HK,D,20200804,000000,16.92,16.98,16.91,16.93,50000,0
9072.HK,D,20200805,000000,17.19,17.19,17.11,17.19,6300,0
9072.HK,D,20200806,000000,17.18,17.18,17.17,17.18,3000,0
9072.HK,D,20200807,000000,17.18,17.18,17.18,17.18,0,0
9072.HK,D,20200810,000000,16.88,16.88,16.88,16.88,0,0
9072.HK,D,20200811,000000,16.7,16.7,16.7,16.7,0,0
9072.HK,D,20200812,000000,16.53,16.53,16.53,16.53,0,0
9072.HK,D,20200813,000000,16.6,16.6,16.6,16.6,30,0
9072.HK,D,20200814,000000,16.6,16.6,16.6,16.6,0,0
9072.HK,D,20200817,000000,16.6,16.6,16.6,16.6,0,0
9072.HK,D,20200818,000000,16.8,16.8,16.8,16.8,0,0
9072.HK,D,20200819,000000,17.12,17.12,17.12,17.12,0,0
9072.HK,D,20200820,000000,17.03,17.03,17.03,17.03,0,0
9072.HK,D,20200821,000000,17.25,17.25,17.25,17.25,0,0
9072.HK,D,20200824,000000,17.3,17.3,17.3,17.3,0,0
9072.HK,D,20200825,000000,17.38,17.41,17.37,17.41,50960,0
9072.HK,D,20200826,000000,17.67,17.67,17.67,17.67,250,0
9072.HK,D,20200827,000000,18.23,18.28,18.23,18.25,55000,0
9072.HK,D,20200828,000000,18.09,18.09,18.04,18.04,400,0
9072.HK,D,20200831,000000,17.94,18.08,17.94,17.94,8380,0
9072.HK,D,20200901,000000,18,18,18,18,0,0
9072.HK,D,20200902,000000,18.46,18.46,18.46,18.46,0,0
9072.HK,D,20200903,000000,18.46,18.46,18.46,18.46,0,0
9072.HK,D,20200904,000000,18.06,18.06,18.06,18.06,0,0
9072.HK,D,20200907,000000,17.17,17.17,17.17,17.17,0,0
9072.HK,D,20200908,000000,17.17,17.17,17.17,17.17,0,0
9072.HK,D,20200909,000000,16.83,16.83,16.83,16.83,0,0
9072.HK,D,20200910,000000,16.83,16.83,16.83,16.83,0,0
9072.HK,D,20200911,000000,16.83,16.83,16.83,16.83,0,0
9072.HK,D,20200914,000000,16.83,16.83,16.83,16.83,0,0
9072.HK,D,20200915,000000,16.83,16.83,16.83,16.83,0,0
9072.HK,D,20200916,000000,16.93,16.93,16.93,16.93,0,0
9072.HK,D,20200917,000000,16.56,16.56,16.56,16.56,0,0
9072.HK,D,20200918,000000,16.47,16.47,16.47,16.47,0,0
9072.HK,D,20200921,000000,16.23,16.23,16.23,16.23,0,0
9072.HK,D,20200922,000000,16.1,16.34,16.1,16.34,200,0
9072.HK,D,20200923,000000,16.7,16.7,16.7,16.7,0,0
9072.HK,D,20200924,000000,16.36,16.36,16.36,16.36,1600,0
9072.HK,D,20200925,000000,16.36,16.36,16.36,16.36,0,0
9072.HK,D,20200928,000000,16.66,16.66,16.66,16.66,0,0
9072.HK,D,20200929,000000,16.85,16.85,16.85,16.85,3000,0
9072.HK,D,20200930,000000,16.85,16.85,16.85,16.85,0,0
9072.HK,D,20201005,000000,17.08,17.17,17.08,17.16,15800,0
9072.HK,D,20201006,000000,17.26,17.26,17.26,17.26,0,0
9072.HK,D,20201007,000000,17.18,17.25,17.18,17.25,3000,0
9072.HK,D,20201008,000000,17.5,17.5,17.5,17.5,0,0
9072.HK,D,20201009,000000,17.57,17.57,17.57,17.57,0,0
9072.HK,D,20201012,000000,17.92,17.92,17.92,17.92,0,0
9072.HK,D,20201014,000000,18.49,18.49,18.49,18.49,0,0
9072.HK,D,20201015,000000,18.03,18.03,18.03,18.03,0,0
9072.HK,D,20201016,000000,18.01,18.02,18.01,18.02,1480,0
9072.HK,D,20201019,000000,18.08,18.08,18.08,18.08,0,0
9072.HK,D,20201020,000000,18.08,18.08,18.08,18.08,0,0
9072.HK,D,20201021,000000,18.16,18.16,18.16,18.16,3000,0
9072.HK,D,20201022,000000,18.12,18.12,18.12,18.12,0,0
9072.HK,D,20201023,000000,18.12,18.12,18.12,18.12,0,0
9072.HK,D,20201027,000000,18.18,18.18,18.18,18.18,0,0
9072.HK,D,20201028,000000,18.46,18.46,18.46,18.46,0,0
9072.HK,D,20201029,000000,18.32,18.34,18.32,18.32,3040,0
9072.HK,D,20201030,000000,18.11,18.23,18.11,18.11,3000,0
9072.HK,D,20201102,000000,17.78,17.78,17.78,17.78,20,0
9072.HK,D,20201103,000000,17.78,17.78,17.78,17.78,0,0
9072.HK,D,20201104,000000,17.95,18.39,17.95,18.06,11000,0
9072.HK,D,20201105,000000,19.08,19.08,19.08,19.08,0,0
9072.HK,D,20201106,000000,19.08,19.08,19.08,19.08,0,0
9072.HK,D,20201109,000000,19.66,19.66,19.66,19.66,100,0
9072.HK,D,20201110,000000,19.66,19.66,18.3,18.3,110,0
9072.HK,D,20201111,000000,17.67,17.67,17.67,17.67,3000,0
9072.HK,D,20201112,000000,18.09,18.09,18.09,18.09,0,0
9072.HK,D,20201113,000000,18.43,18.43,18.43,18.43,0,0
9072.HK,D,20201116,000000,18.62,18.62,18.62,18.62,0,0
9072.HK,D,20201117,000000,18.33,18.33,18.33,18.33,0,0
9072.HK,D,20201118,000000,18.28,18.28,18.28,18.28,0,0
9072.HK,D,20201119,000000,18.2,18.2,18.2,18.2,0,0
9072.HK,D,20201120,000000,18.4,18.4,18.4,18.4,0,0
9072.HK,D,20201123,000000,18.67,18.67,18.67,18.67,0,0
9072.HK,D,20201124,000000,18.67,18.67,18.67,18.67,0,0
9072.HK,D,20201125,000000,18.78,18.78,18.78,18.78,0,0
9072.HK,D,20201126,000000,18.9,18.9,18.9,18.9,0,0
9072.HK,D,20201127,000000,18.91,18.91,18.91,18.91,0,0
9072.HK,D,20201130,000000,19.01,19.01,19.01,19.01,100,0
9072.HK,D,20201201,000000,19.01,19.01,19.01,19.01,0,0
9072.HK,D,20201202,000000,19.05,19.05,19.05,19.05,20,0
9072.HK,D,20201203,000000,19.22,19.22,19.22,19.22,0,0
9072.HK,D,20201204,000000,19.27,19.27,19.27,19.27,0,0
9072.HK,D,20201207,000000,19.23,19.23,19.19,19.22,60000,0
9072.HK,D,20201208,000000,19.34,19.34,19.34,19.34,0,0
9072.HK,D,20201209,000000,19.5,19.5,19.5,19.5,0,0
9072.HK,D,20201210,000000,19.08,19.08,19.08,19.08,0,0
9072.HK,D,20201211,000000,19.31,19.31,19.31,19.31,0,0
9072.HK,D,20201214,000000,19.31,19.31,19.31,19.31,0,0
9072.HK,D,20201215,000000,19.18,19.18,19.18,19.18,0,0
9072.HK,D,20201216,000000,19.3,19.3,19.3,19.3,100,0
9072.HK,D,20201217,000000,19.67,19.67,19.67,19.67,0,0
9072.HK,D,20201218,000000,19.68,19.68,19.68,19.68,0,0
9072.HK,D,20201221,000000,19.78,19.78,19.75,19.75,25000,0
9072.HK,D,20201222,000000,19.58,19.58,19.58,19.58,0,0
9072.HK,D,20201223,000000,19.58,19.58,19.58,19.58,0,0
9072.HK,D,20201224,000000,19.47,19.47,19.47,19.47,0,0
9072.HK,D,20201228,000000,19.26,19.26,19.26,19.26,0,0
9072.HK,D,20201229,000000,19.21,19.21,19.21,19.21,0,0
9072.HK,D,20201230,000000,19.65,19.65,19.65,19.65,0,0
9072.HK,D,20201231,000000,19.75,19.75,19.75,19.75,0,0
9072.HK,D,20210104,000000,19.79,19.79,19.79,19.79,0,0
9072.HK,D,20210105,000000,19.47,19.47,19.47,19.47,0,0
9072.HK,D,20210106,000000,19.7,19.7,19.5,19.5,3120,0
9072.HK,D,20210107,000000,19.45,19.45,19.45,19.45,0,0
9072.HK,D,20210108,000000,19.75,19.84,19.75,19.75,10,0
9072.HK,D,20210111,000000,20.02,20.02,20.02,20.02,0,0
9072.HK,D,20210112,000000,19.83,19.83,19.83,19.83,0,0
9072.HK,D,20210113,000000,19.87,19.87,19.87,19.87,0,0
9072.HK,D,20210114,000000,19.98,19.98,19.98,19.98,0,0
9072.HK,D,20210115,000000,19.99,19.99,19.99,19.99,0,0
9072.HK,D,20210118,000000,19.99,19.99,19.99,19.99,0,0
9072.HK,D,20210119,000000,20.1,20.1,20.1,20.1,0,0
9072.HK,D,20210120,000000,20.78,20.78,20.78,20.78,0,0
9072.HK,D,20210121,000000,21.3,21.3,21.3,21.3,0,0
9072.HK,D,20210122,000000,21.3,21.3,21.18,21.2,70000,0
9072.HK,D,20210125,000000,21.66,21.66,21.66,21.66,0,0
9072.HK,D,20210126,000000,21.38,21.38,21.3,21.3,50000,0
9072.HK,D,20210127,000000,21.3,21.3,21.3,21.3,0,0
9072.HK,D,20210128,000000,20.52,20.62,20.38,20.38,8020,0
9072.HK,D,20210129,000000,20.42,20.42,20.42,20.42,3000,0
9072.HK,D,20210201,000000,20.56,20.56,20.56,20.56,0,0
9072.HK,D,20210202,000000,21.2,21.2,21.2,21.2,0,0
9072.HK,D,20210203,000000,21.92,21.92,21.88,21.92,3000,0
9072.HK,D,20210204,000000,21.78,21.78,21.68,21.78,3000,0
9072.HK,D,20210205,000000,21.92,21.92,21.92,21.92,0,0
9072.HK,D,20210208,000000,22.22,22.22,22.22,22.22,0,0
9072.HK,D,20210209,000000,22.22,22.22,22.22,22.22,0,0
9072.HK,D,20210210,000000,22.72,22.72,22.72,22.72,0,0
9072.HK,D,20210211,000000,22.82,22.82,22.82,22.82,0,0
9072.HK,D,20210216,000000,23.1,23.1,22.96,22.96,65000,0
9072.HK,D,20210217,000000,23.12,23.12,23.12,23.12,0,0
9072.HK,D,20210218,000000,22.96,22.96,22.96,22.96,0,0
9072.HK,D,20210219,000000,22.86,22.86,22.86,22.86,0,0
9072.HK,D,20210222,000000,22.72,22.72,22.5,22.5,3000,0
9072.HK,D,20210223,000000,22.32,22.32,22.32,22.32,0,0
9072.HK,D,20210224,000000,22.06,22.06,21.9,21.92,6030,0
9072.HK,D,20210225,000000,21.92,21.92,21.92,21.92,0,0
9072.HK,D,20210226,000000,21.1,21.1,21.1,21.1,0,0
9072.HK,D,20210301,000000,21.52,21.52,21.52,21.52,0,0
9072.HK,D,20210302,000000,21.9,21.9,21.68,21.68,3000,0
9072.HK,D,20210303,000000,21.7,21.7,21.7,21.7,0,0
9072.HK,D,20210304,000000,20.72,20.78,20.72,20.78,3000,0
9072.HK,D,20210305,000000,20.3,20.3,20.3,20.3,0,0
9072.HK,D,20210308,000000,20.34,20.34,19.98,19.98,3000,0
9072.HK,D,20210309,000000,19.69,19.69,19.69,19.69,0,0
9072.HK,D,20210310,000000,20.16,20.16,20.16,20.16,0,0
9072.HK,D,20210311,000000,20.4,20.4,20.4,20.4,0,0
9072.HK,D,20210312,000000,21.04,21.04,20.56,20.56,3000,0
9072.HK,D,20210315,000000,20.4,20.4,20.4,20.4,0,0
9072.HK,D,20210316,000000,20.42,20.62,20.42,20.62,3010,0
9072.HK,D,20210317,000000,20.62,20.62,20.62,20.62,0,0
9072.HK,D,20210318,000000,20.62,20.62,20.62,20.62,0,0
9072.HK,D,20210319,000000,20.18,20.18,20.12,20.18,310,0
9072.HK,D,20210322,000000,20.3,20.3,20.3,20.3,0,0
9072.HK,D,20210323,000000,20.3,20.3,20.3,20.3,0,0
9072.HK,D,20210324,000000,20.3,20.3,20.3,20.3,0,0
9072.HK,D,20210325,000000,19.64,19.64,19.64,19.64,0,0
9072.HK,D,20210326,000000,19.55,19.55,19.55,19.55,0,0
9072.HK,D,20210329,000000,19.48,19.53,19.32,19.52,26000,0
9072.HK,D,20210330,000000,19.52,19.52,19.52,19.52,0,0
9072.HK,D,20210331,000000,19.63,19.63,19.63,19.63,0,0
9072.HK,D,20210401,000000,20.26,20.26,20.26,20.26,0,0
9072.HK,D,20210407,000000,20.82,20.82,20.82,20.82,0,0
9072.HK,D,20210408,000000,20.98,20.98,20.98,20.98,0,0
9072.HK,D,20210409,000000,21.02,21.02,21.02,21.02,0,0
9072.HK,D,20210412,000000,21.12,21.12,21.12,21.12,0,0
9072.HK,D,20210413,000000,21.12,21.12,21.12,21.12,0,0
9072.HK,D,20210414,000000,21.24,21.24,21.24,21.24,0,0
9072.HK,D,20210415,000000,21.06,21.06,21.06,21.06,5000,0
9072.HK,D,20210416,000000,21.18,21.18,21.18,21.18,0,0
9072.HK,D,20210419,000000,21.18,21.18,21.18,21.18,0,0
9072.HK,D,20210420,000000,21.02,21.02,21.02,21.02,0,0
9072.HK,D,20210421,000000,20.42,20.42,20.42,20.42,3000,0
9072.HK,D,20210422,000000,20.52,20.52,20.52,20.52,0,0
9072.HK,D,20210423,000000,20.56,20.56,20.56,20.56,0,0
9072.HK,D,20210426,000000,20.74,20.74,20.74,20.74,0,0
9072.HK,D,20210427,000000,21.06,21.06,21.06,21.06,0,0
9072.HK,D,20210428,000000,21.1,21.1,21.1,21.1,0,0
9072.HK,D,20210429,000000,21.46,21.46,21.46,21.46,0,0
9072.HK,D,20210430,000000,21.18,21.18,21.18,21.18,0,0
9072.HK,D,20210503,000000,21.08,21.08,21.08,21.08,0,0
9072.HK,D,20210504,000000,20.74,20.74,20.74,20.74,0,0
9072.HK,D,20210505,000000,20.48,20.48,20.48,20.48,0,0
9072.HK,D,20210506,000000,20.3,20.3,20.3,20.3,0,0
9072.HK,D,20210507,000000,20.2,20.2,20.2,20.2,0,0
9072.HK,D,20210510,000000,20.16,20.16,20.16,20.16,0,0
9072.HK,D,20210511,000000,19.31,19.31,19.31,19.31,0,0
9072.HK,D,20210512,000000,19.72,19.72,19.65,19.72,2930,0
9072.HK,D,20210513,000000,19.23,19.23,19.23,19.23,0,0
9072.HK,D,20210514,000000,19.18,19.18,19.18,19.18,0,0
9072.HK,D,20210517,000000,19.4,19.4,19.4,19.4,0,0
9072.HK,D,20210518,000000,19.74,19.74,19.74,19.74,0,0
9072.HK,D,20210520,000000,19.74,19.74,19.74,19.74,0,0
9072.HK,D,20210521,000000,20.04,20.04,20.04,20.04,0,0
9072.HK,D,20210524,000000,20.04,20.04,20.04,20.04,0,0
9072.HK,D,20210525,000000,20.42,20.42,20.42,20.42,0,0
9072.HK,D,20210526,000000,20.42,20.42,20.42,20.42,0,0
9072.HK,D,20210527,000000,20.38,20.38,20.38,20.38,0,0
9072.HK,D,20210528,000000,20.38,20.38,20.38,20.38,0,0
9072.HK,D,20210531,000000,20.44,20.44,20.44,20.44,0,0
9072.HK,D,20210601,000000,20.68,20.7,20.58,20.68,930,0
9072.HK,D,20210602,000000,20.68,20.68,20.68,20.68,0,0
9072.HK,D,20210603,000000,20.64,20.64,20.64,20.64,0,0
9072.HK,D,20210604,000000,20.34,20.34,20.34,20.34,0,0
9072.HK,D,20210607,000000,20.34,20.34,20.34,20.34,0,0
9072.HK,D,20210608,000000,20.5,20.5,20.5,20.5,0,0
9072.HK,D,20210609,000000,20.5,20.5,20.5,20.5,0,0
9072.HK,D,20210610,000000,20.46,20.46,20.46,20.46,0,0
9072.HK,D,20210611,000000,20.54,20.54,20.54,20.54,0,0
9072.HK,D,20210615,000000,20.88,20.88,20.88,20.88,0,0
9072.HK,D,20210616,000000,20.86,20.86,20.86,20.86,0,0
9072.HK,D,20210617,000000,20.7,20.7,20.7,20.7,3000,0
9072.HK,D,20210618,000000,21.2,21.2,21.2,21.2,3000,0
9072.HK,D,20210621,000000,21.04,21.04,20.98,21.04,3000,0
9072.HK,D,20210622,000000,21.02,21.02,21.02,21.02,0,0
9072.HK,D,20210623,000000,21.42,21.42,21.42,21.42,170,0
9072.HK,D,20210624,000000,21.38,21.5,21.38,21.5,170,0
9072.HK,D,20210625,000000,21.7,21.7,21.7,21.7,0,0
9072.HK,D,20210628,000000,21.76,21.76,21.76,21.76,0,0
9072.HK,D,20210629,000000,21.84,21.84,21.84,21.84,0,0
9072.HK,D,20210630,000000,21.98,21.98,21.98,21.98,0,0
9072.HK,D,20210702,000000,21.7,21.7,21.64,21.68,50000,0
9072.HK,D,20210705,000000,21.68,21.68,21.68,21.68,0,0
9072.HK,D,20210706,000000,21.68,21.68,21.68,21.68,0,0
9072.HK,D,20210707,000000,21.82,21.82,21.82,21.82,0,0
9072.HK,D,20210708,000000,21.5,21.5,21.5,21.5,0,0
9072.HK,D,20210709,000000,21.2,21.28,21.2,21.28,360,0
9072.HK,D,20210712,000000,21.44,21.44,21.44,21.44,0,0
9072.HK,D,20210713,000000,21.66,21.66,21.66,21.66,0,0
9072.HK,D,20210714,000000,21.7,21.7,21.7,21.7,0,0
9072.HK,D,20210715,000000,21.7,21.7,21.7,21.7,0,0
9072.HK,D,20210716,000000,21.58,21.58,21.58,21.58,0,0
9072.HK,D,20210719,000000,21.24,21.24,21.24,21.24,0,0
9072.HK,D,20210720,000000,21.2,21.2,21.2,21.2,0,0
9072.HK,D,20210721,000000,21.24,21.24,21.24,21.24,0,0
9072.HK,D,20210722,000000,21.5,21.5,21.5,21.5,0,0
9072.HK,D,20210723,000000,21.8,21.8,21.8,21.8,0,0
9072.HK,D,20210726,000000,21.9,21.9,21.82,21.82,1020,0
9072.HK,D,20210727,000000,21.34,21.38,21.34,21.34,3000,0
9072.HK,D,20210728,000000,21.06,21.08,21.06,21.06,8860,0
9072.HK,D,20210729,000000,21.52,21.52,21.52,21.52,0,0
9072.HK,D,20210730,000000,21,21,21,21,50,0
9072.HK,D,20210802,000000,20.96,20.98,20.96,20.98,30,0
9072.HK,D,20210803,000000,20.76,20.9,20.76,20.9,6730,0
9072.HK,D,20210804,000000,20.9,20.9,20.9,20.9,0,0
9072.HK,D,20210805,000000,20.98,20.98,20.98,20.98,0,0
9072.HK,D,20210806,000000,21.14,21.14,21.14,21.14,0,0
9072.HK,D,20210809,000000,20.92,20.94,20.92,20.94,180,0
9072.HK,D,20210810,000000,21.22,21.22,21.22,21.22,0,0
9072.HK,D,20210811,000000,21.14,21.14,21.14,21.14,0,0
9072.HK,D,20210812,000000,21.02,21.02,21.02,21.02,0,0
9072.HK,D,20210813,000000,21.02,21.02,21.02,21.02,0,0
9072.HK,D,20210816,000000,20.9,20.9,20.9,20.9,0,0
9072.HK,D,20210817,000000,20.56,20.56,20.56,20.56,0,0
9072.HK,D,20210818,000000,20.48,20.48,20.48,20.48,0,0
9072.HK,D,20210819,000000,20.14,20.14,20.14,20.14,0,0
9072.HK,D,20210820,000000,20.12,20.22,20.12,20.16,3170,0
9072.HK,D,20210823,000000,20.32,20.32,20.32,20.32,0,0
9072.HK,D,20210824,000000,20.96,20.96,20.96,20.96,0,0
9072.HK,D,20210825,000000,21.2,21.2,21.2,21.2,0,0
9072.HK,D,20210826,000000,21.2,21.2,21.2,21.2,0,0
9072.HK,D,20210827,000000,21.2,21.2,21.2,21.2,0,0
9072.HK,D,20210830,000000,21.28,21.28,21.28,21.28,0,0
9072.HK,D,20210831,000000,21.72,21.72,21.72,21.72,1490,0
9072.HK,D,20210901,000000,21.74,21.78,21.74,21.78,3000,0
9072.HK,D,20210902,000000,22.02,22.02,22.02,22.02,0,0
9072.HK,D,20210903,000000,21.96,21.96,21.96,21.96,0,0
9072.HK,D,20210906,000000,22.1,22.1,22.1,22.1,0,0
9072.HK,D,20210907,000000,22.14,22.14,22.14,22.14,0,0
9072.HK,D,20210908,000000,22.14,22.14,22.14,22.14,0,0
9072.HK,D,20210909,000000,21.7,21.7,21.7,21.7,3000,0
9072.HK,D,20210910,000000,21.76,21.8,21.76,21.8,20,0
9072.HK,D,20210913,000000,21.68,21.68,21.68,21.68,0,0
9072.HK,D,20210914,000000,21.5,21.5,21.5,21.5,0,0
9072.HK,D,20210915,000000,21.36,21.36,21.36,21.36,0,0
9072.HK,D,20210916,000000,21.36,21.36,21.36,21.36,0,0
9072.HK,D,20210917,000000,21.42,21.42,21.42,21.42,0,0
9072.HK,D,20210920,000000,21.18,21.18,21.18,21.18,0,0
9072.HK,D,20210921,000000,20.78,20.92,20.78,20.92,9000,0
9072.HK,D,20210923,000000,21.06,21.06,21.06,21.06,0,0
9072.HK,D,20210924,000000,20.98,20.98,20.98,20.98,0,0
9072.HK,D,20210927,000000,21.04,21.04,21.04,21.04,0,0
9072.HK,D,20210928,000000,20.84,20.84,20.84,20.84,0,0
9072.HK,D,20210929,000000,20.76,20.76,20.76,20.76,0,0
9072.HK,D,20210930,000000,20.44,20.44,20.38,20.44,6000,0
9072.HK,D,20211004,000000,20.22,20.3,20.14,20.14,5160,0
9072.HK,D,20211005,000000,19.78,19.78,19.75,19.75,4890,0
9072.HK,D,20211006,000000,19.75,19.75,19.75,19.75,0,0
9072.HK,D,20211007,000000,20.54,20.66,20.54,20.66,3000,0
9072.HK,D,20211008,000000,20.66,20.66,20.66,20.66,0,0
9072.HK,D,20211011,000000,20.88,20.98,20.86,20.88,4920,0
9072.HK,D,20211012,000000,20.64,20.7,20.64,20.64,3120,0
9072.HK,D,20211015,000000,21.32,21.32,21.32,21.32,830,0
9072.HK,D,20211018,000000,21.32,21.32,21.32,21.32,0,0
9072.HK,D,20211019,000000,21.72,21.72,21.72,21.72,0,0
9072.HK,D,20211020,000000,21.72,21.72,21.72,21.72,0,0
9072.HK,D,20211021,000000,21.92,21.92,21.92,21.92,0,0
9072.HK,D,20211022,000000,21.92,21.92,21.92,21.92,0,0
9072.HK,D,20211025,000000,21.76,21.76,21.76,21.76,0,0
9072.HK,D,20211026,000000,21.76,21.76,21.76,21.76,0,0
9072.HK,D,20211027,000000,21.32,21.32,21.32,21.32,0,0
9072.HK,D,20211028,000000,21.26,21.26,21.26,21.26,0,0
9072.HK,D,20211029,000000,21.26,21.26,21.26,21.26,0,0
9072.HK,D,20211101,000000,21.26,21.26,21.26,21.26,0,0
9072.HK,D,20211102,000000,21.26,21.26,21.26,21.26,0,0
9072.HK,D,20211103,000000,21.26,21.26,21.26,21.26,0,0
9072.HK,D,20211104,000000,21.54,21.54,21.54,21.54,0,0
9072.HK,D,20211105,000000,21.54,21.54,21.54,21.54,0,0
9072.HK,D,20211108,000000,21.44,21.44,21.44,21.44,0,0
9072.HK,D,20211109,000000,21.34,21.34,21.34,21.34,200,0
9072.HK,D,20211110,000000,21.52,21.52,21.48,21.52,30,0
9072.HK,D,20211111,000000,21.32,21.32,21.32,21.32,0,0
9072.HK,D,20211112,000000,21.34,21.34,21.34,21.34,0,0
9072.HK,D,20211115,000000,21.86,21.86,21.86,21.86,0,0
9072.HK,D,20211116,000000,21.98,21.98,21.98,21.98,0,0
9072.HK,D,20211117,000000,21.98,21.98,21.98,21.98,0,0
9072.HK,D,20211118,000000,21.74,21.74,21.74,21.74,0,0
9072.HK,D,20211119,000000,21.48,21.48,21.48,21.48,350,0
9072.HK,D,20211122,000000,21.48,21.48,21.48,21.48,0,0
9072.HK,D,20211123,000000,20.78,20.78,20.78,20.78,0,0
9072.HK,D,20211124,000000,20.62,20.62,20.62,20.62,0,0
9072.HK,D,20211125,000000,20.76,20.76,20.76,20.76,0,0
9072.HK,D,20211126,000000,20.52,20.52,20.52,20.52,0,0
9072.HK,D,20211129,000000,20.46,20.46,20.46,20.46,0,0
9072.HK,D,20211130,000000,20.3,20.3,20.3,20.3,0,0
9072.HK,D,20211201,000000,20.08,20.08,20.08,20.08,3000,0
9072.HK,D,20211202,000000,19.46,19.46,19.46,19.46,0,0
9072.HK,D,20211203,000000,19.26,19.26,19.26,19.26,0,0
9072.HK,D,20211206,000000,18.74,18.74,18.74,18.74,0,0
9072.HK,D,20211207,000000,19.23,19.23,19.23,19.23,0,0
9072.HK,D,20211208,000000,19.55,19.55,19.55,19.55,0,0
9072.HK,D,20211209,000000,19.78,19.78,19.78,19.78,0,0
9072.HK,D,20211210,000000,19.53,19.53,19.53,19.53,0,0
9072.HK,D,20211213,000000,19.46,19.46,19.46,19.46,0,0
9072.HK,D,20211214,000000,19.11,19.11,19.11,19.11,0,0
9072.HK,D,20211215,000000,18.88,18.88,18.88,18.88,380,0
9072.HK,D,20211216,000000,19.09,19.09,19.09,19.09,0,0
9072.HK,D,20211217,000000,18.56,18.56,18.56,18.56,0,0
9072.HK,D,20211220,000000,18.28,18.28,18.28,18.28,0,0
9072.HK,D,20211221,000000,18.37,18.37,18.37,18.37,0,0
9072.HK,D,20211222,000000,18.69,18.69,18.69,18.69,0,0
9072.HK,D,20211223,000000,18.83,18.83,18.83,18.83,0,0
9072.HK,D,20211224,000000,18.89,18.89,18.89,18.89,0,0
9072.HK,D,20211228,000000,18.93,18.93,18.93,18.93,0,0
9072.HK,D,20211229,000000,18.93,18.93,18.93,18.93,0,0
9072.HK,D,20211230,000000,18.72,18.72,18.72,18.72,0,0
9072.HK,D,20211231,000000,19.01,19.01,19.01,19.01,0,0
9072.HK,D,20220103,000000,18.94,18.94,18.94,18.94,0,0
9072.HK,D,20220104,000000,18.86,18.86,18.86,18.86,0,0
9072.HK,D,20220105,000000,18.11,18.11,18.11,18.11,200,0
9072.HK,D,20220106,000000,17.7,17.7,17.7,17.7,0,0
9072.HK,D,20220107,000000,17.87,17.87,17.87,17.87,0,0
9072.HK,D,20220110,000000,17.87,17.87,17.87,17.87,0,0
9072.HK,D,20220111,000000,17.85,17.85,17.85,17.85,0,0
9072.HK,D,20220112,000000,18.33,18.33,18.33,18.33,0,0
9072.HK,D,20220113,000000,18.33,18.33,18.33,18.33,0,0
9072.HK,D,20220114,000000,17.76,17.76,17.76,17.76,0,0
9072.HK,D,20220117,000000,17.7,17.7,17.7,17.7,950,0
9072.HK,D,20220118,000000,17.55,17.55,17.55,17.55,0,0
9072.HK,D,20220119,000000,17.21,17.21,17.21,17.21,0,0
9072.HK,D,20220120,000000,17.38,17.57,17.38,17.57,260,0
9072.HK,D,20220121,000000,17.07,17.07,17.07,17.07,0,0
9072.HK,D,20220124,000000,16.39,16.39,16.39,16.39,0,0
9072.HK,D,20220125,000000,16.14,16.14,16.08,16.08,80,0
9072.HK,D,20220126,000000,15.9,15.9,15.9,15.9,70,0
9072.HK,D,20220127,000000,15.41,15.41,15.39,15.39,120,0
9072.HK,D,20220128,000000,15.5,15.53,15.5,15.53,50,0
9072.HK,D,20220131,000000,15.86,15.99,15.86,15.99,260,0
9072.HK,D,20220204,000000,16.43,16.44,16.43,16.44,15000,0
9072.HK,D,20220207,000000,16.4,16.4,16.4,16.4,0,0
9072.HK,D,20220208,000000,16.07,16.07,16.07,16.07,0,0
9072.HK,D,20220209,000000,16.34,16.34,16.34,16.34,0,0
9072.HK,D,20220210,000000,16.75,16.75,16.75,16.75,0,0
9072.HK,D,20220211,000000,16.5,16.5,16.5,16.5,0,0
9072.HK,D,20220214,000000,16.07,16.07,16.07,16.07,0,0
9072.HK,D,20220215,000000,15.98,15.98,15.98,15.98,0,0
9072.HK,D,20220216,000000,16.31,16.31,16.31,16.31,0,0
9072.HK,D,20220217,000000,16.13,16.13,16.13,16.13,0,0
9072.HK,D,20220218,000000,15.83,15.83,15.7,15.7,210,0
9072.HK,D,20220221,000000,15.27,15.27,15.27,15.27,50,0
9072.HK,D,20220222,000000,14.83,14.83,14.83,14.83,0,0
9072.HK,D,20220223,000000,14.98,14.98,14.98,14.98,0,0
9072.HK,D,20220224,000000,14.41,14.41,14.13,14.13,210,0
9072.HK,D,20220225,000000,14.8,14.8,14.8,14.8,250,0
9072.HK,D,20220228,000000,14.62,14.85,14.62,14.85,350,0
9072.HK,D,20220301,000000,15.27,15.27,15.27,15.27,0,0
9072.HK,D,20220302,000000,15.01,15.01,15.01,15.01,350,0
9072.HK,D,20220303,000000,14.98,14.98,14.98,14.98,0,0
9072.HK,D,20220304,000000,14.33,14.33,14.33,14.33,970,0
9072.HK,D,20220307,000000,13.69,13.69,13.69,13.69,0,0
9072.HK,D,20220308,000000,13.18,13.18,13.18,13.18,970,0
9072.HK,D,20220309,000000,13.38,13.4,13.38,13.4,870,0
9072.HK,D,20220310,000000,13.83,13.83,13.83,13.83,0,0
9072.HK,D,20220311,000000,13.53,13.53,13.53,13.53,0,0
9072.HK,D,20220314,000000,12.97,12.97,12.84,12.84,1170,0
9072.HK,D,20220315,000000,12.27,12.46,12.13,12.13,1720,0
9072.HK,D,20220316,000000,12.67,13.26,12.64,13.26,1160,0
9072.HK,D,20220317,000000,14.19,14.23,14.17,14.23,1440,0
9072.HK,D,20220318,000000,14.35,14.35,14.22,14.35,890,0
9072.HK,D,20220321,000000,14.66,14.66,14.66,14.66,0,0
9072.HK,D,20220322,000000,14.7,14.7,14.55,14.7,10310,0
9072.HK,D,20220323,000000,15.17,15.17,15.17,15.17,0,0
9072.HK,D,20220324,000000,15,15,15,15,0,0
9072.HK,D,20220325,000000,14.89,14.89,14.89,14.89,0,0
9072.HK,D,20220328,000000,14.74,14.74,14.74,14.74,20,0
9072.HK,D,20220329,000000,15.04,15.04,15.04,15.04,0,0
9072.HK,D,20220330,000000,15.36,15.36,15.36,15.36,310,0
9072.HK,D,20220331,000000,15.26,15.26,15.26,15.26,0,0
9072.HK,D,20220401,000000,14.86,14.86,14.86,14.86,0,0
9072.HK,D,20220404,000000,14.99,14.99,14.99,14.99,0,0
9072.HK,D,20220406,000000,14.99,14.99,14.99,14.99,0,0
9072.HK,D,20220407,000000,14.66,14.66,14.66,14.66,0,0
9072.HK,D,20220408,000000,14.55,14.55,14.55,14.55,0,0
9072.HK,D,20220411,000000,14.06,14.07,14.06,14.06,80,0
9072.HK,D,20220412,000000,13.86,13.89,13.86,13.89,230,0
9072.HK,D,20220413,000000,13.91,13.91,13.91,13.91,0,0
9072.HK,D,20220414,000000,14.07,14.07,14.07,14.07,0,0
9072.HK,D,20220419,000000,13.66,13.66,13.66,13.66,0,0
9072.HK,D,20220420,000000,13.54,13.54,13.54,13.54,0,0
9072.HK,D,20220421,000000,13.02,13.02,13.02,13.02,0,0
9072.HK,D,20220422,000000,12.43,12.43,12.43,12.43,0,0
9072.HK,D,20220425,000000,11.97,11.97,11.97,11.97,230,0
9072.HK,D,20220426,000000,12.18,12.18,12.18,12.18,0,0
9072.HK,D,20220427,000000,11.85,11.93,11.85,11.93,6000,0
9072.HK,D,20220428,000000,12.16,12.27,12.13,12.27,9000,0
9072.HK,D,20220429,000000,12.45,12.63,12.45,12.63,420,0
9072.HK,D,20220503,000000,12.6,12.68,12.6,12.6,50,0
9072.HK,D,20220504,000000,12.41,12.42,12.41,12.42,3040,0
9072.HK,D,20220505,000000,12.58,12.58,12.58,12.58,0,0
9072.HK,D,20220506,000000,11.77,11.85,11.77,11.77,6190,0
9072.HK,D,20220510,000000,11.13,11.15,11.13,11.13,120,0
9072.HK,D,20220511,000000,11.09,11.09,11.09,11.09,0,0
9072.HK,D,20220512,000000,10.52,10.52,10.52,10.52,0,0
9072.HK,D,20220513,000000,10.93,10.93,10.93,10.93,0,0
9072.HK,D,20220516,000000,11.18,11.18,11.06,11.1,12000,0
9072.HK,D,20220517,000000,11.34,11.34,11.34,11.34,0,0
9072.HK,D,20220518,000000,11.36,11.36,11.36,11.36,0,0
9072.HK,D,20220519,000000,10.74,10.74,10.74,10.74,0,0
9072.HK,D,20220520,000000,11.2,11.2,11.2,11.2,0,0
9072.HK,D,20220523,000000,11.17,11.17,11.17,11.17,0,0
9072.HK,D,20220524,000000,10.6,10.6,10.6,10.6,0,0
9072.HK,D,20220525,000000,10.42,10.46,10.42,10.42,40,0
9072.HK,D,20220526,000000,10.47,10.54,10.47,10.54,40,0
9072.HK,D,20220527,000000,11.02,11.02,11.02,11.02,0,0
9072.HK,D,20220530,000000,11.64,11.64,11.64,11.64,0,0
9072.HK,D,20220531,000000,11.6,11.6,11.6,11.6,0,0
9072.HK,D,20220601,000000,11.6,11.6,11.6,11.6,0,0
9072.HK,D,20220602,000000,11.51,11.51,11.51,11.51,0,0
9072.HK,D,20220606,000000,11.78,11.78,11.78,11.78,0,0
9072.HK,D,20220607,000000,11.74,11.74,11.73,11.74,6000,0
9072.HK,D,20220608,000000,12.11,12.11,12.11,12.11,0,0
9072.HK,D,20220609,000000,12.28,12.28,12.28,12.28,0,0
9072.HK,D,20220610,000000,11.85,11.91,11.85,11.91,150,0
9072.HK,D,20220613,000000,11.08,11.08,11.08,11.08,0,0
9072.HK,D,20220614,000000,10.97,10.97,10.93,10.97,5000,0
9072.HK,D,20220615,000000,10.99,10.99,10.99,10.99,3000,0
9072.HK,D,20220616,000000,10.88,10.88,10.88,10.88,250,0
9072.HK,D,20220617,000000,10.96,10.99,10.93,10.99,3470,0
9072.HK,D,20220620,000000,11.03,11.03,11.03,11.03,0,0
9072.HK,D,20220621,000000,11.24,11.24,11.24,11.24,0,0
9072.HK,D,20220622,000000,10.87,10.9,10.87,10.87,3000,0
9072.HK,D,20220623,000000,11.06,11.09,11.06,11.09,2000,0
9072.HK,D,20220624,000000,11.6,11.6,11.6,11.6,0,0
9072.HK,D,20220627,000000,12.07,12.07,12.07,12.07,0,0
9072.HK,D,20220628,000000,11.85,11.85,11.85,11.85,0,0
9072.HK,D,20220629,000000,11.38,11.38,11.38,11.38,0,0
9072.HK,D,20220630,000000,11.2,11.2,11.2,11.2,0,0
9072.HK,D,20220704,000000,11.2,11.2,11.2,11.2,0,0
9072.HK,D,20220705,000000,11.27,11.27,11.27,11.27,0,0
9072.HK,D,20220706,000000,11.6,11.6,11.6,11.6,0,0
9072.HK,D,20220707,000000,11.6,11.6,11.6,11.6,0,0
9072.HK,D,20220708,000000,11.75,11.75,11.75,11.75,0,0
9072.HK,D,20220711,000000,11.53,11.53,11.53,11.53,0,0
9072.HK,D,20220712,000000,11.07,11.07,11.07,11.07,0,0
9072.HK,D,20220713,000000,11.08,11.08,11.06,11.08,8180,0
9072.HK,D,20220714,000000,11,11,11,11,0,0
9072.HK,D,20220715,000000,10.73,10.73,10.69,10.73,5000,0
9072.HK,D,20220718,000000,11.17,11.17,11.17,11.17,0,0
9072.HK,D,20220719,000000,11.1,11.1,11.1,11.1,0,0
9072.HK,D,20220720,000000,11.46,11.46,11.46,11.46,0,0
9072.HK,D,20220721,000000,11.59,11.59,11.59,11.59,0,0
9072.HK,D,20220722,000000,11.59,11.59,11.59,11.59,0,0
9072.HK,D,20220725,000000,11.38,11.38,11.38,11.38,0,0
9072.HK,D,20220726,000000,11.38,11.38,11.38,11.38,0,0
9072.HK,D,20220727,000000,11.17,11.17,11.17,11.17,0,0
9072.HK,D,20220728,000000,11.23,11.23,11.23,11.23,0,0
9072.HK,D,20220729,000000,11.34,11.34,11.34,11.34,0,0
9072.HK,D,20220801,000000,11.29,11.29,11.29,11.29,0,0
9072.HK,D,20220802,000000,11.15,11.15,11.15,11.15,0,0
9072.HK,D,20220803,000000,11.22,11.22,11.22,11.22,0,0
9072.HK,D,20220804,000000,11.74,11.74,11.74,11.74,0,0
9072.HK,D,20220805,000000,11.86,11.86,11.86,11.86,0,0
9072.HK,D,20220808,000000,11.82,11.82,11.82,11.82,0,0
9072.HK,D,20220809,000000,11.81,11.81,11.81,11.81,0,0
9072.HK,D,20220810,000000,11.57,11.57,11.57,11.57,0,0
9072.HK,D,20220811,000000,11.99,11.99,11.99,11.99,0,0
9072.HK,D,20220812,000000,11.99,11.99,11.99,11.99,0,0
9072.HK,D,20220815,000000,11.99,11.99,11.99,11.99,0,0
9072.HK,D,20220816,000000,12.04,12.04,12.04,12.04,0,0
9072.HK,D,20220817,000000,12.03,12.03,12.03,12.03,0,0
9072.HK,D,20220818,000000,11.81,11.81,11.81,11.81,0,0
9072.HK,D,20220819,000000,11.78,11.78,11.78,11.78,0,0
9072.HK,D,20220822,000000,11.4,11.4,11.4,11.4,0,0
9072.HK,D,20220823,000000,11.29,11.29,11.29,11.29,0,0
9072.HK,D,20220824,000000,11.17,11.17,11.17,11.17,0,0
9072.HK,D,20220825,000000,11.6,11.6,11.6,11.6,0,0
9072.HK,D,20220826,000000,11.74,11.74,11.74,11.74,0,0
9072.HK,D,20220829,000000,11.38,11.38,11.38,11.38,0,0
9072.HK,D,20220830,000000,11.5,11.5,11.5,11.5,0,0
9072.HK,D,20220831,000000,11.47,11.47,11.47,11.47,0,0
9072.HK,D,20220901,000000,11.35,11.35,11.35,11.35,0,0
9072.HK,D,20220902,000000,11.4,11.4,11.4,11.4,0,0
9072.HK,D,20220905,000000,11.28,11.28,11.28,11.28,0,0
9072.HK,D,20220906,000000,11.29,11.29,11.29,11.29,0,0
9072.HK,D,20220907,000000,11.14,11.14,11.14,11.14,0,0
9072.HK,D,20220908,000000,11.22,11.22,11.22,11.22,0,0
9072.HK,D,20220909,000000,11.46,11.46,11.46,11.46,0,0
9072.HK,D,20220913,000000,11.81,11.81,11.81,11.81,0,0
9072.HK,D,20220914,000000,11.19,11.19,11.19,11.19,0,0
9072.HK,D,20220915,000000,11.22,11.22,11.22,11.22,0,0
9072.HK,D,20220916,000000,11.08,11.08,11.08,11.08,0,0
9072.HK,D,20220919,000000,10.83,10.83,10.83,10.83,0,0
9072.HK,D,20220920,000000,10.96,10.96,10.96,10.96,0,0
9072.HK,D,20220921,000000,10.83,10.83,10.83,10.83,0,0
9072.HK,D,20220922,000000,10.58,10.58,10.58,10.58,0,0
9072.HK,D,20220923,000000,10.37,10.37,10.37,10.37,0,0
9072.HK,D,20220926,000000,10.22,10.22,10.22,10.22,0,0
9072.HK,D,20220927,000000,10.25,10.25,10.25,10.25,0,0
9072.HK,D,20220928,000000,9.955,9.955,9.955,9.955,0,0
9072.HK,D,20220929,000000,10.12,10.12,10.12,10.12,0,0
9072.HK,D,20220930,000000,10.15,10.15,10.15,10.15,0,0
9072.HK,D,20221003,000000,10.02,10.02,10.02,10.02,0,0
9072.HK,D,20221005,000000,10.6,10.6,10.6,10.6,0,0
9072.HK,D,20221006,000000,10.61,10.61,10.61,10.61,0,0
9072.HK,D,20221007,000000,10.55,10.55,10.55,10.55,0,0
9072.HK,D,20221010,000000,10.15,10.15,10.15,10.15,0,0
9072.HK,D,20221011,000000,9.95,9.95,9.95,9.95,0,0
9072.HK,D,20221012,000000,9.82,9.82,9.82,9.82,0,0
9072.HK,D,20221013,000000,9.705,9.705,9.705,9.705,0,0
9072.HK,D,20221014,000000,9.72,9.72,9.72,9.72,0,0
9072.HK,D,20221017,000000,9.605,9.605,9.605,9.605,0,0
9072.HK,D,20221018,000000,10.04,10.04,10.04,10.04,0,0
9072.HK,D,20221019,000000,10.03,10.03,10.03,10.03,0,0
9072.HK,D,20221020,000000,9.665,9.665,9.665,9.665,0,0
9072.HK,D,20221021,000000,9.62,9.62,9.62,9.62,0,0
9072.HK,D,20221024,000000,9.575,9.575,9.575,9.575,0,0
9072.HK,D,20221025,000000,9.515,9.515,9.515,9.515,0,0
9072.HK,D,20221026,000000,9.545,9.545,9.545,9.545,0,0
9072.HK,D,20221027,000000,9.49,9.49,9.49,9.49,0,0
9072.HK,D,20221028,000000,9.03,9.03,9.03,9.03,0,0
9072.HK,D,20221031,000000,9.185,9.185,9.185,9.185,0,0
9072.HK,D,20221101,000000,9.36,9.36,9.36,9.36,0,0
9072.HK,D,20221102,000000,9.345,9.345,9.345,9.345,0,0
9072.HK,D,20221103,000000,8.9,8.9,8.9,8.9,0,0
9072.HK,D,20221104,000000,8.97,8.97,8.97,8.97,0,0
9072.HK,D,20221107,000000,8.98,8.98,8.98,8.98,0,0
9072.HK,D,20221108,000000,9.07,9.07,9.07,9.07,0,0
9072.HK,D,20221109,000000,9.075,9.075,9.075,9.075,0,0
9072.HK,D,20221110,000000,8.845,8.845,8.845,8.845,0,0
9072.HK,D,20221111,000000,9.78,9.78,9.78,9.78,0,0
9072.HK,D,20221114,000000,9.92,9.92,9.92,9.92,0,0
9072.HK,D,20221115,000000,10.29,10.29,10.29,10.29,0,0
9072.HK,D,20221116,000000,10.55,10.55,10.55,10.55,0,0
9072.HK,D,20221117,000000,10.39,10.39,10.39,10.39,0,0
9072.HK,D,20221118,000000,10.26,10.26,10.26,10.26,0,0
9072.HK,D,20221121,000000,10.05,10.05,10.05,10.05,0,0
9072.HK,D,20221122,000000,9.88,9.88,9.88,9.88,0,0
9072.HK,D,20221123,000000,9.94,9.94,9.94,9.94,0,0
9072.HK,D,20221124,000000,10.06,10.06,10.06,10.06,0,0
9072.HK,D,20221125,000000,10.06,10.06,10.06,10.06,0,0
9072.HK,D,20221128,000000,9.795,9.795,9.795,9.795,0,0
9072.HK,D,20221129,000000,10.1,10.1,10.1,10.1,0,0
9072.HK,D,20221130,000000,10.13,10.13,10.13,10.13,0,0
9072.HK,D,20221201,000000,10.57,10.57,10.57,10.57,0,0
9072.HK,D,20221202,000000,10.67,10.67,10.67,10.67,0,0
9072.HK,D,20221205,000000,10.98,10.98,10.98,10.98,0,0
9072.HK,D,20221206,000000,10.83,10.83,10.83,10.83,0,0
9072.HK,D,20221207,000000,10.83,10.83,10.83,10.83,0,0
9072.HK,D,20221208,000000,10.63,10.63,10.63,10.63,0,0
9072.HK,D,20221209,000000,10.81,10.81,10.81,10.81,0,0
9072.HK,D,20221212,000000,10.73,10.73,10.73,10.73,0,0
9072.HK,D,20221213,000000,10.73,10.73,10.73,10.73,0,0
9072.HK,D,20221214,000000,10.89,10.89,10.89,10.89,0,0
9072.HK,D,20221215,000000,10.75,10.75,10.75,10.75,0,0
9072.HK,D,20221216,000000,10.47,10.47,10.47,10.47,0,0
9072.HK,D,20221219,000000,10.47,10.47,10.47,10.47,0,0
9072.HK,D,20221220,000000,10.19,10.19,10.19,10.19,0,0
9072.HK,D,20221221,000000,10.26,10.26,10.26,10.26,0,0
9072.HK,D,20221222,000000,10.5,10.5,10.5,10.5,0,0
9072.HK,D,20221223,000000,10.36,10.36,10.36,10.36,0,0
9072.HK,D,20221228,000000,10.33,10.33,10.33,10.33,0,0
9072.HK,D,20221229,000000,10.2,10.2,10.2,10.2,0,0
9072.HK,D,20221230,000000,10.29,10.29,10.29,10.29,0,0
9072.HK,D,20230103,000000,10.45,10.45,10.45,10.45,0,0
9072.HK,D,20230104,000000,10.77,10.77,10.77,10.77,0,0
9072.HK,D,20230105,000000,10.93,10.93,10.93,10.93,0,0
9072.HK,D,20230106,000000,10.98,10.98,10.98,10.98,0,0
9072.HK,D,20230109,000000,11.33,11.33,11.33,11.33,0,0
9072.HK,D,20230110,000000,11.33,11.33,11.33,11.33,0,0
9072.HK,D,20230111,000000,11.53,11.53,11.53,11.53,0,0
9072.HK,D,20230112,000000,11.63,11.63,11.63,11.63,0,0
9072.HK,D,20230113,000000,11.81,11.81,11.81,11.81,0,0
9072.HK,D,20230116,000000,11.9,11.9,11.9,11.9,0,0
9072.HK,D,20230117,000000,11.9,11.9,11.9,11.9,0,0
9072.HK,D,20230118,000000,11.9,11.9,11.9,11.9,0,0
9072.HK,D,20230119,000000,11.74,11.74,11.74,11.74,0,0
9072.HK,D,20230120,000000,11.89,11.89,11.89,11.89,0,0
9072.HK,D,20230126,000000,12.39,12.39,12.39,12.39,0,0
9072.HK,D,20230127,000000,12.57,12.57,12.57,12.57,0,0
9072.HK,D,20230130,000000,12.52,12.52,12.52,12.52,0,0
9072.HK,D,20230131,000000,12.28,12.28,12.28,12.28,0,0
9072.HK,D,20230201,000000,12.35,12.35,12.35,12.35,0,0
9072.HK,D,20230202,000000,12.88,12.88,12.88,12.88,0,0
9072.HK,D,20230203,000000,12.88,12.88,12.88,12.88,0,0
9072.HK,D,20230206,000000,12.67,12.67,12.67,12.67,0,0
9072.HK,D,20230207,000000,12.67,12.67,12.67,12.67,0,0
9072.HK,D,20230208,000000,12.77,12.77,12.77,12.77,0,0
9072.HK,D,20230209,000000,12.77,12.77,12.77,12.77,0,0
9072.HK,D,20230210,000000,12.38,12.38,12.38,12.38,0,0
9072.HK,D,20230213,000000,12.24,12.24,12.24,12.24,0,0
9072.HK,D,20230214,000000,12.29,12.29,12.29,12.29,0,0
9072.HK,D,20230215,000000,12.26,12.26,12.26,12.26,0,0
9072.HK,D,20230216,000000,12.5,12.5,12.5,12.5,0,0
9072.HK,D,20230217,000000,12.22,12.22,12.22,12.22,0,0
9072.HK,D,20230220,000000,12.19,12.19,12.19,12.19,0,0
9072.HK,D,20230221,000000,11.96,11.96,11.96,11.96,0,0
9072.HK,D,20230222,000000,11.7,11.7,11.7,11.7,0,0
9072.HK,D,20230223,000000,11.7,11.7,11.7,11.7,0,0
9072.HK,D,20230224,000000,11.54,11.54,11.54,11.54,0,0
9072.HK,D,20230227,000000,11.46,11.46,11.46,11.46,0,0
9072.HK,D,20230228,000000,11.39,11.39,11.39,11.39,0,0
9072.HK,D,20230301,000000,11.7,11.7,11.7,11.7,0,0
9072.HK,D,20230302,000000,11.53,11.53,11.53,11.53,0,0
9072.HK,D,20230303,000000,11.64,11.64,11.64,11.64,0,0
9072.HK,D,20230306,000000,11.9,11.9,11.9,11.9,0,0
9072.HK,D,20230307,000000,11.9,11.9,11.9,11.9,0,0
9072.HK,D,20230308,000000,11.77,11.77,11.77,11.77,0,0
9072.HK,D,20230309,000000,11.71,11.71,11.71,11.71,0,0
9072.HK,D,20230310,000000,11.31,11.31,11.31,11.31,0,0
9072.HK,D,20230313,000000,11.33,11.33,11.33,11.33,0,0
9072.HK,D,20230314,000000,11.28,11.28,11.28,11.28,0,0
9072.HK,D,20230315,000000,11.48,11.48,11.48,11.48,0,0
9072.HK,D,20230316,000000,11.54,11.54,11.54,11.54,0,0
9072.HK,D,20230317,000000,11.79,11.79,11.79,11.79,0,0
9072.HK,D,20230320,000000,11.65,11.65,11.65,11.65,0,0
9072.HK,D,20230321,000000,11.63,11.63,11.63,11.63,0,0
9072.HK,D,20230322,000000,11.73,11.73,11.73,11.73,0,0
9072.HK,D,20230323,000000,11.83,11.83,11.83,11.83,0,0
9072.HK,D,20230324,000000,11.94,11.94,11.94,11.94,0,0
9072.HK,D,20230327,000000,11.87,11.87,11.87,11.87,0,0
9072.HK,D,20230328,000000,11.87,11.87,11.87,11.87,0,0
9072.HK,D,20230329,000000,11.98,11.98,11.98,11.98,0,0
9072.HK,D,20230330,000000,12.11,12.11,12.11,12.11,0,0
9072.HK,D,20230331,000000,12.3,12.3,12.3,12.3,0,0
9072.HK,D,20230403,000000,12.36,12.36,12.36,12.36,0,0
9072.HK,D,20230404,000000,12.36,12.36,12.36,12.36,0,0
9072.HK,D,20230406,000000,12.29,12.29,12.29,12.29,0,0
9072.HK,D,20230411,000000,12.29,12.29,12.29,12.29,0,0
9072.HK,D,20230412,000000,12.13,12.13,12.13,12.13,0,0
9072.HK,D,20230413,000000,12.03,12.03,12.03,12.03,0,0
9072.HK,D,20230414,000000,12.2,12.2,12.2,12.2,0,0
9072.HK,D,20230417,000000,12.25,12.25,12.25,12.25,0,0
9072.HK,D,20230418,000000,12.22,12.22,12.22,12.22,0,0
9072.HK,D,20230419,000000,12.06,12.06,12.06,12.06,0,0
9072.HK,D,20230420,000000,11.98,11.98,11.98,11.98,0,0
9072.HK,D,20230421,000000,11.88,11.88,11.88,11.88,0,0
9072.HK,D,20230424,000000,11.88,11.88,11.88,11.88,0,0
9072.HK,D,20230425,000000,11.73,11.73,11.73,11.73,0,0
9072.HK,D,20230426,000000,11.69,11.69,11.69,11.69,0,0
9072.HK,D,20230427,000000,11.69,11.69,11.69,11.69,0,0
9072.HK,D,20230428,000000,11.76,11.76,11.76,11.76,0,0
9072.HK,D,20230502,000000,11.78,11.78,11.78,11.78,0,0
9072.HK,D,20230503,000000,11.66,11.66,11.66,11.66,0,0
9072.HK,D,20230504,000000,11.66,11.66,11.66,11.66,0,0
9072.HK,D,20230505,000000,11.66,11.66,11.66,11.66,0,0
9072.HK,D,20230508,000000,11.66,11.66,11.66,11.66,0,0
9072.HK,D,20230509,000000,11.66,11.66,11.66,11.66,0,0
9072.HK,D,20230510,000000,11.66,11.66,11.66,11.66,0,0
9072.HK,D,20230511,000000,11.79,11.79,11.79,11.79,0,0
9072.HK,D,20230512,000000,12.01,12.01,12.01,12.01,0,0
9072.HK,D,20230515,000000,12.01,12.01,12.01,12.01,0,0
9072.HK,D,20230516,000000,12.13,12.13,12.13,12.13,0,0
9072.HK,D,20230517,000000,12.12,12.12,12.12,12.12,0,0
9072.HK,D,20230518,000000,12.24,12.24,12.24,12.24,0,0
9072.HK,D,20230519,000000,12.31,12.31,12.31,12.31,0,0
9072.HK,D,20230522,000000,12.31,12.31,12.31,12.31,0,0
9072.HK,D,20230523,000000,12.43,12.43,12.41,12.41,3000,0
9072.HK,D,20230524,000000,12.2,12.2,12.2,12.2,0,0
9072.HK,D,20230525,000000,12.2,12.2,12.2,12.2,0,0
9072.HK,D,20230529,000000,12.43,12.43,12.43,12.43,0,0
9072.HK,D,20230530,000000,12.5,12.5,12.5,12.5,0,0
9072.HK,D,20230531,000000,12.42,12.42,12.42,12.42,0,0
9072.HK,D,20230601,000000,12.42,12.42,12.42,12.42,0,0
9072.HK,D,20230602,000000,12.77,12.77,12.77,12.77,0,0
9072.HK,D,20230605,000000,12.79,12.79,12.79,12.79,0,0
9072.HK,D,20230606,000000,12.82,12.82,12.82,12.82,0,0
9072.HK,D,20230607,000000,12.9,12.9,12.9,12.9,0,0
9072.HK,D,20230608,000000,12.74,12.74,12.74,12.74,0,0
9072.HK,D,20230609,000000,12.77,12.77,12.77,12.77,0,0
9072.HK,D,20230612,000000,12.93,12.93,12.93,12.93,0,0
9072.HK,D,20230613,000000,13.2,13.2,13.2,13.2,70,0
9072.HK,D,20230614,000000,13.2,13.2,13.2,13.2,0,0
9072.HK,D,20230615,000000,13.3,13.3,13.3,13.3,0,0
9072.HK,D,20230616,000000,13.49,13.49,13.49,13.49,0,0
9072.HK,D,20230619,000000,13.44,13.44,13.44,13.44,0,0
9072.HK,D,20230620,000000,13.37,13.37,13.37,13.37,0,0
9072.HK,D,20230621,000000,13.19,13.19,13.19,13.19,0,0
9072.HK,D,20230623,000000,13.11,13.11,13.11,13.11,0,0
9072.HK,D,20230626,000000,13.08,13.08,13.08,13.08,0,0
9072.HK,D,20230627,000000,13,13,13,13,0,0
9072.HK,D,20230628,000000,13,13,13,13,0,0
9072.HK,D,20230629,000000,13,13,13,13,0,0
9072.HK,D,20230630,000000,13,13,13,13,0,0
9072.HK,D,20230703,000000,13.13,13.13,13.13,13.13,0,0
9072.HK,D,20230704,000000,13.17,13.17,13.17,13.17,0,0
9072.HK,D,20230705,000000,13.15,13.15,13.15,13.15,0,0
9072.HK,D,20230706,000000,13.15,13.15,13.15,13.15,0,0
9072.HK,D,20230707,000000,13.05,13.05,13.05,13.05,0,0
9072.HK,D,20230710,000000,13.05,13.05,13.05,13.05,0,0
9072.HK,D,20230711,000000,13.14,13.14,13.14,13.14,0,0
9072.HK,D,20230712,000000,13.38,13.38,13.38,13.38,0,0
9072.HK,D,20230713,000000,13.74,13.74,13.74,13.74,0,0
9072.HK,D,20230714,000000,13.96,13.96,13.96,13.96,0,0
9072.HK,D,20230718,000000,13.95,13.95,13.95,13.95,0,0
9072.HK,D,20230719,000000,13.95,13.95,13.95,13.95,0,0
9072.HK,D,20230720,000000,13.87,13.87,13.87,13.87,0,0
9072.HK,D,20230721,000000,13.69,13.69,13.69,13.69,0,0
9072.HK,D,20230724,000000,13.54,13.54,13.54,13.54,0,0
9072.HK,D,20230725,000000,13.65,13.65,13.65,13.65,0,0
9072.HK,D,20230726,000000,13.71,13.71,13.71,13.71,0,0
9072.HK,D,20230727,000000,14,14,14,14,0,0
9072.HK,D,20230728,000000,13.98,13.98,13.98,13.98,0,0
9072.HK,D,20230731,000000,14.19,14.19,14.19,14.19,0,0
9072.HK,D,20230801,000000,14.29,14.29,14.29,14.29,0,0
9072.HK,D,20230802,000000,14.1,14.1,14.1,14.1,0,0
9072.HK,D,20230803,000000,13.82,13.82,13.82,13.82,70,0
9072.HK,D,20230804,000000,14.15,14.15,14.15,14.15,0,0
9072.HK,D,20230807,000000,14.15,14.15,14.15,14.15,0,0
9072.HK,D,20230808,000000,14.09,14.09,14.09,14.09,0,0
9072.HK,D,20230809,000000,14.09,14.09,14.09,14.09,0,0
9072.HK,D,20230810,000000,14.01,14.01,14.01,14.01,0,0
9072.HK,D,20230811,000000,13.94,13.94,13.94,13.94,0,0
9072.HK,D,20230814,000000,13.84,13.84,13.84,13.84,0,0
9072.HK,D,20230815,000000,13.77,13.77,13.77,13.77,0,0
9072.HK,D,20230816,000000,13.59,13.59,13.59,13.59,0,0
9072.HK,D,20230817,000000,13.41,13.41,13.41,13.41,0,0
9072.HK,D,20230818,000000,13.14,13.14,13.14,13.14,0,0
9072.HK,D,20230821,000000,13.07,13.07,13.07,13.07,0,0
9072.HK,D,20230822,000000,13.15,13.15,13.15,13.15,0,0
9072.HK,D,20230823,000000,13.18,13.18,13.18,13.18,0,0
9072.HK,D,20230824,000000,13.51,13.51,13.51,13.51,0,0
9072.HK,D,20230825,000000,13.13,13.13,13.13,13.13,0,0
9072.HK,D,20230828,000000,13.19,13.19,13.19,13.19,0,0
9072.HK,D,20230829,000000,13.32,13.32,13.32,13.32,0,0
9072.HK,D,20230830,000000,13.62,13.62,13.62,13.62,0,0
9072.HK,D,20230831,000000,13.73,13.73,13.73,13.73,0,0
9072.HK,D,20230904,000000,13.99,13.99,13.99,13.99,0,0
9072.HK,D,20230905,000000,13.94,13.94,13.94,13.94,0,0
9072.HK,D,20230906,000000,13.94,13.94,13.94,13.94,0,0
9072.HK,D,20230907,000000,13.86,13.86,13.86,13.86,0,0
9072.HK,D,20230911,000000,13.86,13.86,13.86,13.86,0,0
9072.HK,D,20230912,000000,13.86,13.86,13.86,13.86,0,0
9072.HK,D,20230913,000000,13.84,13.84,13.84,13.84,0,0
9072.HK,D,20230914,000000,13.84,13.84,13.84,13.84,0,0
9072.HK,D,20230915,000000,13.84,13.84,13.84,13.84,0,0
9072.HK,D,20230918,000000,13.67,13.67,13.67,13.67,0,0
9072.HK,D,20230919,000000,13.64,13.64,13.64,13.64,0,0
9072.HK,D,20230920,000000,13.56,13.56,13.56,13.56,0,0
9072.HK,D,20230921,000000,13.23,13.23,13.23,13.23,0,0
9072.HK,D,20230922,000000,13.2,13.2,13.2,13.2,0,0
9072.HK,D,20230925,000000,13.17,13.17,13.17,13.17,0,0
9072.HK,D,20230926,000000,13.09,13.09,13.09,13.09,0,0
9072.HK,D,20230927,000000,13.01,13.01,13.01,13.01,0,0
9072.HK,D,20230928,000000,12.94,12.94,12.94,12.94,0,0
9072.HK,D,20230929,000000,13.11,13.11,13.11,13.11,0,0
9072.HK,D,20231003,000000,13.11,13.11,13.11,13.11,0,0
9072.HK,D,20231004,000000,12.86,12.86,12.86,12.86,0,0
9072.HK,D,20231005,000000,12.92,12.92,12.92,12.92,0,0
9072.HK,D,20231006,000000,13.01,13.01,13.01,13.01,0,0
9072.HK,D,20231009,000000,13.16,13.16,13.16,13.16,0,0
9072.HK,D,20231010,000000,13.37,13.37,13.37,13.37,0,0
9072.HK,D,20231011,000000,13.44,13.44,13.44,13.44,0,0
9072.HK,D,20231012,000000,13.56,13.56,13.56,13.56,0,0
9072.HK,D,20231013,000000,13.35,13.35,13.35,13.35,0,0
9072.HK,D,20231016,000000,13.15,13.15,13.15,13.15,0,0
9072.HK,D,20231017,000000,13.22,13.22,13.22,13.22,0,0
9072.HK,D,20231018,000000,13.22,13.22,13.22,13.22,0,0
9072.HK,D,20231019,000000,13.09,13.09,13.09,13.09,0,0
9072.HK,D,20231020,000000,13.05,13.05,13.05,13.05,0,0
9072.HK,D,20231024,000000,13.02,13.02,13.02,13.02,0,0
9072.HK,D,20231025,000000,12.97,12.97,12.97,12.97,0,0
9072.HK,D,20231026,000000,12.65,12.65,12.65,12.65,0,0
9072.HK,D,20231027,000000,12.7,12.7,12.7,12.7,0,0
9072.HK,D,20231030,000000,12.8,12.8,12.8,12.8,0,0
9072.HK,D,20231031,000000,12.8,12.8,12.8,12.8,0,0
9072.HK,D,20231101,000000,12.8,12.8,12.8,12.8,0,0
9072.HK,D,20231102,000000,13.06,13.06,13.06,13.06,0,0
9072.HK,D,20231103,000000,13.22,13.22,13.22,13.22,0,0
9072.HK,D,20231106,000000,13.54,13.54,13.54,13.54,0,0
9072.HK,D,20231107,000000,13.54,13.54,13.54,13.54,0,0
9072.HK,D,20231108,000000,13.54,13.54,13.54,13.54,0,0
9072.HK,D,20231109,000000,13.61,13.61,13.61,13.61,0,0
9072.HK,D,20231110,000000,13.55,13.55,13.55,13.55,0,0
9072.HK,D,20231113,000000,13.68,13.68,13.68,13.68,0,0
9072.HK,D,20231114,000000,13.69,13.69,13.69,13.69,0,0
9072.HK,D,20231115,000000,14.05,14.05,14.05,14.05,0,0
9072.HK,D,20231116,000000,14.05,14.05,14.05,14.05,0,0
9072.HK,D,20231117,000000,13.99,13.99,13.99,13.99,0,0
9072.HK,D,20231120,000000,13.99,13.99,13.99,13.99,0,0
9072.HK,D,20231121,000000,14.19,14.19,14.19,14.19,0,0
9072.HK,D,20231122,000000,14.19,14.19,14.19,14.19,0,0
9072.HK,D,20231123,000000,14.34,14.34,14.34,14.34,0,0
9072.HK,D,20231124,000000,14.32,14.32,14.32,14.32,0,0
9072.HK,D,20231127,000000,14.31,14.31,14.31,14.31,0,0
9072.HK,D,20231128,000000,14.29,14.29,14.29,14.29,0,0
9072.HK,D,20231129,000000,14.4,14.4,14.4,14.4,0,0
9072.HK,D,20231130,000000,14.4,14.4,14.4,14.4,0,0
9072.HK,D,20231201,000000,14.4,14.4,14.4,14.4,0,0
9072.HK,D,20231204,000000,14.33,14.33,14.33,14.33,0,0
9072.HK,D,20231205,000000,14.09,14.09,14.09,14.09,0,0
9072.HK,D,20231206,000000,14.19,14.19,14.19,14.19,0,0
9072.HK,D,20231207,000000,14.09,14.09,14.09,14.09,0,0
9072.HK,D,20231208,000000,14.13,14.13,14.13,14.13,0,0
9072.HK,D,20231211,000000,14.13,14.13,14.13,14.13,0,0
9072.HK,D,20231212,000000,14.26,14.26,14.26,14.26,0,0
9072.HK,D,20231213,000000,14.26,14.26,14.26,14.26,0,0
9072.HK,D,20231214,000000,14.35,14.35,14.35,14.35,0,0
9072.HK,D,20231215,000000,14.35,14.35,14.35,14.35,0,0
9072.HK,D,20231218,000000,14.38,14.38,14.38,14.38,0,0
9072.HK,D,20231219,000000,14.56,14.56,14.56,14.56,0,0
9072.HK,D,20231220,000000,14.84,14.84,14.79,14.84,4940,0
9072.HK,D,20231221,000000,14.8,14.8,14.8,14.8,0,0
9072.HK,D,20231222,000000,14.53,14.53,14.53,14.53,0,0
9072.HK,D,20231227,000000,14.62,14.62,14.62,14.62,0,0
9072.HK,D,20231228,000000,14.78,14.78,14.78,14.78,0,0
9072.HK,D,20231229,000000,14.78,14.78,14.78,14.78,0,0
9072.HK,D,20240102,000000,14.74,14.74,14.74,14.74,0,0
9072.HK,D,20240103,000000,14.47,14.47,14.47,14.47,0,0
9072.HK,D,20240104,000000,14.47,14.47,14.47,14.47,0,0
9072.HK,D,20240105,000000,14.3,14.3,14.3,14.3,0,0
9072.HK,D,20240108,000000,14.28,14.28,14.28,14.28,0,0
9072.HK,D,20240109,000000,14.39,14.39,14.39,14.39,0,0
9072.HK,D,20240110,000000,14.42,14.42,14.42,14.42,0,0
9072.HK,D,20240111,000000,14.67,14.67,14.67,14.67,0,0
9072.HK,D,20240112,000000,14.67,14.67,14.67,14.67,0,0
9072.HK,D,20240115,000000,14.67,14.67,14.67,14.67,0,0
9072.HK,D,20240116,000000,14.57,14.57,14.57,14.57,0,0
9072.HK,D,20240117,000000,14.26,14.26,14.26,14.26,0,0
9072.HK,D,20240118,000000,14.28,14.28,14.28,14.28,0,0
9072.HK,D,20240119,000000,14.41,14.41,14.41,14.41,0,0
9072.HK,D,20240122,000000,14.51,14.51,14.51,14.51,0,0
9072.HK,D,20240123,000000,14.72,14.72,14.66,14.66,3600,0
9072.HK,D,20240124,000000,14.66,14.66,14.66,14.66,0,0
9072.HK,D,20240125,000000,15.14,15.14,15.14,15.14,0,0
9072.HK,D,20240126,000000,15.06,15.06,15.06,15.06,1800,0
9072.HK,D,20240129,000000,15.25,15.25,15.25,15.25,0,0
9072.HK,D,20240130,000000,15.21,15.21,15.21,15.21,0,0
9072.HK,D,20240131,000000,14.87,14.87,14.87,14.87,0,0
9072.HK,D,20240201,000000,14.85,14.85,14.85,14.85,0,0
9072.HK,D,20240202,000000,15.29,15.29,15.29,15.29,0,0
9072.HK,D,20240205,000000,15.34,15.34,15.34,15.34,0,0
9072.HK,D,20240206,000000,15.47,15.47,15.47,15.47,0,0
9072.HK,D,20240207,000000,15.4,15.4,15.4,15.4,0,0
9072.HK,D,20240208,000000,15.42,15.42,15.42,15.42,0,0
9072.HK,D,20240209,000000,15.42,15.42,15.42,15.42,0,0
9072.HK,D,20240214,000000,15.42,15.42,15.42,15.42,0,0
9072.HK,D,20240215,000000,15.63,15.63,15.63,15.63,0,0
9072.HK,D,20240216,000000,15.8,15.8,15.8,15.8,0,0
9072.HK,D,20240219,000000,15.64,15.64,15.64,15.64,0,0
9072.HK,D,20240220,000000,15.62,15.62,15.62,15.62,0,0
9072.HK,D,20240221,000000,15.52,15.52,15.52,15.52,1800,0
9072.HK,D,20240222,000000,15.68,15.68,15.68,15.68,0,0
9072.HK,D,20240223,000000,15.75,15.75,15.75,15.75,0,0
9072.HK,D,20240226,000000,15.7,15.7,15.7,15.7,0,0
9072.HK,D,20240227,000000,15.68,15.68,15.68,15.68,0,0
9072.HK,D,20240228,000000,15.68,15.68,15.68,15.68,0,0
9072.HK,D,20240229,000000,15.59,15.59,15.59,15.59,0,0
9072.HK,D,20240301,000000,15.69,15.69,15.69,15.69,0,0
9072.HK,D,20240304,000000,15.82,15.82,15.82,15.82,0,0
9072.HK,D,20240305,000000,15.61,15.61,15.61,15.61,0,0
9072.HK,D,20240306,000000,15.57,15.57,15.57,15.57,0,0
9072.HK,D,20240307,000000,15.46,15.46,15.46,15.46,0,0
9072.HK,D,20240308,000000,15.7,15.7,15.7,15.7,0,0
9072.HK,D,20240311,000000,15.7,15.7,15.7,15.7,0,0
9072.HK,D,20240312,000000,15.95,15.95,15.95,15.95,0,0
9072.HK,D,20240313,000000,16.05,16.05,16.05,16.05,0,0
9072.HK,D,20240314,000000,16.09,16.09,16.09,16.09,0,0
9072.HK,D,20240315,000000,16.06,16.06,16.06,16.06,0,0
9072.HK,D,20240318,000000,16.01,16.01,16.01,16.01,0,0
9072.HK,D,20240319,000000,16.03,16.03,16.03,16.03,0,0
9072.HK,D,20240320,000000,16.06,16.06,16.06,16.06,0,0
9072.HK,D,20240321,000000,16.44,16.44,16.44,16.44,0,0
9072.HK,D,20240322,000000,16.28,16.28,16.28,16.28,0,0
9072.HK,D,20240325,000000,16.28,16.28,16.28,16.28,0,0
9072.HK,D,20240326,000000,16.28,16.28,16.28,16.28,0,0
9072.HK,D,20240327,000000,16.28,16.28,16.28,16.28,0,0
9072.HK,D,20240328,000000,16.21,16.21,16.21,16.21,0,0
9072.HK,D,20240402,000000,16.21,16.21,16.21,16.21,0,0
9072.HK,D,20240403,000000,16.21,16.21,16.21,16.21,0,0
9072.HK,D,20240405,000000,16.21,16.21,16.21,16.21,0,0
9072.HK,D,20240408,000000,16.35,16.35,16.35,16.35,0,0
9072.HK,D,20240409,000000,16.35,16.35,16.35,16.35,0,0
9072.HK,D,20240410,000000,16.51,16.51,16.51,16.51,0,0
9072.HK,D,20240411,000000,16.51,16.51,16.51,16.51,0,0
9072.HK,D,20240412,000000,16.51,16.51,16.51,16.51,0,0
9072.HK,D,20240415,000000,16.35,16.35,16.35,16.35,0,0
9072.HK,D,20240416,000000,15.95,15.95,15.95,15.95,0,0
9072.HK,D,20240417,000000,15.95,15.95,15.95,15.95,0,0
9072.HK,D,20240418,000000,15.95,15.95,15.95,15.95,0,0
9072.HK,D,20240419,000000,15.51,15.61,15.51,15.61,3600,0
9072.HK,D,20240422,000000,15.62,15.62,15.62,15.62,0,0
9072.HK,D,20240423,000000,15.89,15.89,15.89,15.89,0,0
9072.HK,D,20240424,000000,16.32,16.32,16.32,16.32,0,0
9072.HK,D,20240425,000000,15.91,15.91,15.91,15.91,0,0
9072.HK,D,20240426,000000,16.3,16.3,16.3,16.3,0,0
9072.HK,D,20240429,000000,16.4,16.4,16.4,16.4,0,0
9072.HK,D,20240430,000000,16.32,16.32,16.32,16.32,0,0
9072.HK,D,20240502,000000,16.35,16.35,16.35,16.35,0,0
9072.HK,D,20240503,000000,16.67,16.67,16.67,16.67,0,0
9072.HK,D,20240506,000000,16.91,16.91,16.91,16.91,0,0
9072.HK,D,20240507,000000,16.98,16.98,16.98,16.98,0,0
9072.HK,D,20240508,000000,16.98,16.98,16.98,16.98,0,0
9072.HK,D,20240509,000000,16.99,16.99,16.99,16.99,0,0
9072.HK,D,20240510,000000,16.99,16.99,16.99,16.99,0,0
9072.HK,D,20240513,000000,17.13,17.13,17.13,17.13,0,0
9072.HK,D,20240514,000000,17.18,17.18,17.18,17.18,0,0
9072.HK,D,20240516,000000,17.48,17.48,17.48,17.48,0,0
9072.HK,D,20240517,000000,17.54,17.54,17.54,17.54,0,0
9072.HK,D,20240520,000000,17.66,17.66,17.66,17.66,0,0
9072.HK,D,20240521,000000,17.67,17.67,17.67,17.67,0,0
9072.HK,D,20240522,000000,17.67,17.67,17.67,17.67,0,0
9072.HK,D,20240523,000000,17.58,17.58,17.58,17.58,0,0
9072.HK,D,20240524,000000,17.46,17.46,17.46,17.46,0,0
9072.HK,D,20240527,000000,17.49,17.49,17.49,17.49,0,0
9072.HK,D,20240528,000000,17.55,17.55,17.55,17.55,0,0
9072.HK,D,20240529,000000,17.42,17.42,17.42,17.42,0,0
9072.HK,D,20240530,000000,17.36,17.36,17.36,17.36,0,0
9072.HK,D,20240531,000000,17.13,17.13,17.13,17.13,0,0
9072.HK,D,20240603,000000,17.14,17.14,17.14,17.14,0,0
9072.HK,D,20240604,000000,17.14,17.14,17.14,17.14,0,0
9072.HK,D,20240605,000000,17.23,17.23,17.23,17.23,0,0
9072.HK,D,20240606,000000,17.39,17.39,17.39,17.39,0,0
9072.HK,D,20240607,000000,17.46,17.46,17.46,17.46,0,0
9072.HK,D,20240611,000000,17.46,17.46,17.46,17.46,0,0
9072.HK,D,20240612,000000,17.55,17.55,17.55,17.55,0,0
9072.HK,D,20240613,000000,17.8,17.8,17.8,17.8,0,0
9072.HK,D,20240614,000000,17.74,17.74,17.74,17.74,0,0
9072.HK,D,20240617,000000,17.74,17.74,17.74,17.74,0,0
9072.HK,D,20240618,000000,17.74,17.74,17.74,17.74,0,0
9072.HK,D,20240619,000000,17.79,17.79,17.79,17.79,0,0
9072.HK,D,20240620,000000,17.8,17.8,17.8,17.8,0,0
9072.HK,D,20240621,000000,17.78,17.78,17.78,17.78,0,0
9072.HK,D,20240624,000000,17.78,17.78,17.78,17.78,0,0
9072.HK,D,20240625,000000,17.68,17.68,17.68,17.68,0,0
9072.HK,D,20240626,000000,17.79,17.79,17.79,17.79,0,0
9072.HK,D,20240627,000000,17.79,17.79,17.79,17.79,0,0
9072.HK,D,20240628,000000,17.82,17.82,17.82,17.82,100,0
9072.HK,D,20240702,000000,17.65,17.65,17.65,17.65,0,0
9072.HK,D,20240703,000000,17.81,17.81,17.81,17.81,0,0
9072.HK,D,20240704,000000,17.87,17.87,17.87,17.87,0,0
9072.HK,D,20240705,000000,17.87,17.87,17.87,17.87,0,0
9072.HK,D,20240708,000000,18.04,18.04,18.04,18.04,0,0
9072.HK,D,20240709,000000,18.04,18.04,18.04,18.04,0,0
9072.HK,D,20240710,000000,18.04,18.04,18.04,18.04,0,0
9072.HK,D,20240711,000000,18.04,18.04,18.04,18.04,0,0
9072.HK,D,20240712,000000,18.04,18.04,18.04,18.04,0,0
9072.HK,D,20240715,000000,18.04,18.04,18.04,18.04,0,0
9072.HK,D,20240716,000000,17.92,17.92,17.92,17.92,0,0
9072.HK,D,20240717,000000,17.92,17.92,17.92,17.92,0,0
9072.HK,D,20240718,000000,17.53,17.53,17.53,17.53,0,0
9072.HK,D,20240719,000000,17.22,17.22,17.22,17.22,0,0
9072.HK,D,20240722,000000,17.37,17.37,17.37,17.37,0,0
9072.HK,D,20240723,000000,17.37,17.37,17.37,17.37,0,0
9072.HK,D,20240724,000000,17.37,17.37,17.37,17.37,0,0
9072.HK,D,20240725,000000,17.06,17.06,17.06,17.06,0,0
9072.HK,D,20240726,000000,17.05,17.05,17.05,17.05,0,0
9072.HK,D,20240729,000000,17.07,17.07,17.07,17.07,0,0
9072.HK,D,20240730,000000,17.06,17.06,17.06,17.06,0,0
9072.HK,D,20240731,000000,17.06,17.06,17.06,17.06,0,0
9072.HK,D,20240801,000000,17.06,17.06,17.06,17.06,0,0
9072.HK,D,20240802,000000,17.06,17.06,17.06,17.06,0,0
9072.HK,D,20240805,000000,16.26,16.26,16.02,16.26,3600,0
9072.HK,D,20240806,000000,16.32,16.32,16.32,16.32,0,0
9072.HK,D,20240807,000000,16.57,16.57,16.57,16.57,0,0
9072.HK,D,20240808,000000,16.54,16.54,16.54,16.54,0,0
9072.HK,D,20240809,000000,16.92,16.92,16.92,16.92,0,0
9072.HK,D,20240812,000000,17.08,17.08,17.08,17.08,0,0
9072.HK,D,20240813,000000,17.17,17.17,17.17,17.17,0,0
9072.HK,D,20240814,000000,17.27,17.27,17.27,17.27,0,0
9072.HK,D,20240815,000000,17.27,17.27,17.27,17.27,0,0
9072.HK,D,20240816,000000,17.57,17.57,17.57,17.57,0,0
9072.HK,D,20240819,000000,17.65,17.65,17.65,17.65,0,0
9072.HK,D,20240820,000000,17.85,17.85,17.85,17.85,0,0
9072.HK,D,20240821,000000,17.85,17.85,17.85,17.85,0,0
9072.HK,D,20240822,000000,17.85,17.85,17.85,17.85,0,0
9072.HK,D,20240823,000000,17.85,17.85,17.85,17.85,0,0
9072.HK,D,20240826,000000,17.85,17.85,17.85,17.85,0,0
9072.HK,D,20240827,000000,17.4,17.4,17.4,17.4,0,0
9072.HK,D,20240828,000000,17.23,17.23,17.23,17.23,0,0
9072.HK,D,20240829,000000,17.13,17.13,17.13,17.13,0,0
9072.HK,D,20240830,000000,17.2,17.2,17.2,17.2,0,0
9072.HK,D,20240902,000000,17.2,17.2,17.2,17.2,0,0
9072.HK,D,20240903,000000,17.24,17.24,17.24,17.24,0,0
9072.HK,D,20240904,000000,16.98,16.98,16.98,16.98,0,0
9072.HK,D,20240905,000000,16.96,16.96,16.96,16.96,0,0
9072.HK,D,20240909,000000,16.77,16.77,16.77,16.77,0,0
9072.HK,D,20240910,000000,16.83,16.83,16.83,16.83,0,0
9072.HK,D,20240911,000000,16.9,16.9,16.9,16.9,0,0
9072.HK,D,20240912,000000,17.19,17.19,17.19,17.19,0,0
9072.HK,D,20240913,000000,17.58,17.58,17.58,17.58,0,0
9072.HK,D,20240916,000000,17.58,17.58,17.58,17.58,0,0
9072.HK,D,20240917,000000,17.69,17.69,17.69,17.69,0,0
9072.HK,D,20240919,000000,17.79,17.98,17.79,17.98,200,0
9072.HK,D,20240920,000000,18.06,18.06,18.06,18.06,0,0
9072.HK,D,20240923,000000,18.11,18.11,18.11,18.11,0,0
9072.HK,D,20240924,000000,18.42,18.42,18.42,18.42,0,0
9072.HK,D,20240925,000000,18.56,18.56,18.56,18.56,0,0
9072.HK,D,20240926,000000,19.02,19.02,19.02,19.02,0,0
9072.HK,D,20240927,000000,19.2,19.2,19.2,19.2,0,0
9072.HK,D,20240930,000000,19.5,19.5,19.5,19.5,0,0
9072.HK,D,20241002,000000,19.86,19.86,19.86,19.86,0,0
9072.HK,D,20241003,000000,19.76,19.76,19.76,19.76,0,0
9072.HK,D,20241004,000000,19.89,19.89,19.89,19.89,0,0
9072.HK,D,20241007,000000,20.06,20.06,20.06,20.06,0,0
9072.HK,D,20241008,000000,19.54,19.54,19.54,19.54,0,0
9072.HK,D,20241009,000000,19.54,19.54,19.54,19.54,0,0
9072.HK,D,20241010,000000,19.61,19.61,19.61,19.61,0,0
9072.HK,D,20241014,000000,19.74,19.74,19.74,19.74,0,0
9072.HK,D,20241015,000000,19.56,19.56,19.56,19.56,0,0
9072.HK,D,20241016,000000,19.4,19.4,19.4,19.4,0,0
9072.HK,D,20241017,000000,19.34,19.34,19.34,19.34,0,0
9072.HK,D,20241018,000000,19.34,19.34,19.34,19.34,0,0
9072.HK,D,20241021,000000,19.34,19.34,19.34,19.34,0,0
9072.HK,D,20241022,000000,19.34,19.34,19.34,19.34,0,0
9072.HK,D,20241023,000000,19.43,19.43,19.43,19.43,0,0
9072.HK,D,20241024,000000,19.19,19.19,19.19,19.19,0,0
9072.HK,D,20241025,000000,19.19,19.19,19.19,19.19,0,0
9072.HK,D,20241028,000000,19.31,19.31,19.31,19.31,0,0
9072.HK,D,20241029,000000,19.33,19.33,19.33,19.33,0,0
9072.HK,D,20241030,000000,19.53,19.53,19.53,19.53,0,0
9072.HK,D,20241031,000000,19.35,19.35,19.35,19.35,0,0
9072.HK,D,20241101,000000,19.35,19.35,19.35,19.35,0,0
9072.HK,D,20241104,000000,19.35,19.35,19.35,19.35,0,0
9072.HK,D,20241105,000000,19.38,19.38,19.38,19.38,0,0
9072.HK,D,20241106,000000,19.67,19.67,19.67,19.67,0,0
9072.HK,D,20241107,000000,19.85,19.85,19.85,19.85,0,0
9072.HK,D,20241108,000000,20.06,20.06,20.06,20.06,0,0
9072.HK,D,20241111,000000,20.06,20.06,20.06,20.06,0,0
9072.HK,D,20241112,000000,20.06,20.06,20.06,20.06,0,0
9072.HK,D,20241113,000000,20.06,20.06,20.06,20.06,0,0
9072.HK,D,20241114,000000,20.06,20.06,20.06,20.06,0,0
9072.HK,D,20241115,000000,19.87,19.87,19.87,19.87,0,0
9072.HK,D,20241118,000000,19.74,19.74,19.74,19.74,0,0
9072.HK,D,20241119,000000,19.83,19.83,19.83,19.83,0,0
9072.HK,D,20241120,000000,20.08,20.08,20.08,20.08,0,0
9072.HK,D,20241121,000000,20.08,20.08,20.08,20.08,0,0
9072.HK,D,20241122,000000,19.86,19.86,19.86,19.86,0,0
9072.HK,D,20241125,000000,19.86,19.86,19.86,19.86,0,0
9072.HK,D,20241126,000000,19.86,19.86,19.86,19.86,0,0
9072.HK,D,20241127,000000,20.02,20.02,20.02,20.02,0,0
9072.HK,D,20241128,000000,19.95,19.95,19.95,19.95,0,0
9072.HK,D,20241129,000000,19.95,19.95,19.95,19.95,0,0
9072.HK,D,20241202,000000,19.95,19.95,19.95,19.95,0,0
9072.HK,D,20241203,000000,20.04,20.04,20.04,20.04,0,0
9072.HK,D,20241204,000000,20.2,20.2,20.2,20.2,0,0
9072.HK,D,20241205,000000,20.42,20.42,20.42,20.42,0,0
9072.HK,D,20241206,000000,20.48,20.48,20.48,20.48,0,0
9072.HK,D,20241209,000000,20.88,20.88,20.88,20.88,0,0
9072.HK,D,20241210,000000,20.68,20.68,20.68,20.68,0,0
9072.HK,D,20241211,000000,20.68,20.68,20.68,20.68,0,0
9072.HK,D,20241212,000000,20.92,20.92,20.92,20.92,0,0
9072.HK,D,20241213,000000,20.82,20.82,20.82,20.82,0,0
9072.HK,D,20241216,000000,20.64,20.64,20.64,20.64,0,0
9072.HK,D,20241217,000000,20.64,20.64,20.64,20.64,0,0
9072.HK,D,20241218,000000,20.64,20.64,20.64,20.64,0,0
9072.HK,D,20241219,000000,20.12,20.12,20.12,20.12,0,0
9072.HK,D,20241220,000000,20.04,20.04,20.04,20.04,0,0
9072.HK,D,20241223,000000,20.14,20.14,20.14,20.14,0,0
9072.HK,D,20241224,000000,20.14,20.14,20.14,20.14,0,0
9072.HK,D,20241227,000000,20.16,20.16,20.16,20.16,0,0
9072.HK,D,20241230,000000,20.08,20.08,20.08,20.08,0,0
9072.HK,D,20241231,000000,19.92,19.92,19.92,19.92,0,0
9072.HK,D,20250102,000000,19.82,19.82,19.82,19.82,0,0
9072.HK,D,20250103,000000,19.82,19.82,19.82,19.82,0,0
9072.HK,D,20250106,000000,19.91,19.91,19.91,19.91,0,0
9072.HK,D,20250107,000000,19.97,19.97,19.97,19.97,0,0
9072.HK,D,20250108,000000,19.85,19.85,19.85,19.85,0,0
9072.HK,D,20250109,000000,19.73,19.73,19.73,19.73,0,0
9072.HK,D,20250110,000000,19.7,19.7,19.7,19.7,0,0
9072.HK,D,20250113,000000,19.26,19.26,19.26,19.26,0,0
9072.HK,D,20250114,000000,19.33,19.33,19.33,19.33,0,0
9072.HK,D,20250115,000000,19.33,19.33,19.33,19.33,0,0
9072.HK,D,20250116,000000,19.88,19.88,19.88,19.88,0,0
9072.HK,D,20250117,000000,19.88,19.88,19.88,19.88,0,0
9072.HK,D,20250120,000000,20.14,20.14,20.14,20.14,0,0
9072.HK,D,20250121,000000,20.16,20.16,20.16,20.16,0,0
9072.HK,D,20250122,000000,20.68,20.68,20.68,20.68,0,0
9072.HK,D,20250123,000000,20.68,20.68,20.68,20.68,0,0
9072.HK,D,20250124,000000,20.98,20.98,20.98,20.98,0,0
9072.HK,D,20250127,000000,20.94,20.94,20.94,20.94,0,0
9072.HK,D,20250128,000000,20.94,20.94,20.94,20.94,0,0
9072.HK,D,20250203,000000,21.24,21.24,21.24,21.24,0,0
9072.HK,D,20250204,000000,21.68,21.68,21.68,21.68,0,0
9072.HK,D,20250205,000000,21.76,21.76,21.76,21.76,0,0
9072.HK,D,20250206,000000,21.9,21.9,21.9,21.9,0,0
9072.HK,D,20250207,000000,22.08,22.2,22.08,22.18,300,0
9072.HK,D,20250210,000000,22.28,22.28,22.28,22.28,0,0
9072.HK,D,20250211,000000,22.3,22.3,22.3,22.3,0,0
9072.HK,D,20250212,000000,22.54,22.54,22.54,22.54,10,0
9072.HK,D,20250213,000000,22.54,22.54,22.54,22.54,0,0
9072.HK,D,20250214,000000,23.08,23.08,23.08,23.08,0,0
9072.HK,D,20250217,000000,23.08,23.08,23.08,23.08,0,0
9072.HK,D,20250218,000000,23.26,23.26,23.26,23.26,730,0
9072.HK,D,20250219,000000,23.24,23.24,23.24,23.24,0,0
9072.HK,D,20250220,000000,22.78,22.78,22.78,22.78,100,0
9072.HK,D,20250221,000000,23.14,23.14,23.14,23.14,10,0
9072.HK,D,20250224,000000,22.82,22.82,22.82,22.82,0,0
9072.HK,D,20250225,000000,22.22,22.22,22.22,22.22,0,0
9072.HK,D,20250226,000000,22.24,22.24,22.24,22.24,0,0
9072.HK,D,20250227,000000,22.32,22.32,22.32,22.32,0,0
9072.HK,D,20250228,000000,21.76,21.76,21.76,21.76,0,0
9072.HK,D,20250303,000000,21.86,21.86,21.86,21.86,0,0
9072.HK,D,20250304,000000,21.64,21.64,21.64,21.64,0,0
9072.HK,D,20250305,000000,21.68,21.68,21.68,21.68,0,0
9072.HK,D,20250306,000000,22.34,22.34,22.34,22.34,0,0
9072.HK,D,20250307,000000,21.66,21.66,21.66,21.66,0,0
9072.HK,D,20250310,000000,21.38,21.38,21.38,21.38,0,0
9072.HK,D,20250311,000000,20.76,20.76,20.76,20.76,0,0
9072.HK,D,20250312,000000,20.78,20.78,20.78,20.78,0,0
9072.HK,D,20250313,000000,20.84,20.84,20.84,20.84,0,0
9072.HK,D,20250314,000000,20.84,20.84,20.84,20.84,0,0
9072.HK,D,20250317,000000,21.02,21.02,21.02,21.02,0,0
9072.HK,D,20250318,000000,21.58,21.58,21.58,21.58,0,0
9072.HK,D,20250319,000000,21.3,21.3,21.3,21.3,0,0
9072.HK,D,20250320,000000,21.3,21.3,21.3,21.3,0,0
9072.HK,D,20250321,000000,21.22,21.22,21.22,21.22,0,0
9072.HK,D,20250324,000000,21.42,21.42,21.42,21.42,0,0
9072.HK,D,20250325,000000,21.58,21.58,21.58,21.58,10,0
9072.HK,D,20250326,000000,21.7,21.7,21.7,21.7,0,0
9072.HK,D,20250327,000000,21.36,21.36,21.36,21.36,0,0
9072.HK,D,20250328,000000,21.24,21.24,21.24,21.24,0,0
9072.HK,D,20250331,000000,20.5,20.5,20.5,20.5,0,0
9072.HK,D,20250401,000000,20.5,20.5,20.5,20.5,0,0
9072.HK,D,20250402,000000,20.58,20.58,20.58,20.58,0,0
9072.HK,D,20250403,000000,20.28,20.28,20.28,20.28,0,0
9072.HK,D,20250407,000000,17.61,17.61,17.61,17.61,0,0
9072.HK,D,20250408,000000,18.4,18.4,18.4,18.4,0,0
9072.HK,D,20250409,000000,18.28,18.28,18.28,18.28,0,0
9072.HK,D,20250410,000000,19.21,19.21,19.21,19.21,0,0
9072.HK,D,20250411,000000,19.05,19.05,19.05,19.05,0,0
9072.HK,D,20250414,000000,19.31,19.31,19.31,19.31,0,0
9072.HK,D,20250415,000000,19.35,19.35,19.35,19.35,0,0
9072.HK,D,20250416,000000,19.11,19.11,19.11,19.11,0,0
9072.HK,D,20250417,000000,19.2,19.2,19.2,19.2,0,0
