<TICKER>,<PER>,<DATE>,<TIME>,<OPEN>,<HIGH>,<LOW>,<CLOSE>,<VOL>,<OPENINT>
9088.HK,D,20200903,000000,1.27,1.27,1.258,1.258,82600,0
9088.HK,D,20200904,000000,1.246,1.246,1.246,1.246,0,0
9088.HK,D,20200907,000000,1.188,1.188,1.188,1.188,0,0
9088.HK,D,20200908,000000,1.166,1.166,1.166,1.166,0,0
9088.HK,D,20200909,000000,1.146,1.146,1.146,1.146,0,0
9088.HK,D,20200910,000000,1.146,1.146,1.146,1.146,0,0
9088.HK,D,20200911,000000,1.16,1.16,1.16,1.16,0,0
9088.HK,D,20200914,000000,1.182,1.182,1.182,1.182,0,0
9088.HK,D,20200915,000000,1.192,1.192,1.192,1.192,0,0
9088.HK,D,20200916,000000,1.22,1.22,1.216,1.216,1800,0
9088.HK,D,20200917,000000,1.192,1.192,1.192,1.192,0,0
9088.HK,D,20200918,000000,1.192,1.192,1.192,1.192,0,0
9088.HK,D,20200921,000000,1.178,1.178,1.178,1.178,0,0
9088.HK,D,20200922,000000,1.178,1.178,1.178,1.178,0,0
9088.HK,D,20200923,000000,1.186,1.186,1.186,1.186,0,0
9088.HK,D,20200924,000000,1.156,1.156,1.156,1.156,0,0
9088.HK,D,20200925,000000,1.132,1.132,1.132,1.132,0,0
9088.HK,D,20200928,000000,1.136,1.136,1.136,1.136,0,0
9088.HK,D,20200929,000000,1.136,1.136,1.136,1.136,0,0
9088.HK,D,20200930,000000,1.148,1.148,1.148,1.148,0,0
9088.HK,D,20201005,000000,1.156,1.156,1.15,1.15,400,0
9088.HK,D,20201006,000000,1.19,1.19,1.19,1.19,0,0
9088.HK,D,20201007,000000,1.212,1.212,1.212,1.212,0,0
9088.HK,D,20201008,000000,1.216,1.216,1.216,1.216,0,0
9088.HK,D,20201009,000000,1.218,1.218,1.218,1.218,0,0
9088.HK,D,20201012,000000,1.256,1.256,1.256,1.256,0,0
9088.HK,D,20201014,000000,1.26,1.26,1.26,1.26,0,0
9088.HK,D,20201015,000000,1.23,1.23,1.23,1.23,0,0
9088.HK,D,20201016,000000,1.23,1.23,1.23,1.23,0,0
9088.HK,D,20201019,000000,1.23,1.23,1.23,1.23,0,0
9088.HK,D,20201020,000000,1.238,1.238,1.238,1.238,0,0
9088.HK,D,20201021,000000,1.238,1.238,1.238,1.238,0,0
9088.HK,D,20201022,000000,1.238,1.238,1.238,1.238,0,0
9088.HK,D,20201023,000000,1.22,1.22,1.22,1.22,0,0
9088.HK,D,20201027,000000,1.224,1.224,1.224,1.224,0,0
9088.HK,D,20201028,000000,1.238,1.246,1.23,1.246,2200,0
9088.HK,D,20201029,000000,1.246,1.246,1.246,1.246,0,0
9088.HK,D,20201030,000000,1.226,1.226,1.226,1.226,0,0
9088.HK,D,20201102,000000,1.228,1.228,1.228,1.228,0,0
9088.HK,D,20201103,000000,1.254,1.254,1.254,1.254,0,0
9088.HK,D,20201104,000000,1.254,1.254,1.254,1.254,0,0
9088.HK,D,20201105,000000,1.322,1.322,1.322,1.322,0,0
9088.HK,D,20201106,000000,1.322,1.322,1.322,1.322,0,0
9088.HK,D,20201109,000000,1.358,1.358,1.358,1.358,0,0
9088.HK,D,20201110,000000,1.298,1.298,1.298,1.298,0,0
9088.HK,D,20201111,000000,1.22,1.22,1.22,1.22,0,0
9088.HK,D,20201112,000000,1.248,1.248,1.248,1.248,0,0
9088.HK,D,20201113,000000,1.286,1.286,1.286,1.286,0,0
9088.HK,D,20201116,000000,1.308,1.308,1.308,1.308,0,0
9088.HK,D,20201117,000000,1.296,1.296,1.296,1.296,0,0
9088.HK,D,20201118,000000,1.296,1.296,1.296,1.296,0,0
9088.HK,D,20201119,000000,1.29,1.29,1.29,1.29,0,0
9088.HK,D,20201120,000000,1.296,1.296,1.296,1.296,0,0
9088.HK,D,20201123,000000,1.31,1.31,1.31,1.31,0,0
9088.HK,D,20201124,000000,1.314,1.314,1.314,1.314,0,0
9088.HK,D,20201125,000000,1.294,1.294,1.294,1.294,0,0
9088.HK,D,20201126,000000,1.306,1.306,1.306,1.306,0,0
9088.HK,D,20201127,000000,1.316,1.316,1.316,1.316,0,0
9088.HK,D,20201130,000000,1.31,1.31,1.31,1.31,25000,0
9088.HK,D,20201201,000000,1.302,1.302,1.302,1.302,0,0
9088.HK,D,20201202,000000,1.28,1.28,1.28,1.28,0,0
9088.HK,D,20201203,000000,1.288,1.288,1.288,1.288,0,0
9088.HK,D,20201204,000000,1.294,1.294,1.294,1.294,0,0
9088.HK,D,20201207,000000,1.294,1.294,1.294,1.294,0,0
9088.HK,D,20201208,000000,1.31,1.31,1.31,1.31,0,0
9088.HK,D,20201209,000000,1.316,1.316,1.316,1.316,0,0
9088.HK,D,20201210,000000,1.308,1.308,1.308,1.308,0,0
9088.HK,D,20201211,000000,1.31,1.31,1.31,1.31,0,0
9088.HK,D,20201214,000000,1.322,1.322,1.322,1.322,0,0
9088.HK,D,20201215,000000,1.322,1.322,1.322,1.322,0,0
9088.HK,D,20201216,000000,1.322,1.322,1.322,1.322,1200,0
9088.HK,D,20201217,000000,1.352,1.352,1.35,1.352,210000,0
9088.HK,D,20201218,000000,1.346,1.346,1.346,1.346,0,0
9088.HK,D,20201221,000000,1.338,1.338,1.338,1.338,0,0
9088.HK,D,20201222,000000,1.328,1.328,1.328,1.328,0,0
9088.HK,D,20201223,000000,1.366,1.366,1.366,1.366,0,0
9088.HK,D,20201224,000000,1.346,1.346,1.334,1.334,1200,0
9088.HK,D,20201228,000000,1.278,1.284,1.278,1.278,30000,0
9088.HK,D,20201229,000000,1.298,1.298,1.298,1.298,0,0
9088.HK,D,20201230,000000,1.346,1.346,1.346,1.346,0,0
9088.HK,D,20201231,000000,1.364,1.364,1.364,1.364,0,0
9088.HK,D,20210104,000000,1.38,1.38,1.38,1.38,0,0
9088.HK,D,20210105,000000,1.378,1.378,1.378,1.378,0,0
9088.HK,D,20210106,000000,1.398,1.398,1.398,1.398,0,0
9088.HK,D,20210107,000000,1.37,1.37,1.37,1.37,0,0
9088.HK,D,20210108,000000,1.382,1.4,1.382,1.4,21200,0
9088.HK,D,20210111,000000,1.426,1.426,1.402,1.404,22000,0
9088.HK,D,20210112,000000,1.414,1.414,1.414,1.414,0,0
9088.HK,D,20210113,000000,1.428,1.428,1.41,1.412,24600,0
9088.HK,D,20210114,000000,1.446,1.446,1.446,1.446,7600,0
9088.HK,D,20210115,000000,1.426,1.426,1.426,1.426,12200,0
9088.HK,D,20210118,000000,1.476,1.476,1.476,1.476,0,0
9088.HK,D,20210119,000000,1.518,1.518,1.518,1.518,0,0
9088.HK,D,20210120,000000,1.574,1.602,1.574,1.602,10000,0
9088.HK,D,20210121,000000,1.598,1.598,1.598,1.598,0,0
9088.HK,D,20210122,000000,1.608,1.608,1.59,1.59,400,0
9088.HK,D,20210125,000000,1.658,1.658,1.658,1.658,0,0
9088.HK,D,20210126,000000,1.628,1.628,1.628,1.628,0,0
9088.HK,D,20210127,000000,1.6,1.6,1.6,1.6,0,0
9088.HK,D,20210128,000000,1.592,1.592,1.526,1.526,800,0
9088.HK,D,20210129,000000,1.548,1.548,1.528,1.528,1000,0
9088.HK,D,20210201,000000,1.576,1.576,1.576,1.576,0,0
9088.HK,D,20210202,000000,1.618,1.618,1.618,1.618,0,0
9088.HK,D,20210203,000000,1.62,1.644,1.62,1.644,200,0
9088.HK,D,20210204,000000,1.598,1.598,1.588,1.598,800,0
9088.HK,D,20210205,000000,1.594,1.594,1.594,1.594,0,0
9088.HK,D,20210208,000000,1.59,1.59,1.59,1.59,0,0
9088.HK,D,20210209,000000,1.598,1.612,1.598,1.612,17000,0
9088.HK,D,20210210,000000,1.654,1.654,1.654,1.654,0,0
9088.HK,D,20210211,000000,1.68,1.68,1.68,1.68,0,0
9088.HK,D,20210216,000000,1.726,1.73,1.726,1.73,4600,0
9088.HK,D,20210217,000000,1.714,1.774,1.714,1.774,5600,0
9088.HK,D,20210218,000000,1.778,1.778,1.724,1.724,20400,0
9088.HK,D,20210219,000000,1.698,1.708,1.694,1.708,11200,0
9088.HK,D,20210222,000000,1.626,1.626,1.626,1.626,200,0
9088.HK,D,20210223,000000,1.614,1.614,1.614,1.614,0,0
9088.HK,D,20210224,000000,1.528,1.528,1.528,1.528,0,0
9088.HK,D,20210225,000000,1.542,1.542,1.542,1.542,0,0
9088.HK,D,20210226,000000,1.468,1.468,1.462,1.462,17000,0
9088.HK,D,20210301,000000,1.506,1.506,1.506,1.506,0,0
9088.HK,D,20210302,000000,1.506,1.506,1.506,1.506,0,0
9088.HK,D,20210303,000000,1.516,1.516,1.516,1.516,0,0
9088.HK,D,20210304,000000,1.444,1.444,1.444,1.444,0,0
9088.HK,D,20210305,000000,1.378,1.4,1.378,1.4,2400,0
9088.HK,D,20210308,000000,1.32,1.32,1.32,1.32,0,0
9088.HK,D,20210309,000000,1.308,1.308,1.3,1.302,21400,0
9088.HK,D,20210310,000000,1.332,1.332,1.332,1.332,0,0
9088.HK,D,20210311,000000,1.402,1.402,1.402,1.402,0,0
9088.HK,D,20210312,000000,1.384,1.384,1.384,1.384,0,0
9088.HK,D,20210315,000000,1.376,1.376,1.35,1.35,1400,0
9088.HK,D,20210316,000000,1.374,1.382,1.374,1.382,14200,0
9088.HK,D,20210317,000000,1.386,1.386,1.386,1.386,0,0
9088.HK,D,20210318,000000,1.402,1.402,1.402,1.402,0,0
9088.HK,D,20210319,000000,1.388,1.388,1.388,1.388,0,0
9088.HK,D,20210322,000000,1.384,1.384,1.384,1.384,0,0
9088.HK,D,20210323,000000,1.352,1.352,1.352,1.352,0,0
9088.HK,D,20210324,000000,1.308,1.308,1.308,1.308,0,0
9088.HK,D,20210325,000000,1.262,1.286,1.262,1.286,14200,0
9088.HK,D,20210326,000000,1.318,1.318,1.318,1.318,0,0
9088.HK,D,20210329,000000,1.3,1.3,1.3,1.3,0,0
9088.HK,D,20210330,000000,1.328,1.328,1.328,1.328,6000,0
9088.HK,D,20210331,000000,1.328,1.328,1.328,1.328,0,0
9088.HK,D,20210401,000000,1.38,1.38,1.374,1.38,400,0
9088.HK,D,20210407,000000,1.396,1.396,1.368,1.368,6800,0
9088.HK,D,20210408,000000,1.364,1.366,1.364,1.366,6400,0
9088.HK,D,20210409,000000,1.364,1.364,1.348,1.348,600,0
9088.HK,D,20210412,000000,1.326,1.326,1.326,1.326,0,0
9088.HK,D,20210413,000000,1.304,1.304,1.304,1.304,0,0
9088.HK,D,20210414,000000,1.332,1.332,1.332,1.332,600,0
9088.HK,D,20210415,000000,1.322,1.322,1.322,1.322,0,0
9088.HK,D,20210416,000000,1.334,1.334,1.334,1.334,0,0
9088.HK,D,20210419,000000,1.35,1.35,1.35,1.35,0,0
9088.HK,D,20210420,000000,1.35,1.35,1.35,1.35,0,0
9088.HK,D,20210421,000000,1.332,1.332,1.332,1.332,0,0
9088.HK,D,20210422,000000,1.338,1.338,1.338,1.338,0,0
9088.HK,D,20210423,000000,1.372,1.372,1.372,1.372,0,0
9088.HK,D,20210426,000000,1.388,1.39,1.386,1.386,14000,0
9088.HK,D,20210427,000000,1.374,1.39,1.374,1.384,7400,0
9088.HK,D,20210428,000000,1.384,1.384,1.384,1.384,0,0
9088.HK,D,20210429,000000,1.378,1.378,1.378,1.378,7000,0
9088.HK,D,20210430,000000,1.352,1.352,1.352,1.352,0,0
9088.HK,D,20210503,000000,1.336,1.336,1.336,1.336,0,0
9088.HK,D,20210504,000000,1.34,1.34,1.34,1.34,0,0
9088.HK,D,20210505,000000,1.318,1.318,1.318,1.318,0,0
9088.HK,D,20210506,000000,1.332,1.332,1.31,1.314,3200,0
9088.HK,D,20210507,000000,1.292,1.292,1.292,1.292,0,0
9088.HK,D,20210510,000000,1.282,1.282,1.282,1.282,0,0
9088.HK,D,20210511,000000,1.242,1.242,1.242,1.242,0,0
9088.HK,D,20210512,000000,1.276,1.276,1.276,1.276,0,0
9088.HK,D,20210513,000000,1.238,1.238,1.238,1.238,0,0
9088.HK,D,20210514,000000,1.232,1.232,1.232,1.232,0,0
9088.HK,D,20210517,000000,1.244,1.244,1.244,1.244,0,0
9088.HK,D,20210518,000000,1.266,1.266,1.266,1.266,0,0
9088.HK,D,20210520,000000,1.282,1.282,1.282,1.282,0,0
9088.HK,D,20210521,000000,1.296,1.296,1.296,1.296,0,0
9088.HK,D,20210524,000000,1.282,1.282,1.278,1.278,400,0
9088.HK,D,20210525,000000,1.296,1.296,1.296,1.296,0,0
9088.HK,D,20210526,000000,1.308,1.308,1.308,1.308,0,0
9088.HK,D,20210527,000000,1.314,1.314,1.314,1.314,0,0
9088.HK,D,20210528,000000,1.294,1.312,1.294,1.294,400,0
9088.HK,D,20210531,000000,1.312,1.312,1.312,1.312,0,0
9088.HK,D,20210601,000000,1.348,1.348,1.348,1.348,0,0
9088.HK,D,20210602,000000,1.348,1.348,1.34,1.34,200,0
9088.HK,D,20210603,000000,1.342,1.342,1.328,1.328,30000,0
9088.HK,D,20210604,000000,1.318,1.318,1.318,1.318,0,0
9088.HK,D,20210607,000000,1.31,1.31,1.31,1.31,0,0
9088.HK,D,20210608,000000,1.298,1.298,1.298,1.298,0,0
9088.HK,D,20210609,000000,1.298,1.298,1.298,1.298,0,0
9088.HK,D,20210610,000000,1.296,1.296,1.296,1.296,0,0
9088.HK,D,20210611,000000,1.298,1.298,1.298,1.298,2000,0
9088.HK,D,20210615,000000,1.298,1.298,1.298,1.298,0,0
9088.HK,D,20210616,000000,1.276,1.276,1.276,1.276,0,0
9088.HK,D,20210617,000000,1.276,1.276,1.276,1.276,0,0
9088.HK,D,20210618,000000,1.296,1.296,1.296,1.296,0,0
9088.HK,D,20210621,000000,1.296,1.296,1.296,1.296,0,0
9088.HK,D,20210622,000000,1.274,1.274,1.274,1.274,0,0
9088.HK,D,20210623,000000,1.298,1.3,1.29,1.298,400,0
9088.HK,D,20210624,000000,1.3,1.3,1.3,1.3,0,0
9088.HK,D,20210625,000000,1.332,1.332,1.332,1.332,0,0
9088.HK,D,20210628,000000,1.338,1.338,1.338,1.338,0,0
9088.HK,D,20210629,000000,1.334,1.334,1.334,1.334,0,0
9088.HK,D,20210630,000000,1.328,1.328,1.328,1.328,0,0
9088.HK,D,20210702,000000,1.284,1.284,1.284,1.284,0,0
9088.HK,D,20210705,000000,1.256,1.256,1.256,1.256,6000,0
9088.HK,D,20210706,000000,1.246,1.246,1.246,1.246,0,0
9088.HK,D,20210707,000000,1.236,1.236,1.236,1.236,0,0
9088.HK,D,20210708,000000,1.192,1.192,1.192,1.192,0,0
9088.HK,D,20210709,000000,1.2,1.2,1.2,1.2,0,0
9088.HK,D,20210712,000000,1.212,1.212,1.212,1.212,0,0
9088.HK,D,20210713,000000,1.238,1.238,1.238,1.238,0,0
9088.HK,D,20210714,000000,1.238,1.238,1.238,1.238,0,0
9088.HK,D,20210715,000000,1.238,1.238,1.238,1.238,0,0
9088.HK,D,20210716,000000,1.238,1.238,1.238,1.238,0,0
9088.HK,D,20210719,000000,1.208,1.208,1.208,1.208,0,0
9088.HK,D,20210720,000000,1.194,1.194,1.194,1.194,0,0
9088.HK,D,20210721,000000,1.192,1.192,1.192,1.192,0,0
9088.HK,D,20210722,000000,1.212,1.212,1.21,1.212,10000,0
9088.HK,D,20210723,000000,1.178,1.178,1.178,1.178,0,0
9088.HK,D,20210726,000000,1.136,1.136,1.104,1.104,15000,0
9088.HK,D,20210727,000000,1.01,1.01,1.01,1.01,0,0
9088.HK,D,20210728,000000,1.04,1.04,1.01,1.04,10000,0
9088.HK,D,20210729,000000,1.126,1.126,1.126,1.126,0,0
9088.HK,D,20210730,000000,1.104,1.104,1.104,1.104,0,0
9088.HK,D,20210802,000000,1.1,1.1,1.1,1.1,0,0
9088.HK,D,20210803,000000,1.086,1.086,1.086,1.086,0,0
9088.HK,D,20210804,000000,1.112,1.112,1.112,1.112,0,0
9088.HK,D,20210805,000000,1.092,1.092,1.092,1.092,0,0
9088.HK,D,20210806,000000,1.09,1.09,1.09,1.09,0,0
9088.HK,D,20210809,000000,1.082,1.082,1.082,1.082,0,0
9088.HK,D,20210810,000000,1.106,1.106,1.106,1.106,0,0
9088.HK,D,20210811,000000,1.106,1.106,1.106,1.106,0,0
9088.HK,D,20210812,000000,1.09,1.09,1.09,1.09,0,0
9088.HK,D,20210813,000000,1.07,1.07,1.07,1.07,0,0
9088.HK,D,20210816,000000,1.046,1.046,1.04,1.04,2000,0
9088.HK,D,20210817,000000,1.028,1.028,1.004,1.006,26000,0
9088.HK,D,20210818,000000,1.008,1.016,1.008,1.008,10000,0
9088.HK,D,20210819,000000,1.012,1.012,0.976,0.976,40400,0
9088.HK,D,20210820,000000,0.966,0.971,0.952,0.952,44000,0
9088.HK,D,20210823,000000,0.995,0.995,0.972,0.972,40000,0
9088.HK,D,20210824,000000,1.042,1.042,1.042,1.042,0,0
9088.HK,D,20210825,000000,1.044,1.044,1.044,1.044,0,0
9088.HK,D,20210826,000000,1.042,1.042,1.028,1.028,80000,0
9088.HK,D,20210827,000000,1.024,1.024,1.024,1.024,0,0
9088.HK,D,20210830,000000,1.036,1.036,1.032,1.034,16000,0
9088.HK,D,20210831,000000,1.062,1.062,1.062,1.062,0,0
9088.HK,D,20210901,000000,1.082,1.082,1.082,1.082,0,0
9088.HK,D,20210902,000000,1.102,1.102,1.102,1.102,0,0
9088.HK,D,20210903,000000,1.094,1.094,1.094,1.094,0,0
9088.HK,D,20210906,000000,1.092,1.104,1.092,1.098,54400,0
9088.HK,D,20210907,000000,1.116,1.116,1.116,1.116,0,0
9088.HK,D,20210908,000000,1.114,1.114,1.114,1.114,0,0
9088.HK,D,20210909,000000,1.066,1.066,1.066,1.066,0,0
9088.HK,D,20210910,000000,1.092,1.092,1.092,1.092,0,0
9088.HK,D,20210913,000000,1.074,1.074,1.07,1.07,1200,0
9088.HK,D,20210914,000000,1.056,1.056,1.056,1.056,0,0
9088.HK,D,20210915,000000,1.022,1.022,1.022,1.022,0,0
9088.HK,D,20210916,000000,1.028,1.028,1.012,1.012,400,0
9088.HK,D,20210917,000000,1.028,1.042,1.028,1.042,1400,0
9088.HK,D,20210920,000000,1.026,1.026,1.018,1.018,200,0
9088.HK,D,20210921,000000,1.004,1.012,1.004,1.012,5400,0
9088.HK,D,20210923,000000,1.02,1.02,1.02,1.02,200,0
9088.HK,D,20210924,000000,0.998,1,0.998,0.998,6000,0
9088.HK,D,20210927,000000,1.006,1.006,0.989,0.989,200,0
9088.HK,D,20210928,000000,1.008,1.008,1.008,1.008,200,0
9088.HK,D,20210929,000000,0.983,0.999,0.983,0.999,600,0
9088.HK,D,20210930,000000,0.986,0.987,0.986,0.986,200,0
9088.HK,D,20211004,000000,0.973,0.973,0.968,0.968,3200,0
9088.HK,D,20211005,000000,0.951,0.966,0.951,0.966,4000,0
9088.HK,D,20211006,000000,0.954,0.954,0.954,0.954,0,0
9088.HK,D,20211007,000000,1,1,1,1,0,0
9088.HK,D,20211008,000000,1,1,1,1,0,0
9088.HK,D,20211011,000000,1.036,1.036,1.036,1.036,0,0
9088.HK,D,20211012,000000,1.008,1.008,1.008,1.008,0,0
9088.HK,D,20211015,000000,1.02,1.02,1.02,1.02,0,0
9088.HK,D,20211018,000000,1.022,1.022,1.022,1.022,0,0
9088.HK,D,20211019,000000,1.044,1.054,1.044,1.054,400,0
9088.HK,D,20211020,000000,1.084,1.084,1.084,1.084,0,0
9088.HK,D,20211021,000000,1.088,1.088,1.072,1.076,1200,0
9088.HK,D,20211022,000000,1.094,1.094,1.094,1.094,0,0
9088.HK,D,20211025,000000,1.094,1.094,1.094,1.094,0,0
9088.HK,D,20211026,000000,1.082,1.082,1.082,1.082,0,0
9088.HK,D,20211027,000000,1.046,1.046,1.046,1.046,0,0
9088.HK,D,20211028,000000,1.046,1.046,1.046,1.046,0,0
9088.HK,D,20211029,000000,1.038,1.038,1.038,1.038,2000,0
9088.HK,D,20211101,000000,1.02,1.02,1.02,1.02,0,0
9088.HK,D,20211102,000000,1.02,1.02,1.02,1.02,0,0
9088.HK,D,20211103,000000,1.018,1.018,1.018,1.018,0,0
9088.HK,D,20211104,000000,1.028,1.03,1.028,1.03,400,0
9088.HK,D,20211105,000000,1.018,1.018,1.018,1.018,0,0
9088.HK,D,20211108,000000,1.006,1.006,1.006,1.006,0,0
9088.HK,D,20211109,000000,1.006,1.006,1.006,1.006,20000,0
9088.HK,D,20211110,000000,1.026,1.026,1.026,1.026,0,0
9088.HK,D,20211111,000000,1.034,1.046,1.034,1.046,200,0
9088.HK,D,20211112,000000,1.058,1.058,1.058,1.058,0,0
9088.HK,D,20211115,000000,1.066,1.066,1.066,1.066,0,0
9088.HK,D,20211116,000000,1.082,1.082,1.082,1.082,0,0
9088.HK,D,20211117,000000,1.08,1.08,1.08,1.08,0,0
9088.HK,D,20211118,000000,1.046,1.046,1.046,1.046,0,0
9088.HK,D,20211119,000000,1.044,1.044,1.044,1.044,0,0
9088.HK,D,20211122,000000,1.04,1.04,1.04,1.04,0,0
9088.HK,D,20211123,000000,1.026,1.026,1.026,1.026,0,0
9088.HK,D,20211124,000000,1.022,1.022,1.022,1.022,0,0
9088.HK,D,20211125,000000,1.028,1.028,1.028,1.028,0,0
9088.HK,D,20211126,000000,0.997,0.997,0.997,0.997,0,0
9088.HK,D,20211129,000000,0.987,0.987,0.987,0.987,0,0
9088.HK,D,20211130,000000,0.973,0.973,0.973,0.973,0,0
9088.HK,D,20211201,000000,0.979,0.984,0.979,0.979,2800,0
9088.HK,D,20211202,000000,0.974,0.974,0.974,0.974,0,0
9088.HK,D,20211203,000000,0.959,0.959,0.959,0.959,0,0
9088.HK,D,20211206,000000,0.925,0.925,0.925,0.925,0,0
9088.HK,D,20211207,000000,0.964,0.964,0.964,0.964,0,0
9088.HK,D,20211208,000000,0.964,0.964,0.964,0.964,0,0
9088.HK,D,20211209,000000,0.985,0.985,0.985,0.985,0,0
9088.HK,D,20211210,000000,0.976,0.976,0.976,0.976,0,0
9088.HK,D,20211213,000000,0.976,0.976,0.976,0.976,0,0
9088.HK,D,20211214,000000,0.949,0.949,0.949,0.949,0,0
9088.HK,D,20211215,000000,0.937,0.937,0.937,0.937,0,0
9088.HK,D,20211216,000000,0.941,0.941,0.941,0.941,0,0
9088.HK,D,20211217,000000,0.92,0.92,0.92,0.92,0,0
9088.HK,D,20211220,000000,0.913,0.913,0.891,0.891,200,0
9088.HK,D,20211221,000000,0.906,0.906,0.906,0.906,0,0
9088.HK,D,20211222,000000,0.916,0.916,0.916,0.916,0,0
9088.HK,D,20211223,000000,0.913,0.913,0.913,0.913,0,0
9088.HK,D,20211224,000000,0.91,0.91,0.91,0.91,0,0
9088.HK,D,20211228,000000,0.899,0.899,0.899,0.899,0,0
9088.HK,D,20211229,000000,0.884,0.884,0.884,0.884,0,0
9088.HK,D,20211230,000000,0.884,0.884,0.884,0.884,0,0
9088.HK,D,20211231,000000,0.916,0.916,0.916,0.916,0,0
9088.HK,D,20220103,000000,0.913,0.913,0.913,0.913,0,0
9088.HK,D,20220104,000000,0.903,0.903,0.903,0.903,0,0
9088.HK,D,20220105,000000,0.86,0.86,0.86,0.86,0,0
9088.HK,D,20220106,000000,0.871,0.871,0.871,0.871,0,0
9088.HK,D,20220107,000000,0.887,0.887,0.887,0.887,0,0
9088.HK,D,20220110,000000,0.907,0.907,0.907,0.907,0,0
9088.HK,D,20220111,000000,0.907,0.907,0.907,0.907,0,0
9088.HK,D,20220112,000000,0.95,0.95,0.95,0.95,0,0
9088.HK,D,20220113,000000,0.935,0.935,0.935,0.935,0,0
9088.HK,D,20220114,000000,0.933,0.933,0.933,0.933,0,0
9088.HK,D,20220117,000000,0.926,0.926,0.926,0.926,0,0
9088.HK,D,20220118,000000,0.921,0.921,0.921,0.921,0,0
9088.HK,D,20220119,000000,0.911,0.911,0.911,0.911,0,0
9088.HK,D,20220120,000000,0.917,0.952,0.917,0.952,2000,0
9088.HK,D,20220121,000000,0.949,0.949,0.949,0.949,0,0
9088.HK,D,20220124,000000,0.923,0.923,0.923,0.923,0,0
9088.HK,D,20220125,000000,0.898,0.898,0.898,0.898,0,0
9088.HK,D,20220126,000000,0.905,0.911,0.905,0.905,32000,0
9088.HK,D,20220127,000000,0.872,0.872,0.872,0.872,0,0
9088.HK,D,20220128,000000,0.858,0.862,0.858,0.858,80000,0
9088.HK,D,20220131,000000,0.876,0.876,0.876,0.876,0,0
9088.HK,D,20220204,000000,0.889,0.902,0.889,0.902,400,0
9088.HK,D,20220207,000000,0.896,0.896,0.888,0.892,1200,0
9088.HK,D,20220208,000000,0.88,0.88,0.88,0.88,0,0
9088.HK,D,20220209,000000,0.906,0.91,0.902,0.91,2600,0
9088.HK,D,20220210,000000,0.925,0.925,0.914,0.914,2200,0
9088.HK,D,20220211,000000,0.913,0.913,0.902,0.902,23200,0
9088.HK,D,20220214,000000,0.892,0.892,0.889,0.889,20600,0
9088.HK,D,20220215,000000,0.885,0.885,0.885,0.885,600,0
9088.HK,D,20220216,000000,0.906,0.906,0.906,0.906,0,0
9088.HK,D,20220217,000000,0.91,0.91,0.91,0.91,0,0
9088.HK,D,20220218,000000,0.885,0.905,0.885,0.885,1200,0
9088.HK,D,20220221,000000,0.861,0.861,0.861,0.861,0,0
9088.HK,D,20220222,000000,0.84,0.84,0.837,0.84,6800,0
9088.HK,D,20220223,000000,0.853,0.853,0.853,0.853,0,0
9088.HK,D,20220224,000000,0.817,0.817,0.817,0.817,0,0
9088.HK,D,20220225,000000,0.828,0.828,0.824,0.824,2200,0
9088.HK,D,20220228,000000,0.824,0.824,0.824,0.824,0,0
9088.HK,D,20220301,000000,0.829,0.829,0.829,0.829,0,0
9088.HK,D,20220302,000000,0.828,0.828,0.809,0.809,5400,0
9088.HK,D,20220303,000000,0.799,0.799,0.799,0.799,0,0
9088.HK,D,20220304,000000,0.77,0.77,0.762,0.762,52400,0
9088.HK,D,20220307,000000,0.726,0.726,0.726,0.726,0,0
9088.HK,D,20220308,000000,0.726,0.726,0.703,0.703,200,0
9088.HK,D,20220309,000000,0.707,0.707,0.707,0.707,0,0
9088.HK,D,20220310,000000,0.713,0.713,0.713,0.713,0,0
9088.HK,D,20220311,000000,0.657,0.683,0.657,0.683,17600,0
9088.HK,D,20220314,000000,0.606,0.639,0.606,0.606,100200,0
9088.HK,D,20220315,000000,0.559,0.594,0.559,0.559,8600,0
9088.HK,D,20220316,000000,0.682,0.682,0.619,0.682,112000,0
9088.HK,D,20220317,000000,0.755,0.755,0.711,0.736,79200,0
9088.HK,D,20220318,000000,0.714,0.724,0.714,0.724,400,0
9088.HK,D,20220321,000000,0.711,0.712,0.71,0.711,240000,0
9088.HK,D,20220322,000000,0.748,0.748,0.735,0.748,800,0
9088.HK,D,20220323,000000,0.762,0.783,0.762,0.767,13800,0
9088.HK,D,20220324,000000,0.741,0.741,0.741,0.741,0,0
9088.HK,D,20220325,000000,0.706,0.706,0.706,0.706,0,0
9088.HK,D,20220328,000000,0.723,0.723,0.723,0.723,0,0
9088.HK,D,20220329,000000,0.741,0.741,0.735,0.741,200200,0
9088.HK,D,20220330,000000,0.744,0.744,0.744,0.744,0,0
9088.HK,D,20220331,000000,0.735,0.735,0.735,0.735,0,0
9088.HK,D,20220401,000000,0.726,0.726,0.726,0.726,0,0
9088.HK,D,20220404,000000,0.745,0.765,0.745,0.765,11000,0
9088.HK,D,20220406,000000,0.743,0.743,0.736,0.736,13000,0
9088.HK,D,20220407,000000,0.744,0.744,0.721,0.721,20000,0
9088.HK,D,20220408,000000,0.702,0.709,0.701,0.709,4200,0
9088.HK,D,20220411,000000,0.672,0.672,0.672,0.672,0,0
9088.HK,D,20220412,000000,0.68,0.68,0.68,0.68,0,0
9088.HK,D,20220413,000000,0.683,0.683,0.683,0.683,0,0
9088.HK,D,20220414,000000,0.693,0.693,0.693,0.693,0,0
9088.HK,D,20220419,000000,0.668,0.668,0.668,0.668,0,0
9088.HK,D,20220420,000000,0.665,0.665,0.665,0.665,0,0
9088.HK,D,20220421,000000,0.64,0.64,0.64,0.64,0,0
9088.HK,D,20220422,000000,0.64,0.64,0.64,0.64,0,0
9088.HK,D,20220425,000000,0.619,0.619,0.612,0.612,400,0
9088.HK,D,20220426,000000,0.625,0.625,0.625,0.625,0,0
9088.HK,D,20220427,000000,0.623,0.64,0.623,0.64,1600,0
9088.HK,D,20220428,000000,0.643,0.652,0.642,0.652,3600,0
9088.HK,D,20220429,000000,0.654,0.724,0.654,0.718,64800,0
9088.HK,D,20220503,000000,0.687,0.721,0.687,0.708,8000,0
9088.HK,D,20220504,000000,0.685,0.685,0.685,0.685,0,0
9088.HK,D,20220505,000000,0.699,0.699,0.685,0.685,800,0
9088.HK,D,20220506,000000,0.645,0.651,0.645,0.645,8200,0
9088.HK,D,20220510,000000,0.626,0.626,0.626,0.626,400,0
9088.HK,D,20220511,000000,0.646,0.66,0.645,0.645,1600,0
9088.HK,D,20220512,000000,0.638,0.638,0.622,0.622,2000,0
9088.HK,D,20220513,000000,0.642,0.648,0.642,0.648,5400,0
9088.HK,D,20220516,000000,0.655,0.655,0.645,0.649,11800,0
9088.HK,D,20220517,000000,0.684,0.684,0.679,0.684,1000,0
9088.HK,D,20220518,000000,0.682,0.683,0.682,0.682,8000,0
9088.HK,D,20220519,000000,0.658,0.661,0.658,0.658,1600,0
9088.HK,D,20220520,000000,0.689,0.689,0.689,0.689,0,0
9088.HK,D,20220523,000000,0.675,0.675,0.673,0.673,2000,0
9088.HK,D,20220524,000000,0.648,0.648,0.648,0.648,0,0
9088.HK,D,20220525,000000,0.65,0.65,0.65,0.65,0,0
9088.HK,D,20220526,000000,0.648,0.648,0.648,0.648,0,0
9088.HK,D,20220527,000000,0.671,0.671,0.671,0.671,0,0
9088.HK,D,20220530,000000,0.696,0.699,0.696,0.699,1600,0
9088.HK,D,20220531,000000,0.716,0.722,0.716,0.716,2400,0
9088.HK,D,20220601,000000,0.714,0.714,0.714,0.714,0,0
9088.HK,D,20220602,000000,0.707,0.707,0.707,0.707,0,0
9088.HK,D,20220606,000000,0.74,0.74,0.74,0.74,42000,0
9088.HK,D,20220607,000000,0.74,0.74,0.74,0.74,0,0
9088.HK,D,20220608,000000,0.774,0.774,0.77,0.774,200,0
9088.HK,D,20220609,000000,0.762,0.762,0.756,0.762,2000,0
9088.HK,D,20220610,000000,0.773,0.773,0.773,0.773,30000,0
9088.HK,D,20220613,000000,0.747,0.747,0.737,0.737,3200,0
9088.HK,D,20220614,000000,0.738,0.738,0.738,0.738,200,0
9088.HK,D,20220615,000000,0.755,0.755,0.755,0.755,0,0
9088.HK,D,20220616,000000,0.729,0.729,0.729,0.729,0,0
9088.HK,D,20220617,000000,0.748,0.748,0.746,0.748,1800,0
9088.HK,D,20220620,000000,0.749,0.749,0.748,0.749,400,0
9088.HK,D,20220621,000000,0.765,0.765,0.765,0.765,0,0
9088.HK,D,20220622,000000,0.735,0.735,0.735,0.735,0,0
9088.HK,D,20220623,000000,0.748,0.748,0.748,0.748,0,0
9088.HK,D,20220624,000000,0.779,0.78,0.779,0.779,3200,0
9088.HK,D,20220627,000000,0.819,0.819,0.816,0.816,400,0
9088.HK,D,20220628,000000,0.805,0.818,0.799,0.818,1200,0
9088.HK,D,20220629,000000,0.791,0.791,0.788,0.791,1600,0
9088.HK,D,20220630,000000,0.796,0.796,0.784,0.784,14000,0
9088.HK,D,20220704,000000,0.785,0.785,0.785,0.785,0,0
9088.HK,D,20220705,000000,0.784,0.784,0.784,0.784,0,0
9088.HK,D,20220706,000000,0.769,0.769,0.76,0.769,1600,0
9088.HK,D,20220707,000000,0.767,0.767,0.767,0.767,0,0
9088.HK,D,20220708,000000,0.77,0.77,0.77,0.77,0,0
9088.HK,D,20220711,000000,0.741,0.741,0.741,0.741,0,0
9088.HK,D,20220712,000000,0.729,0.729,0.729,0.729,0,0
9088.HK,D,20220713,000000,0.732,0.732,0.732,0.732,0,0
9088.HK,D,20220714,000000,0.735,0.735,0.735,0.735,0,0
9088.HK,D,20220715,000000,0.715,0.715,0.715,0.715,0,0
9088.HK,D,20220718,000000,0.734,0.734,0.732,0.734,100000,0
9088.HK,D,20220719,000000,0.725,0.725,0.725,0.725,0,0
9088.HK,D,20220720,000000,0.737,0.737,0.737,0.737,0,0
9088.HK,D,20220721,000000,0.736,0.736,0.736,0.736,0,0
9088.HK,D,20220722,000000,0.738,0.738,0.738,0.738,0,0
9088.HK,D,20220725,000000,0.73,0.73,0.73,0.73,0,0
9088.HK,D,20220726,000000,0.74,0.74,0.74,0.74,0,0
9088.HK,D,20220727,000000,0.73,0.73,0.73,0.73,0,0
9088.HK,D,20220728,000000,0.73,0.73,0.73,0.73,0,0
9088.HK,D,20220729,000000,0.695,0.695,0.695,0.695,56000,0
9088.HK,D,20220801,000000,0.695,0.695,0.695,0.695,0,0
9088.HK,D,20220802,000000,0.669,0.673,0.669,0.673,400,0
9088.HK,D,20220803,000000,0.68,0.68,0.68,0.68,0,0
9088.HK,D,20220804,000000,0.703,0.703,0.701,0.703,234400,0
9088.HK,D,20220805,000000,0.709,0.709,0.709,0.709,0,0
9088.HK,D,20220808,000000,0.699,0.699,0.699,0.699,0,0
9088.HK,D,20220809,000000,0.692,0.692,0.692,0.692,0,0
9088.HK,D,20220810,000000,0.671,0.671,0.671,0.671,0,0
9088.HK,D,20220811,000000,0.695,0.695,0.695,0.695,0,0
9088.HK,D,20220812,000000,0.7,0.7,0.7,0.7,0,0
9088.HK,D,20220815,000000,0.695,0.695,0.695,0.695,0,0
9088.HK,D,20220816,000000,0.679,0.679,0.679,0.679,0,0
9088.HK,D,20220817,000000,0.681,0.681,0.681,0.681,0,0
9088.HK,D,20220818,000000,0.676,0.676,0.676,0.676,0,0
9088.HK,D,20220819,000000,0.676,0.676,0.676,0.676,0,0
9088.HK,D,20220822,000000,0.67,0.67,0.67,0.67,0,0
9088.HK,D,20220823,000000,0.667,0.667,0.667,0.667,0,0
9088.HK,D,20220824,000000,0.648,0.648,0.648,0.648,0,0
9088.HK,D,20220825,000000,0.686,0.686,0.686,0.686,0,0
9088.HK,D,20220826,000000,0.691,0.691,0.691,0.691,0,0
9088.HK,D,20220829,000000,0.685,0.685,0.685,0.685,0,0
9088.HK,D,20220830,000000,0.68,0.68,0.68,0.68,0,0
9088.HK,D,20220831,000000,0.686,0.686,0.686,0.686,0,0
9088.HK,D,20220901,000000,0.677,0.677,0.677,0.677,0,0
9088.HK,D,20220902,000000,0.667,0.667,0.667,0.667,0,0
9088.HK,D,20220905,000000,0.654,0.654,0.654,0.654,0,0
9088.HK,D,20220906,000000,0.654,0.654,0.654,0.654,0,0
9088.HK,D,20220907,000000,0.646,0.646,0.646,0.646,0,0
9088.HK,D,20220908,000000,0.639,0.639,0.639,0.639,0,0
9088.HK,D,20220909,000000,0.656,0.656,0.656,0.656,0,0
9088.HK,D,20220913,000000,0.656,0.656,0.656,0.656,0,0
9088.HK,D,20220914,000000,0.637,0.637,0.637,0.637,0,0
9088.HK,D,20220915,000000,0.638,0.638,0.638,0.638,0,0
9088.HK,D,20220916,000000,0.622,0.622,0.622,0.622,0,0
9088.HK,D,20220919,000000,0.608,0.61,0.608,0.608,386400,0
9088.HK,D,20220920,000000,0.62,0.62,0.62,0.62,0,0
9088.HK,D,20220921,000000,0.603,0.603,0.603,0.603,0,0
9088.HK,D,20220922,000000,0.592,0.592,0.592,0.592,0,0
9088.HK,D,20220923,000000,0.579,0.579,0.579,0.579,0,0
9088.HK,D,20220926,000000,0.587,0.587,0.587,0.587,0,0
9088.HK,D,20220927,000000,0.59,0.59,0.59,0.59,0,0
9088.HK,D,20220928,000000,0.568,0.568,0.568,0.568,0,0
9088.HK,D,20220929,000000,0.572,0.572,0.56,0.56,90000,0
9088.HK,D,20220930,000000,0.556,0.556,0.556,0.556,0,0
9088.HK,D,20221003,000000,0.563,0.563,0.552,0.552,1200,0
9088.HK,D,20221005,000000,0.593,0.593,0.593,0.593,0,0
9088.HK,D,20221006,000000,0.591,0.591,0.591,0.591,0,0
9088.HK,D,20221007,000000,0.57,0.57,0.57,0.57,0,0
9088.HK,D,20221010,000000,0.553,0.553,0.545,0.546,170200,0
9088.HK,D,20221011,000000,0.532,0.532,0.527,0.527,23600,0
9088.HK,D,20221012,000000,0.514,0.525,0.514,0.525,22600,0
9088.HK,D,20221013,000000,0.525,0.525,0.509,0.509,71200,0
9088.HK,D,20221014,000000,0.519,0.532,0.517,0.517,150800,0
9088.HK,D,20221017,000000,0.517,0.517,0.505,0.517,23200,0
9088.HK,D,20221018,000000,0.535,0.535,0.53,0.535,31400,0
9088.HK,D,20221019,000000,0.515,0.515,0.515,0.515,0,0
9088.HK,D,20221020,000000,0.498,0.504,0.498,0.502,56800,0
9088.HK,D,20221021,000000,0.507,0.507,0.499,0.499,26200,0
9088.HK,D,20221024,000000,0.451,0.461,0.451,0.451,600,0
9088.HK,D,20221025,000000,0.447,0.466,0.447,0.465,172400,0
9088.HK,D,20221026,000000,0.474,0.474,0.473,0.474,44000,0
9088.HK,D,20221027,000000,0.48,0.48,0.48,0.48,0,0
9088.HK,D,20221028,000000,0.453,0.453,0.453,0.453,0,0
9088.HK,D,20221031,000000,0.462,0.466,0.461,0.461,38200,0
9088.HK,D,20221101,000000,0.473,0.494,0.473,0.494,67000,0
9088.HK,D,20221102,000000,0.487,0.507,0.487,0.507,28400,0
9088.HK,D,20221103,000000,0.498,0.498,0.49,0.49,18800,0
9088.HK,D,20221104,000000,0.531,0.533,0.526,0.526,5600,0
9088.HK,D,20221107,000000,0.545,0.545,0.545,0.545,0,0
9088.HK,D,20221108,000000,0.539,0.539,0.539,0.539,0,0
9088.HK,D,20221109,000000,0.527,0.527,0.527,0.527,0,0
9088.HK,D,20221110,000000,0.51,0.51,0.51,0.51,0,0
9088.HK,D,20221111,000000,0.543,0.562,0.543,0.562,180000,0
9088.HK,D,20221114,000000,0.572,0.572,0.572,0.572,0,0
9088.HK,D,20221115,000000,0.614,0.614,0.614,0.614,0,0
9088.HK,D,20221116,000000,0.615,0.615,0.615,0.615,0,0
9088.HK,D,20221117,000000,0.603,0.603,0.603,0.603,0,0
9088.HK,D,20221118,000000,0.603,0.603,0.603,0.603,0,0
9088.HK,D,20221121,000000,0.588,0.588,0.588,0.588,0,0
9088.HK,D,20221122,000000,0.569,0.569,0.569,0.569,0,0
9088.HK,D,20221123,000000,0.575,0.575,0.575,0.575,0,0
9088.HK,D,20221124,000000,0.579,0.579,0.579,0.579,0,0
9088.HK,D,20221125,000000,0.566,0.566,0.566,0.566,0,0
9088.HK,D,20221128,000000,0.555,0.555,0.555,0.555,0,0
9088.HK,D,20221129,000000,0.597,0.597,0.595,0.597,1600,0
9088.HK,D,20221130,000000,0.617,0.617,0.604,0.617,1000,0
9088.HK,D,20221201,000000,0.632,0.634,0.623,0.623,100600,0
9088.HK,D,20221202,000000,0.629,0.629,0.629,0.629,0,0
9088.HK,D,20221205,000000,0.673,0.688,0.673,0.688,600,0
9088.HK,D,20221206,000000,0.675,0.675,0.675,0.675,0,0
9088.HK,D,20221207,000000,0.651,0.651,0.651,0.651,0,0
9088.HK,D,20221208,000000,0.692,0.692,0.692,0.692,0,0
9088.HK,D,20221209,000000,0.69,0.709,0.69,0.709,3200,0
9088.HK,D,20221212,000000,0.681,0.681,0.681,0.681,0,0
9088.HK,D,20221213,000000,0.684,0.684,0.684,0.684,0,0
9088.HK,D,20221214,000000,0.688,0.688,0.688,0.688,0,0
9088.HK,D,20221215,000000,0.672,0.672,0.672,0.672,0,0
9088.HK,D,20221216,000000,0.674,0.674,0.674,0.674,0,0
9088.HK,D,20221219,000000,0.686,0.686,0.669,0.669,200,0
9088.HK,D,20221220,000000,0.647,0.647,0.647,0.647,600,0
9088.HK,D,20221221,000000,0.65,0.65,0.65,0.65,0,0
9088.HK,D,20221222,000000,0.682,0.682,0.682,0.682,0,0
9088.HK,D,20221223,000000,0.672,0.672,0.672,0.672,0,0
9088.HK,D,20221228,000000,0.681,0.681,0.681,0.681,0,0
9088.HK,D,20221229,000000,0.665,0.665,0.665,0.665,0,0
9088.HK,D,20221230,000000,0.682,0.682,0.671,0.671,2200,0
9088.HK,D,20230103,000000,0.669,0.683,0.669,0.683,1200,0
9088.HK,D,20230104,000000,0.705,0.713,0.7,0.713,6200,0
9088.HK,D,20230105,000000,0.724,0.724,0.724,0.724,0,0
9088.HK,D,20230106,000000,0.716,0.716,0.716,0.716,0,0
9088.HK,D,20230109,000000,0.737,0.737,0.737,0.737,0,0
9088.HK,D,20230110,000000,0.736,0.736,0.736,0.736,0,0
9088.HK,D,20230111,000000,0.734,0.734,0.734,0.734,0,0
9088.HK,D,20230112,000000,0.725,0.725,0.725,0.725,0,0
9088.HK,D,20230113,000000,0.735,0.735,0.735,0.735,0,0
9088.HK,D,20230116,000000,0.727,0.727,0.727,0.727,0,0
9088.HK,D,20230117,000000,0.725,0.725,0.725,0.725,0,0
9088.HK,D,20230118,000000,0.729,0.729,0.729,0.729,0,0
9088.HK,D,20230119,000000,0.717,0.717,0.717,0.717,0,0
9088.HK,D,20230120,000000,0.735,0.735,0.735,0.735,0,0
9088.HK,D,20230126,000000,0.765,0.765,0.765,0.765,0,0
9088.HK,D,20230127,000000,0.773,0.773,0.773,0.773,0,0
9088.HK,D,20230130,000000,0.734,0.734,0.734,0.734,0,0
9088.HK,D,20230131,000000,0.731,0.731,0.731,0.731,0,0
9088.HK,D,20230201,000000,0.753,0.753,0.753,0.753,0,0
9088.HK,D,20230202,000000,0.753,0.753,0.753,0.753,0,0
9088.HK,D,20230203,000000,0.746,0.746,0.746,0.746,0,0
9088.HK,D,20230206,000000,0.716,0.716,0.716,0.716,0,0
9088.HK,D,20230207,000000,0.726,0.726,0.726,0.726,0,0
9088.HK,D,20230208,000000,0.714,0.714,0.714,0.714,0,0
9088.HK,D,20230209,000000,0.734,0.734,0.734,0.734,0,0
9088.HK,D,20230210,000000,0.701,0.701,0.701,0.701,0,0
9088.HK,D,20230213,000000,0.704,0.704,0.704,0.704,1400,0
9088.HK,D,20230214,000000,0.697,0.697,0.697,0.697,0,0
9088.HK,D,20230215,000000,0.686,0.687,0.686,0.687,1400,0
9088.HK,D,20230216,000000,0.7,0.7,0.7,0.7,0,0
9088.HK,D,20230217,000000,0.687,0.687,0.687,0.687,47000,0
9088.HK,D,20230220,000000,0.695,0.695,0.695,0.695,0,0
9088.HK,D,20230221,000000,0.67,0.67,0.67,0.67,0,0
9088.HK,D,20230222,000000,0.66,0.66,0.66,0.66,0,0
9088.HK,D,20230223,000000,0.669,0.669,0.667,0.669,13000,0
9088.HK,D,20230224,000000,0.645,0.645,0.645,0.645,0,0
9088.HK,D,20230227,000000,0.643,0.643,0.643,0.643,0,0
9088.HK,D,20230228,000000,0.633,0.633,0.633,0.633,0,0
9088.HK,D,20230301,000000,0.673,0.673,0.673,0.673,0,0
9088.HK,D,20230302,000000,0.664,0.664,0.664,0.664,0,0
9088.HK,D,20230303,000000,0.676,0.676,0.676,0.676,0,0
9088.HK,D,20230306,000000,0.672,0.672,0.672,0.672,0,0
9088.HK,D,20230307,000000,0.662,0.662,0.662,0.662,0,0
9088.HK,D,20230308,000000,0.64,0.64,0.64,0.64,0,0
9088.HK,D,20230309,000000,0.632,0.632,0.632,0.632,0,0
9088.HK,D,20230310,000000,0.607,0.607,0.607,0.607,0,0
9088.HK,D,20230313,000000,0.624,0.624,0.624,0.624,0,0
9088.HK,D,20230314,000000,0.608,0.608,0.608,0.608,0,0
9088.HK,D,20230315,000000,0.62,0.62,0.62,0.62,0,0
9088.HK,D,20230316,000000,0.614,0.614,0.614,0.614,0,0
9088.HK,D,20230317,000000,0.639,0.639,0.639,0.639,0,0
9088.HK,D,20230320,000000,0.624,0.624,0.624,0.624,0,0
9088.HK,D,20230321,000000,0.637,0.637,0.637,0.637,0,0
9088.HK,D,20230322,000000,0.644,0.644,0.644,0.644,0,0
9088.HK,D,20230323,000000,0.673,0.673,0.673,0.673,0,0
9088.HK,D,20230324,000000,0.678,0.678,0.678,0.678,0,0
9088.HK,D,20230327,000000,0.66,0.66,0.66,0.66,0,0
9088.HK,D,20230328,000000,0.664,0.664,0.664,0.664,0,0
9088.HK,D,20230329,000000,0.68,0.68,0.68,0.68,0,0
9088.HK,D,20230330,000000,0.683,0.683,0.683,0.683,0,0
9088.HK,D,20230331,000000,0.691,0.691,0.691,0.691,0,0
9088.HK,D,20230403,000000,0.691,0.691,0.691,0.691,0,0
9088.HK,D,20230404,000000,0.682,0.682,0.682,0.682,0,0
9088.HK,D,20230406,000000,0.682,0.682,0.682,0.682,0,0
9088.HK,D,20230411,000000,0.682,0.682,0.682,0.682,0,0
9088.HK,D,20230412,000000,0.669,0.669,0.669,0.669,0,0
9088.HK,D,20230413,000000,0.659,0.666,0.659,0.666,400,0
9088.HK,D,20230414,000000,0.668,0.668,0.668,0.668,0,0
9088.HK,D,20230417,000000,0.682,0.682,0.682,0.682,0,0
9088.HK,D,20230418,000000,0.675,0.675,0.675,0.675,0,0
9088.HK,D,20230419,000000,0.661,0.661,0.661,0.661,0,0
9088.HK,D,20230420,000000,0.659,0.659,0.659,0.659,0,0
9088.HK,D,20230421,000000,0.637,0.637,0.637,0.637,0,0
9088.HK,D,20230424,000000,0.635,0.635,0.635,0.635,0,0
9088.HK,D,20230425,000000,0.615,0.615,0.615,0.615,0,0
9088.HK,D,20230426,000000,0.624,0.624,0.624,0.624,0,0
9088.HK,D,20230427,000000,0.62,0.62,0.62,0.62,0,0
9088.HK,D,20230428,000000,0.628,0.628,0.628,0.628,0,0
9088.HK,D,20230502,000000,0.628,0.628,0.628,0.628,0,0
9088.HK,D,20230503,000000,0.617,0.617,0.617,0.617,0,0
9088.HK,D,20230504,000000,0.62,0.62,0.62,0.62,0,0
9088.HK,D,20230505,000000,0.626,0.626,0.626,0.626,200,0
9088.HK,D,20230508,000000,0.629,0.629,0.629,0.629,0,0
9088.HK,D,20230509,000000,0.611,0.611,0.611,0.611,0,0
9088.HK,D,20230510,000000,0.613,0.613,0.613,0.613,0,0
9088.HK,D,20230511,000000,0.622,0.622,0.622,0.622,0,0
9088.HK,D,20230512,000000,0.629,0.629,0.623,0.623,800,0
9088.HK,D,20230515,000000,0.63,0.63,0.63,0.63,0,0
9088.HK,D,20230516,000000,0.636,0.636,0.636,0.636,0,0
9088.HK,D,20230517,000000,0.635,0.635,0.623,0.623,200,0
9088.HK,D,20230518,000000,0.63,0.63,0.63,0.63,0,0
9088.HK,D,20230519,000000,0.618,0.618,0.618,0.618,0,0
9088.HK,D,20230522,000000,0.63,0.63,0.63,0.63,0,0
9088.HK,D,20230523,000000,0.62,0.62,0.62,0.62,0,0
9088.HK,D,20230524,000000,0.613,0.613,0.608,0.608,200,0
9088.HK,D,20230525,000000,0.595,0.595,0.595,0.595,0,0
9088.HK,D,20230529,000000,0.588,0.588,0.588,0.588,0,0
9088.HK,D,20230530,000000,0.596,0.596,0.596,0.596,0,0
9088.HK,D,20230531,000000,0.583,0.583,0.583,0.583,0,0
9088.HK,D,20230601,000000,0.584,0.584,0.584,0.584,0,0
9088.HK,D,20230602,000000,0.615,0.615,0.615,0.615,0,0
9088.HK,D,20230605,000000,0.617,0.617,0.617,0.617,0,0
9088.HK,D,20230606,000000,0.617,0.617,0.617,0.617,0,0
9088.HK,D,20230607,000000,0.631,0.631,0.631,0.631,0,0
9088.HK,D,20230608,000000,0.626,0.626,0.626,0.626,0,0
9088.HK,D,20230609,000000,0.632,0.632,0.632,0.632,0,0
9088.HK,D,20230612,000000,0.634,0.634,0.634,0.634,0,0
9088.HK,D,20230613,000000,0.65,0.65,0.65,0.65,0,0
9088.HK,D,20230614,000000,0.652,0.652,0.652,0.652,0,0
9088.HK,D,20230615,000000,0.676,0.676,0.676,0.676,0,0
9088.HK,D,20230616,000000,0.681,0.681,0.681,0.681,0,0
9088.HK,D,20230619,000000,0.674,0.674,0.674,0.674,0,0
9088.HK,D,20230620,000000,0.657,0.657,0.657,0.657,0,0
9088.HK,D,20230621,000000,0.638,0.638,0.638,0.638,0,0
9088.HK,D,20230623,000000,0.626,0.626,0.626,0.626,0,0
9088.HK,D,20230626,000000,0.626,0.626,0.626,0.626,0,0
9088.HK,D,20230627,000000,0.639,0.639,0.639,0.639,0,0
9088.HK,D,20230628,000000,0.642,0.642,0.642,0.642,0,0
9088.HK,D,20230629,000000,0.633,0.636,0.633,0.633,20800,0
9088.HK,D,20230630,000000,0.629,0.629,0.629,0.629,21000,0
9088.HK,D,20230703,000000,0.653,0.653,0.653,0.653,0,0
9088.HK,D,20230704,000000,0.656,0.656,0.656,0.656,0,0
9088.HK,D,20230705,000000,0.647,0.647,0.647,0.647,0,0
9088.HK,D,20230706,000000,0.637,0.637,0.637,0.637,0,0
9088.HK,D,20230707,000000,0.629,0.629,0.629,0.629,0,0
9088.HK,D,20230710,000000,0.634,0.634,0.634,0.634,0,0
9088.HK,D,20230711,000000,0.644,0.644,0.644,0.644,0,0
9088.HK,D,20230712,000000,0.656,0.656,0.656,0.656,0,0
9088.HK,D,20230713,000000,0.683,0.683,0.683,0.683,0,0
9088.HK,D,20230714,000000,0.681,0.681,0.681,0.681,0,0
9088.HK,D,20230718,000000,0.666,0.666,0.666,0.666,0,0
9088.HK,D,20230719,000000,0.664,0.664,0.664,0.664,0,0
9088.HK,D,20230720,000000,0.656,0.656,0.656,0.656,0,0
9088.HK,D,20230721,000000,0.662,0.662,0.662,0.662,0,0
9088.HK,D,20230724,000000,0.649,0.649,0.649,0.649,0,0
9088.HK,D,20230725,000000,0.687,0.687,0.687,0.687,0,0
9088.HK,D,20230726,000000,0.68,0.683,0.677,0.682,1634400,0
9088.HK,D,20230727,000000,0.699,0.703,0.699,0.703,200,0
9088.HK,D,20230728,000000,0.723,0.723,0.723,0.723,0,0
9088.HK,D,20230731,000000,0.734,0.734,0.734,0.734,0,0
9088.HK,D,20230801,000000,0.734,0.734,0.734,0.734,0,0
9088.HK,D,20230802,000000,0.711,0.711,0.711,0.711,0,0
9088.HK,D,20230803,000000,0.712,0.712,0.712,0.712,0,0
9088.HK,D,20230804,000000,0.727,0.727,0.727,0.727,0,0
9088.HK,D,20230807,000000,0.727,0.727,0.727,0.727,0,0
9088.HK,D,20230808,000000,0.708,0.708,0.708,0.708,0,0
9088.HK,D,20230809,000000,0.706,0.706,0.706,0.706,0,0
9088.HK,D,20230810,000000,0.708,0.708,0.708,0.708,0,0
9088.HK,D,20230811,000000,0.691,0.691,0.691,0.691,0,0
9088.HK,D,20230814,000000,0.68,0.68,0.678,0.68,5200,0
9088.HK,D,20230815,000000,0.678,0.678,0.676,0.676,7600,0
9088.HK,D,20230816,000000,0.67,0.671,0.666,0.666,39600,0
9088.HK,D,20230817,000000,0.655,0.674,0.655,0.672,21000,0
9088.HK,D,20230818,000000,0.646,0.652,0.646,0.646,14800,0
9088.HK,D,20230821,000000,0.633,0.633,0.633,0.633,0,0
9088.HK,D,20230822,000000,0.647,0.651,0.647,0.647,2400,0
9088.HK,D,20230823,000000,0.647,0.647,0.647,0.647,0,0
9088.HK,D,20230824,000000,0.654,0.67,0.654,0.67,22600,0
9088.HK,D,20230825,000000,0.654,0.654,0.654,0.654,0,0
9088.HK,D,20230828,000000,0.674,0.674,0.665,0.665,5000,0
9088.HK,D,20230829,000000,0.675,0.68,0.675,0.68,20800,0
9088.HK,D,20230830,000000,0.677,0.677,0.677,0.677,0,0
9088.HK,D,20230831,000000,0.676,0.676,0.674,0.674,20800,0
9088.HK,D,20230904,000000,0.692,0.692,0.692,0.692,0,0
9088.HK,D,20230905,000000,0.675,0.675,0.675,0.675,200,0
9088.HK,D,20230906,000000,0.672,0.672,0.672,0.672,200,0
9088.HK,D,20230907,000000,0.66,0.66,0.66,0.66,0,0
9088.HK,D,20230911,000000,0.659,0.659,0.659,0.659,0,0
9088.HK,D,20230912,000000,0.656,0.656,0.656,0.656,0,0
9088.HK,D,20230913,000000,0.652,0.652,0.652,0.652,0,0
9088.HK,D,20230914,000000,0.655,0.655,0.655,0.655,0,0
9088.HK,D,20230915,000000,0.659,0.659,0.659,0.659,0,0
9088.HK,D,20230918,000000,0.644,0.644,0.644,0.644,0,0
9088.HK,D,20230919,000000,0.643,0.643,0.643,0.643,0,0
9088.HK,D,20230920,000000,0.634,0.634,0.634,0.634,0,0
9088.HK,D,20230921,000000,0.621,0.621,0.621,0.621,0,0
9088.HK,D,20230922,000000,0.644,0.644,0.644,0.644,0,0
9088.HK,D,20230925,000000,0.628,0.628,0.628,0.628,0,0
9088.HK,D,20230926,000000,0.616,0.616,0.616,0.616,0,0
9088.HK,D,20230927,000000,0.616,0.616,0.616,0.616,0,0
9088.HK,D,20230928,000000,0.61,0.61,0.61,0.61,0,0
9088.HK,D,20230929,000000,0.632,0.632,0.632,0.632,0,0
9088.HK,D,20231003,000000,0.614,0.614,0.614,0.614,0,0
9088.HK,D,20231004,000000,0.605,0.605,0.605,0.605,0,0
9088.HK,D,20231005,000000,0.607,0.61,0.607,0.607,1007200,0
9088.HK,D,20231006,000000,0.615,0.615,0.615,0.615,0,0
9088.HK,D,20231009,000000,0.616,0.616,0.616,0.616,0,0
9088.HK,D,20231010,000000,0.626,0.626,0.626,0.626,0,0
9088.HK,D,20231011,000000,0.639,0.639,0.639,0.639,0,0
9088.HK,D,20231012,000000,0.648,0.648,0.648,0.648,200,0
9088.HK,D,20231013,000000,0.625,0.625,0.625,0.625,0,0
9088.HK,D,20231016,000000,0.615,0.615,0.615,0.615,0,0
9088.HK,D,20231017,000000,0.617,0.617,0.617,0.617,0,0
9088.HK,D,20231018,000000,0.609,0.609,0.609,0.609,0,0
9088.HK,D,20231019,000000,0.597,0.597,0.597,0.597,0,0
9088.HK,D,20231020,000000,0.597,0.597,0.592,0.592,200,0
9088.HK,D,20231024,000000,0.586,0.586,0.586,0.586,0,0
9088.HK,D,20231025,000000,0.597,0.603,0.597,0.597,42200,0
9088.HK,D,20231026,000000,0.598,0.598,0.598,0.598,0,0
9088.HK,D,20231027,000000,0.614,0.614,0.614,0.614,0,0
9088.HK,D,20231030,000000,0.613,0.621,0.613,0.621,35000,0
9088.HK,D,20231031,000000,0.607,0.607,0.607,0.607,0,0
9088.HK,D,20231101,000000,0.606,0.606,0.606,0.606,0,0
9088.HK,D,20231102,000000,0.616,0.618,0.616,0.616,80800,0
9088.HK,D,20231103,000000,0.635,0.635,0.635,0.635,0,0
9088.HK,D,20231106,000000,0.661,0.661,0.661,0.661,0,0
9088.HK,D,20231107,000000,0.655,0.657,0.655,0.655,75800,0
9088.HK,D,20231108,000000,0.651,0.652,0.651,0.651,76000,0
9088.HK,D,20231109,000000,0.652,0.652,0.651,0.652,76600,0
9088.HK,D,20231110,000000,0.637,0.637,0.63,0.63,112800,0
9088.HK,D,20231113,000000,0.644,0.644,0.644,0.644,0,0
9088.HK,D,20231114,000000,0.638,0.638,0.638,0.638,400,0
9088.HK,D,20231115,000000,0.666,0.666,0.666,0.666,0,0
9088.HK,D,20231116,000000,0.655,0.655,0.655,0.655,0,0
9088.HK,D,20231117,000000,0.647,0.647,0.647,0.647,0,0
9088.HK,D,20231120,000000,0.658,0.658,0.658,0.658,0,0
9088.HK,D,20231121,000000,0.652,0.658,0.652,0.652,12800,0
9088.HK,D,20231122,000000,0.652,0.652,0.652,0.652,0,0
9088.HK,D,20231123,000000,0.666,0.666,0.666,0.666,8800,0
9088.HK,D,20231124,000000,0.652,0.652,0.652,0.652,0,0
9088.HK,D,20231127,000000,0.652,0.652,0.652,0.652,0,0
9088.HK,D,20231128,000000,0.649,0.649,0.649,0.649,0,0
9088.HK,D,20231129,000000,0.637,0.637,0.633,0.633,1000,0
9088.HK,D,20231130,000000,0.63,0.63,0.63,0.63,0,0
9088.HK,D,20231201,000000,0.62,0.62,0.62,0.62,0,0
9088.HK,D,20231204,000000,0.608,0.608,0.608,0.608,0,0
9088.HK,D,20231205,000000,0.594,0.594,0.594,0.594,0,0
9088.HK,D,20231206,000000,0.605,0.605,0.605,0.605,0,0
9088.HK,D,20231207,000000,0.603,0.603,0.603,0.603,0,0
9088.HK,D,20231208,000000,0.598,0.598,0.598,0.598,1000,0
9088.HK,D,20231211,000000,0.593,0.595,0.593,0.593,23600,0
9088.HK,D,20231212,000000,0.604,0.604,0.604,0.604,0,0
9088.HK,D,20231213,000000,0.597,0.597,0.597,0.597,0,0
9088.HK,D,20231214,000000,0.597,0.597,0.597,0.597,0,0
9088.HK,D,20231215,000000,0.611,0.611,0.611,0.611,0,0
9088.HK,D,20231218,000000,0.604,0.604,0.604,0.604,0,0
9088.HK,D,20231219,000000,0.601,0.601,0.601,0.601,0,0
9088.HK,D,20231220,000000,0.602,0.602,0.602,0.602,0,0
9088.HK,D,20231221,000000,0.602,0.602,0.602,0.602,0,0
9088.HK,D,20231222,000000,0.599,0.599,0.573,0.573,29800,0
9088.HK,D,20231227,000000,0.588,0.588,0.588,0.588,0,0
9088.HK,D,20231228,000000,0.608,0.608,0.608,0.608,0,0
9088.HK,D,20231229,000000,0.608,0.608,0.608,0.608,0,0
9088.HK,D,20240102,000000,0.602,0.602,0.602,0.602,0,0
9088.HK,D,20240103,000000,0.59,0.59,0.59,0.59,200,0
9088.HK,D,20240104,000000,0.59,0.59,0.59,0.59,0,0
9088.HK,D,20240105,000000,0.581,0.581,0.581,0.581,0,0
9088.HK,D,20240108,000000,0.563,0.563,0.563,0.563,0,0
9088.HK,D,20240109,000000,0.56,0.56,0.56,0.56,0,0
9088.HK,D,20240110,000000,0.554,0.554,0.554,0.554,0,0
9088.HK,D,20240111,000000,0.566,0.566,0.566,0.566,0,0
9088.HK,D,20240112,000000,0.56,0.563,0.56,0.56,2000,0
9088.HK,D,20240115,000000,0.55,0.55,0.55,0.55,0,0
9088.HK,D,20240116,000000,0.545,0.545,0.545,0.545,0,0
9088.HK,D,20240117,000000,0.51,0.51,0.51,0.51,0,0
9088.HK,D,20240118,000000,0.512,0.512,0.509,0.512,200,0
9088.HK,D,20240119,000000,0.506,0.506,0.506,0.506,0,0
9088.HK,D,20240122,000000,0.505,0.505,0.491,0.491,1000,0
9088.HK,D,20240123,000000,0.508,0.508,0.508,0.508,0,0
9088.HK,D,20240124,000000,0.529,0.529,0.529,0.529,0,0
9088.HK,D,20240125,000000,0.534,0.534,0.534,0.534,0,0
9088.HK,D,20240126,000000,0.515,0.515,0.515,0.515,0,0
9088.HK,D,20240129,000000,0.52,0.526,0.517,0.518,16200,0
9088.HK,D,20240130,000000,0.506,0.506,0.5,0.5,23600,0
9088.HK,D,20240131,000000,0.485,0.487,0.485,0.485,15400,0
9088.HK,D,20240201,000000,0.498,0.505,0.495,0.495,8000,0
9088.HK,D,20240202,000000,0.5,0.5,0.491,0.492,16200,0
9088.HK,D,20240205,000000,0.491,0.491,0.491,0.491,0,0
9088.HK,D,20240206,000000,0.523,0.523,0.523,0.523,0,0
9088.HK,D,20240207,000000,0.515,0.515,0.515,0.515,0,0
9088.HK,D,20240208,000000,0.513,0.513,0.513,0.513,0,0
9088.HK,D,20240209,000000,0.506,0.506,0.506,0.506,0,0
9088.HK,D,20240214,000000,0.517,0.517,0.517,0.517,0,0
9088.HK,D,20240215,000000,0.52,0.52,0.52,0.52,0,0
9088.HK,D,20240216,000000,0.539,0.539,0.539,0.539,0,0
9088.HK,D,20240219,000000,0.526,0.526,0.526,0.526,0,0
9088.HK,D,20240220,000000,0.526,0.526,0.526,0.526,0,0
9088.HK,D,20240221,000000,0.54,0.54,0.54,0.54,0,0
9088.HK,D,20240222,000000,0.548,0.548,0.548,0.548,0,0
9088.HK,D,20240223,000000,0.548,0.548,0.548,0.548,0,0
9088.HK,D,20240226,000000,0.548,0.548,0.548,0.548,0,0
9088.HK,D,20240227,000000,0.564,0.564,0.564,0.564,0,0
9088.HK,D,20240228,000000,0.554,0.554,0.554,0.554,0,0
9088.HK,D,20240229,000000,0.549,0.553,0.549,0.553,7800,0
9088.HK,D,20240301,000000,0.56,0.56,0.56,0.56,0,0
9088.HK,D,20240304,000000,0.56,0.56,0.56,0.56,0,0
9088.HK,D,20240305,000000,0.536,0.536,0.536,0.536,0,0
9088.HK,D,20240306,000000,0.548,0.548,0.548,0.548,0,0
9088.HK,D,20240307,000000,0.542,0.542,0.542,0.542,0,0
9088.HK,D,20240308,000000,0.545,0.545,0.545,0.545,0,0
9088.HK,D,20240311,000000,0.555,0.555,0.555,0.555,0,0
9088.HK,D,20240312,000000,0.587,0.587,0.583,0.587,1000,0
9088.HK,D,20240313,000000,0.593,0.593,0.591,0.591,17400,0
9088.HK,D,20240314,000000,0.582,0.582,0.582,0.582,0,0
9088.HK,D,20240315,000000,0.573,0.573,0.573,0.573,0,0
9088.HK,D,20240318,000000,0.579,0.579,0.579,0.579,0,0
9088.HK,D,20240319,000000,0.571,0.571,0.571,0.571,0,0
9088.HK,D,20240320,000000,0.571,0.571,0.571,0.571,0,0
9088.HK,D,20240321,000000,0.577,0.577,0.577,0.577,0,0
9088.HK,D,20240322,000000,0.559,0.559,0.559,0.559,0,0
9088.HK,D,20240325,000000,0.555,0.555,0.555,0.555,0,0
9088.HK,D,20240326,000000,0.559,0.559,0.559,0.559,0,0
9088.HK,D,20240327,000000,0.547,0.547,0.547,0.547,0,0
9088.HK,D,20240328,000000,0.562,0.566,0.562,0.562,1000,0
9088.HK,D,20240402,000000,0.573,0.573,0.57,0.57,1000,0
9088.HK,D,20240403,000000,0.559,0.564,0.559,0.559,1000,0
9088.HK,D,20240405,000000,0.558,0.558,0.558,0.558,0,0
9088.HK,D,20240408,000000,0.557,0.557,0.557,0.557,0,0
9088.HK,D,20240409,000000,0.561,0.561,0.561,0.561,0,0
9088.HK,D,20240410,000000,0.572,0.572,0.572,0.572,0,0
9088.HK,D,20240411,000000,0.572,0.572,0.572,0.572,0,0
9088.HK,D,20240412,000000,0.562,0.566,0.562,0.562,400,0
9088.HK,D,20240415,000000,0.556,0.556,0.555,0.556,395600,0
9088.HK,D,20240416,000000,0.539,0.539,0.539,0.539,400,0
9088.HK,D,20240417,000000,0.539,0.539,0.539,0.539,0,0
9088.HK,D,20240418,000000,0.541,0.541,0.541,0.541,0,0
9088.HK,D,20240419,000000,0.532,0.532,0.53,0.53,94000,0
9088.HK,D,20240422,000000,0.537,0.537,0.537,0.537,0,0
9088.HK,D,20240423,000000,0.556,0.556,0.556,0.556,0,0
9088.HK,D,20240424,000000,0.574,0.574,0.574,0.574,0,0
9088.HK,D,20240425,000000,0.58,0.58,0.575,0.575,2000,0
9088.HK,D,20240426,000000,0.601,0.601,0.601,0.601,0,0
9088.HK,D,20240429,000000,0.605,0.605,0.599,0.599,3600,0
9088.HK,D,20240430,000000,0.599,0.599,0.599,0.599,0,0
9088.HK,D,20240502,000000,0.612,0.625,0.612,0.625,3400,0
9088.HK,D,20240503,000000,0.637,0.641,0.637,0.641,2600,0
9088.HK,D,20240506,000000,0.646,0.646,0.646,0.646,0,0
9088.HK,D,20240507,000000,0.634,0.634,0.634,0.634,0,0
9088.HK,D,20240508,000000,0.627,0.627,0.627,0.627,0,0
9088.HK,D,20240509,000000,0.637,0.637,0.637,0.637,0,0
9088.HK,D,20240510,000000,0.64,0.64,0.64,0.64,0,0
9088.HK,D,20240513,000000,0.648,0.648,0.648,0.648,0,0
9088.HK,D,20240514,000000,0.657,0.657,0.654,0.654,5000,0
9088.HK,D,20240516,000000,0.654,0.657,0.654,0.657,2600,0
9088.HK,D,20240517,000000,0.666,0.666,0.666,0.666,0,0
9088.HK,D,20240520,000000,0.668,0.668,0.668,0.668,0,0
9088.HK,D,20240521,000000,0.645,0.645,0.645,0.645,0,0
9088.HK,D,20240522,000000,0.645,0.645,0.645,0.645,0,0
9088.HK,D,20240523,000000,0.631,0.631,0.631,0.631,0,0
9088.HK,D,20240524,000000,0.614,0.614,0.614,0.614,0,0
9088.HK,D,20240527,000000,0.618,0.624,0.618,0.624,200,0
9088.HK,D,20240528,000000,0.624,0.624,0.624,0.624,0,0
9088.HK,D,20240529,000000,0.61,0.61,0.61,0.61,0,0
9088.HK,D,20240530,000000,0.608,0.608,0.608,0.608,0,0
9088.HK,D,20240531,000000,0.597,0.597,0.597,0.597,400,0
9088.HK,D,20240603,000000,0.61,0.61,0.61,0.61,0,0
9088.HK,D,20240604,000000,0.613,0.613,0.613,0.613,0,0
9088.HK,D,20240605,000000,0.615,0.615,0.615,0.615,0,0
9088.HK,D,20240606,000000,0.627,0.627,0.617,0.62,1600,0
9088.HK,D,20240607,000000,0.61,0.61,0.61,0.61,0,0
9088.HK,D,20240611,000000,0.609,0.61,0.609,0.609,400,0
9088.HK,D,20240612,000000,0.6,0.6,0.6,0.6,2800,0
9088.HK,D,20240613,000000,0.606,0.606,0.606,0.606,0,0
9088.HK,D,20240614,000000,0.603,0.603,0.603,0.603,1000,0
9088.HK,D,20240617,000000,0.602,0.602,0.602,0.602,0,0
9088.HK,D,20240618,000000,0.601,0.601,0.601,0.601,0,0
9088.HK,D,20240619,000000,0.62,0.62,0.62,0.62,0,0
9088.HK,D,20240620,000000,0.612,0.612,0.612,0.612,0,0
9088.HK,D,20240621,000000,0.602,0.602,0.602,0.602,0,0
9088.HK,D,20240624,000000,0.598,0.598,0.598,0.598,0,0
9088.HK,D,20240625,000000,0.592,0.592,0.592,0.592,0,0
9088.HK,D,20240626,000000,0.596,0.596,0.596,0.596,0,0
9088.HK,D,20240627,000000,0.582,0.582,0.582,0.582,0,0
9088.HK,D,20240628,000000,0.577,0.578,0.577,0.578,22600,0
9088.HK,D,20240702,000000,0.575,0.575,0.575,0.575,0,0
9088.HK,D,20240703,000000,0.581,0.588,0.581,0.588,1400,0
9088.HK,D,20240704,000000,0.593,0.593,0.593,0.593,1800,0
9088.HK,D,20240705,000000,0.585,0.585,0.585,0.585,0,0
9088.HK,D,20240708,000000,0.579,0.579,0.579,0.579,0,0
9088.HK,D,20240709,000000,0.579,0.582,0.579,0.582,400,0
9088.HK,D,20240710,000000,0.583,0.583,0.583,0.583,0,0
9088.HK,D,20240711,000000,0.6,0.6,0.597,0.6,1000,0
9088.HK,D,20240712,000000,0.609,0.613,0.609,0.613,2000,0
9088.HK,D,20240715,000000,0.602,0.602,0.602,0.602,0,0
9088.HK,D,20240716,000000,0.59,0.59,0.59,0.59,0,0
9088.HK,D,20240717,000000,0.59,0.591,0.59,0.591,600,0
9088.HK,D,20240718,000000,0.587,0.587,0.587,0.587,600,0
9088.HK,D,20240719,000000,0.577,0.577,0.577,0.577,600,0
9088.HK,D,20240722,000000,0.586,0.586,0.586,0.586,0,0
9088.HK,D,20240723,000000,0.577,0.577,0.577,0.577,0,0
9088.HK,D,20240724,000000,0.567,0.567,0.567,0.567,0,0
9088.HK,D,20240725,000000,0.558,0.558,0.558,0.558,0,0
9088.HK,D,20240726,000000,0.559,0.559,0.559,0.559,0,0
9088.HK,D,20240729,000000,0.567,0.567,0.564,0.564,16800,0
9088.HK,D,20240730,000000,0.554,0.554,0.554,0.554,0,0
9088.HK,D,20240731,000000,0.572,0.572,0.572,0.572,0,0
9088.HK,D,20240801,000000,0.566,0.566,0.566,0.566,0,0
9088.HK,D,20240802,000000,0.551,0.551,0.551,0.551,0,0
9088.HK,D,20240805,000000,0.536,0.543,0.536,0.543,1600,0
9088.HK,D,20240806,000000,0.544,0.544,0.544,0.544,0,0
9088.HK,D,20240807,000000,0.549,0.549,0.549,0.549,0,0
9088.HK,D,20240808,000000,0.549,0.549,0.549,0.549,0,0
9088.HK,D,20240809,000000,0.559,0.559,0.559,0.559,0,0
9088.HK,D,20240812,000000,0.559,0.559,0.559,0.559,0,0
9088.HK,D,20240813,000000,0.559,0.559,0.559,0.559,0,0
9088.HK,D,20240814,000000,0.554,0.554,0.554,0.554,0,0
9088.HK,D,20240815,000000,0.552,0.552,0.552,0.552,0,0
9088.HK,D,20240816,000000,0.562,0.562,0.562,0.562,0,0
9088.HK,D,20240819,000000,0.572,0.572,0.572,0.572,0,0
9088.HK,D,20240820,000000,0.57,0.57,0.57,0.57,0,0
9088.HK,D,20240821,000000,0.56,0.56,0.56,0.56,0,0
9088.HK,D,20240822,000000,0.57,0.57,0.57,0.57,0,0
9088.HK,D,20240823,000000,0.565,0.565,0.565,0.565,0,0
9088.HK,D,20240826,000000,0.568,0.568,0.568,0.568,0,0
9088.HK,D,20240827,000000,0.569,0.569,0.569,0.569,0,0
9088.HK,D,20240828,000000,0.563,0.563,0.56,0.56,99000,0
9088.HK,D,20240829,000000,0.562,0.562,0.562,0.562,0,0
9088.HK,D,20240830,000000,0.574,0.579,0.574,0.579,400,0
9088.HK,D,20240902,000000,0.568,0.568,0.568,0.568,0,0
9088.HK,D,20240903,000000,0.568,0.568,0.568,0.568,200,0
9088.HK,D,20240904,000000,0.568,0.568,0.568,0.568,200,0
9088.HK,D,20240905,000000,0.568,0.568,0.568,0.568,0,0
9088.HK,D,20240909,000000,0.56,0.56,0.56,0.56,0,0
9088.HK,D,20240910,000000,0.561,0.561,0.561,0.561,0,0
9088.HK,D,20240911,000000,0.561,0.561,0.561,0.561,0,0
9088.HK,D,20240912,000000,0.569,0.569,0.566,0.566,1000,0
9088.HK,D,20240913,000000,0.566,0.566,0.566,0.566,0,0
9088.HK,D,20240916,000000,0.568,0.568,0.568,0.568,0,0
9088.HK,D,20240917,000000,0.576,0.576,0.576,0.576,0,0
9088.HK,D,20240919,000000,0.594,0.594,0.594,0.594,0,0
9088.HK,D,20240920,000000,0.601,0.601,0.601,0.601,16600,0
9088.HK,D,20240923,000000,0.601,0.601,0.601,0.601,0,0
9088.HK,D,20240924,000000,0.621,0.637,0.621,0.637,18200,0
9088.HK,D,20240925,000000,0.639,0.641,0.639,0.639,1000,0
9088.HK,D,20240926,000000,0.657,0.685,0.657,0.685,8200,0
9088.HK,D,20240927,000000,0.725,0.725,0.725,0.725,0,0
9088.HK,D,20240930,000000,0.778,0.778,0.778,0.778,0,0
9088.HK,D,20241002,000000,0.814,0.85,0.814,0.844,75200,0
9088.HK,D,20241003,000000,0.797,0.813,0.797,0.813,2800,0
9088.HK,D,20241004,000000,0.835,0.854,0.835,0.854,97200,0
9088.HK,D,20241007,000000,0.878,0.878,0.869,0.877,39000,0
9088.HK,D,20241008,000000,0.835,0.836,0.762,0.766,3451400,0
9088.HK,D,20241009,000000,0.756,0.785,0.756,0.756,2800,0
9088.HK,D,20241010,000000,0.775,0.786,0.775,0.775,10000,0
9088.HK,D,20241014,000000,0.761,0.767,0.761,0.761,65600,0
9088.HK,D,20241015,000000,0.725,0.725,0.725,0.725,0,0
9088.HK,D,20241016,000000,0.718,0.718,0.718,0.718,50000,0
9088.HK,D,20241017,000000,0.708,0.726,0.708,0.708,200,0
9088.HK,D,20241018,000000,0.749,0.749,0.729,0.749,200,0
9088.HK,D,20241021,000000,0.733,0.733,0.733,0.733,0,0
9088.HK,D,20241022,000000,0.733,0.733,0.733,0.733,0,0
9088.HK,D,20241023,000000,0.75,0.75,0.749,0.75,119400,0
9088.HK,D,20241024,000000,0.732,0.732,0.732,0.732,0,0
9088.HK,D,20241025,000000,0.74,0.74,0.74,0.74,0,0
9088.HK,D,20241028,000000,0.747,0.747,0.747,0.747,0,0
9088.HK,D,20241029,000000,0.752,0.752,0.752,0.752,0,0
9088.HK,D,20241030,000000,0.736,0.736,0.736,0.736,0,0
9088.HK,D,20241031,000000,0.737,0.739,0.737,0.737,800,0
9088.HK,D,20241101,000000,0.731,0.733,0.731,0.731,6000,0
9088.HK,D,20241104,000000,0.739,0.739,0.737,0.737,120000,0
9088.HK,D,20241105,000000,0.763,0.763,0.763,0.763,0,0
9088.HK,D,20241106,000000,0.756,0.756,0.739,0.744,279800,0
9088.HK,D,20241107,000000,0.76,0.76,0.757,0.76,200,0
9088.HK,D,20241108,000000,0.771,0.771,0.765,0.765,2200,0
9088.HK,D,20241111,000000,0.758,0.758,0.758,0.758,0,0
9088.HK,D,20241112,000000,0.725,0.725,0.725,0.725,0,0
9088.HK,D,20241113,000000,0.725,0.725,0.725,0.725,0,0
9088.HK,D,20241114,000000,0.701,0.701,0.7,0.701,200,0
9088.HK,D,20241115,000000,0.705,0.71,0.705,0.705,200,0
9088.HK,D,20241118,000000,0.706,0.706,0.706,0.706,0,0
9088.HK,D,20241119,000000,0.71,0.715,0.71,0.715,2000,0
9088.HK,D,20241120,000000,0.718,0.718,0.718,0.718,0,0
9088.HK,D,20241121,000000,0.711,0.711,0.711,0.711,0,0
9088.HK,D,20241122,000000,0.692,0.692,0.692,0.692,0,0
9088.HK,D,20241125,000000,0.694,0.694,0.686,0.688,1200,0
9088.HK,D,20241126,000000,0.693,0.693,0.688,0.688,134000,0
9088.HK,D,20241127,000000,0.689,0.712,0.688,0.712,103000,0
9088.HK,D,20241128,000000,0.703,0.703,0.703,0.703,0,0
9088.HK,D,20241129,000000,0.71,0.721,0.71,0.71,141800,0
9088.HK,D,20241202,000000,0.716,0.716,0.716,0.716,0,0
9088.HK,D,20241203,000000,0.718,0.718,0.715,0.718,141000,0
9088.HK,D,20241204,000000,0.721,0.721,0.719,0.719,67400,0
9088.HK,D,20241205,000000,0.711,0.712,0.711,0.711,481000,0
9088.HK,D,20241206,000000,0.716,0.725,0.716,0.725,33600,0
9088.HK,D,20241209,000000,0.759,0.759,0.723,0.759,600,0
9088.HK,D,20241210,000000,0.77,0.772,0.751,0.751,139000,0
9088.HK,D,20241211,000000,0.741,0.741,0.741,0.741,0,0
9088.HK,D,20241212,000000,0.752,0.755,0.752,0.752,356400,0
9088.HK,D,20241213,000000,0.73,0.73,0.73,0.73,0,0
9088.HK,D,20241216,000000,0.721,0.721,0.721,0.721,0,0
9088.HK,D,20241217,000000,0.719,0.719,0.719,0.719,0,0
9088.HK,D,20241218,000000,0.727,0.727,0.727,0.727,0,0
9088.HK,D,20241219,000000,0.725,0.725,0.725,0.725,0,0
9088.HK,D,20241220,000000,0.725,0.725,0.725,0.725,0,0
9088.HK,D,20241223,000000,0.725,0.725,0.725,0.725,0,0
9088.HK,D,20241224,000000,0.735,0.736,0.734,0.736,101400,0
9088.HK,D,20241227,000000,0.739,0.743,0.739,0.742,68200,0
9088.HK,D,20241230,000000,0.736,0.736,0.736,0.736,0,0
9088.HK,D,20241231,000000,0.732,0.732,0.732,0.732,0,0
9088.HK,D,20250102,000000,0.709,0.713,0.709,0.709,400,0
9088.HK,D,20250103,000000,0.715,0.715,0.715,0.715,0,0
9088.HK,D,20250106,000000,0.715,0.715,0.715,0.715,0,0
9088.HK,D,20250107,000000,0.707,0.708,0.707,0.708,33200,0
9088.HK,D,20250108,000000,0.702,0.702,0.702,0.702,3200,0
9088.HK,D,20250109,000000,0.702,0.702,0.702,0.702,0,0
9088.HK,D,20250110,000000,0.706,0.706,0.695,0.695,23000,0
9088.HK,D,20250113,000000,0.688,0.688,0.688,0.688,0,0
9088.HK,D,20250114,000000,0.708,0.708,0.708,0.708,0,0
9088.HK,D,20250115,000000,0.708,0.708,0.708,0.708,0,0
9088.HK,D,20250116,000000,0.722,0.727,0.719,0.719,117800,0
9088.HK,D,20250117,000000,0.727,0.727,0.727,0.727,0,0
9088.HK,D,20250120,000000,0.741,0.753,0.741,0.747,209600,0
9088.HK,D,20250121,000000,0.755,0.765,0.752,0.765,176400,0
9088.HK,D,20250122,000000,0.744,0.744,0.744,0.744,0,0
9088.HK,D,20250123,000000,0.756,0.756,0.734,0.734,115400,0
9088.HK,D,20250124,000000,0.755,0.755,0.755,0.755,0,0
9088.HK,D,20250127,000000,0.759,0.759,0.759,0.759,0,0
9088.HK,D,20250128,000000,0.767,0.767,0.767,0.767,0,0
9088.HK,D,20250203,000000,0.758,0.767,0.758,0.767,41800,0
9088.HK,D,20250204,000000,0.808,0.808,0.808,0.808,200,0
9088.HK,D,20250205,000000,0.803,0.807,0.802,0.803,210600,0
9088.HK,D,20250206,000000,0.821,0.821,0.814,0.821,37400,0
9088.HK,D,20250207,000000,0.836,0.836,0.836,0.836,0,0
9088.HK,D,20250210,000000,0.854,0.859,0.853,0.859,176800,0
9088.HK,D,20250211,000000,0.838,0.849,0.838,0.838,108200,0
9088.HK,D,20250212,000000,0.857,0.857,0.856,0.857,32800,0
9088.HK,D,20250213,000000,0.848,0.857,0.848,0.848,1400,0
9088.HK,D,20250214,000000,0.868,0.896,0.867,0.896,214200,0
9088.HK,D,20250217,000000,0.896,0.896,0.896,0.896,0,0
9088.HK,D,20250218,000000,0.917,0.917,0.916,0.916,71200,0
9088.HK,D,20250219,000000,0.922,0.922,0.919,0.922,37000,0
9088.HK,D,20250220,000000,0.896,0.896,0.896,0.896,0,0
9088.HK,D,20250221,000000,0.952,0.952,0.951,0.952,200,0
9088.HK,D,20250224,000000,0.949,0.949,0.942,0.945,166800,0
9088.HK,D,20250225,000000,0.94,0.945,0.929,0.929,161200,0
9088.HK,D,20250226,000000,0.957,0.97,0.957,0.968,35400,0
9088.HK,D,20250227,000000,0.985,0.985,0.959,0.959,29400,0
9088.HK,D,20250228,000000,0.905,0.919,0.905,0.905,19400,0
9088.HK,D,20250303,000000,0.914,0.924,0.902,0.902,84000,0
9088.HK,D,20250304,000000,0.875,0.904,0.875,0.903,4200,0
9088.HK,D,20250305,000000,0.938,0.938,0.925,0.938,1800,0
9088.HK,D,20250306,000000,0.987,0.987,0.982,0.987,204000,0
9088.HK,D,20250307,000000,1,1,0.982,0.982,42000,0
9088.HK,D,20250310,000000,0.978,0.978,0.962,0.962,4000,0
9088.HK,D,20250311,000000,0.973,0.973,0.973,0.973,0,0
9088.HK,D,20250312,000000,0.995,0.995,0.948,0.95,39200,0
9088.HK,D,20250313,000000,0.943,0.943,0.935,0.935,89600,0
9088.HK,D,20250314,000000,0.957,0.957,0.957,0.957,0,0
9088.HK,D,20250317,000000,0.962,0.962,0.957,0.958,4600,0
9088.HK,D,20250318,000000,0.993,0.993,0.993,0.993,0,0
9088.HK,D,20250319,000000,0.987,0.996,0.987,0.987,50800,0
9088.HK,D,20250320,000000,0.963,0.963,0.953,0.953,3400,0
9088.HK,D,20250321,000000,0.918,0.92,0.918,0.918,200,0
9088.HK,D,20250324,000000,0.933,0.933,0.933,0.933,0,0
9088.HK,D,20250325,000000,0.899,0.899,0.899,0.899,0,0
9088.HK,D,20250326,000000,0.907,0.908,0.905,0.907,100800,0
9088.HK,D,20250327,000000,0.91,0.91,0.91,0.91,255800,0
9088.HK,D,20250328,000000,0.905,0.905,0.896,0.896,10000,0
9088.HK,D,20250331,000000,0.88,0.88,0.88,0.88,400,0
9088.HK,D,20250401,000000,0.879,0.879,0.879,0.879,0,0
9088.HK,D,20250402,000000,0.882,0.882,0.882,0.882,0,0
9088.HK,D,20250403,000000,0.866,0.866,0.866,0.866,18000,0
9088.HK,D,20250407,000000,0.714,0.757,0.714,0.714,47800,0
9088.HK,D,20250408,000000,0.753,0.758,0.722,0.744,1263400,0
9088.HK,D,20250409,000000,0.743,0.776,0.741,0.77,365000,0
9088.HK,D,20250410,000000,0.79,0.806,0.788,0.788,83800,0
9088.HK,D,20250411,000000,0.786,0.81,0.786,0.806,103600,0
9088.HK,D,20250414,000000,0.819,0.819,0.819,0.819,0,0
9088.HK,D,20250415,000000,0.816,0.816,0.816,0.816,0,0
9088.HK,D,20250416,000000,0.804,0.804,0.784,0.784,40600,0
9088.HK,D,20250417,000000,0.795,0.796,0.795,0.796,56000,0
