<TICKER>,<PER>,<DATE>,<TIME>,<OPEN>,<HIGH>,<LOW>,<CLOSE>,<VOL>,<OPENINT>
948.HK,D,20171130,000000,2.4,3.23,1.8,1.82,6911180,0
948.HK,D,20171201,000000,1.86,2.25,1.72,2.17,2354570,0
948.HK,D,20171204,000000,2.21,2.23,2.05,2.07,610550,0
948.HK,D,20171205,000000,2.08,2.08,1.94,1.99,397200,0
948.HK,D,20171206,000000,1.96,2.12,1.93,2,492200,0
948.HK,D,20171207,000000,2,2.08,1.92,1.96,524310,0
948.HK,D,20171208,000000,1.93,2,1.86,1.99,358410,0
948.HK,D,20171211,000000,1.94,1.95,1.85,1.88,158160,0
948.HK,D,20171212,000000,1.99,2.19,1.92,2.07,531120,0
948.HK,D,20171213,000000,2.02,2.02,1.93,2.01,102100,0
948.HK,D,20171214,000000,1.97,1.99,1.91,1.96,80100,0
948.HK,D,20171215,000000,1.99,2.03,1.98,2.01,127300,0
948.HK,D,20171218,000000,1.99,2.01,1.99,1.99,8650,0
948.HK,D,20171219,000000,2.01,2.01,2,2.01,2070,0
948.HK,D,20171220,000000,1.87,1.96,1.87,1.95,93650,0
948.HK,D,20171221,000000,1.86,2.1,1.86,2,118000,0
948.HK,D,20171222,000000,1.99,2.06,1.97,2.01,430000,0
948.HK,D,20171227,000000,2.01,2.04,2,2,635775,0
948.HK,D,20171228,000000,1.9,2.03,1.9,2.03,98500,0
948.HK,D,20171229,000000,1.92,2.03,1.92,2.03,90900,0
948.HK,D,20180102,000000,2.02,2.02,1.97,1.98,64700,0
948.HK,D,20180103,000000,1.85,2,1.85,1.95,576050,0
948.HK,D,20180104,000000,1.89,1.99,1.89,1.99,630750,0
948.HK,D,20180105,000000,1.88,1.94,1.88,1.89,1584500,0
948.HK,D,20180108,000000,1.9,1.91,1.87,1.9,1028000,0
948.HK,D,20180109,000000,1.86,1.89,1.8,1.84,328840,0
948.HK,D,20180110,000000,1.82,1.88,1.81,1.82,59700,0
948.HK,D,20180111,000000,1.8,2,1.8,1.85,167850,0
948.HK,D,20180112,000000,1.76,1.94,1.76,1.9,2165762,0
948.HK,D,20180115,000000,1.72,1.88,1.72,1.84,56500,0
948.HK,D,20180116,000000,1.78,1.8,1.77,1.78,12000,0
948.HK,D,20180117,000000,1.72,1.9,1.72,1.9,29500,0
948.HK,D,20180118,000000,1.9,2.06,1.86,2.01,1744004,0
948.HK,D,20180119,000000,2.05,2.1,1.97,1.98,94900,0
948.HK,D,20180122,000000,1.92,2.08,1.9,2.06,30900,0
948.HK,D,20180123,000000,1.95,2.03,1.9,2.01,37400,0
948.HK,D,20180124,000000,1.9,2.08,1.9,2.03,93040,0
948.HK,D,20180125,000000,1.98,2.1,1.96,2,215070,0
948.HK,D,20180126,000000,2.01,2.05,1.96,2.05,223150,0
948.HK,D,20180129,000000,2,2,2,2,36000,0
948.HK,D,20180130,000000,1.9,2,1.9,2,1000,0
948.HK,D,20180131,000000,1.91,2.1,1.91,2.07,333150,0
948.HK,D,20180201,000000,2.17,2.17,2.05,2.17,300800,0
948.HK,D,20180202,000000,2.15,2.15,2.1,2.1,103490,0
948.HK,D,20180205,000000,1.91,2.12,1.9,2.11,206050,0
948.HK,D,20180206,000000,2.06,2.06,1.94,2.01,120300,0
948.HK,D,20180207,000000,2.05,2.05,2,2,43500,0
948.HK,D,20180208,000000,2.05,2.32,2.03,2.2,871700,0
948.HK,D,20180209,000000,2.1,2.1,2.05,2.09,75800,0
948.HK,D,20180212,000000,2.12,2.24,2.12,2.2,77860,0
948.HK,D,20180213,000000,2.22,2.24,2.2,2.21,80100,0
948.HK,D,20180214,000000,2.25,2.4,2.21,2.21,354580,0
948.HK,D,20180215,000000,2.29,2.3,2.29,2.3,29000,0
948.HK,D,20180220,000000,2.29,2.29,2.29,2.29,30000,0
948.HK,D,20180221,000000,2.06,2.15,2.06,2.15,44500,0
948.HK,D,20180222,000000,2.07,2.15,2.07,2.15,37600,0
948.HK,D,20180223,000000,2.11,2.16,2.11,2.16,127950,0
948.HK,D,20180226,000000,2.04,2.14,2.04,2.13,128900,0
948.HK,D,20180227,000000,2.09,2.16,2.09,2.15,84600,0
948.HK,D,20180228,000000,2.1,2.14,2.1,2.12,66550,0
948.HK,D,20180301,000000,2.1,2.1,2.02,2.1,138000,0
948.HK,D,20180302,000000,2.15,2.15,2.1,2.1,156000,0
948.HK,D,20180305,000000,2.14,2.15,2.03,2.08,178500,0
948.HK,D,20180306,000000,1.97,2.08,1.97,2.08,8750,0
948.HK,D,20180307,000000,1.97,2.13,1.97,2.11,153750,0
948.HK,D,20180308,000000,2.11,2.13,2.02,2.1,184200,0
948.HK,D,20180309,000000,2.05,2.16,2.05,2.13,202850,0
948.HK,D,20180312,000000,2.13,2.13,2.09,2.12,307400,0
948.HK,D,20180313,000000,2.12,2.13,2.06,2.11,140000,0
948.HK,D,20180314,000000,2.05,2.14,2.05,2.09,151650,0
948.HK,D,20180315,000000,2.07,2.13,2.07,2.11,285000,0
948.HK,D,20180316,000000,2.06,2.06,2.05,2.06,100700,0
948.HK,D,20180319,000000,2.1,2.1,2.05,2.1,32500,0
948.HK,D,20180320,000000,2.06,2.08,2.06,2.08,63950,0
948.HK,D,20180321,000000,1.97,2.24,1.97,2.12,238650,0
948.HK,D,20180322,000000,2.06,2.07,2.06,2.07,33000,0
948.HK,D,20180323,000000,2.1,2.1,2.03,2.1,32500,0
948.HK,D,20180326,000000,2.05,2.06,2.03,2.06,104500,0
948.HK,D,20180327,000000,2.02,2.06,2.02,2.04,54200,0
948.HK,D,20180328,000000,2.01,2.03,2.01,2.03,76600,0
948.HK,D,20180329,000000,2.19,2.23,2.09,2.2,824900,0
948.HK,D,20180403,000000,2.08,2.14,2.08,2.13,74000,0
948.HK,D,20180404,000000,2.17,2.96,2.17,2.37,3745512,0
948.HK,D,20180406,000000,2.4,2.7,2.23,2.61,1287700,0
948.HK,D,20180409,000000,2.58,2.67,2.5,2.58,344800,0
948.HK,D,20180410,000000,2.6,2.63,2.51,2.55,467600,0
948.HK,D,20180411,000000,2.57,2.57,2.49,2.49,196900,0
948.HK,D,20180412,000000,2.44,2.65,2.35,2.65,539200,0
948.HK,D,20180413,000000,2.63,2.8,2.62,2.7,394300,0
948.HK,D,20180416,000000,2.83,2.83,2.62,2.62,99000,0
948.HK,D,20180417,000000,2.63,2.63,2.55,2.55,101050,0
948.HK,D,20180418,000000,2.56,2.56,2.41,2.55,173350,0
948.HK,D,20180419,000000,2.6,2.6,2.46,2.47,6500,0
948.HK,D,20180420,000000,2.47,2.5,2.47,2.5,14450,0
948.HK,D,20180423,000000,2.5,2.5,2.5,2.5,30000,0
948.HK,D,20180424,000000,2.45,2.5,2.45,2.5,16600,0
948.HK,D,20180425,000000,2.5,2.5,2.5,2.5,24000,0
948.HK,D,20180426,000000,2.49,2.58,2.38,2.58,142040,0
948.HK,D,20180427,000000,2.6,2.6,2.6,2.6,21500,0
948.HK,D,20180430,000000,2.63,2.63,2.48,2.48,51250,0
948.HK,D,20180502,000000,2.44,2.6,2.43,2.59,36650,0
948.HK,D,20180503,000000,2.5,2.5,2.48,2.5,30000,0
948.HK,D,20180504,000000,2.46,2.5,2.46,2.47,217950,0
948.HK,D,20180507,000000,2.42,2.55,2.42,2.55,164250,0
948.HK,D,20180508,000000,2.48,2.5,2.48,2.49,61500,0
948.HK,D,20180509,000000,2.48,2.5,2.45,2.5,133000,0
948.HK,D,20180510,000000,2.48,2.48,2.48,2.48,7500,0
948.HK,D,20180511,000000,2.47,2.55,2.45,2.48,332900,0
948.HK,D,20180514,000000,2.46,2.5,2.46,2.5,118406,0
948.HK,D,20180515,000000,2.37,2.48,2.36,2.48,20000,0
948.HK,D,20180516,000000,2.45,2.48,2.45,2.48,15700,0
948.HK,D,20180517,000000,2.48,2.57,2.48,2.57,72650,0
948.HK,D,20180518,000000,2.51,2.58,2.51,2.51,42000,0
948.HK,D,20180521,000000,2.51,2.56,2.48,2.54,180600,0
948.HK,D,20180523,000000,2.52,2.53,2.52,2.52,30000,0
948.HK,D,20180524,000000,2.46,2.53,2.46,2.52,41650,0
948.HK,D,20180525,000000,2.52,2.58,2.51,2.57,1688000,0
948.HK,D,20180528,000000,2.32,2.53,2.32,2.48,110000,0
948.HK,D,20180529,000000,2.45,2.51,2.45,2.5,81000,0
948.HK,D,20180530,000000,2.46,2.56,2.44,2.56,1384000,0
948.HK,D,20180531,000000,2.52,2.64,2.51,2.61,40000,0
948.HK,D,20180601,000000,2.6,2.63,2.53,2.6,36550,0
948.HK,D,20180604,000000,2.54,2.6,2.49,2.54,194450,0
948.HK,D,20180605,000000,2.5,2.5,2.48,2.48,38500,0
948.HK,D,20180606,000000,2.34,2.52,2.34,2.49,87650,0
948.HK,D,20180607,000000,2.49,2.49,2.49,2.49,500,0
948.HK,D,20180608,000000,2.49,2.49,2.49,2.49,0,0
948.HK,D,20180611,000000,2.37,2.5,2.37,2.45,79500,0
948.HK,D,20180612,000000,2.38,2.49,2.38,2.49,10350,0
948.HK,D,20180613,000000,2.42,2.53,2.42,2.52,88000,0
948.HK,D,20180614,000000,2.45,2.45,2.45,2.45,40000,0
948.HK,D,20180615,000000,2.29,2.5,2.29,2.5,11600,0
948.HK,D,20180619,000000,2.41,2.41,2.41,2.41,58500,0
948.HK,D,20180620,000000,2.41,2.42,2.4,2.42,22000,0
948.HK,D,20180621,000000,2.41,2.42,2.41,2.41,10500,0
948.HK,D,20180622,000000,2.36,2.51,2.36,2.51,36600,0
948.HK,D,20180625,000000,2.53,2.57,2.5,2.53,145420,0
948.HK,D,20180626,000000,2.49,2.54,2.48,2.54,161100,0
948.HK,D,20180627,000000,2.53,2.56,2.48,2.48,102200,0
948.HK,D,20180628,000000,2.44,2.53,2.41,2.42,207100,0
948.HK,D,20180629,000000,2.48,2.75,2.44,2.74,242000,0
948.HK,D,20180703,000000,2.5,2.62,2.5,2.57,95750,0
948.HK,D,20180704,000000,2.36,2.58,2.36,2.58,135500,0
948.HK,D,20180705,000000,2.58,2.58,2.46,2.51,20000,0
948.HK,D,20180706,000000,2.45,2.53,2.45,2.52,51640,0
948.HK,D,20180709,000000,2.32,2.5,2.32,2.35,112300,0
948.HK,D,20180710,000000,2.48,2.48,2.48,2.48,2000,0
948.HK,D,20180711,000000,2.44,2.47,2.44,2.46,73500,0
948.HK,D,20180712,000000,2.44,2.46,2.44,2.44,30000,0
948.HK,D,20180713,000000,2.29,2.41,2.29,2.41,58800,0
948.HK,D,20180716,000000,2.39,2.4,2.39,2.39,10500,0
948.HK,D,20180717,000000,2.38,2.38,2.38,2.38,38000,0
948.HK,D,20180718,000000,2.34,2.38,2.34,2.38,20200,0
948.HK,D,20180719,000000,2.34,2.38,2.34,2.34,56500,0
948.HK,D,20180720,000000,2.28,2.34,2.28,2.34,45660,0
948.HK,D,20180723,000000,2.36,2.36,2.31,2.36,62000,0
948.HK,D,20180724,000000,2.35,2.38,2.32,2.38,66000,0
948.HK,D,20180725,000000,2.4,2.4,2.37,2.4,10000,0
948.HK,D,20180726,000000,2.37,2.4,2.37,2.37,48000,0
948.HK,D,20180727,000000,2.34,2.36,2.34,2.34,38000,0
948.HK,D,20180730,000000,2.31,2.33,2.31,2.32,38200,0
948.HK,D,20180731,000000,2.32,2.35,2.32,2.35,6250,0
948.HK,D,20180801,000000,2.33,2.42,2.33,2.42,21800,0
948.HK,D,20180802,000000,2.45,2.45,2.35,2.35,381500,0
948.HK,D,20180803,000000,2.36,2.48,2.36,2.42,155500,0
948.HK,D,20180806,000000,2.41,2.7,2.41,2.65,538400,0
948.HK,D,20180807,000000,2.65,2.65,2.14,2.59,80250,0
948.HK,D,20180808,000000,2.55,2.61,2.54,2.54,315000,0
948.HK,D,20180809,000000,2.58,2.58,2.47,2.56,102440,0
948.HK,D,20180810,000000,2.55,2.55,2.55,2.55,18800,0
948.HK,D,20180813,000000,2.6,2.6,2.55,2.57,46000,0
948.HK,D,20180814,000000,2.4,2.55,2.4,2.55,72300,0
948.HK,D,20180815,000000,2.6,2.6,2.52,2.6,53800,0
948.HK,D,20180816,000000,2.6,2.67,2.6,2.67,348840,0
948.HK,D,20180817,000000,2.6,2.71,2.6,2.71,184100,0
948.HK,D,20180820,000000,2.65,2.71,2.65,2.66,119000,0
948.HK,D,20180821,000000,2.67,2.7,2.67,2.68,114840,0
948.HK,D,20180822,000000,2.68,2.68,2.68,2.68,0,0
948.HK,D,20180823,000000,2.69,2.75,2.69,2.74,29500,0
948.HK,D,20180824,000000,2.72,2.73,2.72,2.72,104570,0
948.HK,D,20180827,000000,2.6,2.68,2.6,2.68,105200,0
948.HK,D,20180828,000000,2.69,2.69,2.69,2.69,14000,0
948.HK,D,20180829,000000,2.66,2.66,2.66,2.66,2250,0
948.HK,D,20180830,000000,2.66,2.66,2.63,2.66,14000,0
948.HK,D,20180831,000000,2.6,2.61,2.6,2.6,35550,0
948.HK,D,20180903,000000,2.6,2.6,2.54,2.54,34000,0
948.HK,D,20180904,000000,2.55,2.6,2.55,2.55,44000,0
948.HK,D,20180905,000000,2.49,2.55,2.49,2.55,102600,0
948.HK,D,20180906,000000,2.14,2.55,2.14,2.55,3000,0
948.HK,D,20180907,000000,2.55,2.55,2.55,2.55,0,0
948.HK,D,20180910,000000,2.55,2.55,2.55,2.55,0,0
948.HK,D,20180911,000000,2.2,2.5,2.2,2.47,30000,0
948.HK,D,20180912,000000,2.45,2.47,2.45,2.47,1250,0
948.HK,D,20180913,000000,2.53,2.53,2.5,2.53,5000,0
948.HK,D,20180914,000000,2.48,2.48,2.48,2.48,2000,0
948.HK,D,20180917,000000,2.48,2.48,2.44,2.44,51500,0
948.HK,D,20180918,000000,2.49,2.49,2.47,2.47,22000,0
948.HK,D,20180919,000000,2.05,2.5,2.05,2.5,2500,0
948.HK,D,20180920,000000,2.51,2.51,2.49,2.51,52000,0
948.HK,D,20180921,000000,2.3,2.5,2.3,2.48,29500,0
948.HK,D,20180924,000000,2.48,2.48,2.48,2.48,0,0
948.HK,D,20180926,000000,2.48,2.51,2.48,2.51,46800,0
948.HK,D,20180927,000000,2.51,2.51,2.49,2.49,10950,0
948.HK,D,20180928,000000,2.51,2.51,2.5,2.51,12600,0
948.HK,D,20181002,000000,2.5,2.5,2.5,2.5,4500,0
948.HK,D,20181003,000000,2.45,2.45,2.45,2.45,2500,0
948.HK,D,20181004,000000,2.45,2.45,2.45,2.45,0,0
948.HK,D,20181005,000000,2.45,2.45,2.45,2.45,20000,0
948.HK,D,20181008,000000,2.43,2.44,2.43,2.43,16000,0
948.HK,D,20181009,000000,2.43,2.5,2.43,2.5,85500,0
948.HK,D,20181010,000000,2.5,2.52,2.49,2.52,26000,0
948.HK,D,20181011,000000,2.5,2.55,2.47,2.52,77990,0
948.HK,D,20181012,000000,2.45,2.45,2.42,2.45,210000,0
948.HK,D,20181015,000000,2.49,2.49,2.42,2.42,296000,0
948.HK,D,20181016,000000,2.16,2.35,2.16,2.35,5950,0
948.HK,D,20181018,000000,2.42,2.42,2.23,2.23,33750,0
948.HK,D,20181019,000000,2.26,2.26,2.21,2.23,139000,0
948.HK,D,20181022,000000,2.29,2.29,2.2,2.24,64000,0
948.HK,D,20181023,000000,2.24,2.24,1.96,2.19,97950,0
948.HK,D,20181024,000000,2.19,2.19,2.01,2.19,4700,0
948.HK,D,20181025,000000,2.18,2.18,2.15,2.15,34000,0
948.HK,D,20181026,000000,1.96,2.08,1.96,2.08,63000,0
948.HK,D,20181029,000000,2.2,2.2,2.09,2.2,34000,0
948.HK,D,20181030,000000,2.09,2.15,2.09,2.15,49000,0
948.HK,D,20181031,000000,2.16,2.19,2.16,2.19,30000,0
948.HK,D,20181101,000000,1.86,2.2,1.86,2.2,5750,0
948.HK,D,20181102,000000,2.42,2.43,2.26,2.42,12200,0
948.HK,D,20181105,000000,2.41,2.41,2.2,2.35,34000,0
948.HK,D,20181106,000000,2.35,2.67,2.35,2.67,4600,0
948.HK,D,20181107,000000,2.5,2.5,2.39,2.39,38500,0
948.HK,D,20181108,000000,2.2,2.28,2.2,2.24,45000,0
948.HK,D,20181109,000000,2.2,2.2,2.2,2.2,4500,0
948.HK,D,20181112,000000,2.2,2.2,2.2,2.2,0,0
948.HK,D,20181113,000000,2.03,2.3,2.03,2.3,5100,0
948.HK,D,20181114,000000,2.3,2.3,2.3,2.3,10000,0
948.HK,D,20181115,000000,2.01,2.3,2.01,2.3,400,0
948.HK,D,20181116,000000,2.3,2.3,2.3,2.3,0,0
948.HK,D,20181119,000000,2.15,2.32,2.06,2.32,12800,0
948.HK,D,20181120,000000,2.28,2.3,2.28,2.28,5835,0
948.HK,D,20181121,000000,2.34,2.34,2.02,2.34,20000,0
948.HK,D,20181122,000000,2.3,2.3,2.3,2.3,10000,0
948.HK,D,20181123,000000,2.3,2.3,2.3,2.3,0,0
948.HK,D,20181126,000000,2.3,2.3,2.3,2.3,0,0
948.HK,D,20181127,000000,2.3,2.3,2.3,2.3,0,0
948.HK,D,20181128,000000,2.3,2.3,2.3,2.3,0,0
948.HK,D,20181129,000000,2.3,2.3,2.3,2.3,6000,0
948.HK,D,20181130,000000,2.2,2.2,2.2,2.2,9000,0
948.HK,D,20181203,000000,1.99,2.3,1.99,2.3,14000,0
948.HK,D,20181204,000000,1.89,2.3,1.89,2.3,800,0
948.HK,D,20181205,000000,2.3,2.3,2.3,2.3,30000,0
948.HK,D,20181206,000000,2.35,2.35,2.2,2.35,15500,0
948.HK,D,20181207,000000,2.35,2.35,2.35,2.35,0,0
948.HK,D,20181210,000000,2.35,2.35,2.35,2.35,0,0
948.HK,D,20181211,000000,2.27,2.27,2.01,2.27,7400,0
948.HK,D,20181212,000000,2.27,2.35,2.27,2.35,22000,0
948.HK,D,20181213,000000,2.35,2.35,2.35,2.35,0,0
948.HK,D,20181214,000000,2.3,2.3,2.3,2.3,24000,0
948.HK,D,20181217,000000,2.3,2.3,2.3,2.3,0,0
948.HK,D,20181218,000000,2.28,2.28,2.28,2.28,5500,0
948.HK,D,20181219,000000,2.16,2.27,2.16,2.16,30000,0
948.HK,D,20181220,000000,2.16,2.16,2.16,2.16,0,0
948.HK,D,20181221,000000,2.25,2.25,2.25,2.25,2000,0
948.HK,D,20181224,000000,2.25,2.25,2.25,2.25,0,0
948.HK,D,20181227,000000,2.4,2.44,2.25,2.43,71000,0
948.HK,D,20181228,000000,2.43,2.43,2.43,2.43,0,0
948.HK,D,20181231,000000,1.96,2.42,1.96,2.42,700,0
948.HK,D,20190102,000000,2.4,2.4,2.3,2.39,28000,0
948.HK,D,20190103,000000,2.39,2.39,2.39,2.39,500,0
948.HK,D,20190104,000000,2.39,2.4,2.35,2.35,30000,0
948.HK,D,20190107,000000,2.3,2.3,2.06,2.3,6500,0
948.HK,D,20190108,000000,1.97,2.25,1.97,2.25,4000,0
948.HK,D,20190109,000000,1.96,2.39,1.96,2.39,16200,0
948.HK,D,20190110,000000,2.39,2.39,2.3,2.3,17000,0
948.HK,D,20190111,000000,2.3,2.3,2.3,2.3,0,0
948.HK,D,20190114,000000,2.3,2.3,2.3,2.3,2000,0
948.HK,D,20190115,000000,2.4,2.4,2.3,2.4,11500,0
948.HK,D,20190116,000000,2.35,2.5,2.25,2.5,42100,0
948.HK,D,20190117,000000,2.4,2.45,2.35,2.44,12300,0
948.HK,D,20190118,000000,2.4,2.4,2.4,2.4,0,0
948.HK,D,20190121,000000,2.3,2.3,1.97,2.3,6500,0
948.HK,D,20190122,000000,2.11,2.3,2.11,2.3,300,0
948.HK,D,20190123,000000,2.3,2.3,2.3,2.3,0,0
948.HK,D,20190124,000000,2.3,2.3,2.3,2.3,0,0
948.HK,D,20190125,000000,2.2,2.2,2.14,2.2,20500,0
948.HK,D,20190128,000000,2.2,2.2,2.04,2.2,55000,0
948.HK,D,20190129,000000,2.2,2.3,2.2,2.3,50880,0
948.HK,D,20190130,000000,2.12,2.2,2.12,2.2,5572,0
948.HK,D,20190131,000000,1.99,2.3,1.99,2.3,1338100,0
948.HK,D,20190201,000000,2.3,2.3,2.3,2.3,0,0
948.HK,D,20190204,000000,2.3,2.5,2.3,2.49,16000,0
948.HK,D,20190208,000000,2.49,2.5,2.3,2.3,39400,0
948.HK,D,20190211,000000,2.2,2.3,2.17,2.28,688000,0
948.HK,D,20190212,000000,2.25,2.29,2.2,2.29,498100,0
948.HK,D,20190213,000000,2.25,2.25,2.25,2.25,12000,0
948.HK,D,20190214,000000,2.2,2.39,2.2,2.32,160000,0
948.HK,D,20190215,000000,2.16,2.27,2.15,2.26,29000,0
948.HK,D,20190218,000000,2.14,2.27,2.14,2.25,14500,0
948.HK,D,20190219,000000,2.27,2.27,2.23,2.23,33100,0
948.HK,D,20190220,000000,2.23,2.29,2.19,2.19,89150,0
948.HK,D,20190221,000000,2.25,2.3,2.21,2.29,208050,0
948.HK,D,20190222,000000,2.27,2.3,2.22,2.29,200000,0
948.HK,D,20190225,000000,2.26,2.28,2.21,2.21,20500,0
948.HK,D,20190226,000000,2.27,2.27,2.24,2.27,547400,0
948.HK,D,20190227,000000,2.26,2.31,2.25,2.31,384000,0
948.HK,D,20190228,000000,2.16,2.35,2.15,2.35,463900,0
948.HK,D,20190301,000000,2.19,2.37,2.19,2.37,410000,0
948.HK,D,20190304,000000,2.31,2.39,2.3,2.38,202000,0
948.HK,D,20190305,000000,2.39,2.39,2.27,2.39,196000,0
948.HK,D,20190306,000000,2.3,2.36,2.3,2.36,34000,0
948.HK,D,20190307,000000,2.36,2.37,2.32,2.36,198000,0
948.HK,D,20190308,000000,2.32,2.38,2.32,2.37,338000,0
948.HK,D,20190311,000000,2.37,2.37,2.23,2.26,293000,0
948.HK,D,20190312,000000,2.28,2.3,2.17,2.2,614100,0
948.HK,D,20190313,000000,2.19,2.24,2.16,2.24,636800,0
948.HK,D,20190314,000000,2.2,2.25,2.17,2.18,234500,0
948.HK,D,20190315,000000,2.15,2.22,2.01,2.13,386000,0
948.HK,D,20190318,000000,2.18,2.19,2.18,2.19,8000,0
948.HK,D,20190319,000000,2.2,2.2,2.19,2.2,17000,0
948.HK,D,20190320,000000,2.07,2.16,2.03,2.05,318000,0
948.HK,D,20190321,000000,2.05,2.14,2.05,2.07,88000,0
948.HK,D,20190322,000000,2.07,2.14,1.99,2.09,248000,0
948.HK,D,20190325,000000,2.13,2.13,2.13,2.13,2000,0
948.HK,D,20190326,000000,2,2.13,1.96,2.05,19900,0
948.HK,D,20190327,000000,2.13,2.13,2.05,2.06,94000,0
948.HK,D,20190328,000000,2.13,2.13,2.01,2.06,48450,0
948.HK,D,20190329,000000,1.96,2.07,1.96,2.05,8000,0
948.HK,D,20190401,000000,2.03,2.11,2.02,2.08,70600,0
948.HK,D,20190402,000000,1.98,2.09,1.98,2.09,48600,0
948.HK,D,20190403,000000,2.03,2.09,1.97,2.08,378000,0
948.HK,D,20190404,000000,2.08,2.12,2.04,2.1,164200,0
948.HK,D,20190408,000000,2.1,2.2,2.05,2.11,266750,0
948.HK,D,20190409,000000,2.04,2.15,2.04,2.1,20950,0
948.HK,D,20190410,000000,2.15,2.15,1.96,2.06,184900,0
948.HK,D,20190411,000000,2.04,2.07,2.02,2.06,34000,0
948.HK,D,20190412,000000,2.06,2.13,2.03,2.1,106000,0
948.HK,D,20190415,000000,2.09,2.14,2.01,2.07,159300,0
948.HK,D,20190416,000000,2.07,2.08,1.92,2.05,106500,0
948.HK,D,20190417,000000,2.01,2.05,1.95,2,48000,0
948.HK,D,20190418,000000,2.05,2.06,1.94,1.98,110500,0
948.HK,D,20190423,000000,1.98,2.05,1.98,2.01,89650,0
948.HK,D,20190424,000000,2,2.04,2,2,48900,0
948.HK,D,20190425,000000,2,2,1.95,2,14000,0
948.HK,D,20190426,000000,2,2,1.98,2,35000,0
948.HK,D,20190429,000000,2,2,1.97,2,94000,0
948.HK,D,20190430,000000,2,2,1.97,2,16000,0
948.HK,D,20190502,000000,2,2.05,1.92,2,64000,0
948.HK,D,20190503,000000,1.9,2.07,1.9,2,30500,0
948.HK,D,20190506,000000,1.99,1.99,1.87,1.98,229500,0
948.HK,D,20190507,000000,1.98,1.98,1.92,1.98,44000,0
948.HK,D,20190508,000000,1.87,2,1.87,2,4450,0
948.HK,D,20190509,000000,2,2,1.97,2,71000,0
948.HK,D,20190510,000000,1.89,2,1.89,2,75250,0
948.HK,D,20190514,000000,2.04,2.04,1.98,2.02,14000,0
948.HK,D,20190515,000000,2.04,2.04,1.98,2.03,53500,0
948.HK,D,20190516,000000,2.04,2.09,1.88,2.06,227100,0
948.HK,D,20190517,000000,2.08,2.16,2.01,2.1,224000,0
948.HK,D,20190520,000000,2.19,2.25,2.11,2.19,326010,0
948.HK,D,20190521,000000,2.12,2.21,2.11,2.19,1470000,0
948.HK,D,20190522,000000,2.12,2.28,2.03,2.2,1090000,0
948.HK,D,20190523,000000,2.13,2.23,2.13,2.22,310000,0
948.HK,D,20190524,000000,2.21,2.23,2.06,2.22,530250,0
948.HK,D,20190527,000000,2.2,2.39,2.2,2.28,370000,0
948.HK,D,20190528,000000,2.28,2.31,2.12,2.3,1229900,0
948.HK,D,20190529,000000,2.3,2.34,2.22,2.28,932000,0
948.HK,D,20190530,000000,2.28,2.33,2.18,2.3,1672000,0
948.HK,D,20190531,000000,2.29,2.3,2.17,2.24,1254000,0
948.HK,D,20190603,000000,2.24,2.28,2.22,2.26,626000,0
948.HK,D,20190604,000000,2.26,2.27,2.21,2.26,926500,0
948.HK,D,20190605,000000,2.22,2.23,2.17,2.2,909250,0
948.HK,D,20190606,000000,2.23,2.23,2.15,2.19,958000,0
948.HK,D,20190610,000000,2.2,2.2,2.11,2.2,2632700,0
948.HK,D,20190611,000000,2.18,2.2,2.11,2.13,1318000,0
948.HK,D,20190612,000000,2.05,2.16,2.05,2.16,1106000,0
948.HK,D,20190613,000000,2.16,2.17,2.14,2.16,56000,0
948.HK,D,20190614,000000,2.26,2.26,2.15,2.18,24000,0
948.HK,D,20190617,000000,2.24,2.24,2.07,2.16,1174000,0
948.HK,D,20190618,000000,2.11,2.17,2.11,2.17,558000,0
948.HK,D,20190619,000000,2.15,2.16,2.06,2.15,26000,0
948.HK,D,20190620,000000,2.08,2.14,2.05,2.14,618000,0
948.HK,D,20190621,000000,2.13,2.14,2.05,2.08,576000,0
948.HK,D,20190624,000000,2.05,2.05,1.97,2.05,130000,0
948.HK,D,20190625,000000,2.05,2.06,1.97,2.05,62000,0
948.HK,D,20190626,000000,2,2.03,1.96,2.03,228000,0
948.HK,D,20190627,000000,2.01,2.01,1.96,2,844400,0
948.HK,D,20190628,000000,1.99,2.05,1.9,2.02,619200,0
948.HK,D,20190702,000000,1.96,1.99,1.91,1.95,150000,0
948.HK,D,20190703,000000,1.99,1.99,1.85,1.99,368000,0
948.HK,D,20190704,000000,1.91,1.97,1.9,1.92,58000,0
948.HK,D,20190705,000000,1.94,2.07,1.75,1.84,1740000,0
948.HK,D,20190708,000000,1.84,1.85,1.83,1.84,28000,0
948.HK,D,20190709,000000,1.84,1.84,1.84,1.84,0,0
948.HK,D,20190710,000000,1.7,1.86,1.7,1.85,30000,0
948.HK,D,20190711,000000,1.83,1.84,1.77,1.84,90000,0
948.HK,D,20190712,000000,1.84,1.84,1.77,1.84,22000,0
948.HK,D,20190715,000000,1.79,1.84,1.74,1.82,88000,0
948.HK,D,20190716,000000,1.78,1.81,1.71,1.81,84000,0
948.HK,D,20190717,000000,1.71,1.8,1.71,1.8,1000,0
948.HK,D,20190718,000000,1.8,1.81,1.8,1.8,2000,0
948.HK,D,20190719,000000,1.8,1.8,1.75,1.8,28000,0
948.HK,D,20190722,000000,1.41,1.79,1.41,1.79,69500,0
948.HK,D,20190723,000000,1.78,1.79,1.78,1.79,92000,0
948.HK,D,20190724,000000,1.69,1.76,1.69,1.76,43300,0
948.HK,D,20190725,000000,1.7,1.79,1.69,1.79,84550,0
948.HK,D,20190726,000000,1.73,1.78,1.67,1.74,202000,0
948.HK,D,20190729,000000,1.74,1.74,1.7,1.71,193000,0
948.HK,D,20190730,000000,1.7,1.7,1.51,1.7,76500,0
948.HK,D,20190731,000000,1.69,1.7,1.69,1.7,70750,0
948.HK,D,20190801,000000,1.7,1.7,1.66,1.7,13500,0
948.HK,D,20190802,000000,1.7,1.78,1.7,1.7,80500,0
948.HK,D,20190805,000000,1.69,1.69,1.54,1.69,9000,0
948.HK,D,20190806,000000,1.61,1.69,1.6,1.69,17150,0
948.HK,D,20190807,000000,1.61,1.77,1.61,1.77,7000,0
948.HK,D,20190808,000000,1.74,1.74,1.68,1.74,27000,0
948.HK,D,20190809,000000,1.79,1.79,1.79,1.79,2020,0
948.HK,D,20190812,000000,1.77,1.77,1.77,1.77,0,0
948.HK,D,20190813,000000,1.86,1.86,1.79,1.86,4000,0
948.HK,D,20190814,000000,1.98,1.98,1.98,1.98,2000,0
948.HK,D,20190815,000000,1.63,1.94,1.63,1.9,40080,0
948.HK,D,20190816,000000,1.98,1.98,1.89,1.98,10000,0
948.HK,D,20190819,000000,1.98,1.98,1.98,1.98,0,0
948.HK,D,20190820,000000,1.71,1.92,1.71,1.82,152000,0
948.HK,D,20190821,000000,1.66,1.77,1.66,1.77,12550,0
948.HK,D,20190822,000000,1.72,1.72,1.59,1.72,71500,0
948.HK,D,20190823,000000,1.56,1.75,1.55,1.74,21500,0
948.HK,D,20190826,000000,1.74,1.74,1.74,1.74,0,0
948.HK,D,20190828,000000,1.77,1.84,1.7,1.84,195500,0
948.HK,D,20190829,000000,1.83,1.83,1.83,1.83,0,0
948.HK,D,20190830,000000,1.84,1.84,1.83,1.83,32000,0
948.HK,D,20190902,000000,1.81,1.81,1.81,1.81,0,0
948.HK,D,20190903,000000,1.69,1.81,1.69,1.81,4000,0
948.HK,D,20190904,000000,1.66,1.8,1.66,1.8,17500,0
948.HK,D,20190905,000000,1.8,1.8,1.8,1.8,2000,0
948.HK,D,20190906,000000,1.79,1.79,1.79,1.79,0,0
948.HK,D,20190909,000000,1.79,1.79,1.79,1.79,0,0
948.HK,D,20190910,000000,1.77,1.77,1.77,1.77,40000,0
948.HK,D,20190911,000000,1.63,1.72,1.59,1.63,134000,0
948.HK,D,20190912,000000,1.55,1.72,1.5,1.69,26000,0
948.HK,D,20190913,000000,1.66,1.66,1.66,1.66,0,0
948.HK,D,20190916,000000,1.51,1.64,1.5,1.63,76000,0
948.HK,D,20190917,000000,1.63,1.63,1.63,1.63,0,0
948.HK,D,20190918,000000,1.61,1.65,1.61,1.65,24000,0
948.HK,D,20190919,000000,1.65,1.65,1.65,1.65,0,0
948.HK,D,20190920,000000,1.55,1.76,1.55,1.76,126000,0
948.HK,D,20190923,000000,1.76,1.76,1.76,1.76,0,0
948.HK,D,20190924,000000,1.76,1.76,1.76,1.76,0,0
948.HK,D,20190925,000000,1.74,1.74,1.74,1.74,0,0
948.HK,D,20190926,000000,1.74,1.74,1.74,1.74,0,0
948.HK,D,20190927,000000,1.74,1.74,1.74,1.74,0,0
948.HK,D,20190930,000000,1.73,1.73,1.54,1.73,20000,0
948.HK,D,20191002,000000,1.54,1.68,1.54,1.66,56000,0
948.HK,D,20191003,000000,1.65,1.66,1.64,1.65,6000,0
948.HK,D,20191004,000000,1.68,1.68,1.62,1.68,20000,0
948.HK,D,20191008,000000,1.64,1.64,1.6,1.64,102500,0
948.HK,D,20191009,000000,1.6,1.6,1.48,1.6,52000,0
948.HK,D,20191010,000000,1.59,1.66,1.4,1.52,93900,0
948.HK,D,20191011,000000,1.55,1.55,1.51,1.55,10000,0
948.HK,D,20191014,000000,1.42,1.56,1.42,1.55,17600,0
948.HK,D,20191015,000000,1.51,1.53,1.36,1.51,110800,0
948.HK,D,20191016,000000,1.49,1.5,1.48,1.49,100000,0
948.HK,D,20191017,000000,1.5,1.56,1.5,1.51,106500,0
948.HK,D,20191018,000000,1.5,1.5,1.5,1.5,0,0
948.HK,D,20191021,000000,1.45,1.58,1.2,1.37,730200,0
948.HK,D,20191022,000000,1.32,1.34,1.19,1.32,120000,0
948.HK,D,20191023,000000,1.2,1.3,1.2,1.28,61000,0
948.HK,D,20191024,000000,1.28,1.28,1.28,1.28,0,0
948.HK,D,20191025,000000,1.28,1.36,1.28,1.36,44000,0
948.HK,D,20191028,000000,1.3,1.3,1.3,1.3,0,0
948.HK,D,20191029,000000,1.2,1.31,1.2,1.31,395500,0
948.HK,D,20191030,000000,1.31,1.35,1.31,1.35,10000,0
948.HK,D,20191031,000000,1.33,1.33,1.33,1.33,0,0
948.HK,D,20191101,000000,1.33,1.33,1.33,1.33,0,0
948.HK,D,20191104,000000,1.33,1.33,1.33,1.33,0,0
948.HK,D,20191105,000000,1.35,1.35,1.21,1.29,79000,0
948.HK,D,20191106,000000,1.22,1.24,1.18,1.21,166000,0
948.HK,D,20191107,000000,1.17,1.23,1.17,1.23,120200,0
948.HK,D,20191108,000000,1,1.23,1,1.22,11150,0
948.HK,D,20191111,000000,1.22,1.22,1.22,1.22,0,0
948.HK,D,20191112,000000,1,1.21,1,1.21,250,0
948.HK,D,20191113,000000,1.2,1.23,1.19,1.19,112000,0
948.HK,D,20191114,000000,1.2,1.27,1.2,1.2,252000,0
948.HK,D,20191115,000000,1.2,1.24,1.2,1.24,538000,0
948.HK,D,20191118,000000,1.12,1.25,1.12,1.25,29500,0
948.HK,D,20191119,000000,1.2,1.28,1.2,1.28,6700,0
948.HK,D,20191120,000000,1.26,1.27,1.2,1.26,204000,0
948.HK,D,20191121,000000,1.2,1.25,1.13,1.24,206000,0
948.HK,D,20191122,000000,1.21,1.21,1.2,1.21,9000,0
948.HK,D,20191125,000000,1.08,1.28,1.08,1.24,10100,0
948.HK,D,20191126,000000,1.13,1.22,1.13,1.13,111500,0
948.HK,D,20191127,000000,1.15,1.15,1.15,1.15,200000,0
948.HK,D,20191128,000000,1.15,1.2,1.15,1.2,84000,0
948.HK,D,20191129,000000,1.2,1.2,1.2,1.2,0,0
948.HK,D,20191202,000000,0.96,1.22,0.96,1.22,10200,0
948.HK,D,20191203,000000,1.15,1.22,1.1,1.19,94000,0
948.HK,D,20191204,000000,1.06,1.11,1,1.06,272000,0
948.HK,D,20191205,000000,1.05,1.05,1,1.05,4000,0
948.HK,D,20191206,000000,1.05,1.09,1.05,1.09,12000,0
948.HK,D,20191209,000000,1.09,1.09,1.09,1.09,0,0
948.HK,D,20191210,000000,1.07,1.07,1.07,1.07,2000,0
948.HK,D,20191211,000000,1,1.21,1,1.12,396000,0
948.HK,D,20191212,000000,1.17,1.17,1.09,1.17,44100,0
948.HK,D,20191213,000000,1.25,1.25,1.17,1.25,32000,0
948.HK,D,20191216,000000,1.25,1.25,1.25,1.25,0,0
948.HK,D,20191217,000000,1.25,1.25,1.25,1.25,1400,0
948.HK,D,20191218,000000,1.2,1.25,1.2,1.25,500,0
948.HK,D,20191219,000000,1.02,1.18,1.02,1.12,27500,0
948.HK,D,20191220,000000,1.09,1.31,1.09,1.31,46000,0
948.HK,D,20191223,000000,1.26,1.26,1.25,1.25,2000,0
948.HK,D,20191224,000000,1.13,1.24,1.13,1.24,6000,0
948.HK,D,20191227,000000,1.22,1.22,1.19,1.22,2000,0
948.HK,D,20191230,000000,1.22,1.22,1.22,1.22,0,0
948.HK,D,20191231,000000,1.1,1.6,1.06,1.55,1271000,0
948.HK,D,20200102,000000,1.43,1.47,1.18,1.4,774375,0
948.HK,D,20200103,000000,1.23,1.3,1.13,1.21,402000,0
948.HK,D,20200106,000000,1.21,1.21,1.15,1.21,2000,0
948.HK,D,20200107,000000,1.2,1.25,1.2,1.25,22000,0
948.HK,D,20200108,000000,1.28,1.28,1.25,1.28,4000,0
948.HK,D,20200109,000000,1.26,1.26,1.26,1.26,0,0
948.HK,D,20200110,000000,1.4,1.4,1.37,1.4,40000,0
948.HK,D,20200113,000000,1.32,1.4,1.22,1.4,12500,0
948.HK,D,20200114,000000,1.4,1.4,1.4,1.4,0,0
948.HK,D,20200115,000000,1.47,1.47,1.38,1.47,44000,0
948.HK,D,20200116,000000,1.38,1.5,1.38,1.49,396000,0
948.HK,D,20200117,000000,1.39,1.45,1.3,1.41,769550,0
948.HK,D,20200120,000000,1.41,1.41,1.41,1.41,1120,0
948.HK,D,20200121,000000,1.31,1.32,1.31,1.32,4000,0
948.HK,D,20200122,000000,1.45,1.45,1.2,1.45,75000,0
948.HK,D,20200123,000000,1.39,1.39,1.3,1.39,16500,0
948.HK,D,20200124,000000,1.39,1.39,1.39,1.39,0,0
948.HK,D,20200129,000000,1.38,1.38,1.38,1.38,0,0
948.HK,D,20200130,000000,1.38,1.38,1.38,1.38,0,0
948.HK,D,20200131,000000,1.38,1.38,1.38,1.38,0,0
948.HK,D,20200203,000000,1.47,1.47,1.38,1.47,14000,0
948.HK,D,20200204,000000,1.47,1.47,1.47,1.47,0,0
948.HK,D,20200205,000000,1.47,1.47,1.47,1.47,0,0
948.HK,D,20200206,000000,1.35,1.35,1.26,1.35,2500,0
948.HK,D,20200207,000000,1.35,1.35,1.35,1.35,0,0
948.HK,D,20200210,000000,1.35,1.35,1.35,1.35,0,0
948.HK,D,20200211,000000,1.21,1.33,1.21,1.33,17000,0
948.HK,D,20200212,000000,1.33,1.33,1.33,1.33,0,0
948.HK,D,20200213,000000,1.49,1.49,1.4,1.49,10000,0
948.HK,D,20200214,000000,1.48,1.48,1.48,1.48,0,0
948.HK,D,20200217,000000,1.46,1.46,1.46,1.46,0,0
948.HK,D,20200218,000000,1.47,1.51,1.47,1.48,70000,0
948.HK,D,20200219,000000,1.49,1.49,1.35,1.48,72000,0
948.HK,D,20200220,000000,1.48,1.48,1.48,1.48,1000,0
948.HK,D,20200221,000000,1.55,1.55,1.36,1.55,52000,0
948.HK,D,20200224,000000,1.55,1.55,1.3,1.38,138000,0
948.HK,D,20200225,000000,1.36,1.36,1.36,1.36,24000,0
948.HK,D,20200226,000000,1.35,1.37,1.35,1.35,32000,0
948.HK,D,20200227,000000,1.28,1.44,1.22,1.35,14520,0
948.HK,D,20200228,000000,1.35,1.35,1.35,1.35,100,0
948.HK,D,20200302,000000,1.43,1.43,1.36,1.43,4000,0
948.HK,D,20200303,000000,1.45,1.45,1.39,1.45,8000,0
948.HK,D,20200304,000000,1.46,1.46,1.41,1.46,16000,0
948.HK,D,20200305,000000,1.46,1.46,1.46,1.46,0,0
948.HK,D,20200306,000000,1.43,1.43,1.43,1.43,500,0
948.HK,D,20200309,000000,1.43,1.45,1.36,1.43,4000,0
948.HK,D,20200310,000000,1.43,1.43,1.43,1.43,0,0
948.HK,D,20200311,000000,1.43,1.43,1.43,1.43,0,0
948.HK,D,20200312,000000,1.22,1.43,1.22,1.43,500,0
948.HK,D,20200313,000000,1.43,1.43,1.43,1.43,0,0
948.HK,D,20200316,000000,1.43,1.43,1.43,1.43,0,0
948.HK,D,20200317,000000,1.34,1.34,1.34,1.34,0,0
948.HK,D,20200318,000000,1.21,1.21,1.21,1.21,2000,0
948.HK,D,20200319,000000,1.22,1.39,1.14,1.38,65000,0
948.HK,D,20200320,000000,1.38,1.38,1.38,1.38,0,0
948.HK,D,20200323,000000,1.23,1.23,1.23,1.23,4000,0
948.HK,D,20200324,000000,1.43,1.43,1.43,1.43,2000,0
948.HK,D,20200325,000000,1.2,1.26,1.2,1.25,19800,0
948.HK,D,20200326,000000,1.25,1.25,1.25,1.25,0,0
948.HK,D,20200327,000000,1.35,1.35,1.25,1.35,6000,0
948.HK,D,20200330,000000,1.35,1.35,1.24,1.26,126000,0
948.HK,D,20200331,000000,1.33,1.33,1.32,1.33,4000,0
948.HK,D,20200401,000000,1.33,1.33,1.33,1.33,0,0
948.HK,D,20200402,000000,1.21,1.33,1.21,1.33,1000,0
948.HK,D,20200403,000000,1.33,1.33,1.33,1.33,0,0
948.HK,D,20200406,000000,1.33,1.33,1.33,1.33,0,0
948.HK,D,20200407,000000,1.33,1.33,1.33,1.33,0,0
948.HK,D,20200408,000000,1.39,1.39,1.38,1.39,50000,0
948.HK,D,20200409,000000,1.39,1.39,1.38,1.38,14000,0
948.HK,D,20200414,000000,1.35,1.35,1.35,1.35,0,0
948.HK,D,20200415,000000,1.22,1.33,1.17,1.22,60000,0
948.HK,D,20200416,000000,1.19,1.29,1.15,1.29,32000,0
948.HK,D,20200417,000000,1.23,1.29,1.15,1.29,38000,0
948.HK,D,20200420,000000,1.26,1.32,1.2,1.32,24000,0
948.HK,D,20200421,000000,1.3,1.3,1.3,1.3,1500,0
948.HK,D,20200422,000000,1.18,1.28,1.18,1.28,100500,0
948.HK,D,20200423,000000,1.28,1.35,1.25,1.34,1062000,0
948.HK,D,20200424,000000,1.33,1.41,1.33,1.35,68000,0
948.HK,D,20200427,000000,1.3,1.39,1.3,1.39,218000,0
948.HK,D,20200428,000000,1.31,1.31,1.3,1.31,38000,0
948.HK,D,20200429,000000,1.31,1.31,1.31,1.31,0,0
948.HK,D,20200504,000000,1.39,1.39,1.25,1.39,5000,0
948.HK,D,20200505,000000,1.36,1.36,1.36,1.36,0,0
948.HK,D,20200506,000000,1.36,1.46,1.36,1.41,94000,0
948.HK,D,20200507,000000,1.41,1.41,1.41,1.41,0,0
948.HK,D,20200508,000000,1.43,1.43,1.4,1.43,102000,0
948.HK,D,20200511,000000,1.43,1.43,1.33,1.42,70000,0
948.HK,D,20200512,000000,1.41,1.5,1.41,1.46,86000,0
948.HK,D,20200513,000000,1.46,1.49,1.46,1.46,4000,0
948.HK,D,20200514,000000,1.43,1.43,1.43,1.43,8000,0
948.HK,D,20200515,000000,1.42,1.42,1.41,1.42,130000,0
948.HK,D,20200518,000000,1.4,1.5,1.39,1.42,516000,0
948.HK,D,20200519,000000,1.5,1.5,1.49,1.5,261000,0
948.HK,D,20200520,000000,1.29,1.33,1.26,1.33,87400,0
948.HK,D,20200521,000000,1.35,1.45,1.15,1.2,576000,0
948.HK,D,20200522,000000,1.21,1.22,1.21,1.21,8900,0
948.HK,D,20200525,000000,1.21,1.21,1.21,1.21,42000,0
948.HK,D,20200526,000000,1.21,1.21,1.21,1.21,0,0
948.HK,D,20200527,000000,1.06,1.26,1.06,1.26,21500,0
948.HK,D,20200528,000000,1.12,1.33,1.12,1.27,12260,0
948.HK,D,20200529,000000,1.27,1.27,1.27,1.27,0,0
948.HK,D,20200601,000000,1.18,1.25,1.18,1.25,19250,0
948.HK,D,20200602,000000,1.24,1.32,1.21,1.32,8000,0
948.HK,D,20200603,000000,1.31,1.31,1.31,1.31,0,0
948.HK,D,20200604,000000,1.3,1.3,1.3,1.3,0,0
948.HK,D,20200605,000000,1.3,1.3,1.3,1.3,0,0
948.HK,D,20200608,000000,1.26,1.26,1.26,1.26,0,0
948.HK,D,20200609,000000,1.28,1.28,1.27,1.27,2000,0
948.HK,D,20200610,000000,1.27,1.27,1.27,1.27,6000,0
948.HK,D,20200611,000000,1.22,1.22,1.22,1.22,30000,0
948.HK,D,20200612,000000,1.25,1.42,1.25,1.42,82000,0
948.HK,D,20200615,000000,1.35,1.35,1.35,1.35,0,0
948.HK,D,20200616,000000,1.33,1.33,1.33,1.33,0,0
948.HK,D,20200617,000000,1.32,1.32,1.32,1.32,1050,0
948.HK,D,20200618,000000,1.28,1.31,1.1,1.28,21000,0
948.HK,D,20200619,000000,1.17,1.19,1.17,1.17,42000,0
948.HK,D,20200622,000000,1.2,1.2,1.2,1.2,56000,0
948.HK,D,20200623,000000,1.16,1.2,1.15,1.16,4350,0
948.HK,D,20200624,000000,1.16,1.16,1.16,1.16,1000,0
948.HK,D,20200626,000000,1.07,1.17,1.07,1.16,25000,0
948.HK,D,20200629,000000,1.16,1.16,1.16,1.16,0,0
948.HK,D,20200630,000000,1.16,1.24,1.16,1.16,14000,0
948.HK,D,20200702,000000,1.52,1.52,1.12,1.12,40000,0
948.HK,D,20200703,000000,1.12,1.23,1.1,1.23,105500,0
948.HK,D,20200706,000000,1.17,1.17,1.17,1.17,37000,0
948.HK,D,20200707,000000,1.17,1.17,0.97,0.98,310000,0
948.HK,D,20200708,000000,1,1,1,1,32000,0
948.HK,D,20200709,000000,1.04,1.05,1.04,1.05,22000,0
948.HK,D,20200710,000000,0.98,0.99,0.98,0.98,8000,0
948.HK,D,20200713,000000,0.98,0.99,0.85,0.87,570250,0
948.HK,D,20200714,000000,0.81,0.85,0.8,0.8,545500,0
948.HK,D,20200715,000000,0.8,0.85,0.8,0.84,268000,0
948.HK,D,20200716,000000,0.79,0.84,0.79,0.84,158600,0
948.HK,D,20200717,000000,0.84,0.84,0.84,0.84,50000,0
948.HK,D,20200720,000000,0.81,0.84,0.79,0.84,17000,0
948.HK,D,20200721,000000,0.92,0.92,0.88,0.88,168000,0
948.HK,D,20200722,000000,0.93,0.93,0.93,0.93,200100,0
948.HK,D,20200723,000000,0.81,0.81,0.81,0.81,2100,0
948.HK,D,20200724,000000,0.81,0.81,0.81,0.81,0,0
948.HK,D,20200727,000000,0.93,0.93,0.93,0.93,2000,0
948.HK,D,20200728,000000,1,1,1,1,54000,0
948.HK,D,20200729,000000,1,1,1,1,500,0
948.HK,D,20200730,000000,0.98,0.98,0.98,0.98,0,0
948.HK,D,20200731,000000,0.89,0.99,0.84,0.89,336000,0
948.HK,D,20200803,000000,0.85,0.85,0.85,0.85,14000,0
948.HK,D,20200804,000000,0.9,0.9,0.89,0.9,14000,0
948.HK,D,20200805,000000,0.9,1.11,0.9,1.1,184000,0
948.HK,D,20200806,000000,1.05,1.05,1.05,1.05,0,0
948.HK,D,20200807,000000,1,1,1,1,1200,0
948.HK,D,20200810,000000,1,1,1,1,0,0
948.HK,D,20200811,000000,0.98,0.98,0.98,0.98,0,0
948.HK,D,20200812,000000,0.86,0.92,0.85,0.92,24000,0
948.HK,D,20200813,000000,0.92,0.92,0.92,0.92,0,0
948.HK,D,20200814,000000,0.88,0.88,0.88,0.88,20000,0
948.HK,D,20200817,000000,0.84,0.84,0.84,0.84,4000,0
948.HK,D,20200818,000000,0.8,0.8,0.8,0.8,7500,0
948.HK,D,20200819,000000,0.78,0.95,0.78,0.95,47000,0
948.HK,D,20200820,000000,0.98,1.07,0.9,0.99,137100,0
948.HK,D,20200821,000000,0.88,0.88,0.84,0.88,4000,0
948.HK,D,20200824,000000,0.86,0.86,0.86,0.86,32100,0
948.HK,D,20200825,000000,0.86,0.86,0.86,0.86,0,0
948.HK,D,20200826,000000,0.84,0.84,0.84,0.84,2000,0
948.HK,D,20200827,000000,0.84,0.84,0.76,0.84,62000,0
948.HK,D,20200828,000000,0.84,0.84,0.84,0.84,0,0
948.HK,D,20200831,000000,0.81,0.89,0.81,0.85,560000,0
948.HK,D,20200901,000000,0.85,0.85,0.85,0.85,0,0
948.HK,D,20200902,000000,0.84,0.84,0.84,0.84,4000,0
948.HK,D,20200903,000000,0.78,0.84,0.78,0.84,420,0
948.HK,D,20200904,000000,0.82,0.89,0.8,0.89,146840,0
948.HK,D,20200907,000000,0.9,0.9,0.9,0.9,98500,0
948.HK,D,20200908,000000,1.02,1.02,0.9,1.02,22000,0
948.HK,D,20200909,000000,0.9,1.02,0.9,1,100000,0
948.HK,D,20200910,000000,1,1,1,1,0,0
948.HK,D,20200911,000000,1,1,1,1,0,0
948.HK,D,20200914,000000,0.98,0.98,0.98,0.98,0,0
948.HK,D,20200915,000000,0.82,0.95,0.82,0.95,1500,0
948.HK,D,20200916,000000,0.95,1.03,0.9,0.9,188000,0
948.HK,D,20200917,000000,0.88,0.88,0.88,0.88,0,0
948.HK,D,20200918,000000,0.95,0.95,0.95,0.95,200000,0
948.HK,D,20200921,000000,0.86,0.9,0.84,0.86,6750,0
948.HK,D,20200922,000000,0.9,0.93,0.9,0.9,112000,0
948.HK,D,20200923,000000,0.92,0.92,0.92,0.92,20000,0
948.HK,D,20200924,000000,0.92,0.92,0.9,0.92,76000,0
948.HK,D,20200925,000000,0.9,0.94,0.9,0.9,224000,0
948.HK,D,20200928,000000,0.9,0.9,0.9,0.9,158000,0
948.HK,D,20200929,000000,0.9,0.9,0.9,0.9,0,0
948.HK,D,20200930,000000,0.9,0.9,0.9,0.9,0,0
948.HK,D,20201005,000000,0.9,0.9,0.9,0.9,222000,0
948.HK,D,20201006,000000,0.9,0.9,0.9,0.9,39200,0
948.HK,D,20201007,000000,0.86,0.9,0.86,0.9,7000,0
948.HK,D,20201008,000000,0.87,0.9,0.87,0.9,1000,0
948.HK,D,20201009,000000,0.9,0.9,0.9,0.9,42000,0
948.HK,D,20201012,000000,0.9,0.9,0.9,0.9,0,0
948.HK,D,20201014,000000,0.9,0.9,0.9,0.9,0,0
948.HK,D,20201015,000000,0.9,0.9,0.9,0.9,14000,0
948.HK,D,20201016,000000,0.9,0.9,0.9,0.9,18000,0
948.HK,D,20201019,000000,0.93,0.93,0.93,0.93,32000,0
948.HK,D,20201020,000000,0.87,0.9,0.87,0.9,3400,0
948.HK,D,20201021,000000,0.9,0.9,0.9,0.9,80000,0
948.HK,D,20201022,000000,0.9,0.9,0.9,0.9,0,0
948.HK,D,20201023,000000,0.9,0.9,0.9,0.9,424000,0
948.HK,D,20201027,000000,0.9,0.9,0.9,0.9,98000,0
948.HK,D,20201028,000000,0.9,0.9,0.9,0.9,93500,0
948.HK,D,20201029,000000,0.9,0.9,0.9,0.9,0,0
948.HK,D,20201030,000000,0.9,0.9,0.9,0.9,0,0
948.HK,D,20201102,000000,0.9,0.9,0.9,0.9,0,0
948.HK,D,20201103,000000,0.9,0.9,0.9,0.9,9840,0
948.HK,D,20201104,000000,0.9,0.9,0.9,0.9,4000,0
948.HK,D,20201105,000000,0.9,0.9,0.9,0.9,0,0
948.HK,D,20201106,000000,0.9,0.9,0.9,0.9,500,0
948.HK,D,20201109,000000,0.9,0.9,0.9,0.9,134000,0
948.HK,D,20201110,000000,0.85,0.9,0.85,0.9,64900,0
948.HK,D,20201111,000000,0.9,0.9,0.9,0.9,2000,0
948.HK,D,20201112,000000,0.9,0.9,0.9,0.9,11000,0
948.HK,D,20201113,000000,0.9,0.9,0.9,0.9,0,0
948.HK,D,20201116,000000,0.9,0.9,0.9,0.9,96000,0
948.HK,D,20201117,000000,0.9,0.9,0.9,0.9,57000,0
948.HK,D,20201118,000000,0.86,0.9,0.86,0.9,144000,0
948.HK,D,20201119,000000,0.9,0.9,0.9,0.9,1000,0
948.HK,D,20201120,000000,0.9,0.9,0.9,0.9,0,0
948.HK,D,20201123,000000,0.9,0.9,0.9,0.9,420000,0
948.HK,D,20201124,000000,0.9,0.9,0.9,0.9,0,0
948.HK,D,20201125,000000,0.9,0.9,0.9,0.9,20000,0
948.HK,D,20201126,000000,0.9,0.9,0.9,0.9,558500,0
948.HK,D,20201127,000000,0.9,0.9,0.9,0.9,330000,0
948.HK,D,20201130,000000,0.87,0.9,0.87,0.9,40200,0
948.HK,D,20201201,000000,0.9,0.9,0.9,0.9,0,0
948.HK,D,20201202,000000,0.9,0.9,0.9,0.9,0,0
948.HK,D,20201203,000000,0.9,0.9,0.9,0.9,0,0
948.HK,D,20201204,000000,0.9,0.9,0.9,0.9,0,0
948.HK,D,20201207,000000,0.9,0.9,0.9,0.9,20000,0
948.HK,D,20201208,000000,0.9,0.9,0.9,0.9,5000,0
948.HK,D,20201209,000000,0.87,0.9,0.87,0.9,129350,0
948.HK,D,20201210,000000,0.9,0.9,0.9,0.9,3500,0
948.HK,D,20201211,000000,0.9,0.9,0.9,0.9,0,0
948.HK,D,20201214,000000,0.9,0.9,0.9,0.9,30000,0
948.HK,D,20201215,000000,0.9,0.9,0.9,0.9,0,0
948.HK,D,20201216,000000,0.9,0.9,0.9,0.9,0,0
948.HK,D,20201217,000000,0.9,0.9,0.9,0.9,0,0
948.HK,D,20201218,000000,0.9,0.9,0.9,0.9,204000,0
948.HK,D,20201221,000000,1,1.1,0.91,1,88500,0
948.HK,D,20201222,000000,0.89,1,0.89,1,196500,0
948.HK,D,20201223,000000,1,1,1,1,0,0
948.HK,D,20201224,000000,1,1,1,1,0,0
948.HK,D,20201228,000000,1,1,1,1,0,0
948.HK,D,20201229,000000,1,1,1,1,0,0
948.HK,D,20201230,000000,1,1,0.95,0.95,220455,0
948.HK,D,20201231,000000,0.95,1,0.95,1,1302000,0
948.HK,D,20210104,000000,1,1.03,1,1.03,3674000,0
948.HK,D,20210105,000000,1.06,1.06,1.03,1.06,6800,0
948.HK,D,20210106,000000,1.05,1.05,1.05,1.05,88000,0
948.HK,D,20210107,000000,1.01,1.24,1.01,1.19,113000,0
948.HK,D,20210108,000000,0.98,1.14,0.98,1.14,1140,0
948.HK,D,20210111,000000,1.02,1.2,1,1.02,70000,0
948.HK,D,20210112,000000,1.02,1.08,1,1.08,36000,0
948.HK,D,20210113,000000,0.95,1.01,0.95,0.95,292000,0
948.HK,D,20210114,000000,0.9,1.15,0.9,0.93,108000,0
948.HK,D,20210115,000000,0.92,0.92,0.91,0.92,46000,0
948.HK,D,20210118,000000,0.92,1.02,0.89,0.9,814200,0
948.HK,D,20210119,000000,0.9,0.9,0.9,0.9,16000,0
948.HK,D,20210120,000000,0.8,0.84,0.8,0.84,21950,0
948.HK,D,20210121,000000,0.84,0.84,0.84,0.84,0,0
948.HK,D,20210122,000000,0.82,0.82,0.82,0.82,0,0
948.HK,D,20210125,000000,0.76,0.76,0.72,0.72,44000,0
948.HK,D,20210126,000000,0.72,0.92,0.72,0.9,682000,0
948.HK,D,20210127,000000,0.89,0.89,0.89,0.89,0,0
948.HK,D,20210128,000000,0.8,0.81,0.79,0.8,126000,0
948.HK,D,20210129,000000,0.8,0.9,0.75,0.9,172000,0
948.HK,D,20210201,000000,0.9,0.9,0.9,0.9,0,0
948.HK,D,20210202,000000,0.75,0.8,0.75,0.8,2100,0
948.HK,D,20210203,000000,0.9,0.9,0.82,0.83,37500,0
948.HK,D,20210204,000000,0.83,0.83,0.83,0.83,0,0
948.HK,D,20210205,000000,0.82,1.05,0.82,0.96,128000,0
948.HK,D,20210208,000000,0.96,0.96,0.96,0.96,0,0
948.HK,D,20210209,000000,0.94,0.96,0.94,0.94,36000,0
948.HK,D,20210210,000000,0.83,0.94,0.83,0.94,122000,0
948.HK,D,20210211,000000,0.94,0.94,0.94,0.94,0,0
948.HK,D,20210216,000000,0.99,0.99,0.94,0.94,4000,0
948.HK,D,20210217,000000,0.94,0.94,0.85,0.94,11000,0
948.HK,D,20210218,000000,0.83,0.93,0.82,0.83,20000,0
948.HK,D,20210219,000000,0.79,0.83,0.79,0.83,6000,0
948.HK,D,20210222,000000,0.83,0.83,0.83,0.83,2350,0
948.HK,D,20210223,000000,0.81,0.92,0.81,0.9,124000,0
948.HK,D,20210224,000000,0.81,0.83,0.8,0.81,164000,0
948.HK,D,20210225,000000,0.85,0.85,0.76,0.85,17500,0
948.HK,D,20210226,000000,0.85,0.85,0.85,0.85,0,0
948.HK,D,20210301,000000,0.84,0.84,0.84,0.84,0,0
948.HK,D,20210302,000000,0.77,0.93,0.77,0.9,132000,0
948.HK,D,20210303,000000,0.8,0.85,0.79,0.85,14500,0
948.HK,D,20210304,000000,0.8,0.92,0.8,0.9,150000,0
948.HK,D,20210305,000000,0.82,0.82,0.82,0.82,10000,0
948.HK,D,20210308,000000,0.82,0.82,0.82,0.82,0,0
948.HK,D,20210309,000000,0.79,0.91,0.77,0.91,180000,0
948.HK,D,20210310,000000,0.91,0.91,0.91,0.91,0,0
948.HK,D,20210311,000000,0.84,0.84,0.83,0.84,3500,0
948.HK,D,20210312,000000,0.83,0.83,0.77,0.77,264000,0
948.HK,D,20210315,000000,0.76,0.76,0.75,0.76,8700,0
948.HK,D,20210316,000000,0.76,0.76,0.75,0.75,182000,0
948.HK,D,20210317,000000,0.76,0.82,0.76,0.8,224000,0
948.HK,D,20210318,000000,0.8,0.8,0.8,0.8,0,0
948.HK,D,20210319,000000,0.76,0.76,0.76,0.76,10000,0
948.HK,D,20210322,000000,0.75,0.84,0.74,0.78,222500,0
948.HK,D,20210323,000000,0.78,0.78,0.78,0.78,0,0
948.HK,D,20210324,000000,0.8,0.84,0.79,0.82,1020000,0
948.HK,D,20210325,000000,0.82,0.82,0.82,0.82,2000,0
948.HK,D,20210326,000000,0.8,0.8,0.8,0.8,100000,0
948.HK,D,20210329,000000,0.8,0.8,0.8,0.8,0,0
948.HK,D,20210330,000000,0.8,0.8,0.8,0.8,0,0
948.HK,D,20210331,000000,0.72,0.75,0.71,0.75,4300,0
948.HK,D,20210401,000000,0.76,0.76,0.75,0.75,4500,0
948.HK,D,20210407,000000,0.75,0.75,0.75,0.75,9500,0
948.HK,D,20210408,000000,0.75,0.75,0.75,0.75,0,0
948.HK,D,20210409,000000,0.75,0.75,0.75,0.75,7000,0
948.HK,D,20210412,000000,0.75,0.75,0.75,0.75,0,0
948.HK,D,20210413,000000,0.76,0.89,0.76,0.81,287500,0
948.HK,D,20210414,000000,0.81,0.81,0.81,0.81,10000,0
948.HK,D,20210415,000000,0.89,0.98,0.85,0.85,672000,0
948.HK,D,20210416,000000,0.99,0.99,0.96,0.96,22000,0
948.HK,D,20210419,000000,0.95,0.95,0.95,0.95,0,0
948.HK,D,20210420,000000,0.95,0.95,0.95,0.95,0,0
948.HK,D,20210421,000000,0.95,0.95,0.86,0.86,226000,0
948.HK,D,20210422,000000,0.89,0.89,0.89,0.89,2000,0
948.HK,D,20210423,000000,0.95,0.95,0.93,0.95,44000,0
948.HK,D,20210426,000000,0.99,0.99,0.89,0.99,342000,0
948.HK,D,20210427,000000,0.99,0.99,0.99,0.99,0,0
948.HK,D,20210428,000000,1,1.03,0.92,1,90000,0
948.HK,D,20210429,000000,1,1,1,1,0,0
948.HK,D,20210430,000000,1,1,1,1,0,0
948.HK,D,20210503,000000,1,1,1,1,0,0
948.HK,D,20210504,000000,0.9,0.99,0.9,0.99,80700,0
948.HK,D,20210505,000000,0.99,0.99,0.99,0.99,0,0
948.HK,D,20210506,000000,0.93,0.93,0.93,0.93,2000,0
948.HK,D,20210507,000000,0.93,0.93,0.93,0.93,0,0
948.HK,D,20210510,000000,0.92,0.92,0.92,0.92,0,0
948.HK,D,20210511,000000,0.92,0.92,0.92,0.92,0,0
948.HK,D,20210512,000000,0.92,0.92,0.92,0.92,0,0
948.HK,D,20210513,000000,0.92,0.92,0.92,0.92,0,0
948.HK,D,20210514,000000,0.9,0.9,0.86,0.9,4000,0
948.HK,D,20210517,000000,0.87,0.95,0.87,0.95,82000,0
948.HK,D,20210518,000000,0.95,0.95,0.95,0.95,0,0
948.HK,D,20210520,000000,0.94,0.94,0.94,0.94,0,0
948.HK,D,20210521,000000,0.88,0.88,0.85,0.85,179000,0
948.HK,D,20210524,000000,0.85,0.98,0.85,0.96,126000,0
948.HK,D,20210525,000000,0.95,0.95,0.95,0.95,0,0
948.HK,D,20210526,000000,0.94,0.94,0.94,0.94,560000,0
948.HK,D,20210527,000000,0.94,0.94,0.87,0.87,3912000,0
948.HK,D,20210528,000000,0.87,0.87,0.87,0.87,0,0
948.HK,D,20210531,000000,0.87,0.87,0.87,0.87,0,0
948.HK,D,20210601,000000,0.87,0.87,0.87,0.87,0,0
948.HK,D,20210602,000000,0.87,0.87,0.87,0.87,0,0
948.HK,D,20210603,000000,0.87,0.87,0.87,0.87,0,0
948.HK,D,20210604,000000,0.87,0.87,0.86,0.87,4100,0
948.HK,D,20210607,000000,0.9,0.96,0.9,0.95,35000,0
948.HK,D,20210608,000000,0.95,0.95,0.95,0.95,2000,0
948.HK,D,20210609,000000,0.96,0.96,0.9,0.95,51200,0
948.HK,D,20210610,000000,0.91,0.94,0.91,0.94,88000,0
948.HK,D,20210611,000000,0.9,0.91,0.9,0.9,6000,0
948.HK,D,20210615,000000,0.9,0.9,0.9,0.9,0,0
948.HK,D,20210616,000000,0.9,0.9,0.9,0.9,0,0
948.HK,D,20210617,000000,0.95,0.95,0.95,0.95,98000,0
948.HK,D,20210618,000000,0.94,0.94,0.94,0.94,0,0
948.HK,D,20210621,000000,0.94,0.94,0.94,0.94,0,0
948.HK,D,20210622,000000,0.84,0.94,0.84,0.94,1600,0
948.HK,D,20210623,000000,0.94,0.94,0.94,0.94,0,0
948.HK,D,20210624,000000,0.88,0.94,0.83,0.84,295000,0
948.HK,D,20210625,000000,0.81,0.85,0.81,0.85,266000,0
948.HK,D,20210628,000000,0.85,0.85,0.85,0.85,0,0
948.HK,D,20210629,000000,0.85,0.85,0.85,0.85,200,0
948.HK,D,20210630,000000,0.74,0.85,0.74,0.85,100,0
948.HK,D,20210702,000000,0.77,0.79,0.75,0.77,128000,0
948.HK,D,20210705,000000,0.78,0.78,0.78,0.78,6000,0
948.HK,D,20210706,000000,0.75,0.82,0.71,0.75,174100,0
948.HK,D,20210707,000000,0.69,0.71,0.69,0.69,64000,0
948.HK,D,20210708,000000,0.7,0.7,0.7,0.7,14000,0
948.HK,D,20210709,000000,0.7,0.7,0.7,0.7,198000,0
948.HK,D,20210712,000000,0.7,0.7,0.7,0.7,0,0
948.HK,D,20210713,000000,0.76,0.76,0.74,0.74,6000,0
948.HK,D,20210714,000000,0.65,0.7,0.65,0.67,20830,0
948.HK,D,20210715,000000,0.61,0.71,0.61,0.7,4000,0
948.HK,D,20210716,000000,0.64,0.73,0.64,0.66,215000,0
948.HK,D,20210719,000000,0.67,0.67,0.67,0.67,0,0
948.HK,D,20210720,000000,0.68,0.68,0.68,0.68,0,0
948.HK,D,20210721,000000,0.69,0.69,0.69,0.69,17500,0
948.HK,D,20210722,000000,0.71,0.77,0.71,0.77,288500,0
948.HK,D,20210723,000000,0.77,0.77,0.77,0.77,4000,0
948.HK,D,20210726,000000,0.77,0.77,0.77,0.77,432000,0
948.HK,D,20210727,000000,0.77,0.77,0.77,0.77,100000,0
948.HK,D,20210728,000000,0.77,0.84,0.77,0.84,672000,0
948.HK,D,20210729,000000,0.92,0.95,0.84,0.92,744000,0
948.HK,D,20210730,000000,0.89,0.89,0.89,0.89,0,0
948.HK,D,20210802,000000,0.89,0.89,0.89,0.89,0,0
948.HK,D,20210803,000000,0.89,0.89,0.89,0.89,0,0
948.HK,D,20210804,000000,0.89,0.89,0.89,0.89,0,0
948.HK,D,20210805,000000,0.73,0.76,0.71,0.73,62800,0
948.HK,D,20210806,000000,0.7,0.76,0.67,0.76,215790,0
948.HK,D,20210809,000000,0.76,0.92,0.76,0.92,402000,0
948.HK,D,20210810,000000,0.92,0.92,0.92,0.92,0,0
948.HK,D,20210811,000000,0.95,0.95,0.81,0.89,88250,0
948.HK,D,20210812,000000,0.87,0.87,0.84,0.84,2045,0
948.HK,D,20210813,000000,0.84,0.84,0.84,0.84,0,0
948.HK,D,20210816,000000,0.78,0.89,0.78,0.89,14000,0
948.HK,D,20210817,000000,0.89,0.89,0.89,0.89,0,0
948.HK,D,20210818,000000,0.89,0.89,0.89,0.89,0,0
948.HK,D,20210819,000000,0.85,0.96,0.84,0.95,182000,0
948.HK,D,20210820,000000,0.97,0.97,0.96,0.96,4000,0
948.HK,D,20210823,000000,0.81,0.95,0.81,0.9,184250,0
948.HK,D,20210824,000000,0.8,0.9,0.8,0.9,500,0
948.HK,D,20210825,000000,0.85,0.85,0.85,0.85,6000,0
948.HK,D,20210826,000000,0.85,0.85,0.85,0.85,0,0
948.HK,D,20210827,000000,0.85,0.85,0.85,0.85,0,0
948.HK,D,20210830,000000,0.94,1.19,0.94,1.1,1597300,0
948.HK,D,20210831,000000,1.15,1.18,0.96,1.15,903000,0
948.HK,D,20210901,000000,1.18,1.18,1.05,1.05,282000,0
948.HK,D,20210902,000000,1.05,1.05,1.05,1.05,0,0
948.HK,D,20210903,000000,1.16,1.16,1.16,1.16,50000,0
948.HK,D,20210906,000000,1.18,1.18,1.17,1.17,91500,0
948.HK,D,20210907,000000,1,1.04,1,1.01,60000,0
948.HK,D,20210908,000000,1.01,1.13,1.01,1.01,20000,0
948.HK,D,20210909,000000,1.16,1.16,1.05,1.1,192000,0
948.HK,D,20210910,000000,1.15,1.16,1.06,1.15,195000,0
948.HK,D,20210913,000000,1.07,1.07,1.06,1.07,8200,0
948.HK,D,20210914,000000,1.07,1.07,1.07,1.07,0,0
948.HK,D,20210915,000000,1.1,1.1,1.01,1.01,129500,0
948.HK,D,20210916,000000,1.01,1.01,1.01,1.01,0,0
948.HK,D,20210917,000000,1.2,1.2,1.09,1.2,206000,0
948.HK,D,20210920,000000,1.06,1.06,1.06,1.06,4600,0
948.HK,D,20210921,000000,1.06,1.06,1.06,1.06,0,0
948.HK,D,20210923,000000,1.06,1.06,1.06,1.06,0,0
948.HK,D,20210924,000000,1,1.14,1,1.14,34000,0
948.HK,D,20210927,000000,1.1,1.1,1.1,1.1,0,0
948.HK,D,20210928,000000,1.1,1.1,1.1,1.1,0,0
948.HK,D,20210929,000000,1.18,1.18,1.13,1.18,235500,0
948.HK,D,20211005,000000,1.26,1.5,1.21,1.35,5590400,0
948.HK,D,20211006,000000,1.35,1.35,1.23,1.24,1358000,0
948.HK,D,20211007,000000,1.22,1.23,1.22,1.23,403600,0
948.HK,D,20211008,000000,1.21,1.24,1.21,1.21,1000000,0
948.HK,D,20211011,000000,1.21,1.22,1.21,1.21,74000,0
948.HK,D,20211012,000000,1.21,1.22,1.2,1.21,108000,0
948.HK,D,20211015,000000,1.2,1.21,1.2,1.21,1228750,0
948.HK,D,20211018,000000,1.18,1.22,1.18,1.22,17500,0
948.HK,D,20211019,000000,1.2,1.21,1.2,1.2,1468950,0
948.HK,D,20211020,000000,1.2,1.2,1.2,1.2,92000,0
948.HK,D,20211021,000000,1.2,1.2,1.19,1.19,462000,0
948.HK,D,20211022,000000,1.19,1.19,1.19,1.19,19500,0
948.HK,D,20211025,000000,1.2,1.2,1.18,1.18,351400,0
948.HK,D,20211026,000000,1.19,1.19,1.18,1.19,171000,0
948.HK,D,20211027,000000,1.19,1.19,1.19,1.19,28000,0
948.HK,D,20211028,000000,1.18,1.18,1.18,1.18,11600,0
948.HK,D,20211029,000000,1.21,1.21,1.18,1.18,16038,0
948.HK,D,20211101,000000,1.2,1.2,1.2,1.2,8000,0
948.HK,D,20211102,000000,1.2,1.23,1.2,1.2,2000000,0
948.HK,D,20211103,000000,1.22,1.23,1.22,1.22,555620,0
948.HK,D,20211104,000000,1.21,1.21,1.2,1.2,24000,0
948.HK,D,20211105,000000,1.21,1.21,1.21,1.21,503000,0
948.HK,D,20211108,000000,1.2,1.22,1.2,1.21,638000,0
948.HK,D,20211109,000000,1.21,1.21,1.21,1.21,541000,0
948.HK,D,20211110,000000,1.17,1.22,1.17,1.22,657900,0
948.HK,D,20211111,000000,1.17,1.21,1.17,1.21,509550,0
948.HK,D,20211112,000000,1.2,1.21,1.2,1.2,542600,0
948.HK,D,20211115,000000,1.22,1.22,1.2,1.21,311450,0
948.HK,D,20211116,000000,1.2,1.21,1.2,1.21,743600,0
948.HK,D,20211117,000000,1.17,1.21,1.17,1.2,26868,0
948.HK,D,20211118,000000,1.2,1.21,1.2,1.21,651700,0
948.HK,D,20211119,000000,1.2,1.22,1.2,1.22,64800,0
948.HK,D,20211122,000000,1.22,1.23,1.2,1.2,1293700,0
948.HK,D,20211123,000000,1.21,1.22,1.21,1.21,2044300,0
948.HK,D,20211124,000000,1.22,1.37,1.22,1.35,1607500,0
948.HK,D,20211125,000000,1.3,1.32,1.25,1.25,273200,0
948.HK,D,20211126,000000,1.32,1.69,1.32,1.69,3523240,0
948.HK,D,20211129,000000,1.71,2.09,1.7,1.7,2872000,0
948.HK,D,20211130,000000,1.72,1.87,1.2,1.4,1506000,0
948.HK,D,20211201,000000,1.36,1.4,1.27,1.4,280000,0
948.HK,D,20211202,000000,1.35,1.35,1.28,1.34,250000,0
948.HK,D,20211203,000000,1.3,1.3,1.24,1.26,144000,0
948.HK,D,20211206,000000,1.24,1.24,1.1,1.11,608000,0
948.HK,D,20211207,000000,1.08,1.08,1.01,1.07,271300,0
948.HK,D,20211208,000000,1.07,1.25,1.05,1.25,850000,0
948.HK,D,20211209,000000,1.25,1.27,1.15,1.2,382000,0
948.HK,D,20211210,000000,1.23,1.58,1.23,1.42,1276700,0
948.HK,D,20211213,000000,1.3,1.4,1.3,1.38,50000,0
948.HK,D,20211214,000000,1.32,1.4,1.32,1.38,566000,0
948.HK,D,20211215,000000,1.38,1.38,1.38,1.38,0,0
948.HK,D,20211216,000000,1.38,1.44,1.38,1.39,678000,0
948.HK,D,20211217,000000,1.3,1.31,1.29,1.3,58000,0
948.HK,D,20211220,000000,1.3,1.41,1.3,1.35,52000,0
948.HK,D,20211221,000000,1.35,1.36,1.35,1.35,56000,0
948.HK,D,20211222,000000,1.28,1.4,1.28,1.4,42000,0
948.HK,D,20211223,000000,1.34,1.34,1.33,1.34,5500,0
948.HK,D,20211224,000000,1.34,1.34,1.34,1.34,0,0
948.HK,D,20211228,000000,1.35,1.35,1.32,1.35,146000,0
948.HK,D,20211229,000000,1.31,1.31,1.29,1.31,226000,0
948.HK,D,20211230,000000,1.31,1.31,1.31,1.31,0,0
948.HK,D,20211231,000000,1.31,1.31,1.31,1.31,2000,0
948.HK,D,20220103,000000,1.3,1.31,1.2,1.28,566000,0
948.HK,D,20220104,000000,1.35,1.35,1.24,1.35,1034500,0
948.HK,D,20220105,000000,1.35,1.37,1.35,1.35,10000,0
948.HK,D,20220106,000000,1.3,1.3,1.3,1.3,80000,0
948.HK,D,20220107,000000,1.35,1.35,1.3,1.35,50000,0
948.HK,D,20220110,000000,1.34,1.35,1.31,1.31,363500,0
948.HK,D,20220111,000000,1.33,1.33,1.3,1.31,112000,0
948.HK,D,20220112,000000,1.35,1.45,1.35,1.36,298000,0
948.HK,D,20220113,000000,1.36,1.36,1.36,1.36,60000,0
948.HK,D,20220114,000000,1.36,1.36,1.36,1.36,0,0
948.HK,D,20220117,000000,1.36,1.37,1.36,1.37,10000,0
948.HK,D,20220118,000000,1.37,1.45,1.37,1.37,286000,0
948.HK,D,20220119,000000,1.35,1.37,1.35,1.37,23500,0
948.HK,D,20220120,000000,1.35,1.37,1.35,1.36,154000,0
948.HK,D,20220121,000000,1.33,1.37,1.33,1.37,66000,0
948.HK,D,20220124,000000,1.37,1.73,1.37,1.58,951000,0
948.HK,D,20220125,000000,1.69,1.7,1.5,1.5,300000,0
948.HK,D,20220126,000000,1.53,1.53,1.53,1.53,200000,0
948.HK,D,20220127,000000,1.54,1.54,1.5,1.54,160000,0
948.HK,D,20220128,000000,1.54,1.55,1.54,1.54,212000,0
948.HK,D,20220131,000000,1.54,1.54,1.54,1.54,2000,0
948.HK,D,20220204,000000,1.54,1.55,1.54,1.55,8000,0
948.HK,D,20220207,000000,1.56,1.6,1.55,1.6,48000,0
948.HK,D,20220208,000000,1.7,1.7,1.6,1.7,26000,0
948.HK,D,20220209,000000,1.58,1.62,1.58,1.58,182000,0
948.HK,D,20220210,000000,1.52,1.56,1.52,1.52,6500,0
948.HK,D,20220211,000000,1.52,1.7,1.52,1.65,142000,0
948.HK,D,20220214,000000,1.7,1.7,1.65,1.65,102000,0
948.HK,D,20220215,000000,1.77,1.78,1.6,1.6,90000,0
948.HK,D,20220216,000000,1.61,1.61,1.61,1.61,0,0
948.HK,D,20220217,000000,1.7,1.7,1.58,1.58,358000,0
948.HK,D,20220218,000000,1.58,1.58,1.58,1.58,0,0
948.HK,D,20220221,000000,1.47,1.58,1.47,1.58,1600,0
948.HK,D,20220222,000000,1.58,1.58,1.58,1.58,0,0
948.HK,D,20220223,000000,1.58,1.58,1.58,1.58,0,0
948.HK,D,20220224,000000,1.57,1.57,1.57,1.57,0,0
948.HK,D,20220225,000000,1.57,1.57,1.57,1.57,0,0
948.HK,D,20220228,000000,1.57,1.57,1.57,1.57,0,0
948.HK,D,20220301,000000,1.57,1.57,1.57,1.57,0,0
948.HK,D,20220302,000000,1.46,1.48,1.46,1.46,37000,0
948.HK,D,20220303,000000,1.46,1.46,1.46,1.46,2000,0
948.HK,D,20220304,000000,1.46,1.46,1.46,1.46,0,0
948.HK,D,20220307,000000,1.5,1.5,1.47,1.47,92000,0
948.HK,D,20220308,000000,1.45,1.45,1.45,1.45,0,0
948.HK,D,20220309,000000,1.43,1.43,1.43,1.43,0,0
948.HK,D,20220310,000000,1.41,1.41,1.41,1.41,2000,0
948.HK,D,20220311,000000,1.41,1.41,1.36,1.36,30000,0
948.HK,D,20220314,000000,1.4,1.4,1.36,1.4,12000,0
948.HK,D,20220315,000000,1.32,1.34,1.3,1.34,108000,0
948.HK,D,20220316,000000,1.34,1.34,1.34,1.34,2000,0
948.HK,D,20220317,000000,1.4,1.4,1.4,1.4,18000,0
948.HK,D,20220318,000000,1.5,1.5,1.5,1.5,108000,0
948.HK,D,20220321,000000,1.5,1.5,1.5,1.5,16000,0
948.HK,D,20220322,000000,1.27,1.5,1.27,1.5,300,0
948.HK,D,20220323,000000,1.5,1.5,1.5,1.5,0,0
948.HK,D,20220324,000000,1.5,1.5,1.5,1.5,0,0
948.HK,D,20220325,000000,1.46,1.5,1.46,1.5,2000,0
948.HK,D,20220328,000000,1.4,1.5,1.4,1.4,62000,0
948.HK,D,20220329,000000,1.4,1.4,1.4,1.4,100000,0
948.HK,D,20220330,000000,1.5,1.5,1.38,1.38,45650,0
948.HK,D,20220331,000000,1.37,1.37,1.37,1.37,6000,0
948.HK,D,20220401,000000,1.49,1.89,1.49,1.55,705000,0
948.HK,D,20220404,000000,1.56,1.64,1.5,1.63,64000,0
948.HK,D,20220406,000000,1.6,1.62,1.6,1.62,4200,0
948.HK,D,20220407,000000,1.62,1.62,1.62,1.62,0,0
948.HK,D,20220408,000000,1.62,1.62,1.62,1.62,22000,0
948.HK,D,20220411,000000,1.62,1.62,1.58,1.58,22000,0
948.HK,D,20220412,000000,1.58,1.58,1.58,1.58,11000,0
948.HK,D,20220413,000000,1.58,1.58,1.5,1.51,34000,0
948.HK,D,20220414,000000,1.5,1.51,1.5,1.51,2000,0
948.HK,D,20220419,000000,1.59,1.59,1.58,1.59,10000,0
948.HK,D,20220420,000000,1.55,1.55,1.55,1.55,2500,0
948.HK,D,20220421,000000,1.55,1.55,1.55,1.55,0,0
948.HK,D,20220422,000000,1.59,1.59,1.4,1.48,85000,0
948.HK,D,20220425,000000,1.6,1.6,1.54,1.6,50000,0
948.HK,D,20220426,000000,1.6,1.6,1.6,1.6,26000,0
948.HK,D,20220427,000000,1.5,1.5,1.45,1.5,2000,0
948.HK,D,20220428,000000,1.48,1.48,1.48,1.48,4000,0
948.HK,D,20220429,000000,1.55,1.55,1.55,1.55,22000,0
948.HK,D,20220503,000000,1.55,1.55,1.55,1.55,0,0
948.HK,D,20220504,000000,1.55,1.55,1.55,1.55,0,0
948.HK,D,20220505,000000,1.46,1.47,1.45,1.46,238000,0
948.HK,D,20220506,000000,1.47,1.47,1.47,1.47,4000,0
948.HK,D,20220510,000000,1.45,1.53,1.42,1.53,310000,0
948.HK,D,20220511,000000,1.5,1.75,1.5,1.6,198200,0
948.HK,D,20220512,000000,1.65,1.65,1.56,1.56,22000,0
948.HK,D,20220513,000000,1.6,1.68,1.6,1.62,64000,0
948.HK,D,20220516,000000,1.5,1.62,1.5,1.5,56000,0
948.HK,D,20220517,000000,1.7,1.72,1.69,1.7,106000,0
948.HK,D,20220518,000000,1.7,1.7,1.7,1.7,0,0
948.HK,D,20220519,000000,1.69,1.69,1.6,1.69,58000,0
948.HK,D,20220520,000000,1.52,1.6,1.5,1.52,68000,0
948.HK,D,20220523,000000,1.51,1.51,1.51,1.51,36000,0
948.HK,D,20220524,000000,1.61,1.62,1.57,1.61,18000,0
948.HK,D,20220525,000000,1.61,1.61,1.61,1.61,0,0
948.HK,D,20220526,000000,1.6,1.6,1.6,1.6,0,0
948.HK,D,20220527,000000,1.59,1.59,1.59,1.59,0,0
948.HK,D,20220530,000000,1.64,1.97,1.64,1.65,539000,0
948.HK,D,20220531,000000,1.82,1.82,1.63,1.82,132000,0
948.HK,D,20220601,000000,1.68,1.69,1.68,1.68,44000,0
948.HK,D,20220602,000000,1.7,1.88,1.68,1.7,190000,0
948.HK,D,20220606,000000,1.7,1.7,1.66,1.7,48000,0
948.HK,D,20220607,000000,1.71,1.75,1.5,1.6,226000,0
948.HK,D,20220608,000000,1.77,1.77,1.6,1.77,118000,0
948.HK,D,20220609,000000,1.75,1.75,1.6,1.65,72000,0
948.HK,D,20220610,000000,1.57,1.82,1.52,1.82,126000,0
948.HK,D,20220613,000000,1.7,1.73,1.6,1.68,278000,0
948.HK,D,20220614,000000,1.68,1.82,1.61,1.82,732000,0
948.HK,D,20220615,000000,1.82,1.82,1.57,1.57,662400,0
948.HK,D,20220616,000000,1.58,1.68,1.58,1.67,38000,0
948.HK,D,20220617,000000,1.79,1.79,1.6,1.79,142000,0
948.HK,D,20220620,000000,1.69,1.8,1.69,1.77,34000,0
948.HK,D,20220621,000000,1.7,1.75,1.6,1.75,385000,0
948.HK,D,20220622,000000,1.72,1.75,1.6,1.72,534000,0
948.HK,D,20220623,000000,1.74,1.81,1.59,1.6,708000,0
948.HK,D,20220624,000000,1.6,1.66,1.56,1.6,118000,0
948.HK,D,20220627,000000,1.6,1.65,1.58,1.58,72000,0
948.HK,D,20220628,000000,1.57,1.64,1.49,1.6,296000,0
948.HK,D,20220629,000000,1.54,1.6,1.5,1.59,126000,0
948.HK,D,20220630,000000,1.52,1.52,1.5,1.51,140000,0
948.HK,D,20220704,000000,1.5,1.51,1.41,1.46,92000,0
948.HK,D,20220705,000000,1.46,1.46,1.45,1.46,32000,0
948.HK,D,20220706,000000,1.37,1.52,1.37,1.52,204463,0
948.HK,D,20220707,000000,1.5,1.57,1.4,1.5,528000,0
948.HK,D,20220708,000000,1.46,1.55,1.46,1.46,154000,0
948.HK,D,20220711,000000,1.48,1.55,1.48,1.54,18000,0
948.HK,D,20220712,000000,1.48,1.55,1.48,1.51,34000,0
948.HK,D,20220713,000000,1.56,1.56,1.48,1.53,20500,0
948.HK,D,20220714,000000,1.54,1.54,1.51,1.53,8000,0
948.HK,D,20220715,000000,1.44,1.5,1.31,1.44,128000,0
948.HK,D,20220718,000000,1.44,1.44,1.32,1.43,48000,0
948.HK,D,20220719,000000,1.41,1.41,1.41,1.41,0,0
948.HK,D,20220720,000000,1.31,1.43,1.31,1.42,46000,0
948.HK,D,20220721,000000,1.42,1.46,1.37,1.44,566300,0
948.HK,D,20220722,000000,1.46,1.49,1.46,1.49,14000,0
948.HK,D,20220725,000000,1.49,1.57,1.49,1.55,230000,0
948.HK,D,20220726,000000,1.64,1.64,1.53,1.64,94000,0
948.HK,D,20220727,000000,1.66,1.79,1.53,1.66,88000,0
948.HK,D,20220728,000000,1.68,1.68,1.67,1.67,6000,0
948.HK,D,20220729,000000,1.69,1.7,1.65,1.69,36000,0
948.HK,D,20220801,000000,1.69,1.69,1.69,1.69,2000,0
948.HK,D,20220802,000000,1.52,1.64,1.5,1.59,274000,0
948.HK,D,20220803,000000,1.64,1.64,1.59,1.64,50000,0
948.HK,D,20220804,000000,1.64,1.64,1.64,1.64,30000,0
948.HK,D,20220805,000000,1.66,1.66,1.66,1.66,6000,0
948.HK,D,20220808,000000,1.66,1.66,1.66,1.66,44000,0
948.HK,D,20220809,000000,1.67,1.67,1.67,1.67,10000,0
948.HK,D,20220810,000000,1.67,1.67,1.67,1.67,19200,0
948.HK,D,20220811,000000,1.56,1.68,1.56,1.68,44000,0
948.HK,D,20220812,000000,1.68,1.68,1.68,1.68,10000,0
948.HK,D,20220815,000000,1.69,1.69,1.58,1.69,178000,0
948.HK,D,20220816,000000,1.62,1.7,1.6,1.7,218000,0
948.HK,D,20220817,000000,1.65,1.66,1.65,1.65,118000,0
948.HK,D,20220818,000000,1.61,1.67,1.61,1.67,56000,0
948.HK,D,20220819,000000,1.57,1.66,1.57,1.66,6500,0
948.HK,D,20220822,000000,1.65,1.65,1.65,1.65,0,0
948.HK,D,20220823,000000,1.65,1.65,1.65,1.65,0,0
948.HK,D,20220824,000000,1.66,1.66,1.63,1.66,30000,0
948.HK,D,20220825,000000,1.66,1.66,1.66,1.66,0,0
948.HK,D,20220826,000000,1.6,1.61,1.6,1.6,12000,0
948.HK,D,20220829,000000,1.57,1.67,1.56,1.66,70000,0
948.HK,D,20220830,000000,1.64,1.64,1.61,1.64,104000,0
948.HK,D,20220831,000000,1.6,1.63,1.6,1.63,10000,0
948.HK,D,20220901,000000,1.62,1.65,1.52,1.62,90000,0
948.HK,D,20220902,000000,1.62,1.62,1.62,1.62,0,0
948.HK,D,20220905,000000,1.54,1.6,1.54,1.54,146000,0
948.HK,D,20220906,000000,1.59,1.59,1.59,1.59,14000,0
948.HK,D,20220907,000000,1.58,1.58,1.58,1.58,0,0
948.HK,D,20220908,000000,1.58,1.58,1.58,1.58,0,0
948.HK,D,20220909,000000,1.54,1.57,1.4,1.57,174050,0
948.HK,D,20220913,000000,1.43,1.48,1.4,1.43,256900,0
948.HK,D,20220914,000000,1.33,1.42,1.32,1.4,152000,0
948.HK,D,20220915,000000,1.33,1.42,1.33,1.39,252000,0
948.HK,D,20220916,000000,1.43,1.43,1.39,1.43,26000,0
948.HK,D,20220919,000000,1.42,1.42,1.42,1.42,0,0
948.HK,D,20220920,000000,1.42,1.46,1.42,1.46,126000,0
948.HK,D,20220921,000000,1.41,1.41,1.38,1.41,60000,0
948.HK,D,20220922,000000,1.41,1.41,1.41,1.41,0,0
948.HK,D,20220923,000000,1.35,1.35,1.35,1.35,28000,0
948.HK,D,20220926,000000,1.4,1.4,1.33,1.4,14000,0
948.HK,D,20220927,000000,1.41,1.41,1.35,1.41,6000,0
948.HK,D,20220928,000000,1.4,1.4,1.33,1.4,12000,0
948.HK,D,20220929,000000,1.34,1.4,1.34,1.34,14000,0
948.HK,D,20220930,000000,1.34,1.41,1.34,1.4,16000,0
948.HK,D,20221003,000000,1.34,1.34,1.3,1.33,32000,0
948.HK,D,20221005,000000,1.32,1.36,1.3,1.35,48000,0
948.HK,D,20221006,000000,1.35,1.35,1.35,1.35,0,0
948.HK,D,20221007,000000,1.33,1.33,1.3,1.33,8000,0
948.HK,D,20221010,000000,1.37,1.39,1.3,1.3,46000,0
948.HK,D,20221011,000000,1.22,1.27,1.2,1.22,70000,0
948.HK,D,20221012,000000,1.17,1.29,0.94,1.27,594000,0
948.HK,D,20221013,000000,1.25,1.25,1.25,1.25,0,0
948.HK,D,20221014,000000,1.32,1.35,1.3,1.32,46000,0
948.HK,D,20221017,000000,1.22,1.3,1.21,1.3,22000,0
948.HK,D,20221018,000000,1.2,1.26,1.1,1.21,200000,0
948.HK,D,20221019,000000,1.22,1.27,1.22,1.24,10000,0
948.HK,D,20221020,000000,1.28,1.29,1.24,1.28,20000,0
948.HK,D,20221021,000000,1.28,1.28,1.28,1.28,0,0
948.HK,D,20221024,000000,1.13,1.13,1.1,1.1,100000,0
948.HK,D,20221025,000000,1,1,0.98,0.98,80000,0
948.HK,D,20221026,000000,0.93,0.93,0.88,0.9,208000,0
948.HK,D,20221027,000000,0.88,0.89,0.88,0.88,100000,0
948.HK,D,20221028,000000,0.85,0.85,0.78,0.8,220000,0
948.HK,D,20221031,000000,0.74,0.74,0.65,0.66,520000,0
948.HK,D,20221101,000000,0.66,0.7,0.55,0.68,4326000,0
948.HK,D,20221102,000000,0.68,0.68,0.68,0.68,0,0
948.HK,D,20221103,000000,0.68,0.68,0.68,0.68,0,0
948.HK,D,20221104,000000,0.69,0.69,0.69,0.69,14000,0
948.HK,D,20221107,000000,0.69,0.69,0.69,0.69,0,0
948.HK,D,20221108,000000,0.68,0.68,0.68,0.68,0,0
948.HK,D,20221109,000000,0.66,0.66,0.6,0.66,610000,0
948.HK,D,20221110,000000,0.66,0.66,0.66,0.66,0,0
948.HK,D,20221111,000000,0.84,0.85,0.6,0.84,110000,0
948.HK,D,20221114,000000,0.81,0.81,0.81,0.81,0,0
948.HK,D,20221115,000000,0.79,1.06,0.79,1.05,194000,0
948.HK,D,20221116,000000,1.03,1.03,0.93,1.03,9000,0
948.HK,D,20221117,000000,1.1,1.11,1,1.11,68000,0
948.HK,D,20221118,000000,1.13,1.15,1.13,1.15,19500,0
948.HK,D,20221121,000000,1.13,1.13,1.13,1.13,4000,0
948.HK,D,20221122,000000,0.99,1.11,0.99,0.99,36000,0
948.HK,D,20221123,000000,1.05,1.07,0.99,1.05,20000,0
948.HK,D,20221124,000000,1.01,1.05,1,1.05,26000,0
948.HK,D,20221125,000000,1.1,1.1,0.98,1,322380,0
948.HK,D,20221128,000000,0.91,0.91,0.91,0.91,10000,0
948.HK,D,20221129,000000,0.99,1.1,0.93,1.06,44500,0
948.HK,D,20221130,000000,1.07,1.07,1.06,1.07,10050,0
948.HK,D,20221201,000000,1.09,1.09,1.09,1.09,6000,0
948.HK,D,20221202,000000,1.16,1.16,1.14,1.14,28000,0
948.HK,D,20221205,000000,1.18,1.18,1.18,1.18,4000,0
948.HK,D,20221206,000000,1.15,1.15,1.15,1.15,4000,0
948.HK,D,20221207,000000,1.16,1.16,1.16,1.16,2000,0
948.HK,D,20221208,000000,0.98,1.1,0.98,1.1,25648,0
948.HK,D,20221209,000000,1.06,1.24,1.06,1.24,94000,0
948.HK,D,20221212,000000,1.24,1.24,1.24,1.24,0,0
948.HK,D,20221213,000000,1.24,1.24,1.24,1.24,0,0
948.HK,D,20221214,000000,1.23,1.23,1.14,1.23,20000,0
948.HK,D,20221215,000000,1.23,1.23,1.23,1.23,0,0
948.HK,D,20221216,000000,1.2,1.2,1.2,1.2,0,0
948.HK,D,20221219,000000,1.27,1.27,1.2,1.27,6000,0
948.HK,D,20221220,000000,1.2,1.2,1.2,1.2,0,0
948.HK,D,20221221,000000,1.25,1.25,1.15,1.15,18000,0
948.HK,D,20221222,000000,1.01,1.2,1.01,1.19,36000,0
948.HK,D,20221223,000000,1.11,1.15,1.1,1.15,74000,0
948.HK,D,20221228,000000,1.14,1.14,1.14,1.14,0,0
948.HK,D,20221229,000000,1.14,1.14,1.14,1.14,0,0
948.HK,D,20221230,000000,1.17,1.17,1.16,1.17,38000,0
948.HK,D,20230103,000000,1.11,1.18,1.11,1.11,30000,0
948.HK,D,20230104,000000,1.11,1.11,1.11,1.11,16000,0
948.HK,D,20230105,000000,1.14,1.15,1.14,1.14,80000,0
948.HK,D,20230106,000000,1.17,1.18,1.17,1.17,4000,0
948.HK,D,20230109,000000,1.17,1.17,1.17,1.17,0,0
948.HK,D,20230110,000000,1.07,1.19,1.07,1.19,170000,0
948.HK,D,20230111,000000,1.18,1.18,1.1,1.11,70560,0
948.HK,D,20230112,000000,1.14,1.17,1.11,1.14,16000,0
948.HK,D,20230113,000000,1.14,1.14,1.14,1.14,6000,0
948.HK,D,20230116,000000,1.18,1.18,1.17,1.17,4000,0
948.HK,D,20230117,000000,1.16,1.16,1.1,1.14,110000,0
948.HK,D,20230118,000000,1.16,1.16,1.16,1.16,2000,0
948.HK,D,20230119,000000,1.16,1.17,1.14,1.16,100000,0
948.HK,D,20230120,000000,1.16,1.16,1.16,1.16,0,0
948.HK,D,20230126,000000,1.14,1.16,1.14,1.16,4000,0
948.HK,D,20230127,000000,1.16,1.16,1.13,1.13,63500,0
948.HK,D,20230130,000000,1.09,1.15,1.09,1.15,14000,0
948.HK,D,20230131,000000,1.15,1.16,1.15,1.16,46000,0
948.HK,D,20230201,000000,1.2,1.2,1.11,1.13,22000,0
948.HK,D,20230202,000000,1.13,1.13,1.13,1.13,0,0
948.HK,D,20230203,000000,1.13,1.13,1.13,1.13,0,0
948.HK,D,20230206,000000,1.13,1.13,1.13,1.13,0,0
948.HK,D,20230207,000000,1.11,1.11,1.08,1.08,60000,0
948.HK,D,20230208,000000,1.13,1.14,1.13,1.13,4000,0
948.HK,D,20230209,000000,1.08,1.08,1.08,1.08,2100,0
948.HK,D,20230210,000000,1.08,1.08,1.08,1.08,0,0
948.HK,D,20230213,000000,1.1,1.1,1.1,1.1,6000,0
948.HK,D,20230214,000000,1.1,1.1,1.1,1.1,0,0
948.HK,D,20230215,000000,1.09,1.1,1.09,1.1,68000,0
948.HK,D,20230216,000000,1.07,1.07,1.07,1.07,2000,0
948.HK,D,20230217,000000,1.06,1.06,1.05,1.05,96000,0
948.HK,D,20230220,000000,1.05,1.05,1.05,1.05,50000,0
948.HK,D,20230221,000000,1.05,1.05,1.05,1.05,0,0
948.HK,D,20230222,000000,1.05,1.05,1.05,1.05,13250,0
948.HK,D,20230223,000000,1.05,1.05,1.05,1.05,0,0
948.HK,D,20230224,000000,1.04,1.1,1.04,1.1,508000,0
948.HK,D,20230227,000000,1.07,1.07,1.07,1.07,38000,0
948.HK,D,20230228,000000,1.07,1.07,1.07,1.07,120000,0
948.HK,D,20230301,000000,1.07,1.07,1.07,1.07,0,0
948.HK,D,20230302,000000,1.07,1.07,1.07,1.07,0,0
948.HK,D,20230303,000000,1.07,1.07,1.07,1.07,0,0
948.HK,D,20230306,000000,1.05,1.05,1.05,1.05,10000,0
948.HK,D,20230307,000000,1.05,1.05,1.05,1.05,0,0
948.HK,D,20230308,000000,1.05,1.05,1.05,1.05,20000,0
948.HK,D,20230309,000000,1.05,1.05,1.05,1.05,0,0
948.HK,D,20230310,000000,1.03,1.03,1.03,1.03,8000,0
948.HK,D,20230313,000000,1.03,1.1,1.03,1.03,38000,0
948.HK,D,20230314,000000,1.03,1.03,1.03,1.03,14000,0
948.HK,D,20230315,000000,1.02,1.02,1.02,1.02,11000,0
948.HK,D,20230316,000000,1.07,1.07,1.07,1.07,4000,0
948.HK,D,20230317,000000,1.07,1.07,1.07,1.07,0,0
948.HK,D,20230320,000000,1.07,1.07,1.07,1.07,0,0
948.HK,D,20230321,000000,1.03,1.03,1.03,1.03,12000,0
948.HK,D,20230322,000000,1.03,1.03,1.03,1.03,8000,0
948.HK,D,20230323,000000,1.03,1.03,1.03,1.03,0,0
948.HK,D,20230324,000000,1.03,1.03,1.03,1.03,0,0
948.HK,D,20230327,000000,1.03,1.03,1.03,1.03,0,0
948.HK,D,20230328,000000,1.04,1.04,1.04,1.04,4000,0
948.HK,D,20230329,000000,1.04,1.04,1.04,1.04,0,0
948.HK,D,20230330,000000,1.04,1.04,1.04,1.04,0,0
948.HK,D,20230331,000000,1.04,1.04,1.04,1.04,0,0
948.HK,D,20230403,000000,1.11,1.11,1,1.11,580000,0
948.HK,D,20230404,000000,1.11,1.19,1.11,1.11,1012000,0
948.HK,D,20230406,000000,1.11,1.11,1.11,1.11,0,0
948.HK,D,20230411,000000,1.07,1.19,1.07,1.07,28000,0
948.HK,D,20230412,000000,1.01,1.07,1,1.01,1070000,0
948.HK,D,20230413,000000,1.02,1.02,1.02,1.02,2000,0
948.HK,D,20230414,000000,1.09,1.09,1.02,1.02,503000,0
948.HK,D,20230417,000000,1.02,1.02,1.02,1.02,0,0
948.HK,D,20230418,000000,1.02,1.02,1.02,1.02,0,0
948.HK,D,20230419,000000,1.02,1.02,1.02,1.02,0,0
948.HK,D,20230420,000000,1.02,1.02,1.02,1.02,0,0
948.HK,D,20230421,000000,1.02,1.02,1.02,1.02,0,0
948.HK,D,20230424,000000,1.02,1.02,1.02,1.02,0,0
948.HK,D,20230425,000000,1,1,1,1,0,0
948.HK,D,20230426,000000,1,1,1,1,0,0
948.HK,D,20230427,000000,0.95,0.96,0.95,0.95,17000,0
948.HK,D,20230428,000000,0.95,0.95,0.95,0.95,0,0
948.HK,D,20230502,000000,0.95,0.95,0.95,0.95,0,0
948.HK,D,20230503,000000,0.95,0.95,0.95,0.95,0,0
948.HK,D,20230504,000000,0.95,0.95,0.95,0.95,0,0
948.HK,D,20230505,000000,0.95,0.95,0.95,0.95,0,0
948.HK,D,20230508,000000,0.95,0.95,0.95,0.95,0,0
948.HK,D,20230509,000000,0.95,0.95,0.95,0.95,0,0
948.HK,D,20230510,000000,0.95,0.95,0.95,0.95,0,0
948.HK,D,20230511,000000,0.95,0.95,0.95,0.95,0,0
948.HK,D,20230512,000000,0.95,0.95,0.95,0.95,0,0
948.HK,D,20230515,000000,0.95,0.95,0.95,0.95,0,0
948.HK,D,20230516,000000,0.95,0.95,0.95,0.95,0,0
948.HK,D,20230517,000000,0.95,0.95,0.95,0.95,0,0
948.HK,D,20230518,000000,0.95,0.95,0.95,0.95,0,0
948.HK,D,20230519,000000,0.95,0.95,0.95,0.95,0,0
948.HK,D,20230522,000000,0.95,0.95,0.95,0.95,0,0
948.HK,D,20230523,000000,0.95,0.95,0.95,0.95,0,0
948.HK,D,20230524,000000,0.95,0.95,0.95,0.95,0,0
948.HK,D,20230525,000000,0.95,0.95,0.95,0.95,0,0
948.HK,D,20230529,000000,0.95,0.95,0.95,0.95,0,0
948.HK,D,20230530,000000,0.95,0.95,0.95,0.95,0,0
948.HK,D,20230531,000000,0.82,0.82,0.82,0.82,10000,0
948.HK,D,20230601,000000,0.82,0.82,0.82,0.82,0,0
948.HK,D,20230602,000000,0.83,0.83,0.83,0.83,0,0
948.HK,D,20230605,000000,0.83,0.83,0.83,0.83,0,0
948.HK,D,20230606,000000,0.83,0.83,0.83,0.83,0,0
948.HK,D,20230607,000000,0.83,0.83,0.83,0.83,0,0
948.HK,D,20230608,000000,0.83,0.83,0.83,0.83,0,0
948.HK,D,20230609,000000,0.83,0.95,0.83,0.83,500000,0
948.HK,D,20230612,000000,0.83,0.83,0.83,0.83,0,0
948.HK,D,20230613,000000,0.82,0.82,0.82,0.82,10000,0
948.HK,D,20230614,000000,0.75,0.76,0.75,0.76,1000000,0
948.HK,D,20230615,000000,0.89,0.89,0.8,0.84,1516500,0
948.HK,D,20230616,000000,0.84,0.84,0.82,0.83,1003300,0
948.HK,D,20230619,000000,0.84,0.84,0.84,0.84,0,0
948.HK,D,20230620,000000,0.9,0.9,0.85,0.87,68000,0
948.HK,D,20230621,000000,0.87,0.87,0.86,0.87,500000,0
948.HK,D,20230623,000000,0.87,0.87,0.87,0.87,0,0
948.HK,D,20230626,000000,0.84,0.84,0.83,0.84,500000,0
948.HK,D,20230627,000000,0.85,0.85,0.85,0.85,0,0
948.HK,D,20230628,000000,0.85,0.85,0.85,0.85,0,0
948.HK,D,20230629,000000,0.9,0.9,0.9,0.9,6000,0
948.HK,D,20230630,000000,0.86,0.86,0.83,0.86,40000,0
948.HK,D,20230703,000000,0.86,0.86,0.86,0.86,0,0
948.HK,D,20230704,000000,0.82,0.86,0.82,0.86,100,0
948.HK,D,20230705,000000,0.86,0.86,0.86,0.86,6000,0
948.HK,D,20230706,000000,0.86,0.86,0.86,0.86,0,0
948.HK,D,20230707,000000,0.86,0.86,0.86,0.86,0,0
948.HK,D,20230710,000000,0.88,0.88,0.86,0.88,22700,0
948.HK,D,20230711,000000,0.88,0.88,0.88,0.88,0,0
948.HK,D,20230712,000000,0.88,0.88,0.88,0.88,0,0
948.HK,D,20230713,000000,0.82,0.82,0.82,0.82,0,0
948.HK,D,20230714,000000,0.8,0.8,0.8,0.8,62000,0
948.HK,D,20230718,000000,0.8,0.8,0.8,0.8,0,0
948.HK,D,20230719,000000,0.8,0.8,0.8,0.8,0,0
948.HK,D,20230720,000000,0.8,0.8,0.8,0.8,0,0
948.HK,D,20230721,000000,0.8,0.8,0.8,0.8,0,0
948.HK,D,20230724,000000,0.8,0.8,0.8,0.8,0,0
948.HK,D,20230725,000000,0.8,0.8,0.8,0.8,0,0
948.HK,D,20230726,000000,0.8,0.8,0.8,0.8,0,0
948.HK,D,20230727,000000,0.87,0.87,0.87,0.87,2000,0
948.HK,D,20230728,000000,0.87,0.87,0.86,0.87,500000,0
948.HK,D,20230731,000000,0.87,0.87,0.87,0.87,0,0
948.HK,D,20230801,000000,0.87,0.87,0.87,0.87,0,0
948.HK,D,20230802,000000,0.76,0.77,0.76,0.77,3500,0
948.HK,D,20230803,000000,0.7,0.72,0.7,0.7,40000,0
948.HK,D,20230804,000000,0.7,0.7,0.7,0.7,0,0
948.HK,D,20230807,000000,0.58,0.69,0.58,0.69,3500,0
948.HK,D,20230808,000000,0.69,0.69,0.69,0.69,0,0
948.HK,D,20230809,000000,0.77,0.77,0.77,0.77,2000,0
948.HK,D,20230810,000000,0.77,0.77,0.77,0.77,0,0
948.HK,D,20230811,000000,0.71,0.76,0.71,0.76,22000,0
948.HK,D,20230814,000000,0.75,0.75,0.75,0.75,0,0
948.HK,D,20230815,000000,0.75,0.75,0.75,0.75,1000000,0
948.HK,D,20230816,000000,0.75,0.75,0.75,0.75,0,0
948.HK,D,20230817,000000,0.75,0.75,0.75,0.75,0,0
948.HK,D,20230818,000000,0.7,0.73,0.7,0.7,14000,0
948.HK,D,20230821,000000,0.7,0.7,0.7,0.7,0,0
948.HK,D,20230822,000000,0.7,0.7,0.7,0.7,0,0
948.HK,D,20230823,000000,0.7,0.7,0.7,0.7,0,0
948.HK,D,20230824,000000,0.7,0.7,0.7,0.7,0,0
948.HK,D,20230825,000000,0.67,0.67,0.66,0.66,19500,0
948.HK,D,20230828,000000,0.66,0.66,0.66,0.66,0,0
948.HK,D,20230829,000000,0.67,0.67,0.67,0.67,0,0
948.HK,D,20230830,000000,0.68,0.68,0.68,0.68,0,0
948.HK,D,20230831,000000,0.68,0.68,0.68,0.68,0,0
948.HK,D,20230904,000000,0.68,0.68,0.68,0.68,0,0
948.HK,D,20230905,000000,0.68,0.68,0.68,0.68,0,0
948.HK,D,20230906,000000,0.69,0.69,0.69,0.69,14000,0
948.HK,D,20230907,000000,0.69,0.69,0.69,0.69,1000000,0
948.HK,D,20230911,000000,0.69,0.69,0.69,0.69,0,0
948.HK,D,20230912,000000,0.69,0.69,0.69,0.69,0,0
948.HK,D,20230913,000000,0.69,0.69,0.69,0.69,0,0
948.HK,D,20230914,000000,0.69,0.69,0.69,0.69,0,0
948.HK,D,20230915,000000,0.69,0.69,0.69,0.69,0,0
948.HK,D,20230918,000000,0.66,0.66,0.6,0.64,24000,0
948.HK,D,20230919,000000,0.64,0.64,0.64,0.64,0,0
948.HK,D,20230920,000000,0.62,0.62,0.62,0.62,0,0
948.HK,D,20230921,000000,0.62,0.62,0.62,0.62,2000,0
948.HK,D,20230922,000000,0.62,0.62,0.62,0.62,0,0
948.HK,D,20230925,000000,0.62,0.62,0.62,0.62,0,0
948.HK,D,20230926,000000,0.52,0.53,0.48,0.51,306400,0
948.HK,D,20230927,000000,0.55,0.55,0.55,0.55,20000,0
948.HK,D,20230928,000000,0.46,0.485,0.46,0.485,5800,0
948.HK,D,20230929,000000,0.485,0.485,0.485,0.485,0,0
948.HK,D,20231003,000000,0.485,0.485,0.485,0.485,0,0
948.HK,D,20231004,000000,0.485,0.485,0.485,0.485,0,0
948.HK,D,20231005,000000,0.4,0.5,0.4,0.48,13500,0
948.HK,D,20231006,000000,0.485,0.485,0.48,0.48,32000,0
948.HK,D,20231009,000000,0.51,0.51,0.51,0.51,4000,0
948.HK,D,20231010,000000,0.51,0.51,0.51,0.51,0,0
948.HK,D,20231011,000000,0.51,0.51,0.51,0.51,0,0
948.HK,D,20231012,000000,0.51,0.51,0.51,0.51,0,0
948.HK,D,20231013,000000,0.48,0.48,0.48,0.48,4000,0
948.HK,D,20231016,000000,0.48,0.48,0.48,0.48,0,0
948.HK,D,20231017,000000,0.48,0.48,0.475,0.48,8000,0
948.HK,D,20231018,000000,0.48,0.48,0.48,0.48,0,0
948.HK,D,20231019,000000,0.48,0.48,0.48,0.48,0,0
948.HK,D,20231020,000000,0.475,0.475,0.475,0.475,0,0
948.HK,D,20231024,000000,0.475,0.475,0.475,0.475,0,0
948.HK,D,20231025,000000,0.46,0.47,0.46,0.47,20000,0
948.HK,D,20231026,000000,0.47,0.47,0.47,0.47,0,0
948.HK,D,20231027,000000,0.47,0.47,0.47,0.47,0,0
948.HK,D,20231030,000000,0.47,0.47,0.47,0.47,0,0
948.HK,D,20231031,000000,0.43,0.43,0.43,0.43,120000,0
948.HK,D,20231101,000000,0.43,0.43,0.43,0.43,0,0
948.HK,D,20231102,000000,0.45,0.455,0.45,0.455,20000,0
948.HK,D,20231103,000000,0.455,0.455,0.455,0.455,0,0
948.HK,D,20231106,000000,0.455,0.455,0.455,0.455,0,0
948.HK,D,20231107,000000,0.455,0.455,0.455,0.455,0,0
948.HK,D,20231108,000000,0.415,0.415,0.415,0.415,3500,0
948.HK,D,20231109,000000,0.46,0.46,0.46,0.46,2000,0
948.HK,D,20231110,000000,0.46,0.46,0.46,0.46,0,0
948.HK,D,20231113,000000,0.46,0.46,0.46,0.46,400,0
948.HK,D,20231114,000000,0.46,0.46,0.46,0.46,0,0
948.HK,D,20231115,000000,0.46,0.46,0.46,0.46,0,0
948.HK,D,20231116,000000,0.42,0.425,0.42,0.425,59500,0
948.HK,D,20231117,000000,0.435,0.435,0.425,0.435,8450,0
948.HK,D,20231120,000000,0.43,0.43,0.425,0.425,50000,0
948.HK,D,20231121,000000,0.425,0.425,0.425,0.425,0,0
948.HK,D,20231122,000000,0.425,0.425,0.425,0.425,0,0
948.HK,D,20231123,000000,0.425,0.425,0.425,0.425,0,0
948.HK,D,20231124,000000,0.425,0.425,0.425,0.425,0,0
948.HK,D,20231127,000000,0.425,0.425,0.425,0.425,0,0
948.HK,D,20231128,000000,0.425,0.425,0.425,0.425,1500,0
948.HK,D,20231129,000000,0.415,0.415,0.41,0.415,106000,0
948.HK,D,20231130,000000,0.44,0.46,0.44,0.46,100000,0
948.HK,D,20231201,000000,0.46,0.465,0.455,0.455,108000,0
948.HK,D,20231204,000000,0.405,0.405,0.4,0.405,46000,0
948.HK,D,20231205,000000,0.405,0.405,0.405,0.405,0,0
948.HK,D,20231206,000000,0.405,0.405,0.405,0.405,0,0
948.HK,D,20231207,000000,0.405,0.405,0.405,0.405,0,0
948.HK,D,20231208,000000,0.37,0.395,0.37,0.37,66000,0
948.HK,D,20231211,000000,0.36,0.36,0.35,0.35,116000,0
948.HK,D,20231212,000000,0.305,0.35,0.305,0.31,30500,0
948.HK,D,20231213,000000,0.31,0.31,0.31,0.31,0,0
948.HK,D,20231214,000000,0.33,0.33,0.31,0.31,68000,0
948.HK,D,20231215,000000,0.29,0.305,0.285,0.29,32000,0
948.HK,D,20231218,000000,0.31,0.31,0.3,0.31,50000,0
948.HK,D,20231219,000000,0.295,0.295,0.29,0.29,82000,0
948.HK,D,20231220,000000,0.29,0.295,0.29,0.29,60500,0
948.HK,D,20231221,000000,0.285,0.29,0.275,0.285,38000,0
948.HK,D,20231222,000000,0.275,0.28,0.275,0.275,18000,0
948.HK,D,20231227,000000,0.275,0.275,0.275,0.275,0,0
948.HK,D,20231228,000000,0.28,0.3,0.28,0.28,20000,0
948.HK,D,20231229,000000,0.285,0.3,0.285,0.285,24000,0
948.HK,D,20240102,000000,0.295,0.3,0.295,0.3,32000,0
948.HK,D,20240103,000000,0.3,0.3,0.3,0.3,0,0
948.HK,D,20240104,000000,0.3,0.3,0.3,0.3,0,0
948.HK,D,20240105,000000,0.3,0.3,0.3,0.3,0,0
948.HK,D,20240108,000000,0.3,0.3,0.3,0.3,0,0
948.HK,D,20240109,000000,0.3,0.3,0.3,0.3,0,0
948.HK,D,20240110,000000,0.3,0.3,0.3,0.3,0,0
948.HK,D,20240111,000000,0.3,0.3,0.3,0.3,0,0
948.HK,D,20240112,000000,0.3,0.3,0.3,0.3,0,0
948.HK,D,20240115,000000,0.3,0.3,0.3,0.3,0,0
948.HK,D,20240116,000000,0.3,0.3,0.3,0.3,0,0
948.HK,D,20240117,000000,0.275,0.31,0.275,0.29,39000,0
948.HK,D,20240118,000000,0.28,0.28,0.28,0.28,29500,0
948.HK,D,20240119,000000,0.28,0.28,0.28,0.28,2000,0
948.HK,D,20240122,000000,0.31,0.31,0.31,0.31,6000,0
948.HK,D,20240123,000000,0.31,0.31,0.31,0.31,0,0
948.HK,D,20240124,000000,0.33,0.33,0.32,0.33,4000,0
948.HK,D,20240125,000000,0.33,0.33,0.33,0.33,12000,0
948.HK,D,20240126,000000,0.33,0.33,0.33,0.33,1050,0
948.HK,D,20240129,000000,0.295,0.315,0.295,0.315,3050,0
948.HK,D,20240130,000000,0.315,0.315,0.315,0.315,0,0
948.HK,D,20240131,000000,0.315,0.315,0.315,0.315,0,0
948.HK,D,20240201,000000,0.315,0.315,0.315,0.315,0,0
948.HK,D,20240202,000000,0.315,0.315,0.315,0.315,0,0
948.HK,D,20240205,000000,0.315,0.315,0.315,0.315,0,0
948.HK,D,20240206,000000,0.315,0.315,0.315,0.315,0,0
948.HK,D,20240207,000000,0.315,0.315,0.315,0.315,0,0
948.HK,D,20240208,000000,0.285,0.285,0.285,0.285,12000,0
948.HK,D,20240209,000000,0.285,0.285,0.285,0.285,0,0
948.HK,D,20240214,000000,0.285,0.285,0.285,0.285,0,0
948.HK,D,20240215,000000,0.285,0.285,0.285,0.285,0,0
948.HK,D,20240216,000000,0.285,0.285,0.285,0.285,0,0
948.HK,D,20240219,000000,0.285,0.285,0.285,0.285,0,0
948.HK,D,20240220,000000,0.25,0.25,0.25,0.25,20000,0
948.HK,D,20240221,000000,0.229,0.236,0.22,0.236,74000,0
948.HK,D,20240222,000000,0.236,0.236,0.236,0.236,0,0
948.HK,D,20240223,000000,0.26,0.3,0.249,0.285,110000,0
948.HK,D,20240226,000000,0.285,0.285,0.285,0.285,0,0
948.HK,D,20240227,000000,0.285,0.285,0.285,0.285,0,0
948.HK,D,20240228,000000,0.285,0.285,0.285,0.285,0,0
948.HK,D,20240229,000000,0.285,0.285,0.285,0.285,0,0
948.HK,D,20240301,000000,0.249,0.285,0.249,0.285,100,0
948.HK,D,20240304,000000,0.285,0.285,0.285,0.285,0,0
948.HK,D,20240305,000000,0.285,0.285,0.285,0.285,0,0
948.HK,D,20240306,000000,0.265,0.265,0.265,0.265,20000,0
948.HK,D,20240307,000000,0.295,0.35,0.295,0.35,116000,0
948.HK,D,20240308,000000,0.32,0.32,0.32,0.32,4000,0
948.HK,D,20240311,000000,0.32,0.32,0.32,0.32,0,0
948.HK,D,20240312,000000,0.3,0.3,0.3,0.3,7000,0
948.HK,D,20240313,000000,0.3,0.3,0.3,0.3,0,0
948.HK,D,20240314,000000,0.3,0.3,0.3,0.3,0,0
948.HK,D,20240315,000000,0.28,0.29,0.28,0.29,6000,0
948.HK,D,20240318,000000,0.29,0.29,0.29,0.29,8000,0
948.HK,D,20240319,000000,0.29,0.29,0.29,0.29,0,0
948.HK,D,20240320,000000,0.29,0.29,0.29,0.29,0,0
948.HK,D,20240321,000000,0.29,0.29,0.29,0.29,0,0
948.HK,D,20240322,000000,0.29,0.29,0.29,0.29,0,0
948.HK,D,20240325,000000,0.29,0.29,0.29,0.29,0,0
948.HK,D,20240326,000000,0.29,0.29,0.29,0.29,0,0
948.HK,D,20240327,000000,0.29,0.29,0.29,0.29,0,0
948.HK,D,20240328,000000,0.29,0.29,0.29,0.29,0,0
948.HK,D,20240402,000000,0.24,0.29,0.24,0.29,210500,0
948.HK,D,20240403,000000,0.255,0.265,0.255,0.265,23000,0
948.HK,D,20240405,000000,0.24,0.265,0.24,0.265,750,0
948.HK,D,20240408,000000,0.265,0.265,0.265,0.265,0,0
948.HK,D,20240409,000000,0.265,0.265,0.265,0.265,0,0
948.HK,D,20240410,000000,0.265,0.265,0.265,0.265,0,0
948.HK,D,20240411,000000,0.26,0.265,0.26,0.26,26000,0
948.HK,D,20240412,000000,0.6,0.64,0.26,0.6,62000,0
948.HK,D,20240415,000000,0.6,0.6,0.35,0.35,336000,0
948.HK,D,20240416,000000,0.38,0.38,0.325,0.325,40000,0
948.HK,D,20240417,000000,0.28,0.305,0.28,0.28,124000,0
948.HK,D,20240418,000000,0.28,0.28,0.28,0.28,0,0
948.HK,D,20240419,000000,0.275,0.28,0.275,0.28,22000,0
948.HK,D,20240422,000000,0.28,0.28,0.28,0.28,0,0
948.HK,D,20240423,000000,0.26,0.26,0.26,0.26,28000,0
948.HK,D,20240424,000000,0.285,0.285,0.275,0.28,10000,0
948.HK,D,20240425,000000,0.28,0.28,0.28,0.28,0,0
948.HK,D,20240426,000000,0.28,0.28,0.275,0.28,20000,0
948.HK,D,20240429,000000,0.28,0.28,0.28,0.28,0,0
948.HK,D,20240430,000000,0.275,0.28,0.275,0.28,14075,0
948.HK,D,20240502,000000,0.31,0.31,0.31,0.31,8000,0
948.HK,D,20240503,000000,0.345,0.345,0.345,0.345,2000,0
948.HK,D,20240506,000000,0.25,0.345,0.25,0.345,26400,0
948.HK,D,20240507,000000,0.345,0.345,0.345,0.345,0,0
948.HK,D,20240508,000000,0.345,0.345,0.345,0.345,0,0
948.HK,D,20240509,000000,0.345,0.345,0.345,0.345,0,0
948.HK,D,20240510,000000,0.3,0.35,0.295,0.35,100000,0
948.HK,D,20240513,000000,0.35,0.35,0.35,0.35,0,0
948.HK,D,20240514,000000,0.295,0.355,0.29,0.305,1752000,0
948.HK,D,20240516,000000,0.31,0.31,0.31,0.31,4000,0
948.HK,D,20240517,000000,0.34,0.34,0.335,0.34,15000,0
948.HK,D,20240520,000000,0.34,0.34,0.34,0.34,0,0
948.HK,D,20240521,000000,0.345,0.345,0.34,0.34,12000,0
948.HK,D,20240522,000000,0.28,0.36,0.28,0.36,15000,0
948.HK,D,20240523,000000,0.4,0.4,0.305,0.355,6000,0
948.HK,D,20240524,000000,0.35,0.35,0.35,0.35,2000,0
948.HK,D,20240527,000000,0.35,0.35,0.35,0.35,0,0
948.HK,D,20240528,000000,0.37,0.37,0.37,0.37,2000,0
948.HK,D,20240529,000000,0.38,0.385,0.38,0.38,20000,0
948.HK,D,20240530,000000,0.375,0.375,0.32,0.375,42000,0
948.HK,D,20240531,000000,0.39,0.39,0.385,0.385,4000,0
948.HK,D,20240603,000000,0.4,0.4,0.325,0.36,94000,0
948.HK,D,20240604,000000,0.35,0.35,0.35,0.35,0,0
948.HK,D,20240605,000000,0.36,0.36,0.36,0.36,14000,0
948.HK,D,20240606,000000,0.39,0.39,0.39,0.39,8000,0
948.HK,D,20240607,000000,0.335,0.365,0.33,0.365,42000,0
948.HK,D,20240611,000000,0.36,0.36,0.36,0.36,0,0
948.HK,D,20240612,000000,0.32,0.34,0.305,0.34,142000,0
948.HK,D,20240613,000000,0.36,0.36,0.32,0.35,24000,0
948.HK,D,20240614,000000,0.35,0.35,0.35,0.35,0,0
948.HK,D,20240617,000000,0.35,0.35,0.35,0.35,4000,0
948.HK,D,20240618,000000,0.35,0.35,0.35,0.35,0,0
948.HK,D,20240619,000000,0.375,0.375,0.375,0.375,2000,0
948.HK,D,20240620,000000,0.375,0.375,0.375,0.375,0,0
948.HK,D,20240621,000000,0.37,0.37,0.37,0.37,0,0
948.HK,D,20240624,000000,0.33,0.395,0.33,0.365,26000,0
948.HK,D,20240625,000000,0.365,0.365,0.365,0.365,0,0
948.HK,D,20240626,000000,0.365,0.365,0.365,0.365,30000,0
948.HK,D,20240627,000000,0.365,0.365,0.365,0.365,0,0
948.HK,D,20240628,000000,0.4,0.415,0.385,0.385,18000,0
948.HK,D,20240702,000000,0.385,0.385,0.385,0.385,0,0
948.HK,D,20240703,000000,0.305,0.33,0.305,0.305,38000,0
948.HK,D,20240704,000000,0.33,0.33,0.33,0.33,2000,0
948.HK,D,20240705,000000,0.33,0.33,0.33,0.33,0,0
948.HK,D,20240708,000000,0.285,0.31,0.285,0.31,3000,0
948.HK,D,20240709,000000,0.31,0.31,0.31,0.31,0,0
948.HK,D,20240710,000000,0.3,0.31,0.3,0.3,26000,0
948.HK,D,20240711,000000,0.3,0.3,0.3,0.3,0,0
948.HK,D,20240712,000000,0.3,0.3,0.3,0.3,0,0
948.HK,D,20240715,000000,0.3,0.3,0.3,0.3,0,0
948.HK,D,20240716,000000,0.3,0.3,0.3,0.3,0,0
948.HK,D,20240717,000000,0.295,0.295,0.295,0.295,18000,0
948.HK,D,20240718,000000,0.295,0.295,0.29,0.295,14000,0
948.HK,D,20240719,000000,0.295,0.295,0.295,0.295,0,0
948.HK,D,20240722,000000,0.295,0.295,0.295,0.295,0,0
948.HK,D,20240723,000000,0.295,0.295,0.295,0.295,0,0
948.HK,D,20240724,000000,0.29,0.29,0.29,0.29,0,0
948.HK,D,20240725,000000,0.28,0.28,0.28,0.28,12000,0
948.HK,D,20240726,000000,0.28,0.28,0.28,0.28,0,0
948.HK,D,20240729,000000,0.285,0.285,0.285,0.285,2000,0
948.HK,D,20240730,000000,0.285,0.285,0.285,0.285,0,0
948.HK,D,20240731,000000,0.285,0.285,0.285,0.285,0,0
948.HK,D,20240801,000000,0.285,0.285,0.285,0.285,0,0
948.HK,D,20240802,000000,0.285,0.285,0.285,0.285,0,0
948.HK,D,20240805,000000,0.255,0.255,0.25,0.255,40000,0
948.HK,D,20240806,000000,0.255,0.255,0.255,0.255,0,0
948.HK,D,20240807,000000,0.255,0.255,0.255,0.255,0,0
948.HK,D,20240808,000000,0.25,0.25,0.249,0.25,62000,0
948.HK,D,20240809,000000,0.25,0.25,0.25,0.25,0,0
948.HK,D,20240812,000000,0.25,0.25,0.25,0.25,6000,0
948.HK,D,20240813,000000,0.25,0.25,0.25,0.25,0,0
948.HK,D,20240814,000000,0.25,0.25,0.25,0.25,0,0
948.HK,D,20240815,000000,0.25,0.25,0.25,0.25,0,0
948.HK,D,20240816,000000,0.25,0.25,0.25,0.25,0,0
948.HK,D,20240819,000000,0.25,0.25,0.25,0.25,0,0
948.HK,D,20240820,000000,0.25,0.25,0.25,0.25,10000,0
948.HK,D,20240821,000000,0.25,0.25,0.25,0.25,0,0
948.HK,D,20240822,000000,0.25,0.25,0.25,0.25,0,0
948.HK,D,20240823,000000,0.25,0.25,0.25,0.25,0,0
948.HK,D,20240826,000000,0.25,0.25,0.25,0.25,0,0
948.HK,D,20240827,000000,0.25,0.25,0.25,0.25,0,0
948.HK,D,20240828,000000,0.25,0.25,0.25,0.25,0,0
948.HK,D,20240829,000000,0.25,0.25,0.25,0.25,0,0
948.HK,D,20240830,000000,0.25,0.25,0.25,0.25,0,0
948.HK,D,20240902,000000,0.25,0.25,0.25,0.25,0,0
948.HK,D,20240903,000000,0.25,0.25,0.25,0.25,0,0
948.HK,D,20240904,000000,0.25,0.25,0.25,0.25,0,0
948.HK,D,20240905,000000,0.25,0.25,0.25,0.25,0,0
948.HK,D,20240909,000000,0.25,0.25,0.25,0.25,0,0
948.HK,D,20240910,000000,0.25,0.25,0.25,0.25,0,0
948.HK,D,20240911,000000,0.25,0.25,0.25,0.25,0,0
948.HK,D,20240912,000000,0.25,0.25,0.25,0.25,500,0
948.HK,D,20240913,000000,0.25,0.25,0.25,0.25,0,0
948.HK,D,20240916,000000,0.25,0.25,0.25,0.25,0,0
948.HK,D,20240917,000000,0.221,0.221,0.221,0.221,14000,0
948.HK,D,20240919,000000,0.21,0.22,0.21,0.21,6500,0
948.HK,D,20240920,000000,0.2,0.2,0.2,0.2,2000,0
948.HK,D,20240923,000000,0.2,0.2,0.2,0.2,0,0
948.HK,D,20240924,000000,0.219,0.219,0.182,0.219,28800,0
948.HK,D,20240925,000000,0.219,0.219,0.219,0.219,0,0
948.HK,D,20240926,000000,0.191,0.209,0.191,0.209,12500,0
948.HK,D,20240927,000000,0.2,0.2,0.2,0.2,0,0
948.HK,D,20240930,000000,0.194,0.194,0.194,0.194,16000,0
948.HK,D,20241002,000000,0.2,0.2,0.2,0.2,10000,0
948.HK,D,20241003,000000,0.219,0.219,0.2,0.2,2000,0
948.HK,D,20241004,000000,0.207,0.22,0.207,0.207,24000,0
948.HK,D,20241007,000000,0.194,0.212,0.194,0.212,2300,0
948.HK,D,20241008,000000,0.24,0.24,0.214,0.214,8000,0
948.HK,D,20241009,000000,0.214,0.214,0.214,0.214,0,0
948.HK,D,20241010,000000,0.234,0.8,0.234,0.405,2697700,0
948.HK,D,20241014,000000,0.405,0.41,0.32,0.34,542000,0
948.HK,D,20241015,000000,0.34,0.34,0.255,0.315,278000,0
948.HK,D,20241016,000000,0.26,0.345,0.26,0.32,108000,0
948.HK,D,20241017,000000,0.34,0.37,0.34,0.34,163700,0
948.HK,D,20241018,000000,0.335,0.37,0.33,0.37,96000,0
948.HK,D,20241021,000000,0.305,0.32,0.305,0.305,41000,0
948.HK,D,20241022,000000,0.3,0.3,0.3,0.3,0,0
948.HK,D,20241023,000000,0.3,0.31,0.3,0.3,41500,0
948.HK,D,20241024,000000,0.27,0.285,0.27,0.27,90000,0
948.HK,D,20241025,000000,0.27,0.27,0.23,0.244,636000,0
948.HK,D,20241028,000000,0.244,0.244,0.244,0.244,500,0
948.HK,D,20241029,000000,0.25,0.25,0.25,0.25,30000,0
948.HK,D,20241030,000000,0.255,0.255,0.25,0.25,88000,0
948.HK,D,20241031,000000,0.25,0.25,0.25,0.25,0,0
948.HK,D,20241101,000000,0.25,0.25,0.25,0.25,2000,0
948.HK,D,20241104,000000,0.25,0.25,0.25,0.25,0,0
948.HK,D,20241105,000000,0.29,0.29,0.23,0.29,224000,0
948.HK,D,20241106,000000,0.285,0.285,0.26,0.26,40000,0
948.HK,D,20241107,000000,0.26,0.26,0.26,0.26,4000,0
948.HK,D,20241108,000000,0.26,0.26,0.26,0.26,0,0
948.HK,D,20241111,000000,0.242,0.242,0.241,0.241,44000,0
948.HK,D,20241112,000000,0.241,0.241,0.241,0.241,0,0
948.HK,D,20241113,000000,0.241,0.241,0.241,0.241,0,0
948.HK,D,20241114,000000,0.27,0.27,0.201,0.203,472000,0
948.HK,D,20241115,000000,0.213,0.214,0.213,0.214,94000,0
948.HK,D,20241118,000000,0.214,0.214,0.214,0.214,0,0
948.HK,D,20241119,000000,0.214,0.214,0.214,0.214,0,0
948.HK,D,20241120,000000,0.214,0.214,0.214,0.214,0,0
948.HK,D,20241121,000000,0.206,0.206,0.2,0.206,2000,0
948.HK,D,20241122,000000,0.206,0.206,0.206,0.206,0,0
948.HK,D,20241125,000000,0.206,0.206,0.199,0.206,500000,0
948.HK,D,20241126,000000,0.185,0.201,0.185,0.201,32900,0
948.HK,D,20241127,000000,0.22,0.22,0.211,0.211,20000,0
948.HK,D,20241128,000000,0.203,0.205,0.203,0.205,2000,0
948.HK,D,20241129,000000,0.225,0.228,0.225,0.228,512000,0
948.HK,D,20241202,000000,0.228,0.228,0.228,0.228,0,0
948.HK,D,20241203,000000,0.228,0.228,0.228,0.228,0,0
948.HK,D,20241204,000000,0.228,0.228,0.228,0.228,0,0
948.HK,D,20241205,000000,0.228,0.228,0.228,0.228,0,0
948.HK,D,20241206,000000,0.228,0.228,0.228,0.228,0,0
948.HK,D,20241209,000000,0.228,0.228,0.228,0.228,0,0
948.HK,D,20241210,000000,0.228,0.228,0.228,0.228,12000,0
948.HK,D,20241211,000000,0.22,0.228,0.22,0.228,72000,0
948.HK,D,20241212,000000,0.228,0.228,0.228,0.228,20000,0
948.HK,D,20241213,000000,0.228,0.228,0.228,0.228,0,0
948.HK,D,20241216,000000,0.25,0.25,0.228,0.228,30000,0
948.HK,D,20241217,000000,0.228,0.228,0.228,0.228,0,0
948.HK,D,20241218,000000,0.23,0.23,0.22,0.23,1500000,0
948.HK,D,20241219,000000,0.22,0.225,0.22,0.225,1500000,0
948.HK,D,20241220,000000,0.225,0.225,0.225,0.225,0,0
948.HK,D,20241223,000000,0.25,0.25,0.225,0.225,40000,0
948.HK,D,20241224,000000,0.225,0.225,0.225,0.225,0,0
948.HK,D,20241227,000000,0.225,0.225,0.225,0.225,0,0
948.HK,D,20241230,000000,0.225,0.225,0.225,0.225,0,0
948.HK,D,20241231,000000,0.225,0.225,0.225,0.225,0,0
948.HK,D,20250102,000000,0.225,0.225,0.225,0.225,0,0
948.HK,D,20250103,000000,0.25,0.25,0.225,0.225,12000,0
948.HK,D,20250106,000000,0.225,0.225,0.225,0.225,0,0
948.HK,D,20250107,000000,0.227,0.227,0.226,0.226,19700,0
948.HK,D,20250108,000000,0.228,0.228,0.228,0.228,0,0
948.HK,D,20250109,000000,0.228,0.228,0.228,0.228,0,0
948.HK,D,20250110,000000,0.228,0.228,0.228,0.228,0,0
948.HK,D,20250113,000000,0.228,0.228,0.228,0.228,16500,0
948.HK,D,20250114,000000,0.249,0.249,0.249,0.249,42100,0
948.HK,D,20250115,000000,0.249,0.249,0.249,0.249,0,0
948.HK,D,20250116,000000,0.249,0.249,0.249,0.249,0,0
948.HK,D,20250117,000000,0.249,0.249,0.249,0.249,0,0
948.HK,D,20250120,000000,0.249,0.249,0.249,0.249,0,0
948.HK,D,20250121,000000,0.249,0.249,0.249,0.249,0,0
948.HK,D,20250122,000000,0.26,0.26,0.26,0.26,20000,0
948.HK,D,20250123,000000,0.26,0.26,0.26,0.26,0,0
948.HK,D,20250124,000000,0.26,0.26,0.26,0.26,0,0
948.HK,D,20250127,000000,0.26,0.26,0.26,0.26,0,0
948.HK,D,20250128,000000,0.3,0.3,0.26,0.26,20000,0
948.HK,D,20250203,000000,0.228,0.26,0.228,0.26,350,0
948.HK,D,20250204,000000,0.26,0.26,0.26,0.26,24000,0
948.HK,D,20250205,000000,0.26,0.26,0.26,0.26,0,0
948.HK,D,20250206,000000,0.26,0.26,0.26,0.26,0,0
948.HK,D,20250207,000000,0.26,0.26,0.26,0.26,0,0
948.HK,D,20250210,000000,0.26,0.26,0.26,0.26,0,0
948.HK,D,20250211,000000,0.26,0.26,0.26,0.26,0,0
948.HK,D,20250212,000000,0.26,0.26,0.26,0.26,0,0
948.HK,D,20250213,000000,0.26,0.26,0.26,0.26,0,0
948.HK,D,20250214,000000,0.26,0.26,0.26,0.26,0,0
948.HK,D,20250217,000000,0.24,0.26,0.24,0.24,20000,0
948.HK,D,20250218,000000,0.238,0.285,0.217,0.28,110000,0
948.HK,D,20250219,000000,0.275,0.275,0.275,0.275,0,0
948.HK,D,20250220,000000,0.229,0.229,0.225,0.229,18000,0
948.HK,D,20250221,000000,0.229,0.229,0.229,0.229,0,0
948.HK,D,20250224,000000,0.205,0.229,0.205,0.229,1000,0
948.HK,D,20250225,000000,0.229,0.229,0.229,0.229,4000,0
948.HK,D,20250226,000000,0.229,0.229,0.229,0.229,0,0
948.HK,D,20250227,000000,0.228,0.228,0.228,0.228,10000,0
948.HK,D,20250228,000000,0.228,0.228,0.228,0.228,0,0
948.HK,D,20250303,000000,0.221,0.228,0.221,0.224,60100,0
948.HK,D,20250304,000000,0.224,0.224,0.224,0.224,0,0
948.HK,D,20250305,000000,0.224,0.224,0.224,0.224,0,0
948.HK,D,20250306,000000,0.226,0.226,0.226,0.226,0,0
948.HK,D,20250307,000000,0.226,0.226,0.226,0.226,0,0
948.HK,D,20250310,000000,0.226,0.226,0.226,0.226,0,0
948.HK,D,20250311,000000,0.226,0.226,0.226,0.226,0,0
948.HK,D,20250312,000000,0.226,0.226,0.226,0.226,0,0
948.HK,D,20250313,000000,0.25,0.25,0.226,0.226,16000,0
948.HK,D,20250314,000000,0.226,0.226,0.226,0.226,0,0
948.HK,D,20250317,000000,0.215,0.22,0.215,0.22,5000,0
948.HK,D,20250318,000000,0.22,0.22,0.22,0.22,0,0
948.HK,D,20250319,000000,0.21,0.216,0.21,0.216,3250,0
948.HK,D,20250320,000000,0.216,0.216,0.216,0.216,0,0
948.HK,D,20250321,000000,0.216,0.216,0.216,0.216,22850,0
948.HK,D,20250324,000000,0.216,0.216,0.216,0.216,0,0
948.HK,D,20250325,000000,0.22,0.22,0.22,0.22,10000,0
948.HK,D,20250326,000000,0.216,0.217,0.216,0.217,2500,0
948.HK,D,20250327,000000,0.217,0.217,0.217,0.217,0,0
948.HK,D,20250328,000000,0.207,0.216,0.207,0.216,2800,0
948.HK,D,20250331,000000,0.216,0.23,0.215,0.23,50000,0
948.HK,D,20250401,000000,0.23,0.23,0.23,0.23,0,0
948.HK,D,20250402,000000,0.23,0.23,0.23,0.23,0,0
948.HK,D,20250403,000000,0.23,0.23,0.23,0.23,0,0
948.HK,D,20250407,000000,0.202,0.202,0.2,0.2,62000,0
948.HK,D,20250408,000000,0.2,0.2,0.2,0.2,0,0
948.HK,D,20250409,000000,0.219,0.22,0.219,0.22,64000,0
948.HK,D,20250410,000000,0.233,0.233,0.233,0.233,16000,0
948.HK,D,20250411,000000,0.233,0.233,0.233,0.233,0,0
948.HK,D,20250414,000000,0.233,0.233,0.233,0.233,0,0
948.HK,D,20250415,000000,0.233,0.26,0.233,0.233,2000,0
948.HK,D,20250416,000000,0.233,0.233,0.233,0.233,0,0
948.HK,D,20250417,000000,0.233,0.233,0.233,0.233,0,0
