<TICKER>,<PER>,<DATE>,<TIME>,<OPEN>,<HIGH>,<LOW>,<CLOSE>,<VOL>,<OPENINT>
9829.HK,D,20211021,000000,7.74002,7.74002,7.74002,7.74002,0,0
9829.HK,D,20211022,000000,7.74002,7.74002,7.74002,7.74002,0,0
9829.HK,D,20211025,000000,7.74002,7.74002,7.74002,7.74002,0,0
9829.HK,D,20211026,000000,7.74002,7.74002,7.74002,7.74002,0,0
9829.HK,D,20211027,000000,7.74002,7.74002,7.74002,7.74002,0,0
9829.HK,D,20211028,000000,7.74002,7.74002,7.74002,7.74002,0,0
9829.HK,D,20211029,000000,7.74002,7.74002,7.74002,7.74002,0,0
9829.HK,D,20211101,000000,7.74002,7.74002,7.74002,7.74002,0,0
9829.HK,D,20211102,000000,7.74002,7.74002,7.74002,7.74002,0,0
9829.HK,D,20211103,000000,7.74002,7.74002,7.74002,7.74002,0,0
9829.HK,D,20211104,000000,7.74002,7.74002,7.74002,7.74002,0,0
9829.HK,D,20211105,000000,7.75972,7.75972,7.75972,7.75972,0,0
9829.HK,D,20211108,000000,7.76464,7.76464,7.76464,7.76464,0,0
9829.HK,D,20211109,000000,7.77449,7.77449,7.77449,7.77449,0,0
9829.HK,D,20211110,000000,7.77449,7.77449,7.77449,7.77449,0,0
9829.HK,D,20211111,000000,7.77449,7.77449,7.77449,7.77449,0,0
9829.HK,D,20211112,000000,7.77449,7.77449,7.77449,7.77449,0,0
9829.HK,D,20211115,000000,7.78926,7.78926,7.78926,7.78926,0,0
9829.HK,D,20211116,000000,7.79911,7.79911,7.79911,7.79911,0,0
9829.HK,D,20211117,000000,7.79911,7.79911,7.79911,7.79911,0,0
9829.HK,D,20211118,000000,7.79911,7.79911,7.79911,7.79911,0,0
9829.HK,D,20211119,000000,7.79911,7.79911,7.79911,7.79911,0,0
9829.HK,D,20211122,000000,7.79911,7.79911,7.79911,7.79911,0,0
9829.HK,D,20211123,000000,7.79911,7.79911,7.79911,7.79911,0,0
9829.HK,D,20211124,000000,7.79911,7.79911,7.79911,7.79911,0,0
9829.HK,D,20211125,000000,7.79911,7.79911,7.79911,7.79911,0,0
9829.HK,D,20211126,000000,7.80403,7.80403,7.80403,7.80403,0,0
9829.HK,D,20211129,000000,7.80403,7.80403,7.80403,7.80403,0,0
9829.HK,D,20211130,000000,7.8188,7.8188,7.8188,7.8188,0,0
9829.HK,D,20211201,000000,7.8188,7.8188,7.8188,7.8188,0,0
9829.HK,D,20211202,000000,7.8188,7.8188,7.8188,7.8188,0,0
9829.HK,D,20211203,000000,7.8188,7.8188,7.8188,7.8188,0,0
9829.HK,D,20211206,000000,7.82865,7.82865,7.82865,7.82865,0,0
9829.HK,D,20211207,000000,7.82865,7.82865,7.82865,7.82865,0,0
9829.HK,D,20211208,000000,7.83357,7.83357,7.83357,7.83357,0,0
9829.HK,D,20211209,000000,7.85819,7.85819,7.85819,7.85819,0,0
9829.HK,D,20211210,000000,7.85819,7.85819,7.85819,7.85819,0,0
9829.HK,D,20211213,000000,7.85819,7.85819,7.85819,7.85819,0,0
9829.HK,D,20211214,000000,7.85327,7.85327,7.85327,7.85327,0,0
9829.HK,D,20211215,000000,7.85327,7.85327,7.85327,7.85327,0,0
9829.HK,D,20211216,000000,7.84342,7.84342,7.84342,7.84342,0,0
9829.HK,D,20211217,000000,7.8385,7.8385,7.8385,7.8385,0,0
9829.HK,D,20211220,000000,7.83357,7.83357,7.83357,7.83357,0,0
9829.HK,D,20211221,000000,7.83357,7.83357,7.83357,7.83357,0,0
9829.HK,D,20211222,000000,7.83357,7.83357,7.83357,7.83357,0,0
9829.HK,D,20211223,000000,7.85819,7.85819,7.85819,7.85819,1015.5007643,0
9829.HK,D,20211224,000000,7.85819,7.85819,7.85819,7.85819,0,0
9829.HK,D,20211228,000000,7.85819,7.85819,7.85819,7.85819,0,0
9829.HK,D,20211229,000000,7.92712,7.92712,7.88773,7.88773,639.765481509,0
9829.HK,D,20211230,000000,7.88773,7.88773,7.88773,7.88773,0,0
9829.HK,D,20211231,000000,7.88773,7.88773,7.88773,7.88773,0,0
9829.HK,D,20220103,000000,7.88773,7.88773,7.88773,7.88773,0,0
9829.HK,D,20220104,000000,7.88281,7.88281,7.88281,7.88281,0,0
9829.HK,D,20220105,000000,7.85819,7.85819,7.85819,7.85819,1015.5007643,0
9829.HK,D,20220106,000000,7.85819,7.85819,7.85819,7.85819,0,0
9829.HK,D,20220107,000000,7.85819,7.85819,7.85819,7.85819,0,0
9829.HK,D,20220110,000000,7.85819,7.85819,7.85819,7.85819,0,0
9829.HK,D,20220111,000000,7.85819,7.85819,7.85819,7.85819,0,0
9829.HK,D,20220112,000000,7.86804,7.86804,7.86804,7.86804,0,0
9829.HK,D,20220113,000000,7.88281,7.88281,7.88281,7.88281,0,0
9829.HK,D,20220114,000000,7.90743,7.90743,7.90743,7.90743,0,0
9829.HK,D,20220117,000000,7.91235,7.91235,7.91235,7.91235,0,0
9829.HK,D,20220118,000000,7.92712,7.92712,7.92712,7.92712,0,0
9829.HK,D,20220119,000000,7.94189,7.94189,7.94189,7.94189,0,0
9829.HK,D,20220120,000000,7.94189,7.94189,7.94189,7.94189,0,0
9829.HK,D,20220121,000000,7.96159,7.96159,7.96159,7.96159,0,0
9829.HK,D,20220124,000000,7.98128,7.98128,7.98128,7.98128,0,0
9829.HK,D,20220125,000000,7.99113,7.99113,7.99113,7.99113,0,0
9829.HK,D,20220126,000000,7.99113,7.99113,7.99113,7.99113,0,0
9829.HK,D,20220127,000000,7.97144,7.97144,7.97144,7.97144,0,0
9829.HK,D,20220128,000000,7.97144,7.97144,7.97144,7.97144,0,0
9829.HK,D,20220131,000000,7.97144,7.97144,7.97144,7.97144,0,0
9829.HK,D,20220204,000000,7.97144,7.97144,7.97144,7.97144,0,0
9829.HK,D,20220207,000000,7.97144,7.97144,7.97144,7.97144,0,0
9829.HK,D,20220208,000000,7.95667,7.95667,7.95667,7.95667,0,0
9829.HK,D,20220209,000000,7.95667,7.95667,7.95667,7.95667,0,0
9829.HK,D,20220210,000000,7.95667,7.95667,7.95667,7.95667,0,0
9829.HK,D,20220211,000000,7.94682,7.94682,7.94682,7.94682,30.465022929,0
9829.HK,D,20220214,000000,7.94189,7.94189,7.94189,7.94189,0,0
9829.HK,D,20220215,000000,7.94189,7.94189,7.94189,7.94189,0,0
9829.HK,D,20220216,000000,7.95667,7.95667,7.95667,7.95667,0,0
9829.HK,D,20220217,000000,7.96651,7.96651,7.96651,7.96651,0,0
9829.HK,D,20220218,000000,7.97144,7.97144,7.97144,7.97144,0,0
9829.HK,D,20220221,000000,7.97144,7.97144,7.97144,7.97144,0,0
9829.HK,D,20220222,000000,7.96651,7.96651,7.95667,7.95667,304.65022929,0
9829.HK,D,20220223,000000,7.96159,7.96159,7.96159,7.96159,0,0
9829.HK,D,20220224,000000,7.97144,7.97144,7.97144,7.97144,0,0
9829.HK,D,20220225,000000,7.97636,7.97636,7.97636,7.97636,0,0
9829.HK,D,20220228,000000,7.98621,7.98621,7.98621,7.98621,0,0
9829.HK,D,20220301,000000,7.98621,7.98621,7.98621,7.98621,0,0
9829.HK,D,20220302,000000,7.98621,7.98621,7.98621,7.98621,0,0
9829.HK,D,20220303,000000,7.98621,7.98621,7.98621,7.98621,0,0
9829.HK,D,20220304,000000,7.98621,7.98621,7.98621,7.98621,0,0
9829.HK,D,20220307,000000,7.97636,7.97636,7.97636,7.97636,1015.5007643,0
9829.HK,D,20220308,000000,7.97636,7.97636,7.97636,7.97636,0,0
9829.HK,D,20220309,000000,7.97636,7.97636,7.97636,7.97636,0,0
9829.HK,D,20220310,000000,7.97636,7.97636,7.97636,7.97636,0,0
9829.HK,D,20220311,000000,7.97636,7.97636,7.97636,7.97636,0,0
9829.HK,D,20220314,000000,7.95667,7.95667,7.95667,7.95667,0,0
9829.HK,D,20220315,000000,7.89758,7.89758,7.89758,7.89758,0,0
9829.HK,D,20220316,000000,7.89758,7.89758,7.89758,7.89758,0,0
9829.HK,D,20220317,000000,7.9222,7.9222,7.9222,7.9222,0,0
9829.HK,D,20220318,000000,7.92712,7.92712,7.92712,7.92712,0,0
9829.HK,D,20220321,000000,7.92712,7.92712,7.92712,7.92712,0,0
9829.HK,D,20220322,000000,7.91728,7.91728,7.91728,7.91728,0,0
9829.HK,D,20220323,000000,7.91235,7.91235,7.91235,7.91235,0,0
9829.HK,D,20220324,000000,7.91235,7.91235,7.91235,7.91235,0,0
9829.HK,D,20220325,000000,7.91235,7.91235,7.91235,7.91235,0,0
9829.HK,D,20220328,000000,7.91235,7.91235,7.91235,7.91235,0,0
9829.HK,D,20220329,000000,7.91235,7.91235,7.91235,7.91235,0,0
9829.HK,D,20220330,000000,7.93697,7.93697,7.93697,7.93697,0,0
9829.HK,D,20220331,000000,7.96159,7.96159,7.96159,7.96159,3046.5022929,0
9829.HK,D,20220401,000000,7.96159,7.96159,7.96159,7.96159,0,0
9829.HK,D,20220404,000000,7.96159,7.96159,7.96159,7.96159,0,0
9829.HK,D,20220406,000000,7.96159,7.96159,7.96159,7.96159,0,0
9829.HK,D,20220407,000000,7.96159,7.96159,7.96159,7.96159,0,0
9829.HK,D,20220408,000000,7.96651,7.96651,7.96651,7.96651,0,0
9829.HK,D,20220411,000000,7.96651,7.96651,7.96651,7.96651,0,0
9829.HK,D,20220412,000000,7.96651,7.96651,7.96651,7.96651,0,0
9829.HK,D,20220413,000000,7.96651,7.96651,7.96651,7.96651,0,0
9829.HK,D,20220414,000000,7.96651,7.96651,7.96651,7.96651,0,0
9829.HK,D,20220419,000000,7.96651,7.96651,7.96651,7.96651,0,0
9829.HK,D,20220420,000000,7.88281,7.88281,7.88281,7.88281,0,0
9829.HK,D,20220421,000000,7.84834,7.84834,7.84834,7.84834,0,0
9829.HK,D,20220422,000000,7.8188,7.8188,7.8188,7.8188,0,0
9829.HK,D,20220425,000000,7.72525,7.72525,7.72525,7.72525,0,0
9829.HK,D,20220426,000000,7.72525,7.72525,7.72525,7.72525,0,0
9829.HK,D,20220427,000000,7.71048,7.71048,7.71048,7.71048,0,0
9829.HK,D,20220428,000000,7.66124,7.66124,7.66124,7.66124,0,0
9829.HK,D,20220429,000000,7.66124,7.66124,7.66124,7.66124,0,0
9829.HK,D,20220503,000000,7.60216,7.60216,7.60216,7.60216,0,0
9829.HK,D,20220504,000000,7.60708,7.60708,7.60708,7.60708,0,0
9829.HK,D,20220505,000000,7.61693,7.61693,7.61693,7.61693,0,0
9829.HK,D,20220506,000000,7.57754,7.57754,7.57754,7.57754,0,0
9829.HK,D,20220510,000000,7.56277,7.56277,7.56277,7.56277,0,0
9829.HK,D,20220511,000000,7.49384,7.50369,7.49384,7.50369,304.65022929,0
9829.HK,D,20220512,000000,7.48399,7.48399,7.48399,7.48399,0,0
9829.HK,D,20220513,000000,7.48399,7.48399,7.48399,7.48399,0,0
9829.HK,D,20220516,000000,7.47907,7.47907,7.47907,7.47907,0,0
9829.HK,D,20220517,000000,7.50369,7.50369,7.50369,7.50369,0,0
9829.HK,D,20220518,000000,7.50861,7.50861,7.50861,7.50861,0,0
9829.HK,D,20220519,000000,7.50861,7.50861,7.50861,7.50861,0,0
9829.HK,D,20220520,000000,7.59724,7.59724,7.59724,7.59724,0,0
9829.HK,D,20220523,000000,7.61201,7.61201,7.61201,7.61201,0,0
9829.HK,D,20220524,000000,7.61693,7.61693,7.61693,7.61693,0,0
9829.HK,D,20220525,000000,7.61693,7.61693,7.61693,7.61693,0,0
9829.HK,D,20220526,000000,7.58247,7.58247,7.58247,7.58247,0,0
9829.HK,D,20220527,000000,7.57262,7.57262,7.57262,7.57262,1015.5007643,0
9829.HK,D,20220530,000000,7.6317,7.6317,7.6317,7.6317,0,0
9829.HK,D,20220531,000000,7.6317,7.6317,7.6317,7.6317,0,0
9829.HK,D,20220601,000000,7.60216,7.60216,7.60216,7.60216,10155.007643,0
9829.HK,D,20220602,000000,7.60708,7.60708,7.60708,7.60708,0,0
9829.HK,D,20220606,000000,7.63663,7.63663,7.63663,7.63663,0,0
9829.HK,D,20220607,000000,7.63663,7.63663,7.63663,7.63663,0,0
9829.HK,D,20220608,000000,7.63663,7.63663,7.63663,7.63663,0,0
9829.HK,D,20220609,000000,7.63663,7.63663,7.63663,7.63663,0,0
9829.HK,D,20220610,000000,7.62678,7.62678,7.62678,7.62678,0,0
9829.HK,D,20220613,000000,7.56769,7.56769,7.56769,7.56769,0,0
9829.HK,D,20220614,000000,7.56769,7.56769,7.56769,7.56769,0,0
9829.HK,D,20220615,000000,7.53323,7.53815,7.53323,7.53815,72608.30464745,0
9829.HK,D,20220616,000000,7.56277,7.56277,7.56277,7.56277,0,0
9829.HK,D,20220617,000000,7.57754,7.57754,7.57754,7.57754,0,0
9829.HK,D,20220620,000000,7.58739,7.58739,7.58739,7.58739,0,0
9829.HK,D,20220621,000000,7.59724,7.59724,7.59724,7.59724,0,0
9829.HK,D,20220622,000000,7.59724,7.59724,7.59724,7.59724,0,0
9829.HK,D,20220623,000000,7.59724,7.59724,7.59724,7.59724,0,0
9829.HK,D,20220624,000000,7.597,7.597,7.597,7.597,0,0
9829.HK,D,20220627,000000,7.597,7.597,7.597,7.597,0,0
9829.HK,D,20220628,000000,7.597,7.597,7.597,7.597,0,0
9829.HK,D,20220629,000000,7.597,7.597,7.597,7.597,0,0
9829.HK,D,20220630,000000,7.597,7.597,7.597,7.597,0,0
9829.HK,D,20220704,000000,7.597,7.597,7.597,7.597,0,0
9829.HK,D,20220705,000000,7.597,7.597,7.597,7.597,0,0
9829.HK,D,20220706,000000,7.597,7.597,7.597,7.597,0,0
9829.HK,D,20220707,000000,7.597,7.597,7.597,7.597,0,0
9829.HK,D,20220708,000000,7.597,7.597,7.597,7.597,0,0
9829.HK,D,20220711,000000,7.597,7.597,7.597,7.597,0,0
9829.HK,D,20220712,000000,7.57,7.57,7.57,7.57,0,0
9829.HK,D,20220713,000000,7.57,7.57,7.57,7.57,0,0
9829.HK,D,20220714,000000,7.57,7.57,7.57,7.57,0,0
9829.HK,D,20220715,000000,7.565,7.565,7.565,7.565,0,0
9829.HK,D,20220718,000000,7.565,7.565,7.565,7.565,0,0
9829.HK,D,20220719,000000,7.565,7.565,7.565,7.565,0,0
9829.HK,D,20220720,000000,7.565,7.565,7.565,7.565,0,0
9829.HK,D,20220721,000000,7.565,7.565,7.565,7.565,0,0
9829.HK,D,20220722,000000,7.565,7.565,7.565,7.565,0,0
9829.HK,D,20220725,000000,7.565,7.565,7.565,7.565,0,0
9829.HK,D,20220726,000000,7.565,7.565,7.565,7.565,0,0
9829.HK,D,20220727,000000,7.565,7.565,7.565,7.565,0,0
9829.HK,D,20220728,000000,7.565,7.565,7.565,7.565,0,0
9829.HK,D,20220729,000000,7.6,7.6,7.6,7.6,0,0
9829.HK,D,20220801,000000,7.6,7.6,7.6,7.6,0,0
9829.HK,D,20220802,000000,7.6,7.6,7.6,7.6,0,0
9829.HK,D,20220803,000000,7.6,7.6,7.6,7.6,0,0
9829.HK,D,20220804,000000,7.6,7.6,7.6,7.6,0,0
9829.HK,D,20220805,000000,7.6,7.6,7.6,7.6,0,0
9829.HK,D,20220808,000000,7.6,7.6,7.6,7.6,0,0
9829.HK,D,20220809,000000,7.6,7.6,7.6,7.6,0,0
9829.HK,D,20220810,000000,7.6,7.6,7.6,7.6,0,0
9829.HK,D,20220811,000000,7.615,7.615,7.615,7.615,0,0
9829.HK,D,20220812,000000,7.615,7.615,7.615,7.615,0,0
9829.HK,D,20220815,000000,7.615,7.615,7.615,7.615,0,0
9829.HK,D,20220816,000000,7.605,7.605,7.605,7.605,0,0
9829.HK,D,20220817,000000,7.605,7.605,7.605,7.605,0,0
9829.HK,D,20220818,000000,7.605,7.605,7.605,7.605,0,0
9829.HK,D,20220819,000000,7.605,7.605,7.605,7.605,0,0
9829.HK,D,20220822,000000,7.57,7.57,7.57,7.57,0,0
9829.HK,D,20220823,000000,7.535,7.535,7.535,7.535,0,0
9829.HK,D,20220824,000000,7.535,7.535,7.535,7.535,0,0
9829.HK,D,20220825,000000,7.535,7.535,7.535,7.535,0,0
9829.HK,D,20220826,000000,7.535,7.535,7.535,7.535,0,0
9829.HK,D,20220829,000000,7.48,7.48,7.48,7.48,0,0
9829.HK,D,20220830,000000,7.48,7.48,7.48,7.48,0,0
9829.HK,D,20220831,000000,7.48,7.48,7.48,7.48,0,0
9829.HK,D,20220901,000000,7.48,7.48,7.48,7.48,0,0
9829.HK,D,20220902,000000,7.48,7.48,7.48,7.48,0,0
9829.HK,D,20220905,000000,7.48,7.48,7.48,7.48,0,0
9829.HK,D,20220906,000000,7.48,7.48,7.48,7.48,0,0
9829.HK,D,20220907,000000,7.45,7.45,7.45,7.45,0,0
9829.HK,D,20220908,000000,7.45,7.45,7.45,7.45,0,0
9829.HK,D,20220909,000000,7.46,7.46,7.46,7.46,0,0
9829.HK,D,20220913,000000,7.465,7.465,7.465,7.465,0,0
9829.HK,D,20220914,000000,7.455,7.455,7.455,7.455,0,0
9829.HK,D,20220915,000000,7.44,7.44,7.44,7.44,0,0
9829.HK,D,20220916,000000,7.385,7.385,7.385,7.385,0,0
9829.HK,D,20220919,000000,7.385,7.385,7.385,7.385,0,0
9829.HK,D,20220920,000000,7.385,7.385,7.385,7.385,0,0
9829.HK,D,20220921,000000,7.365,7.365,7.365,7.365,0,0
9829.HK,D,20220922,000000,7.32,7.32,7.32,7.32,0,0
9829.HK,D,20220923,000000,7.295,7.295,7.295,7.295,0,0
9829.HK,D,20220926,000000,7.235,7.235,7.235,7.235,0,0
9829.HK,D,20220927,000000,7.235,7.235,7.235,7.235,0,0
9829.HK,D,20220928,000000,7.15,7.15,7.15,7.15,0,0
9829.HK,D,20220929,000000,7.15,7.15,7.15,7.15,0,0
9829.HK,D,20220930,000000,7.26,7.26,7.26,7.26,0,0
9829.HK,D,20221003,000000,7.24,7.24,7.24,7.24,0,0
9829.HK,D,20221005,000000,7.315,7.315,7.315,7.315,0,0
9829.HK,D,20221006,000000,7.315,7.315,7.315,7.315,0,0
9829.HK,D,20221007,000000,7.28,7.28,7.28,7.28,0,0
9829.HK,D,20221010,000000,7.265,7.265,7.265,7.265,0,0
9829.HK,D,20221011,000000,7.215,7.215,7.215,7.215,0,0
9829.HK,D,20221012,000000,7.215,7.215,7.215,7.215,0,0
9829.HK,D,20221013,000000,7.21,7.21,7.21,7.21,0,0
9829.HK,D,20221014,000000,7.21,7.21,7.21,7.21,0,0
9829.HK,D,20221017,000000,7.2,7.2,7.2,7.2,0,0
9829.HK,D,20221018,000000,7.2,7.2,7.2,7.2,0,0
9829.HK,D,20221019,000000,7.18,7.18,7.18,7.18,0,0
9829.HK,D,20221020,000000,7.16,7.16,7.16,7.16,0,0
9829.HK,D,20221021,000000,7.145,7.145,7.145,7.145,0,0
9829.HK,D,20221024,000000,7.13,7.13,7.13,7.13,0,0
9829.HK,D,20221025,000000,7.085,7.085,7.085,7.085,0,0
9829.HK,D,20221026,000000,7.145,7.145,7.145,7.145,0,0
9829.HK,D,20221027,000000,7.16,7.16,7.16,7.16,0,0
9829.HK,D,20221028,000000,7.16,7.16,7.16,7.16,0,0
9829.HK,D,20221031,000000,7.13,7.13,7.13,7.13,0,0
9829.HK,D,20221101,000000,7.13,7.13,7.13,7.13,0,0
9829.HK,D,20221102,000000,7.13,7.13,7.13,7.13,0,0
9829.HK,D,20221103,000000,7.09,7.09,7.09,7.09,0,0
9829.HK,D,20221104,000000,7.1,7.1,7.1,7.1,0,0
9829.HK,D,20221107,000000,7.135,7.135,7.135,7.135,0,0
9829.HK,D,20221108,000000,7.135,7.135,7.135,7.135,0,0
9829.HK,D,20221109,000000,7.135,7.135,7.135,7.135,0,0
9829.HK,D,20221110,000000,7.135,7.135,7.135,7.135,0,0
9829.HK,D,20221111,000000,7.255,7.255,7.255,7.255,0,0
9829.HK,D,20221114,000000,7.305,7.305,7.305,7.305,0,0
9829.HK,D,20221115,000000,7.32,7.32,7.32,7.32,0,0
9829.HK,D,20221116,000000,7.295,7.295,7.295,7.295,0,0
9829.HK,D,20221117,000000,7.26,7.26,7.26,7.26,0,0
9829.HK,D,20221118,000000,7.255,7.255,7.255,7.255,0,0
9829.HK,D,20221121,000000,7.245,7.245,7.245,7.245,0,0
9829.HK,D,20221122,000000,7.22,7.22,7.22,7.22,0,0
9829.HK,D,20221123,000000,7.22,7.22,7.22,7.22,0,0
9829.HK,D,20221124,000000,7.22,7.22,7.22,7.22,0,0
9829.HK,D,20221125,000000,7.22,7.22,7.22,7.22,0,0
9829.HK,D,20221128,000000,7.175,7.175,7.175,7.175,0,0
9829.HK,D,20221129,000000,7.175,7.175,7.175,7.175,0,0
9829.HK,D,20221130,000000,7.19,7.19,7.19,7.19,0,0
9829.HK,D,20221201,000000,7.27,7.27,7.27,7.27,0,0
9829.HK,D,20221202,000000,7.315,7.315,7.315,7.315,0,0
9829.HK,D,20221205,000000,7.385,7.385,7.385,7.385,0,0
9829.HK,D,20221206,000000,7.38,7.38,7.38,7.38,0,0
9829.HK,D,20221207,000000,7.38,7.38,7.38,7.38,0,0
9829.HK,D,20221208,000000,7.38,7.38,7.38,7.38,0,0
9829.HK,D,20221209,000000,7.395,7.395,7.395,7.395,0,0
9829.HK,D,20221212,000000,7.395,7.395,7.395,7.395,0,0
9829.HK,D,20221213,000000,7.39,7.39,7.39,7.39,0,0
9829.HK,D,20221214,000000,7.4,7.4,7.4,7.4,0,0
9829.HK,D,20221215,000000,7.4,7.4,7.4,7.4,0,0
9829.HK,D,20221216,000000,7.3,7.3,7.3,7.3,2000,0
9829.HK,D,20221219,000000,7.3,7.3,7.3,7.3,0,0
9829.HK,D,20221220,000000,7.3,7.3,7.3,7.3,0,0
9829.HK,D,20221221,000000,7.3,7.3,7.3,7.3,0,0
9829.HK,D,20221222,000000,7.3,7.3,7.3,7.3,0,0
9829.HK,D,20221223,000000,7.3,7.3,7.3,7.3,0,0
9829.HK,D,20221228,000000,7.3,7.3,7.3,7.3,0,0
9829.HK,D,20221229,000000,7.3,7.3,7.3,7.3,0,0
9829.HK,D,20221230,000000,7.31,7.31,7.31,7.31,0,0
9829.HK,D,20230103,000000,7.395,7.395,7.395,7.395,0,0
9829.HK,D,20230104,000000,7.41,7.41,7.41,7.41,0,0
9829.HK,D,20230105,000000,7.41,7.41,7.41,7.41,0,0
9829.HK,D,20230106,000000,7.42,7.42,7.42,7.42,0,0
9829.HK,D,20230109,000000,7.51,7.51,7.51,7.51,0,0
9829.HK,D,20230110,000000,7.51,7.51,7.51,7.51,0,0
9829.HK,D,20230111,000000,7.51,7.51,7.51,7.51,0,0
9829.HK,D,20230112,000000,7.53,7.53,7.53,7.53,0,0
9829.HK,D,20230113,000000,7.56,7.56,7.56,7.56,0,0
9829.HK,D,20230116,000000,7.57,7.57,7.57,7.57,0,0
9829.HK,D,20230117,000000,7.545,7.545,7.545,7.545,0,0
9829.HK,D,20230118,000000,7.545,7.545,7.545,7.545,0,0
9829.HK,D,20230119,000000,7.545,7.545,7.545,7.545,0,0
9829.HK,D,20230120,000000,7.545,7.545,7.545,7.545,0,0
9829.HK,D,20230126,000000,7.545,7.545,7.545,7.545,0,0
9829.HK,D,20230127,000000,7.545,7.545,7.545,7.545,0,0
9829.HK,D,20230130,000000,7.55,7.55,7.55,7.55,0,0
9829.HK,D,20230131,000000,7.565,7.565,7.565,7.565,0,0
9829.HK,D,20230201,000000,7.565,7.565,7.565,7.565,0,0
9829.HK,D,20230202,000000,7.585,7.585,7.585,7.585,0,0
9829.HK,D,20230203,000000,7.585,7.585,7.585,7.585,0,0
9829.HK,D,20230206,000000,7.55,7.55,7.55,7.55,0,0
9829.HK,D,20230207,000000,7.545,7.545,7.545,7.545,0,0
9829.HK,D,20230208,000000,7.545,7.545,7.545,7.545,0,0
9829.HK,D,20230209,000000,7.545,7.545,7.545,7.545,0,0
9829.HK,D,20230210,000000,7.525,7.525,7.525,7.525,0,0
9829.HK,D,20230213,000000,7.5,7.5,7.5,7.5,0,0
9829.HK,D,20230214,000000,7.5,7.5,7.5,7.5,0,0
9829.HK,D,20230215,000000,7.485,7.485,7.485,7.485,0,0
9829.HK,D,20230216,000000,7.475,7.475,7.475,7.475,0,0
9829.HK,D,20230217,000000,7.45,7.45,7.45,7.45,0,0
9829.HK,D,20230220,000000,7.45,7.45,7.45,7.45,0,0
9829.HK,D,20230221,000000,7.45,7.45,7.45,7.45,0,0
9829.HK,D,20230222,000000,7.435,7.435,7.435,7.435,0,0
9829.HK,D,20230223,000000,7.435,7.435,7.435,7.435,0,0
9829.HK,D,20230224,000000,7.385,7.385,7.385,7.385,0,0
9829.HK,D,20230227,000000,7.345,7.345,7.345,7.345,0,0
9829.HK,D,20230228,000000,7.345,7.345,7.345,7.345,0,0
9829.HK,D,20230301,000000,7.39,7.39,7.39,7.39,0,0
9829.HK,D,20230302,000000,7.39,7.39,7.39,7.39,0,0
9829.HK,D,20230303,000000,7.39,7.39,7.39,7.39,0,0
9829.HK,D,20230306,000000,7.39,7.39,7.39,7.39,0,0
9829.HK,D,20230307,000000,7.39,7.39,7.39,7.39,0,0
9829.HK,D,20230308,000000,7.35,7.35,7.35,7.35,0,0
9829.HK,D,20230309,000000,7.35,7.35,7.35,7.35,0,0
9829.HK,D,20230310,000000,7.35,7.35,7.35,7.35,0,0
9829.HK,D,20230313,000000,7.4,7.4,7.4,7.4,0,0
9829.HK,D,20230314,000000,7.44,7.44,7.44,7.44,0,0
9829.HK,D,20230315,000000,7.44,7.44,7.44,7.44,0,0
9829.HK,D,20230316,000000,7.44,7.44,7.44,7.44,0,0
9829.HK,D,20230317,000000,7.455,7.455,7.455,7.455,0,0
9829.HK,D,20230320,000000,7.455,7.455,7.455,7.455,0,0
9829.HK,D,20230321,000000,7.455,7.455,7.455,7.455,0,0
9829.HK,D,20230322,000000,7.455,7.455,7.455,7.455,0,0
9829.HK,D,20230323,000000,7.48,7.52,7.48,7.52,630,0
9829.HK,D,20230324,000000,7.51,7.51,7.51,7.51,0,0
9829.HK,D,20230327,000000,7.475,7.475,7.475,7.475,0,0
9829.HK,D,20230328,000000,7.475,7.475,7.475,7.475,0,0
9829.HK,D,20230329,000000,7.475,7.475,7.475,7.475,0,0
9829.HK,D,20230330,000000,7.465,7.465,7.465,7.465,30,0
9829.HK,D,20230331,000000,7.465,7.465,7.465,7.465,0,0
9829.HK,D,20230403,000000,7.465,7.465,7.465,7.465,0,0
9829.HK,D,20230404,000000,7.465,7.465,7.465,7.465,0,0
9829.HK,D,20230406,000000,7.465,7.465,7.465,7.465,0,0
9829.HK,D,20230411,000000,7.465,7.465,7.465,7.465,0,0
9829.HK,D,20230412,000000,7.48,7.48,7.48,7.48,0,0
9829.HK,D,20230413,000000,7.48,7.48,7.48,7.48,0,0
9829.HK,D,20230414,000000,7.51,7.51,7.51,7.51,0,0
9829.HK,D,20230417,000000,7.5,7.5,7.5,7.5,0,0
9829.HK,D,20230418,000000,7.49,7.49,7.49,7.49,0,0
9829.HK,D,20230419,000000,7.465,7.465,7.465,7.465,0,0
9829.HK,D,20230420,000000,7.47,7.47,7.47,7.47,0,0
9829.HK,D,20230421,000000,7.47,7.47,7.47,7.47,0,0
9829.HK,D,20230424,000000,7.47,7.47,7.47,7.47,0,0
9829.HK,D,20230425,000000,7.46,7.46,7.46,7.46,0,0
9829.HK,D,20230426,000000,7.455,7.455,7.455,7.455,0,0
9829.HK,D,20230427,000000,7.455,7.455,7.455,7.455,0,0
9829.HK,D,20230428,000000,7.455,7.455,7.455,7.455,0,0
9829.HK,D,20230502,000000,7.445,7.445,7.445,7.445,0,0
9829.HK,D,20230503,000000,7.465,7.465,7.465,7.465,0,0
9829.HK,D,20230504,000000,7.47,7.47,7.47,7.47,0,0
9829.HK,D,20230505,000000,7.485,7.485,7.485,7.485,0,0
9829.HK,D,20230508,000000,7.485,7.485,7.485,7.485,0,0
9829.HK,D,20230509,000000,7.485,7.485,7.485,7.485,0,0
9829.HK,D,20230510,000000,7.485,7.485,7.485,7.485,0,0
9829.HK,D,20230511,000000,7.48,7.48,7.48,7.48,0,0
9829.HK,D,20230512,000000,7.465,7.465,7.465,7.465,0,0
9829.HK,D,20230515,000000,7.46,7.46,7.46,7.46,0,0
9829.HK,D,20230516,000000,7.44,7.44,7.44,7.44,0,0
9829.HK,D,20230517,000000,7.395,7.395,7.395,7.395,0,0
9829.HK,D,20230518,000000,7.375,7.375,7.375,7.375,0,0
9829.HK,D,20230519,000000,7.375,7.375,7.375,7.375,0,0
9829.HK,D,20230522,000000,7.375,7.375,7.375,7.375,0,0
9829.HK,D,20230523,000000,7.37,7.37,7.37,7.37,0,0
9829.HK,D,20230524,000000,7.37,7.37,7.37,7.37,0,0
9829.HK,D,20230525,000000,7.345,7.345,7.345,7.345,0,0
9829.HK,D,20230529,000000,7.345,7.345,7.345,7.345,0,0
9829.HK,D,20230530,000000,7.33,7.33,7.33,7.33,0,0
9829.HK,D,20230531,000000,7.31,7.31,7.31,7.31,0,0
9829.HK,D,20230601,000000,7.305,7.305,7.305,7.305,0,0
9829.HK,D,20230602,000000,7.34,7.34,7.34,7.34,0,0
9829.HK,D,20230605,000000,7.31,7.31,7.31,7.31,0,0
9829.HK,D,20230606,000000,7.31,7.31,7.31,7.31,0,0
9829.HK,D,20230607,000000,7.31,7.31,7.31,7.31,0,0
9829.HK,D,20230608,000000,7.31,7.31,7.31,7.31,0,0
9829.HK,D,20230609,000000,7.31,7.31,7.31,7.31,0,0
9829.HK,D,20230612,000000,7.3,7.3,7.3,7.3,0,0
9829.HK,D,20230613,000000,7.3,7.3,7.3,7.3,0,0
9829.HK,D,20230614,000000,7.3,7.3,7.3,7.3,0,0
9829.HK,D,20230615,000000,7.295,7.295,7.295,7.295,12000,0
9829.HK,D,20230616,000000,7.31,7.31,7.31,7.31,0,0
9829.HK,D,20230619,000000,7.29,7.29,7.29,7.29,0,0
9829.HK,D,20230620,000000,7.265,7.265,7.265,7.265,0,0
9829.HK,D,20230621,000000,7.255,7.255,7.255,7.255,0,0
9829.HK,D,20230623,000000,7.24,7.24,7.24,7.24,0,0
9829.HK,D,20230626,000000,7.125,7.125,7.125,7.125,0,0
9829.HK,D,20230627,000000,7.155,7.155,7.155,7.155,2000,0
9829.HK,D,20230628,000000,7.125,7.125,7.125,7.125,0,0
9829.HK,D,20230629,000000,7.125,7.125,7.125,7.125,0,0
9829.HK,D,20230630,000000,7.11,7.11,7.11,7.11,0,0
9829.HK,D,20230703,000000,7.11,7.11,7.11,7.11,0,0
9829.HK,D,20230704,000000,7.15,7.15,7.15,7.15,2000,0
9829.HK,D,20230705,000000,7.13,7.13,7.13,7.13,0,0
9829.HK,D,20230706,000000,7.125,7.125,7.125,7.125,0,0
9829.HK,D,20230707,000000,7.125,7.125,7.125,7.125,0,0
9829.HK,D,20230710,000000,7.135,7.135,7.135,7.135,0,0
9829.HK,D,20230711,000000,7.175,7.175,7.175,7.175,0,0
9829.HK,D,20230712,000000,7.185,7.185,7.185,7.185,0,0
9829.HK,D,20230713,000000,7.215,7.215,7.215,7.215,0,0
9829.HK,D,20230714,000000,7.245,7.245,7.245,7.245,0,0
9829.HK,D,20230718,000000,7.215,7.215,7.215,7.215,10000,0
9829.HK,D,20230719,000000,7.175,7.175,7.175,7.175,0,0
9829.HK,D,20230720,000000,7.195,7.195,7.195,7.195,0,0
9829.HK,D,20230721,000000,7.215,7.215,7.215,7.215,0,0
9829.HK,D,20230724,000000,7.205,7.205,7.205,7.205,0,0
9829.HK,D,20230725,000000,7.25,7.25,7.25,7.25,0,0
9829.HK,D,20230726,000000,7.245,7.245,7.245,7.245,0,0
9829.HK,D,20230727,000000,7.265,7.265,7.265,7.265,24000,0
9829.HK,D,20230728,000000,7.24,7.24,7.24,7.24,0,0
9829.HK,D,20230731,000000,7.24,7.24,7.24,7.24,0,0
9829.HK,D,20230801,000000,7.235,7.235,7.235,7.235,0,0
9829.HK,D,20230802,000000,7.215,7.215,7.215,7.215,0,0
9829.HK,D,20230803,000000,7.215,7.215,7.215,7.215,0,0
9829.HK,D,20230804,000000,7.215,7.215,7.215,7.215,0,0
9829.HK,D,20230807,000000,7.215,7.215,7.215,7.215,0,0
9829.HK,D,20230808,000000,7.185,7.185,7.185,7.185,0,0
9829.HK,D,20230809,000000,7.19,7.19,7.19,7.19,0,0
9829.HK,D,20230810,000000,7.19,7.19,7.19,7.19,0,0
9829.HK,D,20230811,000000,7.165,7.165,7.165,7.165,0,0
9829.HK,D,20230814,000000,7.145,7.145,7.145,7.145,22000,0
9829.HK,D,20230815,000000,7.13,7.135,7.12,7.12,51500,0
9829.HK,D,20230816,000000,7.125,7.125,7.125,7.125,0,0
9829.HK,D,20230817,000000,7.11,7.11,7.11,7.11,0,0
9829.HK,D,20230818,000000,7.135,7.135,7.135,7.135,3500,0
9829.HK,D,20230821,000000,7.13,7.13,7.13,7.13,0,0
9829.HK,D,20230822,000000,7.15,7.15,7.15,7.15,0,0
9829.HK,D,20230823,000000,7.15,7.15,7.15,7.15,0,0
9829.HK,D,20230824,000000,7.165,7.165,7.165,7.165,0,0
9829.HK,D,20230825,000000,7.16,7.16,7.16,7.16,0,0
9829.HK,D,20230828,000000,7.15,7.15,7.15,7.15,0,0
9829.HK,D,20230829,000000,7.145,7.145,7.145,7.145,0,0
9829.HK,D,20230830,000000,7.145,7.145,7.145,7.145,0,0
9829.HK,D,20230831,000000,7.145,7.145,7.145,7.145,0,0
9829.HK,D,20230904,000000,7.15,7.15,7.15,7.15,0,0
9829.HK,D,20230905,000000,7.13,7.13,7.13,7.13,0,0
9829.HK,D,20230906,000000,7.11,7.11,7.11,7.11,0,0
9829.HK,D,20230907,000000,7.085,7.085,7.085,7.085,0,0
9829.HK,D,20230911,000000,7.105,7.105,7.105,7.105,0,0
9829.HK,D,20230912,000000,7.105,7.105,7.105,7.105,0,0
9829.HK,D,20230913,000000,7.12,7.12,7.12,7.12,0,0
9829.HK,D,20230914,000000,7.13,7.13,7.13,7.13,0,0
9829.HK,D,20230915,000000,7.14,7.14,7.14,7.14,0,0
9829.HK,D,20230918,000000,7.12,7.12,7.12,7.12,0,0
9829.HK,D,20230919,000000,7.115,7.115,7.115,7.115,0,0
9829.HK,D,20230920,000000,7.1,7.1,7.1,7.1,0,0
9829.HK,D,20230921,000000,7.1,7.1,7.1,7.1,0,0
9829.HK,D,20230922,000000,7.1,7.1,7.1,7.1,0,0
9829.HK,D,20230925,000000,7.095,7.095,7.095,7.095,0,0
9829.HK,D,20230926,000000,7.095,7.095,7.095,7.095,0,0
9829.HK,D,20230927,000000,7.09,7.09,7.09,7.09,0,0
9829.HK,D,20230928,000000,7.09,7.09,7.09,7.09,0,0
9829.HK,D,20230929,000000,7.11,7.11,7.11,7.11,0,0
9829.HK,D,20231003,000000,7.09,7.09,7.09,7.09,0,0
9829.HK,D,20231004,000000,7.09,7.09,7.09,7.09,0,0
9829.HK,D,20231005,000000,7.09,7.09,7.09,7.09,0,0
9829.HK,D,20231006,000000,7.095,7.095,7.095,7.095,170,0
9829.HK,D,20231009,000000,7.105,7.105,7.105,7.105,0,0
9829.HK,D,20231010,000000,7.105,7.105,7.105,7.105,0,0
9829.HK,D,20231011,000000,7.105,7.105,7.105,7.105,0,0
9829.HK,D,20231012,000000,7.105,7.105,7.105,7.105,0,0
9829.HK,D,20231013,000000,7.1,7.1,7.1,7.1,0,0
9829.HK,D,20231016,000000,7.095,7.095,7.095,7.095,0,0
9829.HK,D,20231017,000000,7.09,7.09,7.09,7.09,0,0
9829.HK,D,20231018,000000,7.09,7.09,7.09,7.09,0,0
9829.HK,D,20231019,000000,7.07,7.07,7.07,7.07,0,0
9829.HK,D,20231020,000000,7.065,7.065,7.065,7.065,0,0
9829.HK,D,20231024,000000,7.085,7.085,7.085,7.085,0,0
9829.HK,D,20231025,000000,7.085,7.085,7.085,7.085,0,0
9829.HK,D,20231026,000000,7.085,7.085,7.085,7.085,0,0
9829.HK,D,20231027,000000,7.085,7.085,7.085,7.085,0,0
9829.HK,D,20231030,000000,7.085,7.085,7.085,7.085,0,0
9829.HK,D,20231031,000000,7.085,7.085,7.085,7.085,0,0
9829.HK,D,20231101,000000,7.08,7.08,7.08,7.08,0,0
9829.HK,D,20231102,000000,7.085,7.085,7.085,7.085,0,0
9829.HK,D,20231103,000000,7.095,7.095,7.095,7.095,0,0
9829.HK,D,20231106,000000,7.135,7.135,7.135,7.135,0,0
9829.HK,D,20231107,000000,7.135,7.135,7.135,7.135,0,0
9829.HK,D,20231108,000000,7.14,7.14,7.14,7.14,0,0
9829.HK,D,20231109,000000,7.14,7.14,7.14,7.14,0,0
9829.HK,D,20231110,000000,7.13,7.13,7.13,7.13,0,0
9829.HK,D,20231113,000000,7.13,7.13,7.13,7.13,0,0
9829.HK,D,20231114,000000,7.13,7.13,7.13,7.13,0,0
9829.HK,D,20231115,000000,7.18,7.18,7.18,7.18,0,0
9829.HK,D,20231116,000000,7.18,7.18,7.18,7.18,0,0
9829.HK,D,20231117,000000,7.18,7.18,7.18,7.18,0,0
9829.HK,D,20231120,000000,7.24,7.24,7.24,7.24,0,0
9829.HK,D,20231121,000000,7.29,7.29,7.29,7.29,0,0
9829.HK,D,20231122,000000,7.285,7.285,7.285,7.285,0,0
9829.HK,D,20231123,000000,7.285,7.285,7.285,7.285,0,0
9829.HK,D,20231124,000000,7.275,7.275,7.27,7.27,2000,0
9829.HK,D,20231127,000000,7.27,7.27,7.27,7.27,0,0
9829.HK,D,20231128,000000,7.27,7.27,7.27,7.27,0,0
9829.HK,D,20231129,000000,7.29,7.29,7.29,7.29,0,0
9829.HK,D,20231130,000000,7.29,7.29,7.29,7.29,0,0
9829.HK,D,20231201,000000,7.285,7.285,7.285,7.285,0,0
9829.HK,D,20231204,000000,7.285,7.285,7.285,7.285,0,0
9829.HK,D,20231205,000000,7.28,7.28,7.28,7.28,0,0
9829.HK,D,20231206,000000,7.27,7.27,7.27,7.27,0,0
9829.HK,D,20231207,000000,7.27,7.27,7.27,7.27,0,0
9829.HK,D,20231208,000000,7.27,7.27,7.27,7.27,0,0
9829.HK,D,20231211,000000,7.255,7.255,7.255,7.255,0,0
9829.HK,D,20231212,000000,7.255,7.255,7.255,7.255,0,0
9829.HK,D,20231213,000000,7.255,7.255,7.255,7.255,0,0
9829.HK,D,20231214,000000,7.305,7.305,7.305,7.305,0,0
9829.HK,D,20231215,000000,7.255,7.255,7.255,7.255,0,0
9829.HK,D,20231218,000000,7.25,7.25,7.25,7.25,0,0
9829.HK,D,20231219,000000,7.24,7.24,7.24,7.24,0,0
9829.HK,D,20231220,000000,7.24,7.24,7.24,7.24,0,0
9829.HK,D,20231221,000000,7.24,7.24,7.24,7.24,0,0
9829.HK,D,20231222,000000,7.24,7.24,7.24,7.24,0,0
9829.HK,D,20231227,000000,7.26,7.26,7.26,7.26,0,0
9829.HK,D,20231228,000000,7.295,7.295,7.295,7.295,0,0
9829.HK,D,20231229,000000,7.31,7.31,7.31,7.31,0,0
9829.HK,D,20240102,000000,7.28,7.28,7.28,7.28,0,0
9829.HK,D,20240103,000000,7.265,7.265,7.265,7.265,0,0
9829.HK,D,20240104,000000,7.265,7.265,7.265,7.265,0,0
9829.HK,D,20240105,000000,7.26,7.26,7.26,7.26,0,0
9829.HK,D,20240108,000000,7.26,7.26,7.26,7.26,0,0
9829.HK,D,20240109,000000,7.26,7.26,7.26,7.26,0,0
9829.HK,D,20240110,000000,7.25,7.25,7.25,7.25,0,0
9829.HK,D,20240111,000000,7.255,7.255,7.255,7.255,0,0
9829.HK,D,20240112,000000,7.255,7.255,7.255,7.255,0,0
9829.HK,D,20240115,000000,7.245,7.245,7.245,7.245,0,0
9829.HK,D,20240116,000000,7.235,7.235,7.235,7.235,0,0
9829.HK,D,20240117,000000,7.215,7.215,7.215,7.215,0,0
9829.HK,D,20240118,000000,7.215,7.215,7.215,7.215,0,0
9829.HK,D,20240119,000000,7.225,7.225,7.225,7.225,0,0
9829.HK,D,20240122,000000,7.23,7.23,7.23,7.23,0,0
9829.HK,D,20240123,000000,7.27,7.27,7.27,7.27,0,0
9829.HK,D,20240124,000000,7.27,7.27,7.27,7.27,0,0
9829.HK,D,20240125,000000,7.28,7.28,7.28,7.28,0,0
9829.HK,D,20240126,000000,7.275,7.275,7.275,7.275,0,0
9829.HK,D,20240129,000000,7.275,7.275,7.275,7.275,0,0
9829.HK,D,20240130,000000,7.275,7.275,7.275,7.275,0,0
9829.HK,D,20240131,000000,7.275,7.275,7.275,7.275,0,0
9829.HK,D,20240201,000000,7.285,7.285,7.285,7.285,0,0
9829.HK,D,20240202,000000,7.29,7.29,7.29,7.29,0,0
9829.HK,D,20240205,000000,7.285,7.285,7.285,7.285,0,0
9829.HK,D,20240206,000000,7.285,7.285,7.285,7.285,0,0
9829.HK,D,20240207,000000,7.285,7.285,7.285,7.285,0,0
9829.HK,D,20240208,000000,7.285,7.285,7.285,7.285,0,0
9829.HK,D,20240209,000000,7.285,7.285,7.285,7.285,0,0
9829.HK,D,20240214,000000,7.27,7.27,7.27,7.27,0,0
9829.HK,D,20240215,000000,7.27,7.27,7.27,7.27,0,0
9829.HK,D,20240216,000000,7.27,7.27,7.27,7.27,0,0
9829.HK,D,20240219,000000,7.275,7.275,7.275,7.275,0,0
9829.HK,D,20240220,000000,7.275,7.275,7.275,7.275,0,0
9829.HK,D,20240221,000000,7.3,7.3,7.3,7.3,0,0
9829.HK,D,20240222,000000,7.3,7.3,7.3,7.3,0,0
9829.HK,D,20240223,000000,7.3,7.3,7.3,7.3,2000,0
9829.HK,D,20240226,000000,7.3,7.3,7.3,7.3,0,0
9829.HK,D,20240227,000000,7.3,7.3,7.3,7.3,0,0
9829.HK,D,20240228,000000,7.3,7.3,7.3,7.3,0,0
9829.HK,D,20240229,000000,7.315,7.315,7.315,7.315,0,0
9829.HK,D,20240301,000000,7.315,7.315,7.315,7.315,0,0
9829.HK,D,20240304,000000,7.315,7.315,7.315,7.315,0,0
9829.HK,D,20240305,000000,7.315,7.315,7.315,7.315,0,0
9829.HK,D,20240306,000000,7.315,7.315,7.315,7.315,0,0
9829.HK,D,20240307,000000,7.345,7.345,7.345,7.345,2000,0
9829.HK,D,20240308,000000,7.35,7.35,7.35,7.35,24000,0
9829.HK,D,20240311,000000,7.36,7.36,7.36,7.36,0,0
9829.HK,D,20240312,000000,7.36,7.36,7.36,7.36,0,0
9829.HK,D,20240313,000000,7.34,7.34,7.34,7.34,0,0
9829.HK,D,20240314,000000,7.33,7.33,7.33,7.33,440,0
9829.HK,D,20240315,000000,7.335,7.335,7.33,7.33,10,0
9829.HK,D,20240318,000000,7.33,7.33,7.33,7.33,0,0
9829.HK,D,20240319,000000,7.33,7.33,7.33,7.33,0,0
9829.HK,D,20240320,000000,7.33,7.33,7.33,7.33,0,0
9829.HK,D,20240321,000000,7.33,7.33,7.33,7.33,0,0
9829.HK,D,20240322,000000,7.29,7.29,7.29,7.29,0,0
9829.HK,D,20240325,000000,7.29,7.29,7.29,7.29,0,0
9829.HK,D,20240326,000000,7.29,7.29,7.29,7.29,0,0
9829.HK,D,20240327,000000,7.29,7.29,7.29,7.29,0,0
9829.HK,D,20240328,000000,7.29,7.29,7.29,7.29,0,0
9829.HK,D,20240402,000000,7.29,7.29,7.29,7.29,0,0
9829.HK,D,20240403,000000,7.29,7.29,7.29,7.29,0,0
9829.HK,D,20240405,000000,7.305,7.305,7.305,7.305,0,0
9829.HK,D,20240408,000000,7.31,7.31,7.31,7.31,0,0
9829.HK,D,20240409,000000,7.315,7.315,7.315,7.315,0,0
9829.HK,D,20240410,000000,7.325,7.325,7.325,7.325,0,0
9829.HK,D,20240411,000000,7.325,7.325,7.325,7.325,0,0
9829.HK,D,20240412,000000,7.32,7.32,7.32,7.32,0,0
9829.HK,D,20240415,000000,7.32,7.32,7.32,7.32,0,0
9829.HK,D,20240416,000000,7.315,7.315,7.315,7.315,0,0
9829.HK,D,20240417,000000,7.325,7.325,7.325,7.325,0,0
9829.HK,D,20240418,000000,7.335,7.335,7.335,7.335,0,0
9829.HK,D,20240419,000000,7.335,7.335,7.335,7.335,0,0
9829.HK,D,20240422,000000,7.34,7.34,7.34,7.34,0,0
9829.HK,D,20240423,000000,7.345,7.345,7.345,7.345,0,0
9829.HK,D,20240424,000000,7.345,7.345,7.345,7.345,0,0
9829.HK,D,20240425,000000,7.345,7.345,7.345,7.345,0,0
9829.HK,D,20240426,000000,7.335,7.335,7.335,7.335,0,0
9829.HK,D,20240429,000000,7.31,7.31,7.3,7.3,22300,0
9829.HK,D,20240430,000000,7.325,7.325,7.32,7.32,14000,0
9829.HK,D,20240502,000000,7.345,7.345,7.345,7.345,0,0
9829.HK,D,20240503,000000,7.37,7.37,7.37,7.37,0,0
9829.HK,D,20240506,000000,7.37,7.37,7.37,7.37,0,0
9829.HK,D,20240507,000000,7.37,7.37,7.37,7.37,0,0
9829.HK,D,20240508,000000,7.365,7.365,7.365,7.365,0,0
9829.HK,D,20240509,000000,7.365,7.365,7.365,7.365,0,0
9829.HK,D,20240510,000000,7.36,7.36,7.36,7.36,0,0
9829.HK,D,20240513,000000,7.365,7.365,7.35,7.35,220,0
9829.HK,D,20240514,000000,7.35,7.35,7.35,7.35,0,0
9829.HK,D,20240516,000000,7.39,7.39,7.38,7.38,6000,0
9829.HK,D,20240517,000000,7.37,7.37,7.37,7.37,0,0
9829.HK,D,20240520,000000,7.36,7.36,7.36,7.36,0,0
9829.HK,D,20240521,000000,7.35,7.35,7.35,7.35,0,0
9829.HK,D,20240522,000000,7.35,7.35,7.35,7.35,0,0
9829.HK,D,20240523,000000,7.345,7.345,7.345,7.345,0,0
9829.HK,D,20240524,000000,7.345,7.345,7.345,7.345,0,0
9829.HK,D,20240527,000000,7.345,7.345,7.345,7.345,0,0
9829.HK,D,20240528,000000,7.345,7.345,7.345,7.345,0,0
9829.HK,D,20240529,000000,7.345,7.345,7.345,7.345,0,0
9829.HK,D,20240530,000000,7.345,7.345,7.345,7.345,0,0
9829.HK,D,20240531,000000,7.345,7.345,7.345,7.345,0,0
9829.HK,D,20240603,000000,7.345,7.345,7.345,7.345,0,0
9829.HK,D,20240604,000000,7.35,7.35,7.35,7.35,0,0
9829.HK,D,20240605,000000,7.36,7.36,7.36,7.36,0,0
9829.HK,D,20240606,000000,7.36,7.36,7.36,7.36,0,0
9829.HK,D,20240607,000000,7.37,7.37,7.37,7.37,0,0
9829.HK,D,20240611,000000,7.305,7.355,7.285,7.285,90300,0
9829.HK,D,20240612,000000,7.285,7.285,7.285,7.285,0,0
9829.HK,D,20240613,000000,7.285,7.285,7.285,7.285,0,0
9829.HK,D,20240614,000000,7.285,7.285,7.285,7.285,0,0
9829.HK,D,20240617,000000,7.285,7.285,7.285,7.285,0,0
9829.HK,D,20240618,000000,7.285,7.285,7.285,7.285,0,0
9829.HK,D,20240619,000000,7.285,7.285,7.285,7.285,0,0
9829.HK,D,20240620,000000,7.285,7.285,7.285,7.285,0,0
9829.HK,D,20240621,000000,7.285,7.285,7.285,7.285,0,0
9829.HK,D,20240624,000000,7.28,7.28,7.28,7.28,0,0
9829.HK,D,20240625,000000,7.28,7.28,7.28,7.28,0,0
9829.HK,D,20240626,000000,7.28,7.28,7.28,7.28,0,0
9829.HK,D,20240627,000000,7.28,7.28,7.28,7.28,0,0
9829.HK,D,20240628,000000,7.285,7.285,7.285,7.285,0,0
9829.HK,D,20240702,000000,7.285,7.285,7.285,7.285,0,0
9829.HK,D,20240703,000000,7.285,7.285,7.285,7.285,0,0
9829.HK,D,20240704,000000,7.285,7.285,7.285,7.285,0,0
9829.HK,D,20240705,000000,7.3,7.3,7.3,7.3,0,0
9829.HK,D,20240708,000000,7.28,7.285,7.28,7.285,2000,0
9829.HK,D,20240709,000000,7.285,7.285,7.285,7.285,0,0
9829.HK,D,20240710,000000,7.285,7.285,7.285,7.285,0,0
9829.HK,D,20240711,000000,7.29,7.29,7.29,7.29,0,0
9829.HK,D,20240712,000000,7.305,7.305,7.305,7.305,0,0
9829.HK,D,20240715,000000,7.305,7.305,7.305,7.305,0,0
9829.HK,D,20240716,000000,7.35,7.35,7.32,7.32,10,0
9829.HK,D,20240717,000000,7.32,7.32,7.32,7.32,0,0
9829.HK,D,20240718,000000,7.32,7.32,7.32,7.32,0,0
9829.HK,D,20240719,000000,7.32,7.32,7.32,7.32,0,0
9829.HK,D,20240722,000000,7.315,7.315,7.315,7.315,0,0
9829.HK,D,20240723,000000,7.315,7.315,7.315,7.315,0,0
9829.HK,D,20240724,000000,7.315,7.315,7.315,7.315,0,0
9829.HK,D,20240725,000000,7.38,7.38,7.38,7.38,0,0
9829.HK,D,20240726,000000,7.375,7.375,7.375,7.375,0,0
9829.HK,D,20240729,000000,7.37,7.37,7.37,7.37,30,0
9829.HK,D,20240730,000000,7.37,7.37,7.37,7.37,0,0
9829.HK,D,20240731,000000,7.4,7.405,7.395,7.405,6030,0
9829.HK,D,20240801,000000,7.405,7.405,7.405,7.405,0,0
9829.HK,D,20240802,000000,7.43,7.43,7.43,7.43,0,0
9829.HK,D,20240805,000000,7.515,7.515,7.515,7.515,0,0
9829.HK,D,20240806,000000,7.515,7.515,7.515,7.515,2000,0
9829.HK,D,20240807,000000,7.48,7.48,7.48,7.48,0,0
9829.HK,D,20240808,000000,7.49,7.49,7.49,7.49,0,0
9829.HK,D,20240809,000000,7.49,7.49,7.49,7.49,0,0
9829.HK,D,20240812,000000,7.47,7.47,7.47,7.47,0,0
9829.HK,D,20240813,000000,7.46,7.46,7.46,7.46,0,0
9829.HK,D,20240814,000000,7.49,7.49,7.49,7.49,0,0
9829.HK,D,20240815,000000,7.49,7.49,7.49,7.49,0,0
9829.HK,D,20240816,000000,7.49,7.49,7.49,7.49,0,0
9829.HK,D,20240819,000000,7.49,7.49,7.49,7.49,0,0
9829.HK,D,20240820,000000,7.49,7.49,7.49,7.49,0,0
9829.HK,D,20240821,000000,7.49,7.49,7.49,7.49,0,0
9829.HK,D,20240822,000000,7.495,7.495,7.495,7.495,0,0
9829.HK,D,20240823,000000,7.5,7.5,7.5,7.5,0,0
9829.HK,D,20240826,000000,7.53,7.53,7.53,7.53,0,0
9829.HK,D,20240827,000000,7.53,7.53,7.53,7.53,0,0
9829.HK,D,20240828,000000,7.53,7.53,7.53,7.53,0,0
9829.HK,D,20240829,000000,7.545,7.545,7.545,7.545,0,0
9829.HK,D,20240830,000000,7.575,7.575,7.575,7.575,0,0
9829.HK,D,20240902,000000,7.57,7.57,7.57,7.57,2530,0
9829.HK,D,20240903,000000,7.56,7.56,7.56,7.56,1960,0
9829.HK,D,20240904,000000,7.56,7.56,7.56,7.56,0,0
9829.HK,D,20240905,000000,7.575,7.575,7.575,7.575,0,0
9829.HK,D,20240909,000000,7.575,7.575,7.575,7.575,0,0
9829.HK,D,20240910,000000,7.575,7.575,7.575,7.575,0,0
9829.HK,D,20240911,000000,7.59,7.59,7.59,7.59,0,0
9829.HK,D,20240912,000000,7.585,7.585,7.585,7.585,0,0
9829.HK,D,20240913,000000,7.615,7.615,7.615,7.615,0,0
9829.HK,D,20240916,000000,7.63,7.63,7.63,7.63,0,0
9829.HK,D,20240917,000000,7.63,7.63,7.63,7.63,0,0
9829.HK,D,20240919,000000,7.65,7.65,7.65,7.65,0,0
9829.HK,D,20240920,000000,7.68,7.68,7.68,7.68,0,0
9829.HK,D,20240923,000000,7.68,7.68,7.68,7.68,0,0
9829.HK,D,20240924,000000,7.69,7.69,7.69,7.69,0,0
9829.HK,D,20240925,000000,7.735,7.735,7.735,7.735,0,0
9829.HK,D,20240926,000000,7.735,7.735,7.735,7.735,0,0
9829.HK,D,20240927,000000,7.735,7.735,7.71,7.71,3900,0
9829.HK,D,20240930,000000,7.695,7.695,7.695,7.695,0,0
9829.HK,D,20241002,000000,7.67,7.67,7.655,7.655,8680,0
9829.HK,D,20241003,000000,7.645,7.645,7.645,7.645,0,0
9829.HK,D,20241004,000000,7.625,7.625,7.625,7.625,0,0
9829.HK,D,20241007,000000,7.605,7.605,7.605,7.605,0,0
9829.HK,D,20241008,000000,7.605,7.605,7.605,7.605,2000,0
9829.HK,D,20241009,000000,7.605,7.605,7.605,7.605,0,0
9829.HK,D,20241010,000000,7.605,7.605,7.605,7.605,0,0
9829.HK,D,20241014,000000,7.605,7.605,7.605,7.605,0,0
9829.HK,D,20241015,000000,7.575,7.575,7.575,7.575,0,0
9829.HK,D,20241016,000000,7.59,7.595,7.59,7.59,5000,0
9829.HK,D,20241017,000000,7.585,7.585,7.585,7.585,0,0
9829.HK,D,20241018,000000,7.585,7.585,7.585,7.585,0,0
9829.HK,D,20241021,000000,7.585,7.585,7.585,7.585,0,0
9829.HK,D,20241022,000000,7.57,7.57,7.57,7.57,0,0
9829.HK,D,20241023,000000,7.56,7.56,7.56,7.56,0,0
9829.HK,D,20241024,000000,7.57,7.57,7.57,7.57,0,0
9829.HK,D,20241025,000000,7.57,7.57,7.57,7.57,0,0
9829.HK,D,20241028,000000,7.565,7.565,7.565,7.565,0,0
9829.HK,D,20241029,000000,7.545,7.545,7.545,7.545,0,0
9829.HK,D,20241030,000000,7.555,7.555,7.555,7.555,0,0
9829.HK,D,20241031,000000,7.565,7.565,7.565,7.565,0,0
9829.HK,D,20241101,000000,7.575,7.575,7.575,7.575,0,0
9829.HK,D,20241104,000000,7.61,7.61,7.61,7.61,0,0
9829.HK,D,20241105,000000,7.61,7.61,7.61,7.61,0,0
9829.HK,D,20241106,000000,7.55,7.55,7.55,7.55,0,0
9829.HK,D,20241107,000000,7.55,7.55,7.55,7.55,0,0
9829.HK,D,20241108,000000,7.56,7.56,7.56,7.56,0,0
9829.HK,D,20241111,000000,7.535,7.535,7.535,7.535,0,0
9829.HK,D,20241112,000000,7.5,7.5,7.5,7.5,0,0
9829.HK,D,20241113,000000,7.5,7.5,7.5,7.5,0,0
9829.HK,D,20241114,000000,7.495,7.495,7.495,7.495,0,0
9829.HK,D,20241115,000000,7.505,7.505,7.505,7.505,0,0
9829.HK,D,20241118,000000,7.49,7.49,7.49,7.49,0,0
9829.HK,D,20241119,000000,7.51,7.52,7.51,7.51,300,0
9829.HK,D,20241120,000000,7.505,7.505,7.505,7.505,0,0
9829.HK,D,20241121,000000,7.505,7.505,7.505,7.505,0,0
9829.HK,D,20241122,000000,7.495,7.495,7.495,7.495,0,0
9829.HK,D,20241125,000000,7.495,7.495,7.495,7.495,0,0
9829.HK,D,20241126,000000,7.485,7.485,7.485,7.485,0,0
9829.HK,D,20241127,000000,7.495,7.495,7.495,7.495,0,0
9829.HK,D,20241128,000000,7.505,7.505,7.505,7.505,0,0
9829.HK,D,20241129,000000,7.53,7.53,7.53,7.53,0,0
9829.HK,D,20241202,000000,7.55,7.55,7.51,7.51,133000,0
9829.HK,D,20241203,000000,7.485,7.485,7.485,7.485,0,0
9829.HK,D,20241204,000000,7.49,7.49,7.485,7.49,10,0
9829.HK,D,20241205,000000,7.505,7.505,7.505,7.505,0,0
9829.HK,D,20241206,000000,7.505,7.505,7.505,7.505,0,0
9829.HK,D,20241209,000000,7.43,7.43,7.43,7.43,0,0
9829.HK,D,20241210,000000,7.485,7.485,7.485,7.485,0,0
9829.HK,D,20241211,000000,7.47,7.47,7.47,7.47,0,0
9829.HK,D,20241212,000000,7.48,7.48,7.47,7.48,2000,0
9829.HK,D,20241213,000000,7.485,7.485,7.485,7.485,0,0
9829.HK,D,20241216,000000,7.485,7.485,7.485,7.485,0,0
9829.HK,D,20241217,000000,7.48,7.485,7.48,7.485,20,0
9829.HK,D,20241218,000000,7.49,7.49,7.49,7.49,0,0
9829.HK,D,20241219,000000,7.49,7.49,7.49,7.49,0,0
9829.HK,D,20241220,000000,7.53,7.53,7.52,7.53,5000,0
9829.HK,D,20241223,000000,7.745,7.745,7.5,7.745,9200,0
9829.HK,D,20241224,000000,7.5,7.5,7.5,7.5,0,0
9829.HK,D,20241227,000000,7.5,7.52,7.5,7.515,6200,0
9829.HK,D,20241230,000000,7.48,7.48,7.48,7.48,0,0
9829.HK,D,20241231,000000,7.48,7.48,7.48,7.48,0,0
9829.HK,D,20250102,000000,7.49,7.49,7.49,7.49,0,0
9829.HK,D,20250103,000000,7.49,7.49,7.49,7.49,0,0
9829.HK,D,20250106,000000,7.49,7.49,7.49,7.49,0,0
9829.HK,D,20250107,000000,7.485,7.485,7.485,7.485,10,0
9829.HK,D,20250108,000000,7.485,7.485,7.485,7.485,0,0
9829.HK,D,20250109,000000,7.46,7.46,7.46,7.46,0,0
9829.HK,D,20250110,000000,7.46,7.46,7.46,7.46,0,0
9829.HK,D,20250113,000000,7.45,7.45,7.45,7.45,10,0
9829.HK,D,20250114,000000,7.465,7.47,7.465,7.47,10,0
9829.HK,D,20250115,000000,7.47,7.47,7.47,7.47,0,0
9829.HK,D,20250116,000000,7.47,7.47,7.47,7.47,0,0
9829.HK,D,20250117,000000,7.465,7.465,7.465,7.465,0,0
9829.HK,D,20250120,000000,7.475,7.475,7.475,7.475,0,0
9829.HK,D,20250121,000000,7.535,7.535,7.535,7.535,0,0
9829.HK,D,20250122,000000,7.53,7.53,7.53,7.53,0,0
9829.HK,D,20250123,000000,7.525,7.525,7.525,7.525,0,0
9829.HK,D,20250124,000000,7.55,7.55,7.55,7.55,0,0
9829.HK,D,20250127,000000,7.55,7.55,7.55,7.55,0,0
9829.HK,D,20250128,000000,7.55,7.55,7.55,7.55,0,0
9829.HK,D,20250203,000000,7.475,7.475,7.475,7.475,0,0
9829.HK,D,20250204,000000,7.505,7.505,7.505,7.505,10,0
9829.HK,D,20250205,000000,7.54,7.54,7.54,7.54,0,0
9829.HK,D,20250206,000000,7.54,7.54,7.54,7.54,0,0
9829.HK,D,20250207,000000,7.54,7.54,7.54,7.54,0,0
9829.HK,D,20250210,000000,7.54,7.54,7.54,7.54,0,0
9829.HK,D,20250211,000000,7.525,7.525,7.525,7.525,0,0
9829.HK,D,20250212,000000,7.515,7.515,7.515,7.515,0,0
9829.HK,D,20250213,000000,7.525,7.525,7.525,7.525,0,0
9829.HK,D,20250214,000000,7.535,7.535,7.535,7.535,0,0
9829.HK,D,20250217,000000,7.55,7.55,7.55,7.55,0,0
9829.HK,D,20250218,000000,7.535,7.535,7.535,7.535,0,0
9829.HK,D,20250219,000000,7.525,7.525,7.525,7.525,0,0
9829.HK,D,20250220,000000,7.525,7.525,7.525,7.525,0,0
9829.HK,D,20250221,000000,7.53,7.53,7.53,7.53,0,0
9829.HK,D,20250224,000000,7.53,7.53,7.53,7.53,0,0
9829.HK,D,20250225,000000,7.525,7.525,7.52,7.52,24000,0
9829.HK,D,20250226,000000,7.52,7.52,7.52,7.52,0,0
9829.HK,D,20250227,000000,7.505,7.505,7.505,7.505,0,0
9829.HK,D,20250228,000000,7.48,7.48,7.48,7.48,0,0
9829.HK,D,20250303,000000,7.48,7.48,7.48,7.48,0,0
9829.HK,D,20250304,000000,7.49,7.49,7.49,7.49,10,0
9829.HK,D,20250305,000000,7.52,7.52,7.52,7.52,0,0
9829.HK,D,20250306,000000,7.53,7.53,7.53,7.53,0,0
9829.HK,D,20250307,000000,7.515,7.515,7.515,7.515,0,0
9829.HK,D,20250310,000000,7.495,7.495,7.495,7.495,0,0
9829.HK,D,20250311,000000,7.5,7.5,7.5,7.5,0,0
9829.HK,D,20250312,000000,7.51,7.51,7.51,7.51,0,0
9829.HK,D,20250313,000000,7.51,7.51,7.51,7.51,0,0
9829.HK,D,20250314,000000,7.505,7.505,7.505,7.505,0,0
9829.HK,D,20250317,000000,7.485,7.485,7.485,7.485,10,0
9829.HK,D,20250318,000000,7.5,7.5,7.5,7.5,0,0
9829.HK,D,20250319,000000,7.495,7.495,7.48,7.48,100,0
9829.HK,D,20250320,000000,7.48,7.48,7.48,7.48,0,0
9829.HK,D,20250321,000000,7.48,7.48,7.48,7.48,0,0
9829.HK,D,20250324,000000,7.48,7.48,7.48,7.48,0,0
9829.HK,D,20250325,000000,7.475,7.475,7.475,7.475,0,0
9829.HK,D,20250326,000000,7.48,7.48,7.48,7.48,0,0
9829.HK,D,20250327,000000,7.48,7.48,7.48,7.48,0,0
9829.HK,D,20250328,000000,7.485,7.485,7.485,7.485,4000,0
9829.HK,D,20250331,000000,7.495,7.495,7.49,7.49,100,0
9829.HK,D,20250401,000000,7.475,7.475,7.475,7.475,0,0
9829.HK,D,20250402,000000,7.48,7.48,7.48,7.48,0,0
9829.HK,D,20250403,000000,7.48,7.48,7.48,7.48,0,0
9829.HK,D,20250407,000000,7.485,7.485,7.485,7.485,0,0
9829.HK,D,20250408,000000,7.465,7.465,7.465,7.465,12000,0
9829.HK,D,20250409,000000,7.465,7.465,7.46,7.46,100,0
9829.HK,D,20250410,000000,7.46,7.46,7.46,7.46,0,0
9829.HK,D,20250411,000000,7.525,7.525,7.495,7.495,3860,0
9829.HK,D,20250414,000000,7.495,7.495,7.495,7.495,0,0
9829.HK,D,20250415,000000,7.495,7.495,7.495,7.495,0,0
9829.HK,D,20250416,000000,7.495,7.495,7.495,7.495,0,0
9829.HK,D,20250417,000000,7.515,7.515,7.515,7.515,0,0
