<TICKER>,<PER>,<DATE>,<TIME>,<OPEN>,<HIGH>,<LOW>,<CLOSE>,<VOL>,<OPENINT>
9896.HK,D,20220713,000000,13.1586,13.6172,13.0789,13.3381,4124930.8176592,0
9896.HK,D,20220714,000000,13.3381,13.3381,12.9592,12.9792,1073565.4088178,0
9896.HK,D,20220715,000000,12.9792,13.2583,12.8795,13.039,585234.59120194,0
9896.HK,D,20220718,000000,13.5574,14.1754,13.1786,13.7767,240353.45912236,0
9896.HK,D,20220719,000000,13.8564,15.3517,13.7966,14.3549,316592.45283396,0
9896.HK,D,20220720,000000,14.6539,14.9729,14.0359,14.2751,112352.2012592,0
9896.HK,D,20220721,000000,14.2751,14.7536,13.8365,13.8365,99311.3207559,0
9896.HK,D,20220722,000000,13.8365,14.2751,13.8365,13.9561,180164.77987636,0
9896.HK,D,20220725,000000,13.9761,13.9761,13.7567,13.7567,84866.03773686,0
9896.HK,D,20220726,000000,13.7567,13.9561,13.7567,13.9362,28088.0503148,0
9896.HK,D,20220727,000000,13.4377,13.4377,12.2216,12.4209,1530798.7421566,0
9896.HK,D,20220728,000000,11.4639,12.3213,11.1649,12.082,1186118.2390078,0
9896.HK,D,20220729,000000,12.0621,13.2384,12.0023,12.8396,587240.88051014,0
9896.HK,D,20220801,000000,11.9424,12.8197,11.5836,12.8197,386010.06289768,0
9896.HK,D,20220802,000000,12.6602,12.6602,11.6035,11.6833,2141513.2075727,0
9896.HK,D,20220803,000000,11.9225,12.5206,11.7829,11.9424,83862.89308276,0
9896.HK,D,20220804,000000,12.4209,12.9393,12.2814,12.72,110345.911951,0
9896.HK,D,20220805,000000,13.3181,13.9761,13.2782,13.7567,384405.03145112,0
9896.HK,D,20220808,000000,13.7567,13.7567,12.8197,12.8197,132013.83647956,0
9896.HK,D,20220809,000000,12.8795,13.3181,12.8596,12.9792,79858.339623593,0
9896.HK,D,20220810,000000,12.5605,12.5605,11.7032,11.9624,54169.8113214,0
9896.HK,D,20220811,000000,11.9026,12.1418,11.9026,11.9823,99828.943397416,0
9896.HK,D,20220812,000000,11.8428,11.9225,11.6833,11.8228,40527.04402564,0
9896.HK,D,20220815,000000,11.5636,11.5636,11.3643,11.4639,24677.35849086,0
9896.HK,D,20220816,000000,11.5836,11.8627,11.5437,11.5437,90684.27673064,0
9896.HK,D,20220817,000000,11.5038,12.4608,11.4639,11.8826,140640.88050482,0
9896.HK,D,20220818,000000,11.8627,11.8627,11.4041,11.4041,33906.28930858,0
9896.HK,D,20220819,000000,11.6633,11.6633,11.4639,11.5038,23473.58490594,0
9896.HK,D,20220822,000000,11.2247,11.444,11.2247,11.3643,4815.09433968,0
9896.HK,D,20220823,000000,11.4639,11.4639,11.1649,11.4241,20464.15094364,0
9896.HK,D,20220824,000000,11.4041,11.4041,11.1848,11.2646,20464.15094364,0
9896.HK,D,20220825,000000,11.3643,11.5636,11.3443,11.5636,46144.6540886,0
9896.HK,D,20220826,000000,12.72,14.7337,12.6602,13.3381,681536.47799554,0
9896.HK,D,20220829,000000,13.358,13.4178,12.6801,12.72,160503.144656,0
9896.HK,D,20220830,000000,13.04,13.1,12.72,12.9,278000,0
9896.HK,D,20220831,000000,12.56,12.68,12.42,12.42,114200,0
9896.HK,D,20220901,000000,12.4,12.54,12.02,12.1,148600,0
9896.HK,D,20220902,000000,12.26,12.26,11.84,12,70600,0
9896.HK,D,20220905,000000,11.76,11.76,11.54,11.54,600,0
9896.HK,D,20220906,000000,11.5,11.5,11.28,11.46,146600,0
9896.HK,D,20220907,000000,11.06,11.18,10.9,10.98,58400,0
9896.HK,D,20220908,000000,10.98,11.14,10.76,10.76,15400,0
9896.HK,D,20220909,000000,10.76,11.06,10.74,11.06,11000,0
9896.HK,D,20220913,000000,11.72,11.72,11,11,29880,0
9896.HK,D,20220914,000000,11,11,10.5,10.6,19800,0
9896.HK,D,20220915,000000,10.48,10.98,10.48,10.98,28600,0
9896.HK,D,20220916,000000,10.7,10.7,10.46,10.64,12400,0
9896.HK,D,20220919,000000,10.32,10.4,10.12,10.18,6200,0
9896.HK,D,20220920,000000,10.18,10.36,10.18,10.28,11400,0
9896.HK,D,20220921,000000,10.1,10.14,9.95,9.96,25800,0
9896.HK,D,20220922,000000,9.8,9.8,9.59,9.6,37000,0
9896.HK,D,20220923,000000,9.3,9.5,8.95,9.2,41800,0
9896.HK,D,20220926,000000,9.01,9.2,8.8,8.93,31600,0
9896.HK,D,20220927,000000,8.95,9.14,8.95,9.07,30200,0
9896.HK,D,20220928,000000,8.96,8.96,8.76,8.77,28460,0
9896.HK,D,20220929,000000,9.13,9.13,8.77,8.86,86400,0
9896.HK,D,20220930,000000,9.5,9.98,9.18,9.85,113400,0
9896.HK,D,20221003,000000,10.08,10.6,10.08,10.42,18000,0
9896.HK,D,20221005,000000,10.64,11.84,10.64,11.6,202620,0
9896.HK,D,20221006,000000,11.68,11.8,11.5,11.8,280820,0
9896.HK,D,20221007,000000,11.46,11.78,11.4,11.4,5800,0
9896.HK,D,20221010,000000,11.04,11.04,10.84,10.84,10400,0
9896.HK,D,20221011,000000,10.8,10.8,10.58,10.7,24800,0
9896.HK,D,20221012,000000,10.38,10.4,10,10.18,27600,0
9896.HK,D,20221013,000000,10.38,10.38,10.2,10.2,57800,0
9896.HK,D,20221014,000000,10.16,10.28,9.93,9.93,114400,0
9896.HK,D,20221017,000000,9.46,9.58,9.46,9.56,7800,0
9896.HK,D,20221018,000000,9.32,9.56,9.3,9.56,3400,0
9896.HK,D,20221019,000000,9.55,9.56,9.55,9.56,3000,0
9896.HK,D,20221020,000000,9.56,9.72,9.56,9.72,200,0
9896.HK,D,20221021,000000,9.56,9.69,9.53,9.65,6600,0
9896.HK,D,20221024,000000,9.41,9.6,9.41,9.41,800,0
9896.HK,D,20221025,000000,9.26,9.61,9.26,9.59,28800,0
9896.HK,D,20221026,000000,9.59,9.61,9.59,9.61,1000,0
9896.HK,D,20221027,000000,9.9,10.74,9.9,10.72,9600,0
9896.HK,D,20221028,000000,10.38,10.4,10.38,10.38,200,0
9896.HK,D,20221031,000000,9.94,10.22,9.56,9.74,198400,0
9896.HK,D,20221101,000000,10.22,10.8,9.94,10.44,51600,0
9896.HK,D,20221102,000000,11,11.16,10.98,11.14,8800,0
9896.HK,D,20221103,000000,11.02,11.58,11.02,11.18,158800,0
9896.HK,D,20221104,000000,11.94,12.98,11.62,12.78,103240,0
9896.HK,D,20221107,000000,12.78,13.12,12.78,12.8,57600,0
9896.HK,D,20221108,000000,13.36,13.36,12.48,13,101200,0
9896.HK,D,20221109,000000,12.66,12.74,12.52,12.66,82600,0
9896.HK,D,20221110,000000,12.48,12.5,12.2,12.32,37200,0
9896.HK,D,20221111,000000,12.5,13.2,12.28,13.1,207826,0
9896.HK,D,20221114,000000,13.1,14.88,12.78,13.5,1357210,0
9896.HK,D,20221115,000000,15.52,17.88,15.52,17.88,689260,0
9896.HK,D,20221116,000000,20.55,23.35,20.55,21.5,895620,0
9896.HK,D,20221117,000000,20,20,18.2,18.4,633400,0
9896.HK,D,20221118,000000,18.8,19.28,18.14,18.76,763000,0
9896.HK,D,20221121,000000,18.76,19.32,17.62,18.1,1297600,0
9896.HK,D,20221122,000000,17.8,18.12,17.3,17.54,168200,0
9896.HK,D,20221123,000000,17.96,18.02,17.64,17.8,147000,0
9896.HK,D,20221124,000000,18.3,19,18.12,18.4,136600,0
9896.HK,D,20221125,000000,18.52,18.52,18.02,18.1,46200,0
9896.HK,D,20221128,000000,17.32,18.1,17.04,17.92,241600,0
9896.HK,D,20221129,000000,18.76,20.8,18.64,19.38,762800,0
9896.HK,D,20221130,000000,19.8,21.55,19.8,21.55,380610,0
9896.HK,D,20221201,000000,22.55,23.25,20.05,21.55,851400,0
9896.HK,D,20221202,000000,21.05,21.55,20.45,20.6,223242,0
9896.HK,D,20221205,000000,22.45,23.7,22.15,23.55,384042,0
9896.HK,D,20221206,000000,22.95,22.95,20.9,21.5,580600,0
9896.HK,D,20221207,000000,22,22.85,20.8,21.55,264010,0
9896.HK,D,20221208,000000,21.45,22.2,21.45,21.9,215200,0
9896.HK,D,20221209,000000,23.45,24,23.15,23.8,316200,0
9896.HK,D,20221212,000000,23.85,23.85,22.45,23.1,94400,0
9896.HK,D,20221213,000000,22.05,22.05,21,21.55,102600,0
9896.HK,D,20221214,000000,21.55,21.75,21.3,21.5,96000,0
9896.HK,D,20221215,000000,21.85,21.85,21.2,21.45,75000,0
9896.HK,D,20221216,000000,21.5,21.9,20.15,20.3,313200,0
9896.HK,D,20221219,000000,21.05,22.05,20.9,21,180800,0
9896.HK,D,20221220,000000,20.35,20.55,19.8,20.1,75800,0
9896.HK,D,20221221,000000,21.2,21.5,20.9,21.5,177800,0
9896.HK,D,20221222,000000,22,22.7,21.7,22.5,74200,0
9896.HK,D,20221223,000000,22.6,22.6,22.2,22.35,26000,0
9896.HK,D,20221228,000000,22.5,23.2,22.5,23,63800,0
9896.HK,D,20221229,000000,22,22.2,21.3,21.6,58000,0
9896.HK,D,20221230,000000,21.6,21.7,20.8,20.9,30200,0
9896.HK,D,20230103,000000,20.6,21.5,20.6,21.15,41200,0
9896.HK,D,20230104,000000,20.85,21.35,20.55,21.15,88600,0
9896.HK,D,20230105,000000,22.55,22.6,22.1,22.4,326200,0
9896.HK,D,20230106,000000,22.7,22.7,22.25,22.4,71000,0
9896.HK,D,20230109,000000,23.6,24.95,23.6,24.5,162200,0
9896.HK,D,20230110,000000,24.6,25.5,24.6,25.2,170800,0
9896.HK,D,20230111,000000,25.45,27.1,25.45,25.95,364570,0
9896.HK,D,20230112,000000,25.55,25.8,24.5,24.5,144600,0
9896.HK,D,20230113,000000,24,24.95,23.7,24.15,59400,0
9896.HK,D,20230116,000000,27.4,28.2,26.95,27.9,244600,0
9896.HK,D,20230117,000000,28.2,29,26.9,28.05,353800,0
9896.HK,D,20230118,000000,28,28,26.65,27.45,265200,0
9896.HK,D,20230119,000000,27.45,27.7,27.05,27.55,89000,0
9896.HK,D,20230120,000000,28.3,29.2,28.3,28.4,199900,0
9896.HK,D,20230126,000000,29.95,30.65,29.55,30.55,285200,0
9896.HK,D,20230127,000000,30,30,29,29.45,154600,0
9896.HK,D,20230130,000000,29.05,30.35,28.45,29.5,410000,0
9896.HK,D,20230131,000000,29.8,29.85,28.9,29.8,78600,0
9896.HK,D,20230201,000000,30.4,30.45,28.5,30.3,175227,0
9896.HK,D,20230202,000000,30.4,30.5,28.95,29.35,87800,0
9896.HK,D,20230203,000000,31.05,32,30.65,31.75,294600,0
9896.HK,D,20230206,000000,30.3,30.45,28.9,30.05,450400,0
9896.HK,D,20230207,000000,29.7,30.45,29,30.15,360200,0
9896.HK,D,20230208,000000,31.2,31.55,30.5,31.05,94400,0
9896.HK,D,20230209,000000,32,32.9,31.35,32.9,245600,0
9896.HK,D,20230210,000000,31.6,31.85,30.3,31.2,365000,0
9896.HK,D,20230213,000000,31,31.75,30.1,31.75,116600,0
9896.HK,D,20230214,000000,32.4,33.05,32.4,32.8,119200,0
9896.HK,D,20230215,000000,33.2,33.2,31.9,32.2,176000,0
9896.HK,D,20230216,000000,32.7,33.9,32.65,32.7,183600,0
9896.HK,D,20230217,000000,32.95,33.8,32.75,32.8,360200,0
9896.HK,D,20230220,000000,32.4,32.6,31.2,32,348200,0
9896.HK,D,20230221,000000,31,32.4,30.75,31,419800,0
9896.HK,D,20230222,000000,29.8,30.95,29.15,30.35,357600,0
9896.HK,D,20230223,000000,31.3,32.3,31.3,32,483800,0
9896.HK,D,20230224,000000,32.15,32.2,31.7,31.75,397600,0
9896.HK,D,20230227,000000,31.8,34.5,31.7,32,738329,0
9896.HK,D,20230228,000000,33.1,34,32.6,33.75,258400,0
9896.HK,D,20230301,000000,35.35,38,35,36.6,525000,0
9896.HK,D,20230302,000000,36.2,36.35,35.65,35.65,188000,0
9896.HK,D,20230303,000000,36.1,37.2,36.1,36.7,422400,0
9896.HK,D,20230306,000000,37.8,38.7,37.25,38.25,473202,0
9896.HK,D,20230307,000000,37.1,37.5,36.25,36.9,671800,0
9896.HK,D,20230308,000000,36.9,36.9,35.55,36.6,309200,0
9896.HK,D,20230309,000000,36.75,37.4,35.95,36.9,439000,0
9896.HK,D,20230310,000000,36.05,37,35.4,37,581776,0
9896.HK,D,20230313,000000,37,40.1,36.1,38.8,2139400,0
9896.HK,D,20230314,000000,38,38,36,36.3,1220700,0
9896.HK,D,20230315,000000,37.3,39.6,37.3,38.35,778400,0
9896.HK,D,20230316,000000,37,39.2,36.65,37.2,1200200,0
9896.HK,D,20230317,000000,37,37.75,36.4,37.1,1236400,0
9896.HK,D,20230320,000000,35.2,35.7,33.85,35.2,2589900,0
9896.HK,D,20230321,000000,35.45,36,35,35.7,951000,0
9896.HK,D,20230322,000000,34.75,35.5,34.3,35,1405804,0
9896.HK,D,20230323,000000,34.35,35.7,34.2,35.4,1283400,0
9896.HK,D,20230324,000000,34.6,34.75,33.65,34,491800,0
9896.HK,D,20230327,000000,32.7,32.8,31.7,32.35,2157400,0
9896.HK,D,20230328,000000,32.7,34.75,32.7,33.5,1105000,0
9896.HK,D,20230329,000000,34.25,34.25,32.85,32.85,619400,0
9896.HK,D,20230330,000000,32.3,32.95,32.05,32.7,1164800,0
9896.HK,D,20230331,000000,34,36.5,34,35.85,1043400,0
9896.HK,D,20230403,000000,34.9,35.65,34.65,35.2,569600,0
9896.HK,D,20230404,000000,34,34.55,33.55,33.95,890000,0
9896.HK,D,20230406,000000,33.3,34,32.7,33.65,675800,0
9896.HK,D,20230411,000000,33.3,34.5,33.3,33.7,752800,0
9896.HK,D,20230412,000000,34,35,33.9,34.1,339000,0
9896.HK,D,20230413,000000,33.55,34.45,33.55,33.7,366202,0
9896.HK,D,20230414,000000,33.3,33.5,32.9,33.5,496800,0
9896.HK,D,20230417,000000,33.7,33.7,32.4,33.4,348000,0
9896.HK,D,20230418,000000,33.4,33.7,32.9,33.05,169200,0
9896.HK,D,20230419,000000,33.15,33.5,32.75,33.1,372400,0
9896.HK,D,20230420,000000,32.95,33.6,32.85,33.05,421400,0
9896.HK,D,20230421,000000,33.5,33.5,31.65,32.3,744800,0
9896.HK,D,20230424,000000,32.6,32.9,31.3,31.85,333000,0
9896.HK,D,20230425,000000,31.45,31.9,31.05,31.6,429000,0
9896.HK,D,20230426,000000,31.6,33.1,31.6,32.3,381600,0
9896.HK,D,20230427,000000,32.1,33,32,32.6,329600,0
9896.HK,D,20230428,000000,34.35,35,33.7,34.8,705258,0
9896.HK,D,20230502,000000,34.85,36,33.95,34.4,367600,0
9896.HK,D,20230503,000000,33.95,34.1,33,33.1,455600,0
9896.HK,D,20230504,000000,33.1,33.45,32.05,32.9,412000,0
9896.HK,D,20230505,000000,33.05,33.35,32.45,33.2,337600,0
9896.HK,D,20230508,000000,33.25,33.35,32.25,32.8,687200,0
9896.HK,D,20230509,000000,32,32,30.5,31.05,749800,0
9896.HK,D,20230510,000000,30.75,30.95,30.15,30.7,366400,0
9896.HK,D,20230511,000000,31.9,32.5,31.7,32.4,310058,0
9896.HK,D,20230512,000000,33.5,33.5,32.7,33,417400,0
9896.HK,D,20230515,000000,32.95,33.65,32.2,33.2,357200,0
9896.HK,D,20230516,000000,34.3,36.5,33.55,34.05,1399800,0
9896.HK,D,20230517,000000,33.85,35.9,33,33.8,2504400,0
9896.HK,D,20230518,000000,34.6,35.4,33.65,34.25,1313400,0
9896.HK,D,20230519,000000,31.95,33.05,31.2,32.3,2046000,0
9896.HK,D,20230522,000000,31.7,32.6,31.45,32.25,1060000,0
9896.HK,D,20230523,000000,33.3,34.4,33,33.25,1299800,0
9896.HK,D,20230524,000000,33.15,33.15,31.7,31.8,720200,0
9896.HK,D,20230525,000000,31,31.9,30.85,31.5,1869200,0
9896.HK,D,20230529,000000,29.8,30.95,29.3,30.35,1497400,0
9896.HK,D,20230530,000000,30.35,31.05,29.2,29.9,824400,0
9896.HK,D,20230531,000000,29.75,29.75,28.6,29.15,975000,0
9896.HK,D,20230601,000000,29.15,31.3,29.15,30.1,594200,0
9896.HK,D,20230602,000000,31,33,31,32.35,1259400,0
9896.HK,D,20230605,000000,32.15,32.8,31.8,32.3,759800,0
9896.HK,D,20230606,000000,32.5,32.6,31.75,32.1,968800,0
9896.HK,D,20230607,000000,33.5,34.35,33.5,34.2,447800,0
9896.HK,D,20230608,000000,34.3,34.95,33.5,34.75,706400,0
9896.HK,D,20230609,000000,34.7,35.35,34.35,35,455600,0
9896.HK,D,20230612,000000,34.75,34.75,33.35,34.1,459800,0
9896.HK,D,20230613,000000,34.1,35.45,33.9,34.6,1566400,0
9896.HK,D,20230614,000000,34.5,36,34.35,34.6,793400,0
9896.HK,D,20230615,000000,34.9,36.15,34.6,35.75,2400200,0
9896.HK,D,20230616,000000,35.5,35.5,34.5,34.95,747600,0
9896.HK,D,20230619,000000,34.9,34.95,32.35,33.95,668000,0
9896.HK,D,20230620,000000,33.4,34,32.85,33.3,257400,0
9896.HK,D,20230621,000000,32,32.7,31.4,31.5,978744,0
9896.HK,D,20230623,000000,30.35,31,30.3,30.5,162800,0
9896.HK,D,20230626,000000,30.55,31.6,30.55,31,685000,0
9896.HK,D,20230627,000000,31.9,33.25,31.85,32.9,969600,0
9896.HK,D,20230628,000000,33.25,34.15,33.25,34.15,315400,0
9896.HK,D,20230629,000000,32.85,33.5,32.35,32.55,417400,0
9896.HK,D,20230630,000000,32.35,33.55,32.35,33.05,413200,0
9896.HK,D,20230703,000000,33.05,34.5,33.05,34.25,680200,0
9896.HK,D,20230704,000000,34,34.8,34,34.6,459000,0
9896.HK,D,20230705,000000,34.3,34.65,33.7,33.7,409000,0
9896.HK,D,20230706,000000,32.8,33.9,32.7,33.1,406400,0
9896.HK,D,20230707,000000,32.7,32.75,31.65,32.55,861800,0
9896.HK,D,20230710,000000,32.85,34,32.85,33.35,1509400,0
9896.HK,D,20230711,000000,33.8,35.95,33.8,34.7,892000,0
9896.HK,D,20230712,000000,34.9,35.3,34.5,34.8,634200,0
9896.HK,D,20230713,000000,35.05,36.05,35.05,35.75,1364400,0
9896.HK,D,20230714,000000,37.4,38.5,37.15,37.6,1526868,0
9896.HK,D,20230718,000000,37,37,34.55,36.1,1154600,0
9896.HK,D,20230719,000000,35.65,36.05,35.05,35.75,738800,0
9896.HK,D,20230720,000000,35.55,36.6,35.05,35.3,697620,0
9896.HK,D,20230721,000000,34.95,36.45,30.35,36.25,1167600,0
9896.HK,D,20230724,000000,35.8,37.2,35.8,36.2,1177200,0
9896.HK,D,20230725,000000,39.5,40.5,39,40.4,2536500,0
9896.HK,D,20230726,000000,40.15,41.6,39.55,41.05,1299400,0
9896.HK,D,20230727,000000,41.5,42.3,40.6,41.1,683260,0
9896.HK,D,20230728,000000,40.3,40.9,39.1,40.75,1657140,0
9896.HK,D,20230731,000000,41,41.95,40.3,40.55,1136800,0
9896.HK,D,20230801,000000,41,41.8,39.95,40.6,1315316,0
9896.HK,D,20230802,000000,40.6,41.9,40,40.3,1054600,0
9896.HK,D,20230803,000000,39,40.55,39,39.95,947076,0
9896.HK,D,20230804,000000,41,41.8,40.55,41.1,1160200,0
9896.HK,D,20230807,000000,40.8,41.5,40.5,41.5,544200,0
9896.HK,D,20230808,000000,41.5,41.5,39.55,39.75,865600,0
9896.HK,D,20230809,000000,39.75,40.55,39.2,40.55,808000,0
9896.HK,D,20230810,000000,40.4,40.85,40.05,40.8,966000,0
9896.HK,D,20230811,000000,40,40,38.4,39,1265800,0
9896.HK,D,20230814,000000,38,38.15,36.15,38.15,1802800,0
9896.HK,D,20230815,000000,38.8,40,38.8,39.5,813000,0
9896.HK,D,20230816,000000,40.3,41.3,40.25,40.5,829756,0
9896.HK,D,20230817,000000,39.45,40.7,38.35,40.1,1708600,0
9896.HK,D,20230818,000000,39.8,40.5,39,39.25,853600,0
9896.HK,D,20230821,000000,39.3,39.95,38.85,39.2,978497,0
9896.HK,D,20230822,000000,39.5,42.8,39.4,42.05,2936788,0
9896.HK,D,20230823,000000,43.55,45,43.2,44.65,3175669,0
9896.HK,D,20230824,000000,45.55,47.75,45.4,47.2,2036189,0
9896.HK,D,20230825,000000,46.1,46.1,44.7,44.95,2529264,0
9896.HK,D,20230828,000000,45,47.1,45,46.25,2725900,0
9896.HK,D,20230829,000000,46.35,46.8,45.1,46.15,2184707,0
9896.HK,D,20230830,000000,50.95,52.05,48.9,49.9,3256822,0
9896.HK,D,20230831,000000,48.95,52.8,48.95,51.15,5188246,0
9896.HK,D,20230904,000000,51.15,56.2,51.15,54.9,4769385,0
9896.HK,D,20230905,000000,54.9,58.25,54.1,55.95,4755494,0
9896.HK,D,20230906,000000,52.4,55.05,52,52.9,6489197,0
9896.HK,D,20230907,000000,53.55,57.9,53.5,53.7,3947800,0
9896.HK,D,20230911,000000,52.85,55,51.55,53.75,3221800,0
9896.HK,D,20230912,000000,54.3,56.2,54.3,55.4,2056800,0
9896.HK,D,20230913,000000,55.15,55.85,54.5,54.9,1395400,0
9896.HK,D,20230914,000000,54.9,57.5,54.9,56.95,3034800,0
9896.HK,D,20230915,000000,58.3,59.85,57.6,58.45,2534420,0
9896.HK,D,20230918,000000,55.4,55.9,53.95,54.85,3907346,0
9896.HK,D,20230919,000000,52,53.15,51.5,52.25,3308900,0
9896.HK,D,20230920,000000,50.25,51.6,50.05,50.3,5843800,0
9896.HK,D,20230921,000000,50.15,51,49,49.2,2884686,0
9896.HK,D,20230922,000000,49.25,52.15,49,51.75,3042400,0
9896.HK,D,20230925,000000,50.75,51.4,49.6,49.95,3048570,0
9896.HK,D,20230926,000000,50.95,52.65,50.2,51.45,1999249,0
9896.HK,D,20230927,000000,51.95,52.2,51.35,51.65,943600,0
9896.HK,D,20230928,000000,49.8,50.65,49.4,49.55,1750311,0
9896.HK,D,20230929,000000,51,52.55,50.55,52.05,866400,0
9896.HK,D,20231003,000000,50.15,50.5,49.1,49.8,934600,0
9896.HK,D,20231004,000000,49.8,49.8,48.5,49.3,475000,0
9896.HK,D,20231005,000000,48.65,48.75,47.55,48.2,352300,0
9896.HK,D,20231006,000000,47.2,48.9,47.1,47.9,473400,0
9896.HK,D,20231009,000000,48.9,51.35,48.25,49.1,2514400,0
9896.HK,D,20231010,000000,50.8,52.9,50.8,52.15,2665600,0
9896.HK,D,20231011,000000,51.8,52.1,51.15,51.5,2687729,0
9896.HK,D,20231012,000000,51.15,51.35,50.3,50.85,1268800,0
9896.HK,D,20231013,000000,49,50.15,48.95,49.7,1853400,0
9896.HK,D,20231016,000000,50.45,51.15,49.8,49.85,953400,0
9896.HK,D,20231017,000000,49.85,52,49.65,50.9,2161800,0
9896.HK,D,20231018,000000,50.3,51.15,49.95,50.1,2247254,0
9896.HK,D,20231019,000000,50.95,50.95,49.05,50.15,1490200,0
9896.HK,D,20231020,000000,49.3,49.8,48,49.2,1566758,0
9896.HK,D,20231024,000000,49.2,51.4,49.2,50.85,2556800,0
9896.HK,D,20231025,000000,54.4,55.15,53.2,53.65,2793087,0
9896.HK,D,20231026,000000,52.7,53.1,51.05,51.05,2231640,0
9896.HK,D,20231027,000000,51.25,53.25,50.3,52.35,1466200,0
9896.HK,D,20231030,000000,51.3,52.65,50.4,52.3,1232633,0
9896.HK,D,20231031,000000,52.45,52.45,50.85,51.3,792800,0
9896.HK,D,20231101,000000,50.6,50.6,47.85,49.9,3255800,0
9896.HK,D,20231102,000000,50.6,51.3,49.65,50.2,1601600,0
9896.HK,D,20231103,000000,50.7,51.15,49.25,50.75,1668313,0
9896.HK,D,20231106,000000,52,53.65,52,53.25,2177600,0
9896.HK,D,20231107,000000,52.4,52.75,51.6,52.1,878000,0
9896.HK,D,20231108,000000,52.5,53.15,51.6,53.1,1303011,0
9896.HK,D,20231109,000000,52.45,52.85,51.85,52.6,800506,0
9896.HK,D,20231110,000000,50.95,50.95,49.05,49.45,2038800,0
9896.HK,D,20231113,000000,49.55,50.55,48.85,49.7,1257832,0
9896.HK,D,20231114,000000,49.85,50.55,49.1,49.75,801200,0
9896.HK,D,20231115,000000,50.65,52,50.15,51.9,1254200,0
9896.HK,D,20231116,000000,52.4,53.45,51.8,52.8,2294336,0
9896.HK,D,20231117,000000,52.5,53.2,50.6,51.5,1453700,0
9896.HK,D,20231120,000000,51.5,52.95,51.5,52.35,1292800,0
9896.HK,D,20231121,000000,53.5,56.9,53.5,54,4443100,0
9896.HK,D,20231122,000000,49,50.1,47.35,47.7,8381747,0
9896.HK,D,20231123,000000,46.7,48.6,45.6,48.15,3653443,0
9896.HK,D,20231124,000000,48.15,49.3,47.55,48.35,3153224,0
9896.HK,D,20231127,000000,48.7,50.5,47.7,49.95,2481154,0
9896.HK,D,20231128,000000,48.8,49.35,48.25,48.35,1822200,0
9896.HK,D,20231129,000000,48.95,49.8,48.75,49.75,2960212,0
9896.HK,D,20231130,000000,50.15,52.45,49.9,52.45,11334582,0
9896.HK,D,20231201,000000,49.75,49.8,48,48.25,4749800,0
9896.HK,D,20231204,000000,47.9,48.65,45.8,46.3,3547030,0
9896.HK,D,20231205,000000,41.3,41.3,34.1,39.8,19793236,0
9896.HK,D,20231206,000000,39.9,42.2,39.5,40.6,7047716,0
9896.HK,D,20231207,000000,40.55,41.9,40.4,40.8,3513005,0
9896.HK,D,20231208,000000,40.75,40.75,39.5,39.85,2875700,0
9896.HK,D,20231211,000000,38,38,36.45,37.7,6518414,0
9896.HK,D,20231212,000000,38.5,38.55,36.95,38.15,2261600,0
9896.HK,D,20231213,000000,38.15,38.45,37,37.85,1987459,0
9896.HK,D,20231214,000000,37.95,38.15,36.2,36.45,3465460,0
9896.HK,D,20231215,000000,36.2,37.05,35.15,36.65,4674886,0
9896.HK,D,20231218,000000,37,38.3,36.9,37.65,2666468,0
9896.HK,D,20231219,000000,37.55,38.15,37.15,37.85,1532200,0
9896.HK,D,20231220,000000,38.6,40.25,37.8,37.95,2953740,0
9896.HK,D,20231221,000000,37.4,37.9,36.95,37.65,2326621,0
9896.HK,D,20231222,000000,37.45,38.6,36.8,37.4,1131500,0
9896.HK,D,20231227,000000,37.85,38.9,37.85,38.55,1318986,0
9896.HK,D,20231228,000000,38.7,40.85,38.4,40.35,2080400,0
9896.HK,D,20231229,000000,39.9,40.35,39.1,40.15,1320499,0
9896.HK,D,20240102,000000,40.15,40.7,38.8,39.45,1232537,0
9896.HK,D,20240103,000000,39.3,39.3,38.15,39.15,1036467,0
9896.HK,D,20240104,000000,39.9,42.5,39.9,41.25,4903000,0
9896.HK,D,20240105,000000,42.8,44.1,41.75,42.45,5015000,0
9896.HK,D,20240108,000000,42,42.75,41.1,41.7,2142840,0
9896.HK,D,20240109,000000,42,42.2,40.25,40.75,1642118,0
9896.HK,D,20240110,000000,42.5,43.55,42.25,42.9,2942020,0
9896.HK,D,20240111,000000,42.25,44.5,42.25,43.85,2303082,0
9896.HK,D,20240112,000000,43.4,43.45,42.35,42.75,651306,0
9896.HK,D,20240115,000000,42.75,45.45,42.75,44.5,2202680,0
9896.HK,D,20240116,000000,44.4,45.25,42.65,44.3,2093008,0
9896.HK,D,20240117,000000,44.3,45.25,41.7,42.45,3756858,0
9896.HK,D,20240118,000000,41.4,42.7,39.25,42.4,5970651,0
9896.HK,D,20240119,000000,41.5,44,41.35,42.4,4454299,0
9896.HK,D,20240122,000000,41.6,41.6,39.25,40.1,3857710,0
9896.HK,D,20240123,000000,40.1,42.3,40,41.35,2156769,0
9896.HK,D,20240124,000000,41.15,41.35,39.15,40.95,2490776,0
9896.HK,D,20240125,000000,39.65,40.65,39.15,39.55,3613273,0
9896.HK,D,20240126,000000,39.75,39.75,37.35,37.8,4768318,0
9896.HK,D,20240129,000000,38.3,39.4,36.8,37.2,4680348,0
9896.HK,D,20240130,000000,34,34.1,30.9,32.95,8745152,0
9896.HK,D,20240131,000000,33.4,33.5,32,32.6,3166794,0
9896.HK,D,20240201,000000,32.9,34.9,32.4,33.8,2956297,0
9896.HK,D,20240202,000000,34,34.4,32.05,32.4,2859776,0
9896.HK,D,20240205,000000,32.2,33.1,31.55,32.95,2339282,0
9896.HK,D,20240206,000000,31.95,33.65,31.4,33.3,5275812,0
9896.HK,D,20240207,000000,32.65,33.4,31.45,31.85,4002650,0
9896.HK,D,20240208,000000,31.7,32.5,31.2,31.85,2415605,0
9896.HK,D,20240209,000000,31.4,32.15,31,31.85,326840,0
9896.HK,D,20240214,000000,31.5,32.9,30.75,32.85,829371,0
9896.HK,D,20240215,000000,32.85,32.9,32,32.5,835104,0
9896.HK,D,20240216,000000,32.5,34.75,32.5,34.65,1329250,0
9896.HK,D,20240219,000000,35.05,37.05,34.4,36.45,5158551,0
9896.HK,D,20240220,000000,36.2,36.9,35.4,36.55,2297208,0
9896.HK,D,20240221,000000,36.6,37.55,35.05,36.8,3165718,0
9896.HK,D,20240222,000000,36.8,38.35,36.4,38.15,4561612,0
9896.HK,D,20240223,000000,38.15,38.45,37.45,38.3,2354200,0
9896.HK,D,20240226,000000,37.9,37.9,35.7,36.2,4708862,0
9896.HK,D,20240227,000000,36.2,37.3,35.7,37,1950070,0
9896.HK,D,20240228,000000,37,37.8,35.55,35.8,1626600,0
9896.HK,D,20240229,000000,35.8,37.05,35.65,36.45,4391405,0
9896.HK,D,20240301,000000,36.5,37.05,35.65,36.95,1990065,0
9896.HK,D,20240304,000000,36.75,39,36.65,37,2436400,0
9896.HK,D,20240305,000000,36.2,36.4,34.55,34.9,3179615,0
9896.HK,D,20240306,000000,35.1,35.95,34.2,35,3447800,0
9896.HK,D,20240307,000000,35.1,35.1,32.7,33.3,4206800,0
9896.HK,D,20240308,000000,33.5,34.05,32.25,33.5,3475310,0
9896.HK,D,20240311,000000,33.5,34.8,33.05,34.65,2550508,0
9896.HK,D,20240312,000000,35.2,41,34.8,40.05,9398157,0
9896.HK,D,20240313,000000,36.2,38.85,35.5,37.7,18201099,0
9896.HK,D,20240314,000000,39.3,39.85,37.9,38.45,6321000,0
9896.HK,D,20240315,000000,38.75,38.95,37.55,37.8,6128255,0
9896.HK,D,20240318,000000,39,40.2,38.45,39.7,4481523,0
9896.HK,D,20240319,000000,39.7,40.75,39.35,39.95,3555545,0
9896.HK,D,20240320,000000,40.75,41.8,39.85,41.45,4763448,0
9896.HK,D,20240321,000000,41.45,43.95,41.1,43.25,7205338,0
9896.HK,D,20240322,000000,42.05,42.2,40.9,41.45,4360167,0
9896.HK,D,20240325,000000,41.45,41.6,40.2,40.7,2428841,0
9896.HK,D,20240326,000000,41.85,41.85,39.25,39.65,2925203,0
9896.HK,D,20240327,000000,39.05,40.1,38.1,39.1,2087000,0
9896.HK,D,20240328,000000,39.9,41.3,39.15,40.25,2203149,0
9896.HK,D,20240402,000000,41.75,43.2,41.75,42.45,3602310,0
9896.HK,D,20240403,000000,42.45,42.45,41,41.3,2095711,0
9896.HK,D,20240405,000000,41.5,41.5,39.9,41.05,693094,0
9896.HK,D,20240408,000000,41.65,43.5,41.3,42.1,2926636,0
9896.HK,D,20240409,000000,42.1,42.85,41.55,42.3,2311630,0
9896.HK,D,20240410,000000,42.2,43.5,41.35,42.75,3554200,0
9896.HK,D,20240411,000000,42.2,42.8,41.6,42.3,2235800,0
9896.HK,D,20240412,000000,42.5,43.8,42.4,43.45,4943970,0
9896.HK,D,20240415,000000,41.9,42.75,41.6,42.1,4207960,0
9896.HK,D,20240416,000000,40.85,40.95,39.3,39.5,4475819,0
9896.HK,D,20240417,000000,37.75,39.2,37,38.85,9208557,0
9896.HK,D,20240418,000000,40.45,42,40.1,40.7,3696614,0
9896.HK,D,20240419,000000,40.9,41.75,39.25,40.35,2946937,0
9896.HK,D,20240422,000000,40.2,41.4,40.2,40.75,2884167,0
9896.HK,D,20240423,000000,41.2,43.8,41.2,42.9,4309566,0
9896.HK,D,20240424,000000,43.1,45.35,43,45.05,5324688,0
9896.HK,D,20240425,000000,44.8,45.2,43.6,43.8,3055879,0
9896.HK,D,20240426,000000,43.8,47.2,43.2,47.1,6084006,0
9896.HK,D,20240429,000000,47.1,47.1,45.7,46.05,3387239,0
9896.HK,D,20240430,000000,46.05,46.05,44.7,45.15,2608617,0
9896.HK,D,20240502,000000,44.3,46.15,43.25,45.5,1484983,0
9896.HK,D,20240503,000000,47,49.45,46.65,47.1,1114505,0
9896.HK,D,20240506,000000,47.5,47.5,46.05,46.75,3138600,0
9896.HK,D,20240507,000000,47.4,48.95,46.7,48,3971244,0
9896.HK,D,20240508,000000,47.95,48.3,46.4,46.45,2556379,0
9896.HK,D,20240509,000000,47.4,49.65,46.9,49.2,3477860,0
9896.HK,D,20240510,000000,49.15,49.6,48.55,48.75,1621480,0
9896.HK,D,20240513,000000,48.6,50.4,47.55,49.55,3515992,0
9896.HK,D,20240514,000000,49.3,51.35,47.35,49.35,5619038,0
9896.HK,D,20240516,000000,48.95,49,46.4,48.05,9057864,0
9896.HK,D,20240517,000000,48.3,48.95,46.5,47.35,3691400,0
9896.HK,D,20240520,000000,47.3,47.4,45.75,46.55,3507270,0
9896.HK,D,20240521,000000,45.5,45.5,43.8,44.55,5446544,0
9896.HK,D,20240522,000000,44.75,45.35,44.25,44.45,1949778,0
9896.HK,D,20240523,000000,43.05,44.5,43.05,43.45,2493529,0
9896.HK,D,20240524,000000,43.4,43.9,42.95,43.25,1325739,0
9896.HK,D,20240527,000000,44.6,44.65,43.25,44.4,2515753,0
9896.HK,D,20240528,000000,45,46.05,44.15,45.4,4338500,0
9896.HK,D,20240529,000000,46.55,46.55,44.9,45.1,1911059,0
9896.HK,D,20240530,000000,45.1,46.95,44.9,46.5,4032243,0
9896.HK,D,20240531,000000,46.8,47.4,44.8,44.8,5678305,0
9896.HK,D,20240603,000000,44.3,45.8,43.85,45.1,3719521,0
9896.HK,D,20240604,000000,44.85,46.5,44.1,45.2,2710726,0
9896.HK,D,20240605,000000,45.2,45.55,43.15,43.55,4013187,0
9896.HK,D,20240606,000000,43.1,43.15,41.25,42,6678400,0
9896.HK,D,20240607,000000,42.35,43.15,41.85,42.75,3640906,0
9896.HK,D,20240611,000000,42.75,43.4,41.35,41.75,1783416,0
9896.HK,D,20240612,000000,41.75,41.85,40.4,40.7,2656800,0
9896.HK,D,20240613,000000,41.9,43.4,41.4,41.95,2546600,0
9896.HK,D,20240614,000000,42.45,42.9,40.1,40.25,3719300,0
9896.HK,D,20240617,000000,40.05,41.3,39.25,40.85,1797800,0
9896.HK,D,20240618,000000,41.1,41.25,40,40.25,1985188,0
9896.HK,D,20240619,000000,39.6,41,39.6,40.55,1923342,0
9896.HK,D,20240620,000000,41.3,41.3,39.7,40,1409072,0
9896.HK,D,20240621,000000,40.45,40.8,39.3,39.75,3922645,0
9896.HK,D,20240624,000000,39.8,40.15,39.1,39.75,1692102,0
9896.HK,D,20240625,000000,39.2,39.65,38.25,38.4,2735600,0
9896.HK,D,20240626,000000,38.1,38.4,37.2,38.3,3092928,0
9896.HK,D,20240627,000000,38.2,38.2,36.85,37.35,3208264,0
9896.HK,D,20240628,000000,37.25,38.1,36.65,37.45,1748654,0
9896.HK,D,20240702,000000,37.45,37.45,36.1,36.85,4764525,0
9896.HK,D,20240703,000000,36.6,36.6,35.4,36,6017000,0
9896.HK,D,20240704,000000,36.7,37.9,35.75,35.75,2898140,0
9896.HK,D,20240705,000000,36,37.55,35.1,35.85,1922600,0
9896.HK,D,20240708,000000,35.65,35.75,34.35,34.9,2473550,0
9896.HK,D,20240709,000000,34.35,35.8,34.2,35.45,2529918,0
9896.HK,D,20240710,000000,36.1,37.2,35.65,37.05,5236800,0
9896.HK,D,20240711,000000,37.4,39.2,37.4,38.3,3602696,0
9896.HK,D,20240712,000000,38.3,38.85,37.4,38,2070800,0
9896.HK,D,20240715,000000,37.65,37.75,36.2,36.45,4123094,0
9896.HK,D,20240716,000000,36.45,36.45,35.1,35.4,2588826,0
9896.HK,D,20240717,000000,34.95,35.15,34.35,34.7,2535160,0
9896.HK,D,20240718,000000,34.8,35.2,34.2,34.75,1463545,0
9896.HK,D,20240719,000000,34.4,34.4,33.2,33.65,3696400,0
9896.HK,D,20240722,000000,33.65,35.2,33.1,35.05,3422188,0
9896.HK,D,20240723,000000,35.7,36.35,34.9,34.95,2180633,0
9896.HK,D,20240724,000000,34.7,35.9,33.9,34.2,1920740,0
9896.HK,D,20240725,000000,33.6,33.6,32.2,33.25,3099709,0
9896.HK,D,20240726,000000,32.95,33.25,32,32.55,3938084,0
9896.HK,D,20240729,000000,33,33.25,32.15,32.45,2099522,0
9896.HK,D,20240730,000000,32,32.15,31.5,31.7,1709410,0
9896.HK,D,20240731,000000,31.7,33.1,31.5,33.05,3564995,0
9896.HK,D,20240801,000000,33.1,33.15,31.9,32.3,1588059,0
9896.HK,D,20240802,000000,31.2,31.2,29.95,30.55,3014347,0
9896.HK,D,20240805,000000,30.55,30.7,28.75,29.1,6120836,0
9896.HK,D,20240806,000000,29.65,30,28.65,29.1,2873610,0
9896.HK,D,20240807,000000,29.15,30.4,29.1,30.05,2343448,0
9896.HK,D,20240808,000000,30.2,30.7,29,30.2,2415938,0
9896.HK,D,20240809,000000,30.3,31.5,30.3,30.5,2928400,0
9896.HK,D,20240812,000000,30.5,31.2,30.45,30.9,665992,0
9896.HK,D,20240813,000000,31.05,31.05,30.2,30.75,745039,0
9896.HK,D,20240814,000000,30.75,30.8,29.45,29.75,2697374,0
9896.HK,D,20240815,000000,29.5,29.55,28.2,28.7,5437000,0
9896.HK,D,20240816,000000,29,29.8,29,29.35,1126424,0
9896.HK,D,20240819,000000,29.8,30.6,29.3,29.9,2729000,0
9896.HK,D,20240820,000000,30.1,30.45,29.4,29.75,2273600,0
9896.HK,D,20240821,000000,28.8,29.75,28.25,29.7,2087903,0
9896.HK,D,20240822,000000,30,32.15,30,31.75,4814699,0
9896.HK,D,20240823,000000,31.05,31.55,30.7,31.15,2804092,0
9896.HK,D,20240826,000000,31.15,32.4,31.15,32.05,3291977,0
9896.HK,D,20240827,000000,32,32.05,30.75,31.4,3305050,0
9896.HK,D,20240828,000000,30.5,30.65,29.85,30.45,2622800,0
9896.HK,D,20240829,000000,30,31.8,29.35,31.4,4428696,0
9896.HK,D,20240830,000000,32.1,34.2,32.1,32.9,6407018,0
9896.HK,D,20240902,000000,32.5,35.4,32.05,34,8154088,0
9896.HK,D,20240903,000000,33.85,34.75,33.15,33.2,3882921,0
9896.HK,D,20240904,000000,33.2,34.7,33.2,34,5395124,0
9896.HK,D,20240905,000000,33.3,33.5,32.05,32.55,6200592,0
9896.HK,D,20240909,000000,32,32.85,31.3,32.3,7335831,0
9896.HK,D,20240910,000000,32.4,33.3,31.9,32.8,3620067,0
9896.HK,D,20240911,000000,32.8,32.8,31.65,32.45,3346600,0
9896.HK,D,20240912,000000,32.1,32.45,30.85,31.3,4658000,0
9896.HK,D,20240913,000000,30.8,32.1,30.5,30.65,3771204,0
9896.HK,D,20240916,000000,30.65,30.65,29.6,30.2,1496595,0
9896.HK,D,20240917,000000,29.5,29.5,28.5,29.1,2600840,0
9896.HK,D,20240919,000000,29.85,32.6,29.85,31.65,8816415,0
9896.HK,D,20240920,000000,32.55,34.15,32,33.45,6957616,0
9896.HK,D,20240923,000000,32.35,33.95,32.35,32.9,5692000,0
9896.HK,D,20240924,000000,28,28,20,25.05,97871236,0
9896.HK,D,20240925,000000,25.9,27.2,25.05,27.05,40624286,0
9896.HK,D,20240926,000000,27.1,30.95,26.55,29.85,32998715,0
9896.HK,D,20240927,000000,30.8,35,30,33.05,30307621,0
9896.HK,D,20240930,000000,36,39.85,35,37.15,38418789,0
9896.HK,D,20241002,000000,37.5,39.3,36.9,38.7,14989378,0
9896.HK,D,20241003,000000,37.3,37.85,34.5,35.85,11254169,0
9896.HK,D,20241004,000000,37.15,39.3,36.8,39.25,5736139,0
9896.HK,D,20241007,000000,42.65,43,40.85,41.5,8102418,0
9896.HK,D,20241008,000000,39.75,39.75,33.9,34.35,33251952,0
9896.HK,D,20241009,000000,36.45,36.95,32.95,34.75,20067514,0
9896.HK,D,20241010,000000,35.35,35.75,33.5,34.7,12057694,0
9896.HK,D,20241014,000000,34.4,35.5,33,35.25,9594048,0
9896.HK,D,20241015,000000,35.45,35.8,33.45,34,7483886,0
9896.HK,D,20241016,000000,32.8,33.7,31.25,32.25,11813062,0
9896.HK,D,20241017,000000,32.25,32.65,30,30.45,9532278,0
9896.HK,D,20241018,000000,29.95,31.95,29.45,31.35,10264636,0
9896.HK,D,20241021,000000,32.05,34.2,32.05,32.75,7838365,0
9896.HK,D,20241022,000000,32.4,33.9,31.75,33.6,6466578,0
9896.HK,D,20241023,000000,34.8,36.1,34.2,35.8,13282014,0
9896.HK,D,20241024,000000,35.45,36.9,35.05,35.15,11058534,0
9896.HK,D,20241025,000000,35.35,35.4,33.75,34.05,6814478,0
9896.HK,D,20241028,000000,34,37.4,33.75,36.65,15293440,0
9896.HK,D,20241029,000000,37.5,38.9,36.65,37.95,13698250,0
9896.HK,D,20241030,000000,37.7,40.3,37.25,38.85,19368521,0
9896.HK,D,20241031,000000,39.5,39.8,37.6,39.5,10696232,0
9896.HK,D,20241101,000000,38.9,39.3,37.85,38.7,7766000,0
9896.HK,D,20241104,000000,39.2,39.45,37.6,38.55,9379703,0
9896.HK,D,20241105,000000,38.6,39,37.7,38.2,8833861,0
9896.HK,D,20241106,000000,37,37.25,35.15,36.05,17859722,0
9896.HK,D,20241107,000000,35.25,38.5,35.25,37.25,9093793,0
9896.HK,D,20241108,000000,39,39.8,38.15,38.5,12707412,0
9896.HK,D,20241111,000000,37.2,38.5,36.95,37.95,6252200,0
9896.HK,D,20241112,000000,37.35,37.7,34.95,35.45,10698277,0
9896.HK,D,20241113,000000,35.45,35.45,33.6,34.45,8367912,0
9896.HK,D,20241114,000000,34.3,35.25,33.5,33.8,6366200,0
9896.HK,D,20241115,000000,33.3,33.6,32.45,33.25,8557741,0
9896.HK,D,20241118,000000,34,34.8,33.8,34.25,4150123,0
9896.HK,D,20241119,000000,34.45,35.2,34.2,34.7,3442800,0
9896.HK,D,20241120,000000,34.5,34.8,34.15,34.4,2209778,0
9896.HK,D,20241121,000000,34.5,34.6,33.55,33.75,4760460,0
9896.HK,D,20241122,000000,33.5,33.65,31.55,32.1,9941205,0
9896.HK,D,20241125,000000,32.05,32.7,31.7,32.55,5472807,0
9896.HK,D,20241126,000000,32.7,34.8,32.55,34.1,7720471,0
9896.HK,D,20241127,000000,34.1,37,33.9,36.8,10609476,0
9896.HK,D,20241128,000000,36.8,36.8,35.15,35.7,6392972,0
9896.HK,D,20241129,000000,35.7,39.1,35.7,38.7,16315890,0
9896.HK,D,20241202,000000,39.25,46.2,39.15,45.75,42686787,0
9896.HK,D,20241203,000000,45.75,47.75,43.9,44.95,24563601,0
9896.HK,D,20241204,000000,48.2,48.4,45.7,47.2,16374594,0
9896.HK,D,20241205,000000,46.35,47.55,44.7,47.05,9873354,0
9896.HK,D,20241206,000000,47.5,48.4,46.45,47.4,5705070,0
9896.HK,D,20241209,000000,47.4,47.4,44.15,47.05,13351870,0
9896.HK,D,20241210,000000,47.45,48.25,44.7,45.65,11688602,0
9896.HK,D,20241211,000000,45.15,46.65,44.8,45.7,6647153,0
9896.HK,D,20241212,000000,45.4,48.4,45.1,47.75,10411900,0
9896.HK,D,20241213,000000,47.8,48.65,46.3,46.8,6601758,0
9896.HK,D,20241216,000000,46.8,49.5,46.3,47.65,9143660,0
9896.HK,D,20241217,000000,48.1,48.45,46,46.25,8097566,0
9896.HK,D,20241218,000000,46.7,46.95,45.4,46.3,4312129,0
9896.HK,D,20241219,000000,45.05,46,44.75,45.6,4786664,0
9896.HK,D,20241220,000000,45.55,47.25,44.4,45.1,11651657,0
9896.HK,D,20241223,000000,45.1,46.55,44.7,46.4,3500039,0
9896.HK,D,20241224,000000,47.1,49.25,46.4,48.6,6514496,0
9896.HK,D,20241227,000000,48.8,48.8,46.75,46.9,6533746,0
9896.HK,D,20241230,000000,47,48.4,46.7,47.5,4972120,0
9896.HK,D,20241231,000000,47.5,47.5,45.9,47.05,2817663,0
9896.HK,D,20250102,000000,46.9,48.8,46.05,47.9,5729801,0
9896.HK,D,20250103,000000,49,54.5,49,52.05,17390169,0
9896.HK,D,20250106,000000,53.95,55,49.8,51.05,12388573,0
9896.HK,D,20250107,000000,47.3,48.75,46.8,48.4,29351963,0
9896.HK,D,20250108,000000,48.55,50.1,47.9,48.35,9384655,0
9896.HK,D,20250109,000000,48.35,48.75,47.5,48.6,4463040,0
9896.HK,D,20250110,000000,48.8,48.8,47.1,47.5,4033012,0
9896.HK,D,20250113,000000,46.85,47,44.85,45.3,10914765,0
9896.HK,D,20250114,000000,45,46,44.45,45.65,6877222,0
9896.HK,D,20250115,000000,45.65,45.65,42.25,43.65,12718749,0
9896.HK,D,20250116,000000,44.2,45.6,42.8,45.5,9213128,0
9896.HK,D,20250117,000000,45.3,46.35,44.9,45,3501100,0
9896.HK,D,20250120,000000,45.7,48,45.7,47.35,9324289,0
9896.HK,D,20250121,000000,48,48.1,46.15,47.85,5687157,0
9896.HK,D,20250122,000000,46.8,46.95,45.15,45.55,7263792,0
9896.HK,D,20250123,000000,46,46.2,43.5,44,6708058,0
9896.HK,D,20250124,000000,43.8,45.4,43.2,44.75,3750800,0
9896.HK,D,20250127,000000,45.6,46.8,44.9,45.25,2927077,0
9896.HK,D,20250128,000000,46,46,44.35,44.9,679035,0
9896.HK,D,20250203,000000,44.1,44.75,43.5,44.4,2553899,0
9896.HK,D,20250204,000000,44.95,46.7,44.7,46.65,2513445,0
9896.HK,D,20250205,000000,46.2,46.25,44.45,44.9,3875200,0
9896.HK,D,20250206,000000,44.5,45,43.6,44.95,5196619,0
9896.HK,D,20250207,000000,45,46.2,44.15,45,5571170,0
9896.HK,D,20250210,000000,45.6,45.95,44.5,45.15,6046904,0
9896.HK,D,20250211,000000,45.7,45.75,43.25,43.6,6360318,0
9896.HK,D,20250212,000000,43.5,44.2,42.4,42.95,9759230,0
9896.HK,D,20250213,000000,43.4,45.2,42.9,43.05,7721498,0
9896.HK,D,20250214,000000,43.85,45.15,43.7,44.8,6192600,0
9896.HK,D,20250217,000000,44.75,45.8,44.2,44.5,5912550,0
9896.HK,D,20250218,000000,45,45.45,43.6,44.15,6148870,0
9896.HK,D,20250219,000000,43.7,44.15,42.75,43,7934924,0
9896.HK,D,20250220,000000,43,44.35,42.8,43.15,4243783,0
9896.HK,D,20250221,000000,44.25,44.25,41.6,42,11392474,0
9896.HK,D,20250224,000000,39.9,40.2,37.7,40.2,25630849,0
9896.HK,D,20250225,000000,39,40.35,38.85,39.85,8814933,0
9896.HK,D,20250226,000000,40.8,41.45,40.2,40.65,7014500,0
9896.HK,D,20250227,000000,40.65,41.6,39.9,40.6,5943200,0
9896.HK,D,20250228,000000,40.65,41.2,39.3,39.6,10756099,0
9896.HK,D,20250303,000000,39.95,40.65,39.05,39.8,6306561,0
9896.HK,D,20250304,000000,38.9,41.15,38.2,39.75,7916334,0
9896.HK,D,20250305,000000,40.1,40.4,38.7,39,10563000,0
9896.HK,D,20250306,000000,39.75,39.8,38,39,14776640,0
9896.HK,D,20250307,000000,38,39,36.8,38.5,11521425,0
9896.HK,D,20250310,000000,39.25,39.25,37.5,38.45,6516010,0
9896.HK,D,20250311,000000,37.65,39.1,37.6,39,6715606,0
9896.HK,D,20250312,000000,39.45,42.45,39,41.25,17391396,0
9896.HK,D,20250313,000000,41.25,41.9,38.1,38.7,10977710,0
9896.HK,D,20250314,000000,38.65,40.6,38,40.35,10236457,0
9896.HK,D,20250317,000000,41.9,43.1,41.05,41.45,15738235,0
9896.HK,D,20250318,000000,42.3,42.5,40.8,42,12511970,0
9896.HK,D,20250319,000000,41.65,41.95,40.6,41.8,7104480,0
9896.HK,D,20250320,000000,42.4,42.6,40.7,40.85,6106719,0
9896.HK,D,20250321,000000,40.8,41.25,38.6,39.5,9586206,0
9896.HK,D,20250324,000000,37.6,37.6,35.1,35.65,31759747,0
9896.HK,D,20250325,000000,35.8,36.8,35.4,36.2,8991756,0
9896.HK,D,20250326,000000,36.2,37.35,35.5,36.75,8445890,0
9896.HK,D,20250327,000000,37,38.6,36.75,37.7,10535262,0
9896.HK,D,20250328,000000,38.15,38.65,36.8,36.9,7264225,0
9896.HK,D,20250331,000000,36.35,36.8,34.8,35.95,10856861,0
9896.HK,D,20250401,000000,36.2,37.7,36.1,36.85,6415987,0
9896.HK,D,20250402,000000,37.2,38.2,36.7,37.65,5141423,0
9896.HK,D,20250403,000000,36.1,36.2,34.6,35.45,13827947,0
9896.HK,D,20250407,000000,30.75,31.75,28.5,29.05,28661000,0
9896.HK,D,20250408,000000,30,30.75,28.7,29.9,14365883,0
9896.HK,D,20250409,000000,27.9,29.5,27.05,29.3,23170077,0
9896.HK,D,20250410,000000,31.5,31.7,30.3,30.95,18364254,0
9896.HK,D,20250411,000000,30.3,30.95,29.8,30.35,11703450,0
9896.HK,D,20250414,000000,30.75,31.7,30.65,31.35,7494039,0
9896.HK,D,20250415,000000,31.6,33,31.6,32.6,9063999,0
9896.HK,D,20250416,000000,32.55,32.55,30,30.3,8567500,0
9896.HK,D,20250417,000000,30.2,30.65,29.8,30.55,4254797,0
