<TICKER>,<PER>,<DATE>,<TIME>,<OPEN>,<HIGH>,<LOW>,<CLOSE>,<VOL>,<OPENINT>
9913.HK,D,20200814,000000,0.385,0.49,0.385,0.425,108128000,0
9913.HK,D,20200817,000000,0.42,0.485,0.41,0.465,27384000,0
9913.HK,D,20200818,000000,0.475,0.68,0.475,0.67,118729600,0
9913.HK,D,20200819,000000,0.66,0.73,0.53,0.67,115721600,0
9913.HK,D,20200820,000000,0.67,0.67,0.59,0.61,36636000,0
9913.HK,D,20200821,000000,0.64,0.64,0.53,0.55,28406000,0
9913.HK,D,20200824,000000,0.54,0.57,0.48,0.48,15560000,0
9913.HK,D,20200825,000000,0.475,0.54,0.475,0.49,13356000,0
9913.HK,D,20200826,000000,0.49,0.49,0.405,0.445,19864000,0
9913.HK,D,20200827,000000,0.445,0.455,0.425,0.44,5824000,0
9913.HK,D,20200828,000000,0.45,0.495,0.44,0.455,12832000,0
9913.HK,D,20200831,000000,0.455,0.48,0.42,0.445,6820000,0
9913.HK,D,20200901,000000,0.425,0.44,0.4,0.41,7748000,0
9913.HK,D,20200902,000000,0.41,0.41,0.38,0.38,7724000,0
9913.HK,D,20200903,000000,0.38,0.4,0.375,0.39,4000000,0
9913.HK,D,20200904,000000,0.39,0.395,0.365,0.385,3484000,0
9913.HK,D,20200907,000000,0.385,0.46,0.375,0.415,13492000,0
9913.HK,D,20200908,000000,0.415,0.415,0.39,0.405,1832000,0
9913.HK,D,20200909,000000,0.405,0.41,0.385,0.4,564000,0
9913.HK,D,20200910,000000,0.4,0.415,0.385,0.385,960000,0
9913.HK,D,20200911,000000,0.365,0.39,0.365,0.385,876000,0
9913.HK,D,20200914,000000,0.385,0.395,0.375,0.38,1052000,0
9913.HK,D,20200915,000000,0.375,0.435,0.36,0.4,11108000,0
9913.HK,D,20200916,000000,0.4,0.4,0.385,0.395,1200000,0
9913.HK,D,20200917,000000,0.395,0.395,0.38,0.385,960000,0
9913.HK,D,20200918,000000,0.38,0.39,0.38,0.38,476000,0
9913.HK,D,20200921,000000,0.38,0.395,0.35,0.365,1928000,0
9913.HK,D,20200922,000000,0.36,0.36,0.35,0.355,636000,0
9913.HK,D,20200923,000000,0.355,0.36,0.35,0.355,1180000,0
9913.HK,D,20200924,000000,0.35,0.35,0.33,0.335,2320000,0
9913.HK,D,20200925,000000,0.34,0.35,0.33,0.33,1804000,0
9913.HK,D,20200928,000000,0.33,0.335,0.325,0.33,924000,0
9913.HK,D,20200929,000000,0.33,0.34,0.33,0.33,788000,0
9913.HK,D,20200930,000000,0.33,0.345,0.33,0.34,472000,0
9913.HK,D,20201005,000000,0.335,0.375,0.335,0.37,730000,0
9913.HK,D,20201006,000000,0.37,0.44,0.37,0.41,9546000,0
9913.HK,D,20201007,000000,0.41,0.495,0.41,0.47,15530000,0
9913.HK,D,20201008,000000,0.47,0.48,0.43,0.46,5480000,0
9913.HK,D,20201009,000000,0.46,0.48,0.44,0.445,2600000,0
9913.HK,D,20201012,000000,0.42,0.43,0.41,0.42,1648000,0
9913.HK,D,20201014,000000,0.41,0.41,0.36,0.38,3680000,0
9913.HK,D,20201015,000000,0.38,0.38,0.36,0.365,1132000,0
9913.HK,D,20201016,000000,0.365,0.4,0.36,0.4,748000,0
9913.HK,D,20201019,000000,0.4,0.4,0.38,0.38,284000,0
9913.HK,D,20201020,000000,0.37,0.375,0.33,0.345,1560000,0
9913.HK,D,20201021,000000,0.35,0.39,0.35,0.39,1012000,0
9913.HK,D,20201022,000000,0.37,0.38,0.365,0.375,268000,0
9913.HK,D,20201023,000000,0.37,0.375,0.365,0.375,1044000,0
9913.HK,D,20201027,000000,0.365,0.38,0.365,0.37,1692000,0
9913.HK,D,20201028,000000,0.375,0.385,0.37,0.385,692000,0
9913.HK,D,20201029,000000,0.385,0.44,0.385,0.41,7000000,0
9913.HK,D,20201030,000000,0.41,0.47,0.41,0.44,11812000,0
9913.HK,D,20201102,000000,0.435,0.46,0.415,0.445,3024000,0
9913.HK,D,20201103,000000,0.44,0.445,0.415,0.425,2468000,0
9913.HK,D,20201104,000000,0.42,0.445,0.42,0.44,2840000,0
9913.HK,D,20201105,000000,0.44,0.54,0.44,0.53,33220000,0
9913.HK,D,20201106,000000,0.53,0.54,0.48,0.53,9234000,0
9913.HK,D,20201109,000000,0.53,0.54,0.495,0.5,4248000,0
9913.HK,D,20201110,000000,0.495,0.55,0.495,0.53,11032000,0
9913.HK,D,20201111,000000,0.51,0.55,0.51,0.54,3444000,0
9913.HK,D,20201112,000000,0.53,0.62,0.52,0.58,15204000,0
9913.HK,D,20201113,000000,0.58,0.59,0.53,0.53,3318000,0
9913.HK,D,20201116,000000,0.53,0.56,0.52,0.53,7846000,0
9913.HK,D,20201117,000000,0.53,0.55,0.49,0.49,5324000,0
9913.HK,D,20201118,000000,0.49,0.495,0.43,0.46,12836000,0
9913.HK,D,20201119,000000,0.45,0.475,0.45,0.47,5856000,0
9913.HK,D,20201120,000000,0.465,0.48,0.455,0.47,4156000,0
9913.HK,D,20201123,000000,0.46,0.465,0.455,0.46,3212000,0
9913.HK,D,20201124,000000,0.455,0.49,0.455,0.49,3860000,0
9913.HK,D,20201125,000000,0.49,0.54,0.485,0.53,5724000,0
9913.HK,D,20201126,000000,0.53,0.53,0.49,0.52,4688000,0
9913.HK,D,20201127,000000,0.52,0.54,0.5,0.51,6748000,0
9913.HK,D,20201130,000000,0.52,0.53,0.48,0.495,3936000,0
9913.HK,D,20201201,000000,0.485,0.49,0.465,0.465,5280000,0
9913.HK,D,20201202,000000,0.465,0.475,0.45,0.475,4852000,0
9913.HK,D,20201203,000000,0.465,0.52,0.465,0.49,8740000,0
9913.HK,D,20201204,000000,0.485,0.5,0.475,0.485,2804000,0
9913.HK,D,20201207,000000,0.48,0.48,0.47,0.475,2818000,0
9913.HK,D,20201208,000000,0.475,0.49,0.47,0.47,3292000,0
9913.HK,D,20201209,000000,0.465,0.475,0.46,0.465,3620000,0
9913.HK,D,20201210,000000,0.46,0.46,0.44,0.45,3352000,0
9913.HK,D,20201211,000000,0.455,0.465,0.455,0.455,3704000,0
9913.HK,D,20201214,000000,0.45,0.46,0.44,0.455,3560000,0
9913.HK,D,20201215,000000,0.455,0.455,0.44,0.455,5052000,0
9913.HK,D,20201216,000000,0.465,0.485,0.46,0.47,3648000,0
9913.HK,D,20201217,000000,0.48,0.485,0.46,0.47,3670000,0
9913.HK,D,20201218,000000,0.495,0.495,0.46,0.465,2952000,0
9913.HK,D,20201221,000000,0.46,0.46,0.445,0.46,5032000,0
9913.HK,D,20201222,000000,0.455,0.455,0.435,0.44,2756000,0
9913.HK,D,20201223,000000,0.44,0.465,0.44,0.44,6088000,0
9913.HK,D,20201224,000000,0.46,0.47,0.445,0.46,2880000,0
9913.HK,D,20201228,000000,0.44,0.46,0.44,0.45,4128000,0
9913.HK,D,20201229,000000,0.45,0.45,0.43,0.43,3528000,0
9913.HK,D,20201230,000000,0.435,0.45,0.425,0.45,4540000,0
9913.HK,D,20201231,000000,0.46,0.465,0.43,0.46,6640000,0
9913.HK,D,20210104,000000,0.46,0.46,0.44,0.445,4592000,0
9913.HK,D,20210105,000000,0.435,0.44,0.425,0.435,3092000,0
9913.HK,D,20210106,000000,0.435,0.44,0.42,0.425,2856000,0
9913.HK,D,20210107,000000,0.425,0.425,0.41,0.425,4112000,0
9913.HK,D,20210108,000000,0.42,0.42,0.4,0.42,3984000,0
9913.HK,D,20210111,000000,0.42,0.5,0.42,0.475,8620000,0
9913.HK,D,20210112,000000,0.475,0.49,0.475,0.49,4052000,0
9913.HK,D,20210113,000000,0.5,0.56,0.5,0.55,10508000,0
9913.HK,D,20210114,000000,0.55,0.7,0.55,0.69,22252000,0
9913.HK,D,20210115,000000,0.73,0.81,0.62,0.67,27958000,0
9913.HK,D,20210118,000000,0.67,0.67,0.5,0.62,9100000,0
9913.HK,D,20210119,000000,0.61,0.76,0.59,0.72,14554000,0
9913.HK,D,20210120,000000,0.71,0.84,0.71,0.76,11790000,0
9913.HK,D,20210121,000000,0.77,0.79,0.71,0.75,6176000,0
9913.HK,D,20210122,000000,0.75,0.79,0.73,0.73,7888000,0
9913.HK,D,20210125,000000,0.73,0.79,0.73,0.75,5436000,0
9913.HK,D,20210126,000000,0.76,0.88,0.76,0.83,9928000,0
9913.HK,D,20210127,000000,0.83,0.99,0.78,0.95,26548000,0
9913.HK,D,20210128,000000,0.93,1.28,0.9,1.17,40895500,0
9913.HK,D,20210129,000000,1.18,1.32,1.11,1.26,19140000,0
9913.HK,D,20210201,000000,1.29,1.65,1.29,1.62,15296000,0
9913.HK,D,20210202,000000,1.62,1.94,1.61,1.83,18528000,0
9913.HK,D,20210203,000000,1.9,2.02,1.62,1.7,19516000,0
9913.HK,D,20210204,000000,1.73,1.82,1.71,1.77,4064000,0
9913.HK,D,20210205,000000,1.85,1.92,1.78,1.84,5352086,0
9913.HK,D,20210208,000000,1.87,1.92,1.84,1.86,4208000,0
9913.HK,D,20210209,000000,1.88,1.9,1.8,1.86,4379999,0
9913.HK,D,20210210,000000,1.93,1.93,1.86,1.89,1819975,0
9913.HK,D,20210211,000000,1.89,1.89,1.83,1.83,4107114,0
9913.HK,D,20210216,000000,1.86,1.89,1.83,1.89,4604000,0
9913.HK,D,20210217,000000,1.89,1.89,1.84,1.85,2684800,0
9913.HK,D,20210218,000000,1.88,1.88,1.83,1.86,2850974,0
9913.HK,D,20210219,000000,1.86,1.86,1.71,1.77,3752000,0
9913.HK,D,20210222,000000,1.85,1.86,1.76,1.85,3656000,0
9913.HK,D,20210223,000000,1.87,2.08,1.84,2.06,12244898,0
9913.HK,D,20210224,000000,2.12,2.37,2.1,2.35,7568000,0
9913.HK,D,20210225,000000,2.44,2.5,2.35,2.48,5952860,0
9913.HK,D,20210226,000000,2.58,2.58,2.38,2.57,7808000,0
9913.HK,D,20210301,000000,2.66,2.8,2.6,2.76,6332000,0
9913.HK,D,20210302,000000,2.9,3,2.67,2.75,8992000,0
9913.HK,D,20210303,000000,2.85,2.85,2.74,2.76,4768000,0
9913.HK,D,20210304,000000,2.76,2.78,2.68,2.75,3104000,0
9913.HK,D,20210305,000000,2.75,2.75,2.66,2.71,2276000,0
9913.HK,D,20210308,000000,2.76,2.76,2.69,2.7,3752000,0
9913.HK,D,20210309,000000,2.74,3.29,2.71,2.99,11288000,0
9913.HK,D,20210310,000000,3.05,3.15,3.04,3.08,4020000,0
9913.HK,D,20210311,000000,3.1,3.18,3.05,3.13,3558000,0
9913.HK,D,20210312,000000,3.15,3.2,3.15,3.19,2713506,0
9913.HK,D,20210315,000000,3.21,3.48,3.21,3.48,4155000,0
9913.HK,D,20210316,000000,3.5,3.88,3.5,3.88,4674800,0
9913.HK,D,20210317,000000,3.91,4.05,1.42,2.58,34380650,0
9913.HK,D,20210318,000000,2.72,3.2,2.6,2.8,9656160,0
9913.HK,D,20210319,000000,2.81,2.9,2.74,2.78,2348000,0
9913.HK,D,20210322,000000,2.9,2.9,2.79,2.83,1458800,0
9913.HK,D,20210323,000000,2.86,2.88,2.8,2.8,2063600,0
9913.HK,D,20210324,000000,2.8,2.82,2.75,2.78,1200800,0
9913.HK,D,20210325,000000,2.79,2.88,2.78,2.81,1384400,0
9913.HK,D,20210326,000000,2.81,2.84,2.79,2.82,1792100,0
9913.HK,D,20210329,000000,2.83,2.86,2.81,2.82,1288908,0
9913.HK,D,20210330,000000,2.82,2.84,2.8,2.8,1478840,0
9913.HK,D,20210331,000000,2.8,2.82,2.77,2.8,1316420,0
9913.HK,D,20210401,000000,2.81,2.82,2.8,2.81,816510,0
9913.HK,D,20210407,000000,2.84,2.94,2.8,2.83,3968140,0
9913.HK,D,20210408,000000,2.86,2.86,2.8,2.84,1327674,0
9913.HK,D,20210409,000000,2.82,2.84,2.8,2.84,1228120,0
9913.HK,D,20210412,000000,2.84,2.87,2.82,2.86,4046100,0
9913.HK,D,20210413,000000,2.87,2.88,2.83,2.84,3200200,0
9913.HK,D,20210414,000000,2.87,2.87,2.83,2.84,1448880,0
9913.HK,D,20210415,000000,2.84,2.87,2.83,2.86,1660194,0
9913.HK,D,20210416,000000,2.88,2.89,2.84,2.86,1420494,0
9913.HK,D,20210419,000000,2.88,2.89,2.72,2.86,2192000,0
9913.HK,D,20210420,000000,2.87,3.13,2.86,3.13,5408502,0
9913.HK,D,20210421,000000,3.14,3.18,3.04,3.15,2856200,0
9913.HK,D,20210422,000000,3.16,3.2,3.05,3.16,4406766,0
9913.HK,D,20210423,000000,3.16,3.2,3.14,3.14,2660000,0
9913.HK,D,20210426,000000,3.14,3.16,3.14,3.14,1376000,0
9913.HK,D,20210427,000000,3.15,3.16,3.13,3.16,920000,0
9913.HK,D,20210428,000000,3.16,3.18,3.15,3.16,1017300,0
9913.HK,D,20210429,000000,3.21,3.21,3.16,3.18,1692800,0
9913.HK,D,20210430,000000,3.18,3.21,3.18,3.2,1730200,0
9913.HK,D,20210503,000000,3.2,3.29,3.1,3.21,1368000,0
9913.HK,D,20210504,000000,3.22,3.25,3.21,3.21,667200,0
9913.HK,D,20210505,000000,3.26,3.27,3.2,3.24,2435300,0
9913.HK,D,20210506,000000,3.26,3.27,3.21,3.24,2012600,0
9913.HK,D,20210507,000000,3.25,3.26,3.21,3.25,1430800,0
9913.HK,D,20210510,000000,3.25,3.37,3.23,3.27,2800000,0
9913.HK,D,20210511,000000,3.27,3.28,3.22,3.27,1257516,0
9913.HK,D,20210512,000000,3.27,3.28,3.23,3.26,2640060,0
9913.HK,D,20210513,000000,3.26,3.31,3.24,3.27,1887208,0
9913.HK,D,20210514,000000,3.29,3.3,3.24,3.27,1346818,0
9913.HK,D,20210517,000000,3.25,3.26,3.22,3.24,2064000,0
9913.HK,D,20210518,000000,3.24,3.26,3.19,3.24,2224000,0
9913.HK,D,20210520,000000,3.26,3.38,3.25,3.27,2422856,0
9913.HK,D,20210521,000000,3.28,3.3,3.27,3.28,1144800,0
9913.HK,D,20210524,000000,3.28,3.3,3.25,3.28,1824200,0
9913.HK,D,20210525,000000,3.28,3.28,2.58,3.17,5528600,0
9913.HK,D,20210526,000000,3.2,3.36,3.15,3.18,1660000,0
9913.HK,D,20210527,000000,3.18,3.25,3.15,3.24,556000,0
9913.HK,D,20210528,000000,3.25,3.25,3.18,3.18,1644000,0
9913.HK,D,20210531,000000,3.2,3.23,3.12,3.13,1204000,0
9913.HK,D,20210601,000000,3.13,3.16,3.1,3.14,924000,0
9913.HK,D,20210602,000000,3.14,3.15,3.06,3.08,1524848,0
9913.HK,D,20210603,000000,3.08,3.1,3.05,3.1,1784000,0
9913.HK,D,20210604,000000,3.07,3.1,3.01,3.08,2344000,0
9913.HK,D,20210607,000000,3.08,3.1,3,3.05,1472000,0
9913.HK,D,20210608,000000,3.05,3.07,3,3.04,1112000,0
9913.HK,D,20210609,000000,3.05,3.05,3,3.03,834796,0
9913.HK,D,20210610,000000,3.03,3.03,2.9,2.9,1328020,0
9913.HK,D,20210611,000000,2.9,2.97,2.89,2.96,988000,0
9913.HK,D,20210615,000000,2.97,2.97,2.9,2.92,1241026,0
9913.HK,D,20210616,000000,2.93,2.98,2.92,2.97,656000,0
9913.HK,D,20210617,000000,2.97,3.08,2.91,2.93,2454000,0
9913.HK,D,20210618,000000,2.94,2.98,2.94,2.98,464000,0
9913.HK,D,20210621,000000,2.98,3.05,2.98,3.02,1284000,0
9913.HK,D,20210622,000000,3.03,3.15,3.02,3.14,2553200,0
9913.HK,D,20210623,000000,3.15,3.16,3.12,3.14,2280600,0
9913.HK,D,20210624,000000,3.15,3.18,3.14,3.18,1336526,0
9913.HK,D,20210625,000000,3.18,3.22,3.14,3.16,1269400,0
9913.HK,D,20210628,000000,3.16,3.2,3.16,3.16,684000,0
9913.HK,D,20210629,000000,3.16,3.2,3.15,3.15,2972000,0
9913.HK,D,20210630,000000,3.16,3.2,3.15,3.19,1304000,0
9913.HK,D,20210702,000000,3.19,3.19,3.16,3.16,972000,0
9913.HK,D,20210705,000000,3.16,3.18,3.13,3.16,2048000,0
9913.HK,D,20210706,000000,3.16,3.18,3.13,3.13,632400,0
9913.HK,D,20210707,000000,3.15,3.16,3.12,3.12,1072000,0
9913.HK,D,20210708,000000,3.13,3.15,3.04,3.08,988780,0
9913.HK,D,20210709,000000,3.08,3.12,3.06,3.1,708000,0
9913.HK,D,20210712,000000,3.1,3.13,3.06,3.07,568000,0
9913.HK,D,20210713,000000,3.08,3.09,2.99,3.01,1548000,0
9913.HK,D,20210714,000000,3.02,3.09,2.99,2.99,1738040,0
9913.HK,D,20210715,000000,3.06,3.06,2.96,2.98,679600,0
9913.HK,D,20210716,000000,2.98,3.02,2.98,2.98,1124662,0
9913.HK,D,20210719,000000,2.98,3.01,2.97,3,1564000,0
9913.HK,D,20210720,000000,2.99,3.06,2.97,3.03,2500000,0
9913.HK,D,20210721,000000,3.05,3.06,2.98,3.02,2846420,0
9913.HK,D,20210722,000000,3.02,3.06,3.01,3.04,1003260,0
9913.HK,D,20210723,000000,3.04,3.06,3,3.03,1060200,0
9913.HK,D,20210726,000000,3.06,3.06,3,3.02,696000,0
9913.HK,D,20210727,000000,3.02,3.05,2.99,3.04,2780016,0
9913.HK,D,20210728,000000,3.05,3.18,3.03,3.15,2080000,0
9913.HK,D,20210729,000000,3.15,3.38,3.15,3.36,6514000,0
9913.HK,D,20210730,000000,3.36,3.4,3.27,3.32,1742020,0
9913.HK,D,20210802,000000,3.3,3.39,3.3,3.38,1816000,0
9913.HK,D,20210803,000000,3.38,3.44,3.35,3.4,2749488,0
9913.HK,D,20210804,000000,3.4,3.48,3.38,3.46,1984000,0
9913.HK,D,20210805,000000,3.47,3.51,3.43,3.43,1272866,0
9913.HK,D,20210806,000000,3.43,3.5,3.42,3.45,1498120,0
9913.HK,D,20210809,000000,3.46,3.48,3.38,3.47,2984000,0
9913.HK,D,20210810,000000,3.47,3.52,3.45,3.5,5360000,0
9913.HK,D,20210811,000000,3.5,3.55,3.47,3.51,2798000,0
9913.HK,D,20210812,000000,3.52,3.54,3.49,3.54,1988000,0
9913.HK,D,20210813,000000,3.54,3.57,3.49,3.55,3137126,0
9913.HK,D,20210816,000000,3.5,3.6,3.49,3.54,3199000,0
9913.HK,D,20210817,000000,3.58,3.58,3.5,3.57,2624860,0
9913.HK,D,20210818,000000,3.57,3.59,3.5,3.59,1296000,0
9913.HK,D,20210819,000000,3.59,3.6,3.52,3.59,2432000,0
9913.HK,D,20210820,000000,3.6,3.64,3.51,3.6,1764000,0
9913.HK,D,20210823,000000,3.63,3.63,3.6,3.61,1504000,0
9913.HK,D,20210824,000000,3.61,3.63,3.59,3.62,968688,0
9913.HK,D,20210825,000000,3.6,3.62,3.53,3.62,2484000,0
9913.HK,D,20210826,000000,3.62,3.64,3.57,3.63,887916,0
9913.HK,D,20210827,000000,3.56,3.62,3.56,3.59,524000,0
9913.HK,D,20210830,000000,3.64,3.64,3.55,3.59,1504000,0
9913.HK,D,20210831,000000,3.59,3.61,3.5,3.5,1369000,0
9913.HK,D,20210901,000000,3.51,3.56,3.48,3.5,781780,0
9913.HK,D,20210902,000000,3.5,3.56,3.47,3.55,1448000,0
9913.HK,D,20210903,000000,3.5,3.56,3.5,3.56,1652000,0
9913.HK,D,20210906,000000,3.55,3.55,3.49,3.49,1208000,0
9913.HK,D,20210907,000000,3.52,3.52,3.47,3.47,729940,0
9913.HK,D,20210908,000000,3.5,3.54,3.45,3.54,916000,0
9913.HK,D,20210909,000000,3.54,3.54,3.42,3.53,1164000,0
9913.HK,D,20210910,000000,3.53,3.55,3.5,3.52,936000,0
9913.HK,D,20210913,000000,3.52,3.52,3.44,3.5,1808398,0
9913.HK,D,20210914,000000,3.49,3.5,3.44,3.48,1208000,0
9913.HK,D,20210915,000000,3.48,3.5,3.45,3.49,1073240,0
9913.HK,D,20210916,000000,3.5,3.5,3.45,3.45,1300000,0
9913.HK,D,20210917,000000,3.5,3.5,3.41,3.46,1964400,0
9913.HK,D,20210920,000000,3.47,3.47,3.39,3.47,944000,0
9913.HK,D,20210921,000000,3.47,3.47,3.43,3.45,256000,0
9913.HK,D,20210923,000000,3.48,3.48,3.38,3.44,1840000,0
9913.HK,D,20210924,000000,3.47,3.47,3.37,3.43,652600,0
9913.HK,D,20210927,000000,3.44,3.44,3.37,3.37,1128000,0
9913.HK,D,20210928,000000,3.42,3.5,3.38,3.44,1358218,0
9913.HK,D,20210929,000000,3.44,3.46,3.4,3.44,1764000,0
9913.HK,D,20210930,000000,3.43,3.43,3.38,3.4,1880000,0
9913.HK,D,20211004,000000,3.41,3.43,3.37,3.4,1160000,0
9913.HK,D,20211005,000000,3.44,3.44,3.35,3.35,948000,0
9913.HK,D,20211006,000000,3.41,3.41,3.34,3.4,652000,0
9913.HK,D,20211007,000000,3.41,3.45,3.36,3.4,2360000,0
9913.HK,D,20211008,000000,3.42,3.42,3.34,3.4,932000,0
9913.HK,D,20211011,000000,3.41,3.41,3.35,3.39,1632000,0
9913.HK,D,20211012,000000,3.41,3.41,3.35,3.36,612000,0
9913.HK,D,20211015,000000,3.38,3.5,3.34,3.49,2660000,0
9913.HK,D,20211018,000000,3.45,3.52,3.37,3.51,2484412,0
9913.HK,D,20211019,000000,3.44,3.65,3.38,3.59,1643700,0
9913.HK,D,20211020,000000,3.6,3.6,3.54,3.59,1662532,0
9913.HK,D,20211021,000000,3.59,3.6,3.55,3.59,1408000,0
9913.HK,D,20211022,000000,3.59,3.59,3.56,3.57,945150,0
9913.HK,D,20211025,000000,3.59,3.59,3.54,3.55,1157564,0
9913.HK,D,20211026,000000,3.58,3.58,3.53,3.56,456000,0
9913.HK,D,20211027,000000,3.57,3.6,3.51,3.56,416600,0
9913.HK,D,20211028,000000,3.51,3.59,3.51,3.57,1300000,0
9913.HK,D,20211029,000000,3.58,3.58,3.5,3.55,1436000,0
9913.HK,D,20211101,000000,3.51,3.54,3.47,3.52,2124000,0
9913.HK,D,20211102,000000,3.54,3.55,3.5,3.52,1532000,0
9913.HK,D,20211103,000000,3.52,3.54,3.5,3.54,1260000,0
9913.HK,D,20211104,000000,3.54,3.54,3.5,3.52,896000,0
9913.HK,D,20211105,000000,3.58,3.58,3.5,3.54,748000,0
9913.HK,D,20211108,000000,3.54,3.58,3.5,3.55,2236000,0
9913.HK,D,20211109,000000,3.55,3.56,3.51,3.56,1296000,0
9913.HK,D,20211110,000000,3.54,3.56,3.52,3.56,1063692,0
9913.HK,D,20211111,000000,3.56,3.56,3.53,3.56,1200000,0
9913.HK,D,20211112,000000,3.57,3.65,3.57,3.63,2234000,0
9913.HK,D,20211115,000000,3.63,3.67,3.63,3.65,1732200,0
9913.HK,D,20211116,000000,3.65,3.67,3.6,3.64,540000,0
9913.HK,D,20211117,000000,3.65,3.65,3.6,3.64,1976800,0
9913.HK,D,20211118,000000,3.64,3.64,3.6,3.62,1160000,0
9913.HK,D,20211119,000000,3.62,3.65,3.57,3.62,1056000,0
9913.HK,D,20211122,000000,3.6,3.63,3.57,3.61,1510800,0
9913.HK,D,20211123,000000,3.63,3.63,3.53,3.6,1040000,0
9913.HK,D,20211124,000000,3.62,3.62,3.54,3.57,808000,0
9913.HK,D,20211125,000000,3.54,3.6,3.53,3.53,2680000,0
9913.HK,D,20211126,000000,3.57,3.6,3.51,3.54,900000,0
9913.HK,D,20211129,000000,3.57,3.58,3.48,3.54,4433000,0
9913.HK,D,20211130,000000,3.54,3.54,3.47,3.52,1068000,0
9913.HK,D,20211201,000000,3.52,3.58,3.49,3.52,796000,0
9913.HK,D,20211202,000000,3.56,3.57,3.48,3.52,688000,0
9913.HK,D,20211203,000000,3.52,3.55,3.48,3.49,432000,0
9913.HK,D,20211206,000000,3.49,3.52,3.43,3.49,1780000,0
9913.HK,D,20211207,000000,3.52,3.55,3.44,3.48,600000,0
9913.HK,D,20211208,000000,3.44,3.46,3.37,3.44,1076000,0
9913.HK,D,20211209,000000,3.46,3.53,3.39,3.44,828063,0
9913.HK,D,20211210,000000,3.47,3.47,3.39,3.46,1268000,0
9913.HK,D,20211213,000000,3.4,3.59,3.4,3.54,1924944,0
9913.HK,D,20211214,000000,3.6,3.6,3.49,3.54,1336000,0
9913.HK,D,20211215,000000,3.54,3.54,3.48,3.5,368400,0
9913.HK,D,20211216,000000,3.5,3.59,3.49,3.51,3560000,0
9913.HK,D,20211217,000000,3.56,3.56,3.49,3.51,600000,0
9913.HK,D,20211220,000000,3.55,3.55,3.44,3.52,1204000,0
9913.HK,D,20211221,000000,3.54,3.55,3.46,3.49,996000,0
9913.HK,D,20211222,000000,3.53,3.53,3.46,3.48,796000,0
9913.HK,D,20211223,000000,3.49,3.5,3.45,3.47,1280400,0
9913.HK,D,20211224,000000,3.48,3.53,3.46,3.5,728000,0
9913.HK,D,20211228,000000,3.5,3.54,3.45,3.48,1942667,0
9913.HK,D,20211229,000000,3.52,3.53,3.46,3.48,1148860,0
9913.HK,D,20211230,000000,3.5,3.5,3.45,3.47,276000,0
9913.HK,D,20211231,000000,3.5,3.5,3.46,3.47,220000,0
9913.HK,D,20220103,000000,3.47,3.54,3.46,3.49,1048000,0
9913.HK,D,20220104,000000,3.5,3.5,3.45,3.46,628000,0
9913.HK,D,20220105,000000,3.49,3.5,3.44,3.47,1244000,0
9913.HK,D,20220106,000000,3.48,3.48,3.42,3.43,704000,0
9913.HK,D,20220107,000000,3.42,3.52,3.42,3.48,1944000,0
9913.HK,D,20220110,000000,3.5,3.51,3.43,3.47,1046040,0
9913.HK,D,20220111,000000,3.48,3.48,3.4,3.44,572000,0
9913.HK,D,20220112,000000,3.43,3.45,3.33,3.36,1388000,0
9913.HK,D,20220113,000000,3.4,3.51,3.37,3.41,1241400,0
9913.HK,D,20220114,000000,3.41,3.49,3.38,3.38,1088000,0
9913.HK,D,20220117,000000,3.47,3.47,3.37,3.4,356000,0
9913.HK,D,20220118,000000,3.44,3.44,3.39,3.4,156000,0
9913.HK,D,20220119,000000,3.41,3.43,3.35,3.39,756600,0
9913.HK,D,20220120,000000,3.41,3.54,3.38,3.39,1040138,0
9913.HK,D,20220121,000000,3.4,3.49,3.36,3.39,1348000,0
9913.HK,D,20220124,000000,3.39,3.4,3.28,3.35,1476000,0
9913.HK,D,20220125,000000,3.36,3.4,3.34,3.37,726979,0
9913.HK,D,20220126,000000,3.43,3.45,3.35,3.36,588000,0
9913.HK,D,20220127,000000,3.4,3.4,3.28,3.35,704180,0
9913.HK,D,20220128,000000,3.39,3.39,3.34,3.39,280000,0
9913.HK,D,20220131,000000,3.4,3.44,3.36,3.4,428000,0
9913.HK,D,20220204,000000,3.4,3.4,3.38,3.38,36000,0
9913.HK,D,20220207,000000,3.38,3.39,3.27,3.32,852000,0
9913.HK,D,20220208,000000,3.35,3.39,3.27,3.33,320000,0
9913.HK,D,20220209,000000,3.37,3.37,3.25,3.33,320000,0
9913.HK,D,20220210,000000,3.36,3.36,3.24,3.24,3844000,0
9913.HK,D,20220211,000000,3.28,3.42,3.23,3.29,1052000,0
9913.HK,D,20220214,000000,3.3,3.39,3.28,3.29,928000,0
9913.HK,D,20220215,000000,3.35,3.35,3.27,3.31,292000,0
9913.HK,D,20220216,000000,3.24,3.3,3.24,3.28,104000,0
9913.HK,D,20220217,000000,3.26,3.29,3.19,3.27,456000,0
9913.HK,D,20220218,000000,3.31,3.31,3.23,3.26,216000,0
9913.HK,D,20220221,000000,3.28,3.28,3.22,3.27,447820,0
9913.HK,D,20220222,000000,3.32,3.32,3.22,3.26,672000,0
9913.HK,D,20220223,000000,3.26,3.29,3.23,3.26,552000,0
9913.HK,D,20220224,000000,3.28,3.37,3.24,3.28,1067820,0
9913.HK,D,20220225,000000,3.31,3.33,3.25,3.28,1096610,0
9913.HK,D,20220228,000000,3.32,3.32,3.24,3.26,316000,0
9913.HK,D,20220301,000000,3.29,3.29,3.23,3.26,316000,0
9913.HK,D,20220302,000000,3.25,3.28,3.22,3.25,345880,0
9913.HK,D,20220303,000000,3.26,3.27,3.2,3.25,416000,0
9913.HK,D,20220304,000000,3.27,3.27,3.21,3.24,662998,0
9913.HK,D,20220307,000000,3.26,3.31,3.18,3.18,676000,0
9913.HK,D,20220308,000000,3.25,3.25,3.19,3.2,175455,0
9913.HK,D,20220309,000000,3.24,3.24,3.13,3.13,884580,0
9913.HK,D,20220310,000000,3.2,3.22,3.12,3.18,360000,0
9913.HK,D,20220311,000000,3.2,3.2,3.12,3.12,336000,0
9913.HK,D,20220314,000000,3.14,3.18,3.05,3.1,720000,0
9913.HK,D,20220315,000000,3.14,3.14,3.03,3.05,3564000,0
9913.HK,D,20220316,000000,3,3,2.92,2.96,1256000,0
9913.HK,D,20220317,000000,2.96,3.04,2.96,3.01,664000,0
9913.HK,D,20220318,000000,3.06,3.09,3.06,3.06,412000,0
9913.HK,D,20220321,000000,3.19,3.19,3.07,3.11,364000,0
9913.HK,D,20220322,000000,3.2,3.2,3.1,3.12,204000,0
9913.HK,D,20220323,000000,3.12,3.12,3.06,3.09,104000,0
9913.HK,D,20220324,000000,3.05,3.08,3,3.07,355250,0
9913.HK,D,20220325,000000,3.09,3.12,3.05,3.07,148000,0
9913.HK,D,20220328,000000,3.07,3.09,3,3.01,516000,0
9913.HK,D,20220329,000000,3.03,3.11,3,3.01,284274,0
9913.HK,D,20220330,000000,3.05,3.08,2.96,3.04,276000,0
9913.HK,D,20220331,000000,3.05,3.05,2.98,3.02,412365,0
9913.HK,D,20220401,000000,3.05,3.05,3,3.01,72000,0
9913.HK,D,20220404,000000,2.97,3.04,2.97,3.01,248000,0
9913.HK,D,20220406,000000,3.03,3.04,2.98,3.02,392000,0
9913.HK,D,20220407,000000,3.12,3.15,2.97,2.99,520000,0
9913.HK,D,20220408,000000,3.02,3.02,2.96,2.99,3184000,0
9913.HK,D,20220411,000000,3.04,3.04,2.95,2.98,216000,0
9913.HK,D,20220412,000000,3.04,3.04,2.96,2.98,119000,0
9913.HK,D,20220413,000000,3,3,2.94,2.98,204000,0
9913.HK,D,20220414,000000,2.99,2.99,2.96,2.98,317000,0
9913.HK,D,20220419,000000,2.98,3.01,2.89,2.98,204000,0
9913.HK,D,20220420,000000,3.01,3.01,2.97,2.98,80000,0
9913.HK,D,20220421,000000,3,3,2.96,2.99,60000,0
9913.HK,D,20220422,000000,3,3,2.95,2.97,244000,0
9913.HK,D,20220425,000000,2.99,2.99,2.96,2.97,36000,0
9913.HK,D,20220426,000000,2.99,3,2.95,2.95,124000,0
9913.HK,D,20220427,000000,3,3,2.91,2.92,180000,0
9913.HK,D,20220428,000000,2.99,3,2.91,2.96,157021,0
9913.HK,D,20220429,000000,3,3,2.84,2.93,308750,0
9913.HK,D,20220503,000000,2.99,2.99,2.93,2.96,368000,0
9913.HK,D,20220504,000000,3,3,2.91,2.96,116000,0
9913.HK,D,20220505,000000,2.98,2.99,2.94,2.94,25800,0
9913.HK,D,20220506,000000,2.97,2.99,2.94,2.97,84000,0
9913.HK,D,20220510,000000,2.97,2.97,2.92,2.94,160000,0
9913.HK,D,20220511,000000,2.99,2.99,2.92,2.93,39470,0
9913.HK,D,20220512,000000,2.98,2.98,2.91,2.93,188000,0
9913.HK,D,20220513,000000,2.99,2.99,2.87,2.92,176000,0
9913.HK,D,20220516,000000,2.96,2.97,2.9,2.91,252000,0
9913.HK,D,20220517,000000,2.91,2.95,2.89,2.92,140286,0
9913.HK,D,20220518,000000,2.97,2.97,2.88,2.88,44260,0
9913.HK,D,20220519,000000,2.93,2.93,2.87,2.88,212000,0
9913.HK,D,20220520,000000,2.89,2.89,2.82,2.88,484400,0
9913.HK,D,20220523,000000,2.92,2.92,2.83,2.86,152100,0
9913.HK,D,20220524,000000,2.81,2.89,2.81,2.84,148000,0
9913.HK,D,20220525,000000,2.71,2.87,2.71,2.76,504000,0
9913.HK,D,20220526,000000,2.8,2.8,2.66,2.72,464000,0
9913.HK,D,20220527,000000,2.76,2.76,2.64,2.7,180852,0
9913.HK,D,20220530,000000,2.73,2.75,2.67,2.73,320000,0
9913.HK,D,20220531,000000,2.75,2.78,2.63,2.68,304120,0
9913.HK,D,20220601,000000,2.72,2.8,2.62,2.75,476080,0
9913.HK,D,20220602,000000,2.75,2.75,2.63,2.66,328000,0
9913.HK,D,20220606,000000,2.7,2.74,2.6,2.63,840000,0
9913.HK,D,20220607,000000,2.67,2.67,2.59,2.63,1092000,0
9913.HK,D,20220608,000000,2.67,2.67,2.57,2.6,1072000,0
9913.HK,D,20220609,000000,2.61,2.79,2.55,2.75,1508000,0
9913.HK,D,20220610,000000,2.8,2.8,2.61,2.67,1248000,0
9913.HK,D,20220613,000000,2.71,2.71,2.63,2.66,673684,0
9913.HK,D,20220614,000000,2.69,2.7,2.62,2.68,764000,0
9913.HK,D,20220615,000000,2.71,2.71,2.6,2.63,1292000,0
9913.HK,D,20220616,000000,2.68,2.68,2.61,2.63,832000,0
9913.HK,D,20220617,000000,2.67,2.67,2.59,2.64,932000,0
9913.HK,D,20220620,000000,2.68,2.68,2.6,2.62,1184000,0
9913.HK,D,20220621,000000,2.65,2.65,2.6,2.61,1196000,0
9913.HK,D,20220622,000000,2.62,2.72,2.6,2.65,1212000,0
9913.HK,D,20220623,000000,2.69,2.69,2.61,2.62,1196320,0
9913.HK,D,20220624,000000,2.65,2.65,2.59,2.62,1016000,0
9913.HK,D,20220627,000000,2.68,2.89,2.59,2.88,2224000,0
9913.HK,D,20220628,000000,2.87,2.87,2.57,2.57,3288000,0
9913.HK,D,20220629,000000,2.6,2.61,2.54,2.57,1912000,0
9913.HK,D,20220630,000000,2.59,2.62,2.54,2.56,1472000,0
9913.HK,D,20220704,000000,2.54,2.57,2.5,2.56,1588000,0
9913.HK,D,20220705,000000,2.59,2.6,2.54,2.56,1464000,0
9913.HK,D,20220706,000000,2.57,2.59,2.54,2.58,2284000,0
9913.HK,D,20220707,000000,2.58,2.61,2.56,2.57,1092000,0
9913.HK,D,20220708,000000,2.57,2.6,2.55,2.58,1096000,0
9913.HK,D,20220711,000000,2.57,2.58,2.55,2.55,1152000,0
9913.HK,D,20220712,000000,2.58,2.58,2.53,2.57,1284000,0
9913.HK,D,20220713,000000,2.58,2.58,2.53,2.56,1240000,0
9913.HK,D,20220714,000000,2.58,2.58,2.53,2.55,1192000,0
9913.HK,D,20220715,000000,2.57,2.62,2.53,2.56,1624000,0
9913.HK,D,20220718,000000,2.57,2.57,2.53,2.55,1208000,0
9913.HK,D,20220719,000000,2.56,2.57,2.5,2.56,1352000,0
9913.HK,D,20220720,000000,2.57,2.57,2.53,2.54,1188000,0
9913.HK,D,20220721,000000,2.58,2.58,2.53,2.54,1156480,0
9913.HK,D,20220722,000000,2.56,2.56,2.53,2.54,1268000,0
9913.HK,D,20220725,000000,2.55,2.55,2.47,2.48,1256400,0
9913.HK,D,20220726,000000,2.5,2.58,2.47,2.49,1372000,0
9913.HK,D,20220727,000000,2.55,2.55,2.46,2.51,1484000,0
9913.HK,D,20220728,000000,2.55,2.55,2.45,2.48,1252000,0
9913.HK,D,20220729,000000,2.56,2.56,2.45,2.51,1224000,0
9913.HK,D,20220801,000000,2.52,2.52,2.45,2.5,1372000,0
9913.HK,D,20220802,000000,2.52,2.52,2.44,2.46,1340000,0
9913.HK,D,20220803,000000,2.5,2.5,2.45,2.48,1272000,0
9913.HK,D,20220804,000000,2.5,2.5,2.46,2.47,1300000,0
9913.HK,D,20220805,000000,2.49,2.5,2.42,2.48,1412000,0
9913.HK,D,20220808,000000,2.4,2.48,2.39,2.43,1900000,0
9913.HK,D,20220809,000000,2.48,2.48,2.42,2.46,1124000,0
9913.HK,D,20220810,000000,2.48,2.48,2.43,2.45,1036000,0
9913.HK,D,20220811,000000,2.48,2.48,2.44,2.46,1164000,0
9913.HK,D,20220812,000000,2.46,2.47,2.43,2.43,1068000,0
9913.HK,D,20220815,000000,2.45,2.45,2.39,2.4,1068000,0
9913.HK,D,20220816,000000,2.42,2.42,2.36,2.39,1236000,0
9913.HK,D,20220817,000000,2.4,2.4,2.29,2.32,1228000,0
9913.HK,D,20220818,000000,2.35,2.35,2.22,2.28,880000,0
9913.HK,D,20220819,000000,2.25,2.37,2.21,2.31,616000,0
9913.HK,D,20220822,000000,2.37,2.47,2.34,2.38,216000,0
9913.HK,D,20220823,000000,2.44,2.44,2.36,2.41,108000,0
9913.HK,D,20220824,000000,2.47,2.47,2.4,2.46,80000,0
9913.HK,D,20220825,000000,2.48,2.5,2.43,2.5,172000,0
9913.HK,D,20220826,000000,2.52,2.58,2.49,2.54,132000,0
9913.HK,D,20220829,000000,2.54,2.54,2.48,2.5,140000,0
9913.HK,D,20220830,000000,2.53,2.53,2.47,2.48,452000,0
9913.HK,D,20220831,000000,2.52,2.52,2.47,2.5,80000,0
9913.HK,D,20220901,000000,2.52,2.53,2.48,2.53,84000,0
9913.HK,D,20220902,000000,2.55,2.56,2.46,2.5,244200,0
9913.HK,D,20220905,000000,2.5,2.55,2.47,2.49,148000,0
9913.HK,D,20220906,000000,2.5,2.5,2.46,2.49,292000,0
9913.HK,D,20220907,000000,2.49,2.49,2.41,2.47,192000,0
9913.HK,D,20220908,000000,2.54,2.54,2.43,2.45,180000,0
9913.HK,D,20220909,000000,2.48,2.53,2.42,2.47,128000,0
9913.HK,D,20220913,000000,2.52,2.52,2.43,2.45,178800,0
9913.HK,D,20220914,000000,2.48,2.52,2.4,2.46,840000,0
9913.HK,D,20220915,000000,2.49,2.52,2.4,2.42,428000,0
9913.HK,D,20220916,000000,2.47,2.47,2.39,2.44,68000,0
9913.HK,D,20220919,000000,2.45,2.45,2.41,2.43,44000,0
9913.HK,D,20220920,000000,2.45,2.47,2.41,2.42,712000,0
9913.HK,D,20220921,000000,2.43,2.6,2.4,2.42,160000,0
9913.HK,D,20220922,000000,2.45,2.49,2.4,2.4,220000,0
9913.HK,D,20220923,000000,2.45,2.45,2.37,2.42,176000,0
9913.HK,D,20220926,000000,2.49,2.58,2.39,2.39,100000,0
9913.HK,D,20220927,000000,2.43,2.5,2.37,2.42,2456000,0
9913.HK,D,20220928,000000,2.44,2.48,2.37,2.41,92000,0
9913.HK,D,20220929,000000,2.45,2.45,2.39,2.39,2320000,0
9913.HK,D,20220930,000000,2.41,2.41,2.37,2.41,24000,0
9913.HK,D,20221003,000000,2.44,2.51,2.39,2.45,92000,0
9913.HK,D,20221005,000000,2.43,2.43,2.38,2.4,105600,0
9913.HK,D,20221006,000000,2.43,2.43,2.39,2.39,24000,0
9913.HK,D,20221007,000000,2.41,2.41,2.38,2.38,60000,0
9913.HK,D,20221010,000000,2.38,2.48,2.38,2.39,812000,0
9913.HK,D,20221011,000000,2.44,2.48,2.39,2.42,124000,0
9913.HK,D,20221012,000000,2.45,2.46,2.38,2.42,128000,0
9913.HK,D,20221013,000000,2.45,2.48,2.35,2.4,152000,0
9913.HK,D,20221014,000000,2.42,2.42,2.37,2.4,88000,0
9913.HK,D,20221017,000000,2.48,2.48,2.37,2.4,428000,0
9913.HK,D,20221018,000000,2.42,2.47,2.37,2.41,524000,0
9913.HK,D,20221019,000000,2.44,2.47,2.39,2.4,148000,0
9913.HK,D,20221020,000000,2.42,2.44,2.38,2.4,256000,0
9913.HK,D,20221021,000000,2.42,2.44,2.34,2.36,692000,0
9913.HK,D,20221024,000000,2.45,2.45,2.32,2.37,812000,0
9913.HK,D,20221025,000000,2.4,2.4,2.33,2.38,228000,0
9913.HK,D,20221026,000000,2.44,2.44,2.34,2.4,1160000,0
9913.HK,D,20221027,000000,2.43,2.43,2.33,2.43,1304000,0
9913.HK,D,20221028,000000,2.43,2.5,2.36,2.36,652000,0
9913.HK,D,20221031,000000,2.39,2.42,2.32,2.37,1084000,0
9913.HK,D,20221101,000000,2.4,2.47,2.37,2.42,1408000,0
9913.HK,D,20221102,000000,2.42,2.42,2.39,2.4,16000,0
9913.HK,D,20221103,000000,2.44,2.44,2.33,2.39,216000,0
9913.HK,D,20221104,000000,2.3,2.43,2.3,2.38,356000,0
9913.HK,D,20221107,000000,2.41,2.41,2.36,2.41,364000,0
9913.HK,D,20221108,000000,2.41,2.43,2.34,2.36,1048000,0
9913.HK,D,20221109,000000,2.37,2.4,2.32,2.33,668000,0
9913.HK,D,20221110,000000,2.38,2.38,2.33,2.33,232000,0
9913.HK,D,20221111,000000,2.39,2.39,2.3,2.33,428000,0
9913.HK,D,20221114,000000,2.35,2.37,2.3,2.33,396000,0
9913.HK,D,20221115,000000,2.34,2.35,2.3,2.33,256000,0
9913.HK,D,20221116,000000,2.35,2.38,2.32,2.32,120000,0
9913.HK,D,20221117,000000,2.35,2.37,2.29,2.33,480000,0
9913.HK,D,20221118,000000,2.34,2.35,2.28,2.3,772000,0
9913.HK,D,20221121,000000,2.31,2.34,2.27,2.27,420000,0
9913.HK,D,20221122,000000,2.32,2.32,2.25,2.27,156000,0
9913.HK,D,20221123,000000,2.32,2.32,2.25,2.29,120000,0
9913.HK,D,20221124,000000,2.34,2.34,2.27,2.3,104000,0
9913.HK,D,20221125,000000,2.33,2.33,2.28,2.29,100000,0
9913.HK,D,20221128,000000,2.33,2.33,2.28,2.3,96000,0
9913.HK,D,20221129,000000,2.31,2.31,2.23,2.28,864000,0
9913.HK,D,20221130,000000,2.28,2.3,2.23,2.3,1024000,0
9913.HK,D,20221201,000000,2.32,2.32,2.27,2.27,128000,0
9913.HK,D,20221202,000000,2.31,2.31,2.27,2.27,16000,0
9913.HK,D,20221205,000000,2.31,2.31,2.24,2.26,74840,0
9913.HK,D,20221206,000000,2.3,2.3,2.23,2.27,96000,0
9913.HK,D,20221207,000000,2.25,2.27,2.23,2.26,148000,0
9913.HK,D,20221208,000000,2.26,2.27,2.23,2.26,140000,0
9913.HK,D,20221209,000000,2.28,2.28,2.22,2.26,152000,0
9913.HK,D,20221212,000000,2.3,2.3,2.2,2.26,664000,0
9913.HK,D,20221213,000000,2.28,2.28,2.24,2.25,20000,0
9913.HK,D,20221214,000000,2.27,2.27,2.21,2.23,32000,0
9913.HK,D,20221215,000000,2.26,2.26,2.2,2.23,244000,0
9913.HK,D,20221216,000000,2.23,2.25,2.2,2.23,72000,0
9913.HK,D,20221219,000000,2.26,2.26,2.2,2.22,372000,0
9913.HK,D,20221220,000000,2.26,2.26,2.15,2.17,268000,0
9913.HK,D,20221221,000000,2.18,2.19,2.13,2.19,148000,0
9913.HK,D,20221222,000000,2.2,2.2,2.14,2.18,44000,0
9913.HK,D,20221223,000000,2.2,2.2,2.13,2.16,696000,0
9913.HK,D,20221228,000000,2.13,2.16,2.1,2.1,368000,0
9913.HK,D,20221229,000000,2.15,2.17,2.1,2.14,320000,0
9913.HK,D,20221230,000000,2.16,2.16,2.1,2.12,140000,0
9913.HK,D,20230103,000000,2.12,2.13,2.07,2.1,240000,0
9913.HK,D,20230104,000000,2.12,2.13,2.08,2.08,168000,0
9913.HK,D,20230105,000000,2.1,2.1,2.04,2.07,416000,0
9913.HK,D,20230106,000000,2.1,2.13,2.05,2.08,208000,0
9913.HK,D,20230109,000000,2.12,2.12,2.06,2.09,88000,0
9913.HK,D,20230110,000000,2.08,2.09,2.05,2.07,148000,0
9913.HK,D,20230111,000000,2.07,2.07,2.02,2.05,1048000,0
9913.HK,D,20230112,000000,2.05,2.11,2.03,2.04,144000,0
9913.HK,D,20230113,000000,2.07,2.1,2.03,2.05,164000,0
9913.HK,D,20230116,000000,2.08,2.08,2.04,2.06,72000,0
9913.HK,D,20230117,000000,2.07,2.08,2.04,2.07,56904,0
9913.HK,D,20230118,000000,2.12,2.12,2.07,2.11,132000,0
9913.HK,D,20230119,000000,2.12,2.17,2.08,2.16,168000,0
9913.HK,D,20230120,000000,2.2,2.26,2.13,2.22,224000,0
9913.HK,D,20230126,000000,2.16,2.29,2.16,2.19,140000,0
9913.HK,D,20230127,000000,2.26,2.28,2.22,2.22,124000,0
9913.HK,D,20230130,000000,2.22,2.28,2.22,2.26,36000,0
9913.HK,D,20230131,000000,2.3,2.3,2.24,2.25,96000,0
9913.HK,D,20230201,000000,2.26,2.32,2.26,2.29,80000,0
9913.HK,D,20230202,000000,2.35,2.35,2.28,2.28,220000,0
9913.HK,D,20230203,000000,2.32,2.32,2.27,2.29,24000,0
9913.HK,D,20230206,000000,2.3,2.3,2.23,2.26,480000,0
9913.HK,D,20230207,000000,2.3,2.3,2.26,2.26,36000,0
9913.HK,D,20230208,000000,2.28,2.3,2.23,2.26,380000,0
9913.HK,D,20230209,000000,2.28,2.29,2.24,2.24,20000,0
9913.HK,D,20230210,000000,2.3,2.3,2.2,2.24,152000,0
9913.HK,D,20230213,000000,2.26,2.26,2.19,2.23,100000,0
9913.HK,D,20230214,000000,2.26,2.26,2.18,2.2,124000,0
9913.HK,D,20230215,000000,2.22,2.22,2.17,2.19,132000,0
9913.HK,D,20230216,000000,2.23,2.24,2.17,2.19,36000,0
9913.HK,D,20230217,000000,2.23,2.23,2.18,2.2,76000,0
9913.HK,D,20230220,000000,2.19,2.23,2.16,2.17,356000,0
9913.HK,D,20230221,000000,2.22,2.23,2.17,2.2,204000,0
9913.HK,D,20230222,000000,2.25,2.25,2.18,2.18,76000,0
9913.HK,D,20230223,000000,2.18,2.18,2.13,2.17,148000,0
9913.HK,D,20230224,000000,2.19,2.2,2.13,2.2,556000,0
9913.HK,D,20230227,000000,2.22,2.22,2.15,2.22,132000,0
9913.HK,D,20230228,000000,2.22,2.25,2.16,2.23,901800,0
9913.HK,D,20230301,000000,2.23,2.23,2.17,2.23,184000,0
9913.HK,D,20230302,000000,2.25,2.25,2.17,2.19,380000,0
9913.HK,D,20230303,000000,2.19,2.21,2.13,2.15,409592,0
9913.HK,D,20230306,000000,2.18,2.18,2.12,2.18,264000,0
9913.HK,D,20230307,000000,2.2,2.22,2.11,2.16,1332000,0
9913.HK,D,20230308,000000,2.15,2.18,2.14,2.17,28000,0
9913.HK,D,20230309,000000,2.17,2.2,2.12,2.12,184000,0
9913.HK,D,20230310,000000,2.14,2.15,2.13,2.15,76000,0
9913.HK,D,20230313,000000,2.17,2.17,2.14,2.16,109000,0
9913.HK,D,20230314,000000,2.19,2.19,2.12,2.12,332000,0
9913.HK,D,20230315,000000,2.15,2.15,2.11,2.15,144000,0
9913.HK,D,20230316,000000,2.17,2.17,2.14,2.15,176000,0
9913.HK,D,20230317,000000,2.18,2.18,2.12,2.12,388000,0
9913.HK,D,20230320,000000,2.15,2.17,2.1,2.13,720000,0
9913.HK,D,20230321,000000,2.16,2.17,2.15,2.17,20000,0
9913.HK,D,20230322,000000,2.2,2.2,2.11,2.14,908000,0
9913.HK,D,20230323,000000,2.18,2.18,2.12,2.15,196000,0
9913.HK,D,20230324,000000,2.17,2.17,2.12,2.12,152000,0
9913.HK,D,20230327,000000,2.16,2.16,2.12,2.14,92000,0
9913.HK,D,20230328,000000,2.15,2.18,2.11,2.11,744000,0
9913.HK,D,20230329,000000,2.15,2.15,2.09,2.09,220000,0
9913.HK,D,20230330,000000,2.12,2.16,2.09,2.1,836000,0
9913.HK,D,20230331,000000,2.13,2.14,2.09,2.14,1040000,0
9913.HK,D,20230403,000000,2.14,2.19,2.12,2.16,508000,0
9913.HK,D,20230404,000000,2.16,2.19,2.11,2.16,1088000,0
9913.HK,D,20230406,000000,2.19,2.22,2.15,2.19,517800,0
9913.HK,D,20230411,000000,2.15,2.15,2.1,2.13,1296000,0
9913.HK,D,20230412,000000,2.13,2.46,2.12,2.45,636000,0
9913.HK,D,20230413,000000,2.5,2.5,2.39,2.4,356000,0
9913.HK,D,20230414,000000,2.45,2.45,2.38,2.38,80000,0
9913.HK,D,20230417,000000,2.44,2.44,2.36,2.39,1264000,0
9913.HK,D,20230418,000000,2.4,2.4,2.39,2.39,84000,0
9913.HK,D,20230419,000000,2.41,2.44,2.38,2.39,156000,0
9913.HK,D,20230420,000000,2.43,2.44,2.37,2.38,300000,0
9913.HK,D,20230421,000000,2.4,2.42,2.39,2.39,176000,0
9913.HK,D,20230424,000000,2.41,2.42,2.39,2.41,92000,0
9913.HK,D,20230425,000000,2.44,2.44,2.39,2.42,144000,0
9913.HK,D,20230426,000000,2.43,2.43,2.39,2.39,88000,0
9913.HK,D,20230427,000000,2.41,2.41,2.39,2.39,48000,0
9913.HK,D,20230428,000000,2.44,2.44,2.39,2.39,24000,0
9913.HK,D,20230502,000000,2.44,2.44,2.38,2.4,112000,0
9913.HK,D,20230503,000000,2.4,2.41,2.37,2.39,96000,0
9913.HK,D,20230504,000000,2.4,2.4,2.37,2.39,84000,0
9913.HK,D,20230505,000000,2.39,2.4,2.33,2.38,536000,0
9913.HK,D,20230508,000000,2.39,2.4,2.36,2.37,136000,0
9913.HK,D,20230509,000000,2.39,2.39,2.33,2.33,108000,0
9913.HK,D,20230510,000000,2.37,2.37,2.33,2.33,136000,0
9913.HK,D,20230511,000000,2.33,2.33,2.29,2.33,88000,0
9913.HK,D,20230512,000000,2.36,2.44,2.31,2.4,260000,0
9913.HK,D,20230515,000000,2.4,2.4,2.37,2.38,112000,0
9913.HK,D,20230516,000000,2.4,2.4,2.32,2.34,920000,0
9913.HK,D,20230517,000000,2.4,2.4,2.34,2.37,216000,0
9913.HK,D,20230518,000000,2.39,2.39,2.35,2.38,116000,0
9913.HK,D,20230519,000000,2.37,2.45,2.36,2.4,152000,0
9913.HK,D,20230522,000000,2.39,2.39,2.36,2.39,160000,0
9913.HK,D,20230523,000000,2.4,2.4,2.38,2.39,28000,0
9913.HK,D,20230524,000000,2.39,2.39,2.35,2.35,376000,0
9913.HK,D,20230525,000000,2.4,2.4,2.37,2.37,48000,0
9913.HK,D,20230529,000000,2.37,2.48,2.35,2.4,196000,0
9913.HK,D,20230530,000000,2.43,2.43,2.38,2.4,188000,0
9913.HK,D,20230531,000000,2.42,2.43,2.37,2.4,148000,0
9913.HK,D,20230601,000000,2.42,2.42,2.38,2.4,84000,0
9913.HK,D,20230602,000000,2.45,2.49,2.37,2.39,220000,0
9913.HK,D,20230605,000000,2.42,2.43,2.35,2.4,196000,0
9913.HK,D,20230606,000000,2.41,2.43,2.38,2.41,116000,0
9913.HK,D,20230607,000000,2.42,2.42,2.37,2.37,772000,0
9913.HK,D,20230608,000000,2.4,2.41,2.37,2.41,96000,0
9913.HK,D,20230609,000000,2.44,2.44,2.4,2.42,76000,0
9913.HK,D,20230612,000000,2.42,2.49,2.4,2.4,144000,0
9913.HK,D,20230613,000000,2.43,2.46,2.39,2.46,84000,0
9913.HK,D,20230614,000000,2.47,2.48,2.43,2.47,172000,0
9913.HK,D,20230615,000000,2.48,2.48,2.44,2.47,84000,0
9913.HK,D,20230616,000000,2.49,2.55,2.45,2.51,216000,0
9913.HK,D,20230619,000000,2.56,2.56,2.5,2.5,156000,0
9913.HK,D,20230620,000000,2.55,2.55,2.47,2.48,424000,0
9913.HK,D,20230621,000000,2.53,2.53,2.44,2.47,796000,0
9913.HK,D,20230623,000000,2.47,2.56,2.45,2.5,188000,0
9913.HK,D,20230626,000000,2.54,2.54,2.5,2.51,148000,0
9913.HK,D,20230627,000000,2.55,2.55,2.5,2.53,240000,0
9913.HK,D,20230628,000000,2.48,2.52,2.48,2.5,24000,0
9913.HK,D,20230629,000000,2.52,2.55,2.48,2.52,160000,0
9913.HK,D,20230630,000000,2.54,2.58,2.52,2.54,124000,0
9913.HK,D,20230703,000000,2.55,2.55,2.5,2.5,68000,0
9913.HK,D,20230704,000000,2.44,2.5,2.42,2.49,796000,0
9913.HK,D,20230705,000000,2.48,2.5,2.46,2.5,152000,0
9913.HK,D,20230706,000000,2.52,2.55,2.52,2.53,72000,0
9913.HK,D,20230707,000000,2.55,2.56,2.48,2.5,196000,0
9913.HK,D,20230710,000000,2.52,2.52,2.47,2.5,68000,0
9913.HK,D,20230711,000000,2.45,2.53,2.45,2.5,44000,0
9913.HK,D,20230712,000000,2.52,2.55,2.46,2.49,292000,0
9913.HK,D,20230713,000000,2.51,2.51,2.45,2.51,380000,0
9913.HK,D,20230714,000000,2.51,2.51,2.51,2.51,8000,0
9913.HK,D,20230718,000000,2.53,2.54,2.46,2.46,100552,0
9913.HK,D,20230719,000000,2.51,2.51,2.45,2.49,40000,0
9913.HK,D,20230720,000000,2.49,2.49,2.44,2.44,112000,0
9913.HK,D,20230721,000000,2.47,2.5,2.42,2.44,124000,0
9913.HK,D,20230724,000000,2.47,2.48,2.43,2.48,92000,0
9913.HK,D,20230725,000000,2.48,2.55,2.45,2.48,184000,0
9913.HK,D,20230726,000000,2.51,2.51,2.44,2.47,100000,0
9913.HK,D,20230727,000000,2.49,2.5,2.46,2.5,228000,0
9913.HK,D,20230728,000000,2.45,2.49,2.45,2.48,104000,0
9913.HK,D,20230731,000000,2.49,2.53,2.44,2.44,236000,0
9913.HK,D,20230801,000000,2.48,2.52,2.45,2.47,68000,0
9913.HK,D,20230802,000000,2.49,2.49,2.47,2.47,20000,0
9913.HK,D,20230803,000000,2.49,2.49,2.45,2.46,48000,0
9913.HK,D,20230804,000000,2.48,2.48,2.44,2.44,32000,0
9913.HK,D,20230807,000000,2.46,2.56,2.44,2.54,192000,0
9913.HK,D,20230808,000000,2.6,2.6,2.48,2.59,792000,0
9913.HK,D,20230809,000000,2.63,2.8,2.6,2.64,553308,0
9913.HK,D,20230810,000000,2.69,2.71,2.61,2.61,896000,0
9913.HK,D,20230811,000000,2.69,2.69,2.6,2.68,1420000,0
9913.HK,D,20230814,000000,2.7,2.75,2.66,2.7,656000,0
9913.HK,D,20230815,000000,2.75,2.75,2.66,2.67,432000,0
9913.HK,D,20230816,000000,2.71,2.71,2.63,2.7,416000,0
9913.HK,D,20230817,000000,2.69,2.75,2.64,2.69,832000,0
9913.HK,D,20230818,000000,2.65,2.72,2.63,2.66,384000,0
9913.HK,D,20230821,000000,2.65,2.73,2.64,2.64,524000,0
9913.HK,D,20230822,000000,2.68,2.7,2.61,2.63,1348000,0
9913.HK,D,20230823,000000,2.65,2.7,2.61,2.65,1340000,0
9913.HK,D,20230824,000000,2.7,2.7,2.63,2.68,924000,0
9913.HK,D,20230825,000000,2.7,2.73,2.67,2.68,1600020,0
9913.HK,D,20230828,000000,2.72,2.74,2.67,2.68,492000,0
9913.HK,D,20230829,000000,2.73,2.74,2.68,2.74,188000,0
9913.HK,D,20230830,000000,2.75,2.75,2.72,2.75,552000,0
9913.HK,D,20230831,000000,2.77,2.79,2.74,2.75,168000,0
9913.HK,D,20230904,000000,2.85,2.85,2.74,2.81,840000,0
9913.HK,D,20230905,000000,2.87,2.93,2.74,2.87,1440000,0
9913.HK,D,20230906,000000,2.92,2.92,2.87,2.9,224000,0
9913.HK,D,20230907,000000,2.93,2.95,2.9,2.94,456000,0
9913.HK,D,20230911,000000,2.99,2.99,2.93,2.97,796000,0
9913.HK,D,20230912,000000,2.99,3.06,2.97,3.03,720000,0
9913.HK,D,20230913,000000,3.04,3.07,3.02,3.07,512000,0
9913.HK,D,20230914,000000,3.1,3.17,3.04,3.12,2206658,0
9913.HK,D,20230915,000000,3.17,3.17,3.1,3.13,992000,0
9913.HK,D,20230918,000000,3.17,3.19,3.14,3.15,1172000,0
9913.HK,D,20230919,000000,3.22,3.22,3.14,3.18,1120000,0
9913.HK,D,20230920,000000,3.24,3.24,3.15,3.15,620000,0
9913.HK,D,20230921,000000,3.2,3.25,3.14,3.22,1300000,0
9913.HK,D,20230922,000000,3.25,3.29,3.19,3.28,1492000,0
9913.HK,D,20230925,000000,3.3,3.34,3.26,3.3,1024000,0
9913.HK,D,20230926,000000,3.28,3.34,3.27,3.33,1360000,0
9913.HK,D,20230927,000000,3.34,3.36,3.28,3.34,836000,0
9913.HK,D,20230928,000000,3.36,3.38,3.33,3.35,160000,0
9913.HK,D,20230929,000000,3.4,3.4,3.3,3.3,328000,0
9913.HK,D,20231003,000000,3.34,3.39,3.28,3.34,1048000,0
9913.HK,D,20231004,000000,3.38,3.38,3.31,3.32,164000,0
9913.HK,D,20231005,000000,3.38,3.38,3.31,3.35,292000,0
9913.HK,D,20231006,000000,3.39,3.39,3.33,3.37,1748000,0
9913.HK,D,20231009,000000,3.36,3.42,3.33,3.37,448000,0
9913.HK,D,20231010,000000,3.42,3.42,3.33,3.36,470000,0
9913.HK,D,20231011,000000,3.4,3.4,3.31,3.37,1460000,0
9913.HK,D,20231012,000000,3.38,3.38,3.31,3.31,1324000,0
9913.HK,D,20231013,000000,3.35,3.36,3.31,3.35,420000,0
9913.HK,D,20231016,000000,3.37,3.37,3.32,3.36,450360,0
9913.HK,D,20231017,000000,3.37,3.37,3.32,3.35,400000,0
9913.HK,D,20231018,000000,3.35,3.39,3.31,3.31,580000,0
9913.HK,D,20231019,000000,3.37,3.37,3.31,3.34,216000,0
9913.HK,D,20231020,000000,3.36,3.44,3.3,3.39,980000,0
9913.HK,D,20231024,000000,3.39,3.39,3.32,3.35,192000,0
9913.HK,D,20231025,000000,3.39,3.39,3.31,3.34,204000,0
9913.HK,D,20231026,000000,3.3,3.35,3.29,3.34,832000,0
9913.HK,D,20231027,000000,3.35,3.39,3.31,3.34,432000,0
9913.HK,D,20231030,000000,3.24,3.36,3.24,3.35,1109400,0
9913.HK,D,20231031,000000,3.35,3.37,3.28,3.35,844000,0
9913.HK,D,20231101,000000,3.38,3.38,3.29,3.32,224000,0
9913.HK,D,20231102,000000,3.35,3.5,3.29,3.39,1380000,0
9913.HK,D,20231103,000000,3.39,3.44,3.37,3.41,728000,0
9913.HK,D,20231106,000000,3.43,3.44,3.38,3.38,520000,0
9913.HK,D,20231107,000000,3.38,3.41,3.36,3.38,108000,0
9913.HK,D,20231108,000000,3.42,3.43,3.38,3.4,104000,0
9913.HK,D,20231109,000000,3.4,3.43,3.37,3.37,108000,0
9913.HK,D,20231110,000000,3.36,3.42,3.36,3.41,68000,0
9913.HK,D,20231113,000000,3.41,3.45,3.39,3.39,160000,0
9913.HK,D,20231114,000000,3.43,3.43,3.37,3.39,96000,0
9913.HK,D,20231115,000000,3.39,3.43,3.38,3.39,180000,0
9913.HK,D,20231116,000000,3.4,3.44,3.38,3.39,96000,0
9913.HK,D,20231117,000000,3.36,3.43,3.36,3.39,60000,0
9913.HK,D,20231120,000000,3.39,3.42,3.35,3.37,172000,0
9913.HK,D,20231121,000000,3.39,3.4,3.34,3.37,112000,0
9913.HK,D,20231122,000000,3.35,3.35,3.33,3.33,92000,0
9913.HK,D,20231123,000000,3.33,3.37,3.32,3.32,84000,0
9913.HK,D,20231124,000000,3.36,3.36,3.25,3.33,531000,0
9913.HK,D,20231127,000000,3.35,3.36,3.29,3.35,92000,0
9913.HK,D,20231128,000000,3.35,3.37,3.28,3.28,124000,0
9913.HK,D,20231129,000000,3.32,3.32,3.25,3.26,36000,0
9913.HK,D,20231130,000000,3.28,3.28,3.14,3.21,548000,0
9913.HK,D,20231201,000000,3.24,3.28,3.16,3.19,384000,0
9913.HK,D,20231204,000000,3.22,3.25,3.18,3.22,84000,0
9913.HK,D,20231205,000000,3.25,3.25,3.2,3.23,32000,0
9913.HK,D,20231206,000000,3.25,3.29,3.21,3.24,708000,0
9913.HK,D,20231207,000000,3.23,3.23,3.21,3.23,88000,0
9913.HK,D,20231208,000000,3.24,3.24,3.2,3.22,24000,0
9913.HK,D,20231211,000000,3.21,3.21,3.21,3.21,84000,0
9913.HK,D,20231212,000000,3.23,3.26,3.2,3.24,80000,0
9913.HK,D,20231213,000000,3.22,3.22,3.22,3.22,8000,0
9913.HK,D,20231214,000000,3.2,3.26,3.12,3.25,836000,0
9913.HK,D,20231215,000000,3.28,3.28,3.19,3.19,12000,0
9913.HK,D,20231218,000000,3.24,3.24,3.18,3.23,80000,0
9913.HK,D,20231219,000000,3.28,3.28,3.19,3.24,244000,0
9913.HK,D,20231220,000000,3.27,3.28,3.24,3.24,1144000,0
9913.HK,D,20231221,000000,3.25,3.25,3.2,3.24,117546,0
9913.HK,D,20231222,000000,3.24,3.24,3.18,3.24,164000,0
9913.HK,D,20231227,000000,3.26,3.26,3.24,3.24,4000,0
9913.HK,D,20231228,000000,3.25,3.25,3.23,3.24,16000,0
9913.HK,D,20231229,000000,3.26,3.26,3.22,3.22,80000,0
9913.HK,D,20240102,000000,3.21,3.25,3.2,3.24,60000,0
9913.HK,D,20240103,000000,3.2,3.23,3.16,3.2,216000,0
9913.HK,D,20240104,000000,3.22,3.24,3.16,3.16,332000,0
9913.HK,D,20240105,000000,3.2,3.2,3.15,3.17,136000,0
9913.HK,D,20240108,000000,3.2,3.2,3.13,3.17,72000,0
9913.HK,D,20240109,000000,3.13,3.17,3.12,3.17,264000,0
9913.HK,D,20240110,000000,3.12,3.16,3.12,3.16,124000,0
9913.HK,D,20240111,000000,3.17,3.17,3.12,3.15,197472,0
9913.HK,D,20240112,000000,3.1,3.13,3.1,3.1,16000,0
9913.HK,D,20240115,000000,3.1,3.15,3.1,3.11,108000,0
9913.HK,D,20240116,000000,3.13,3.15,3.08,3.08,60000,0
9913.HK,D,20240117,000000,3.06,3.15,3.06,3.11,112000,0
9913.HK,D,20240118,000000,3.15,3.15,3.06,3.12,92000,0
9913.HK,D,20240119,000000,3.05,3.06,3.02,3.05,64000,0
9913.HK,D,20240122,000000,3.01,3.05,2.97,3.05,332000,0
9913.HK,D,20240123,000000,3.06,3.13,3.04,3.04,64000,0
9913.HK,D,20240124,000000,3.13,3.13,3.04,3.04,8000,0
9913.HK,D,20240125,000000,3.12,3.12,3,3,296000,0
9913.HK,D,20240126,000000,3.09,3.09,3,3.04,324000,0
9913.HK,D,20240129,000000,3.07,3.18,3.05,3.09,72000,0
9913.HK,D,20240130,000000,3.12,3.12,3.06,3.06,436000,0
9913.HK,D,20240131,000000,3.09,3.14,3.09,3.09,12000,0
9913.HK,D,20240201,000000,3.01,3.2,3.01,3.16,52000,0
9913.HK,D,20240202,000000,3.18,3.18,3.11,3.18,56000,0
9913.HK,D,20240205,000000,3.2,3.2,3.13,3.18,132000,0
9913.HK,D,20240206,000000,3.17,3.17,3.17,3.17,16000,0
9913.HK,D,20240207,000000,3.2,3.2,3.19,3.19,4000,0
9913.HK,D,20240208,000000,3.2,3.25,3.19,3.19,20000,0
9913.HK,D,20240209,000000,3.25,3.25,3.18,3.18,8000,0
9913.HK,D,20240214,000000,3.18,3.18,3.18,3.18,0,0
9913.HK,D,20240215,000000,3.2,3.2,3.18,3.18,40000,0
9913.HK,D,20240216,000000,3.25,3.25,3.08,3.08,80000,0
9913.HK,D,20240219,000000,3.12,3.17,3.06,3.13,172000,0
9913.HK,D,20240220,000000,3.15,3.19,3.15,3.16,24000,0
9913.HK,D,20240221,000000,3.1,3.1,3.02,3.09,356000,0
9913.HK,D,20240222,000000,3.1,3.1,3.03,3.08,136000,0
9913.HK,D,20240223,000000,3.1,3.1,3.08,3.08,4000,0
9913.HK,D,20240226,000000,3.09,3.13,3.09,3.09,140000,0
9913.HK,D,20240227,000000,3.14,3.14,3.05,3.09,124000,0
9913.HK,D,20240228,000000,3.13,3.13,3.09,3.09,12000,0
9913.HK,D,20240229,000000,3.11,3.11,3.01,3.07,944000,0
9913.HK,D,20240301,000000,3.11,3.14,3.02,3.1,564000,0
9913.HK,D,20240304,000000,3.06,3.08,3.04,3.08,56000,0
9913.HK,D,20240305,000000,3.12,3.12,3.06,3.07,428000,0
9913.HK,D,20240306,000000,3.1,3.13,3.05,3.08,56000,0
9913.HK,D,20240307,000000,2.98,3.06,2.98,3.03,47000,0
9913.HK,D,20240308,000000,3.09,3.09,3.04,3.04,20000,0
9913.HK,D,20240311,000000,3.05,3.19,3,3.05,388000,0
9913.HK,D,20240312,000000,3.08,3.14,3.03,3.13,120182,0
9913.HK,D,20240313,000000,3.05,3.09,3.05,3.05,52000,0
9913.HK,D,20240314,000000,3.09,3.09,3.02,3.06,64000,0
9913.HK,D,20240315,000000,3.07,3.07,3,3.06,132000,0
9913.HK,D,20240318,000000,3.02,3.06,3.01,3.02,80000,0
9913.HK,D,20240319,000000,3.07,3.07,3,3.06,464000,0
9913.HK,D,20240320,000000,3.08,3.08,3,3.03,68000,0
9913.HK,D,20240321,000000,3.02,3.07,2.98,3.04,316000,0
9913.HK,D,20240322,000000,3.05,3.05,3,3.03,208000,0
9913.HK,D,20240325,000000,3.05,3.05,3.01,3.02,88000,0
9913.HK,D,20240326,000000,3,3.06,2.98,3.02,184000,0
9913.HK,D,20240327,000000,3.01,3.01,3.01,3.01,64000,0
9913.HK,D,20240328,000000,3.04,3.05,3.01,3.04,224000,0
9913.HK,D,20240402,000000,3,3.03,2.99,2.99,124000,0
9913.HK,D,20240403,000000,3.02,3.04,2.98,2.98,44000,0
9913.HK,D,20240405,000000,3.01,3.01,3.01,3.01,4000,0
9913.HK,D,20240408,000000,3.02,3.03,2.97,3,100000,0
9913.HK,D,20240409,000000,3,3.01,2.97,3.01,256000,0
9913.HK,D,20240410,000000,3.02,3.02,3.01,3.02,12000,0
9913.HK,D,20240411,000000,3.01,3.04,2.96,2.97,92000,0
9913.HK,D,20240412,000000,2.99,3.02,2.97,2.98,76000,0
9913.HK,D,20240415,000000,2.99,2.99,2.97,2.99,28000,0
9913.HK,D,20240416,000000,3,3,2.96,3,360000,0
9913.HK,D,20240417,000000,3,3,2.98,2.99,928000,0
9913.HK,D,20240418,000000,2.92,3,2.92,2.99,113400,0
9913.HK,D,20240419,000000,3,3,2.94,2.97,68000,0
9913.HK,D,20240422,000000,2.99,3,2.95,2.97,60000,0
9913.HK,D,20240423,000000,2.99,2.99,2.91,2.91,88000,0
9913.HK,D,20240424,000000,2.96,2.97,2.91,2.96,1296000,0
9913.HK,D,20240425,000000,2.98,2.98,2.92,2.97,136000,0
9913.HK,D,20240426,000000,2.99,3,2.91,2.92,240000,0
9913.HK,D,20240429,000000,2.95,2.96,2.9,2.94,332000,0
9913.HK,D,20240430,000000,2.94,2.94,2.89,2.89,344000,0
9913.HK,D,20240502,000000,2.84,2.91,2.84,2.85,308000,0
9913.HK,D,20240503,000000,2.88,2.89,2.82,2.82,96000,0
9913.HK,D,20240506,000000,2.84,2.86,2.74,2.84,238600,0
9913.HK,D,20240507,000000,2.85,2.86,2.81,2.84,52000,0
9913.HK,D,20240508,000000,2.86,2.89,2.8,2.87,410080,0
9913.HK,D,20240509,000000,2.88,2.89,2.83,2.84,56000,0
9913.HK,D,20240510,000000,2.9,2.9,2.82,2.85,48000,0
9913.HK,D,20240513,000000,2.92,2.92,2.82,2.85,384000,0
9913.HK,D,20240514,000000,2.9,2.9,2.82,2.83,44000,0
9913.HK,D,20240516,000000,2.84,2.84,2.76,2.8,68000,0
9913.HK,D,20240517,000000,2.79,2.86,2.77,2.82,144000,0
9913.HK,D,20240520,000000,2.89,2.89,2.77,2.78,88000,0
9913.HK,D,20240521,000000,2.8,2.83,2.65,2.83,164000,0
9913.HK,D,20240522,000000,2.85,2.85,2.77,2.8,52000,0
9913.HK,D,20240523,000000,2.83,2.83,2.74,2.74,252000,0
9913.HK,D,20240524,000000,2.78,2.79,2.73,2.77,20000,0
9913.HK,D,20240527,000000,2.8,2.8,2.77,2.77,12400,0
9913.HK,D,20240528,000000,2.8,2.8,2.7,2.77,285220,0
9913.HK,D,20240529,000000,2.79,2.8,2.73,2.73,36000,0
9913.HK,D,20240530,000000,2.74,2.75,2.71,2.73,88000,0
9913.HK,D,20240531,000000,2.76,2.76,2.7,2.73,92000,0
9913.HK,D,20240603,000000,2.75,2.75,2.73,2.73,12000,0
9913.HK,D,20240604,000000,2.75,2.75,2.7,2.7,56000,0
9913.HK,D,20240605,000000,2.7,2.74,2.7,2.72,12000,0
9913.HK,D,20240606,000000,2.73,2.74,2.72,2.72,52000,0
9913.HK,D,20240607,000000,2.73,2.73,2.7,2.7,20000,0
9913.HK,D,20240611,000000,2.73,2.73,2.66,2.66,324000,0
9913.HK,D,20240612,000000,2.68,2.71,2.66,2.66,436000,0
9913.HK,D,20240613,000000,2.69,2.73,2.63,2.73,276000,0
9913.HK,D,20240614,000000,2.73,2.77,2.71,2.71,152000,0
9913.HK,D,20240617,000000,2.76,2.76,2.66,2.74,160000,0
9913.HK,D,20240618,000000,2.7,2.73,2.7,2.73,12000,0
9913.HK,D,20240619,000000,2.78,2.78,2.73,2.73,56000,0
9913.HK,D,20240620,000000,2.91,2.91,2.67,2.72,20000,0
9913.HK,D,20240621,000000,2.68,2.68,2.68,2.68,8440,0
9913.HK,D,20240624,000000,2.69,2.74,2.67,2.69,116000,0
9913.HK,D,20240625,000000,2.7,2.7,2.63,2.68,64000,0
9913.HK,D,20240626,000000,2.73,2.74,2.68,2.68,8000,0
9913.HK,D,20240627,000000,2.65,2.65,2.63,2.64,24000,0
9913.HK,D,20240628,000000,2.64,2.64,2.63,2.63,4000,0
9913.HK,D,20240702,000000,2.62,2.67,2.58,2.58,132000,0
9913.HK,D,20240703,000000,2.62,2.62,2.53,2.57,134000,0
9913.HK,D,20240704,000000,2.64,2.64,2.55,2.56,36000,0
9913.HK,D,20240705,000000,2.59,2.63,2.45,2.51,168000,0
9913.HK,D,20240708,000000,2.6,2.6,2.55,2.55,4000,0
9913.HK,D,20240709,000000,2.6,2.6,2.49,2.49,20000,0
9913.HK,D,20240710,000000,2.55,2.57,2.5,2.5,36000,0
9913.HK,D,20240711,000000,2.55,2.55,2.49,2.49,76000,0
9913.HK,D,20240712,000000,2.54,2.54,2.48,2.5,1908000,0
9913.HK,D,20240715,000000,2.5,2.53,2.46,2.52,72000,0
9913.HK,D,20240716,000000,2.5,2.52,2.45,2.52,108000,0
9913.HK,D,20240717,000000,2.52,2.52,2.46,2.52,40000,0
9913.HK,D,20240718,000000,2.44,2.46,2.44,2.44,56000,0
9913.HK,D,20240719,000000,2.44,2.48,2.4,2.44,252000,0
9913.HK,D,20240722,000000,2.4,2.4,2.19,2.28,140000,0
9913.HK,D,20240723,000000,2.34,2.39,2.31,2.37,216000,0
9913.HK,D,20240724,000000,2.41,2.43,2.3,2.3,116000,0
9913.HK,D,20240725,000000,2.41,2.41,2.33,2.38,112000,0
9913.HK,D,20240726,000000,2.37,2.46,2.36,2.38,308000,0
9913.HK,D,20240729,000000,2.4,2.46,2.33,2.36,712000,0
9913.HK,D,20240730,000000,2.4,2.46,2.35,2.41,80000,0
9913.HK,D,20240731,000000,2.49,2.49,2.41,2.43,36000,0
9913.HK,D,20240801,000000,2.43,2.45,2.41,2.43,20000,0
9913.HK,D,20240802,000000,2.45,2.49,2.41,2.45,20000,0
9913.HK,D,20240805,000000,2.75,2.75,2.49,2.5,108000,0
9913.HK,D,20240806,000000,2.6,2.6,2.44,2.44,12000,0
9913.HK,D,20240807,000000,2.48,2.48,2.47,2.47,4000,0
9913.HK,D,20240808,000000,2.59,2.59,2.42,2.48,16000,0
9913.HK,D,20240809,000000,2.42,2.56,2.41,2.47,1272000,0
9913.HK,D,20240812,000000,2.46,2.58,2.37,2.54,224000,0
9913.HK,D,20240813,000000,2.5,2.54,2.46,2.53,52000,0
9913.HK,D,20240814,000000,2.5,2.5,2.46,2.46,28000,0
9913.HK,D,20240815,000000,2.53,2.53,2.43,2.43,28000,0
9913.HK,D,20240816,000000,2.47,2.49,2.4,2.4,332000,0
9913.HK,D,20240819,000000,2.43,2.47,2.36,2.47,144000,0
9913.HK,D,20240820,000000,2.45,2.56,2.41,2.41,136000,0
9913.HK,D,20240821,000000,2.46,2.49,2.36,2.41,248000,0
9913.HK,D,20240822,000000,2.41,2.44,2.33,2.35,910514,0
9913.HK,D,20240823,000000,2.4,2.42,2.33,2.38,108000,0
9913.HK,D,20240826,000000,2.5,2.5,2.33,2.4,84000,0
9913.HK,D,20240827,000000,2.4,2.46,2.36,2.4,80000,0
9913.HK,D,20240828,000000,2.4,2.45,2.38,2.38,76000,0
9913.HK,D,20240829,000000,2.41,2.48,2.33,2.35,116000,0
9913.HK,D,20240830,000000,2.35,2.43,2.32,2.33,88000,0
9913.HK,D,20240902,000000,2.38,2.38,2.29,2.32,164000,0
9913.HK,D,20240903,000000,2.37,2.39,2.31,2.31,44000,0
9913.HK,D,20240904,000000,2.35,2.36,2.3,2.31,320000,0
9913.HK,D,20240905,000000,2.33,2.37,2.3,2.3,100000,0
9913.HK,D,20240909,000000,2.35,2.35,2.28,2.29,64000,0
9913.HK,D,20240910,000000,2.27,2.31,2.26,2.26,84000,0
9913.HK,D,20240911,000000,2.3,2.32,2.25,2.28,36000,0
9913.HK,D,20240912,000000,2.28,2.31,2.25,2.25,44000,0
9913.HK,D,20240913,000000,2.25,2.28,2.19,2.27,116000,0
9913.HK,D,20240916,000000,2.27,2.52,2.27,2.38,80840,0
9913.HK,D,20240917,000000,2.4,2.6,2.36,2.45,128000,0
9913.HK,D,20240919,000000,2.45,2.51,2.34,2.35,148000,0
9913.HK,D,20240920,000000,2.23,2.39,2.23,2.36,132000,0
9913.HK,D,20240923,000000,2.4,2.4,2.34,2.36,48000,0
9913.HK,D,20240924,000000,2.41,2.44,2.35,2.4,1088000,0
9913.HK,D,20240925,000000,2.43,2.44,2.33,2.37,72000,0
9913.HK,D,20240926,000000,2.37,2.41,2.34,2.39,108000,0
9913.HK,D,20240927,000000,2.44,2.49,2.37,2.44,128000,0
9913.HK,D,20240930,000000,2.44,2.59,2.44,2.55,120000,0
9913.HK,D,20241002,000000,2.55,2.65,2.51,2.65,140000,0
9913.HK,D,20241003,000000,2.65,2.83,2.62,2.83,196000,0
9913.HK,D,20241004,000000,2.83,2.83,2.79,2.79,16000,0
9913.HK,D,20241007,000000,2.82,2.84,2.77,2.84,28000,0
9913.HK,D,20241008,000000,2.84,3,2.84,2.92,48000,0
9913.HK,D,20241009,000000,2.99,2.99,2.9,2.94,340000,0
9913.HK,D,20241010,000000,2.95,2.95,2.91,2.92,52000,0
9913.HK,D,20241014,000000,2.9,2.9,2.85,2.88,72000,0
9913.HK,D,20241015,000000,2.88,2.89,2.78,2.83,92000,0
9913.HK,D,20241016,000000,2.83,2.9,2.82,2.82,36000,0
9913.HK,D,20241017,000000,2.9,2.9,2.8,2.8,24000,0
9913.HK,D,20241018,000000,2.8,2.8,2.8,2.8,0,0
9913.HK,D,20241021,000000,2.65,2.91,2.65,2.8,98160,0
9913.HK,D,20241022,000000,2.8,2.85,2.64,2.64,176000,0
9913.HK,D,20241023,000000,2.7,2.8,2.58,2.62,136000,0
9913.HK,D,20241024,000000,2.64,2.78,2.59,2.67,76000,0
9913.HK,D,20241025,000000,2.76,2.76,2.67,2.68,80000,0
9913.HK,D,20241028,000000,2.68,2.74,2.64,2.64,32000,0
9913.HK,D,20241029,000000,2.7,2.72,2.67,2.67,60000,0
9913.HK,D,20241030,000000,2.7,2.72,2.67,2.67,24000,0
9913.HK,D,20241031,000000,2.74,2.74,2.66,2.66,32000,0
9913.HK,D,20241101,000000,2.7,2.74,2.69,2.69,20000,0
9913.HK,D,20241104,000000,2.7,2.74,2.67,2.68,36000,0
9913.HK,D,20241105,000000,2.7,2.74,2.67,2.67,28000,0
9913.HK,D,20241106,000000,2.66,2.74,2.66,2.68,20000,0
9913.HK,D,20241107,000000,2.7,2.76,2.69,2.69,52000,0
9913.HK,D,20241108,000000,2.69,2.69,2.67,2.67,24000,0
9913.HK,D,20241111,000000,2.72,2.75,2.65,2.65,68000,0
9913.HK,D,20241112,000000,2.7,2.7,2.7,2.7,4000,0
9913.HK,D,20241113,000000,2.7,2.75,2.69,2.71,624000,0
9913.HK,D,20241114,000000,2.7,2.74,2.66,2.66,52000,0
9913.HK,D,20241115,000000,2.7,2.7,2.67,2.67,20000,0
9913.HK,D,20241118,000000,2.7,2.74,2.7,2.7,256000,0
9913.HK,D,20241119,000000,2.7,2.75,2.69,2.7,28000,0
9913.HK,D,20241120,000000,2.7,2.7,2.69,2.7,332000,0
9913.HK,D,20241121,000000,2.7,2.73,2.67,2.67,68000,0
9913.HK,D,20241122,000000,2.7,2.75,2.67,2.67,36000,0
9913.HK,D,20241125,000000,2.67,2.67,2.67,2.67,4000,0
9913.HK,D,20241126,000000,2.67,2.7,2.67,2.67,8000,0
9913.HK,D,20241127,000000,2.67,2.67,2.67,2.67,0,0
9913.HK,D,20241128,000000,2.7,2.72,2.66,2.67,252000,0
9913.HK,D,20241129,000000,2.68,2.68,2.63,2.68,104000,0
9913.HK,D,20241202,000000,2.68,2.72,2.67,2.69,52000,0
9913.HK,D,20241203,000000,2.68,2.72,2.67,2.67,24000,0
9913.HK,D,20241204,000000,2.7,2.7,2.7,2.7,4000,0
9913.HK,D,20241205,000000,2.7,2.7,2.68,2.68,24000,0
9913.HK,D,20241206,000000,2.7,2.72,2.68,2.7,25720,0
9913.HK,D,20241209,000000,2.7,2.7,2.66,2.67,124000,0
9913.HK,D,20241210,000000,2.67,2.74,2.65,2.67,84000,0
9913.HK,D,20241211,000000,2.65,2.67,2.65,2.65,16000,0
9913.HK,D,20241212,000000,2.68,2.68,2.65,2.65,16000,0
9913.HK,D,20241213,000000,2.65,2.66,2.63,2.63,44000,0
9913.HK,D,20241216,000000,2.65,2.66,2.65,2.66,16000,0
9913.HK,D,20241217,000000,2.66,2.69,2.58,2.6,68000,0
9913.HK,D,20241218,000000,2.64,2.8,2.62,2.65,132000,0
9913.HK,D,20241219,000000,2.65,2.75,2.65,2.67,128000,0
9913.HK,D,20241220,000000,2.66,2.7,2.6,2.64,136000,0
9913.HK,D,20241223,000000,2.64,2.7,2.55,2.62,164000,0
9913.HK,D,20241224,000000,2.6,2.62,2.57,2.59,124000,0
9913.HK,D,20241227,000000,2.59,2.63,2.59,2.62,184000,0
9913.HK,D,20241230,000000,2.6,2.63,2.55,2.56,148000,0
9913.HK,D,20241231,000000,2.56,2.56,2.39,2.39,68000,0
9913.HK,D,20250102,000000,2.45,2.48,2.42,2.42,108000,0
9913.HK,D,20250103,000000,2.47,2.7,2.36,2.41,200000,0
9913.HK,D,20250106,000000,2.42,2.45,2.35,2.42,108000,0
9913.HK,D,20250107,000000,2.42,2.45,2.36,2.44,148000,0
9913.HK,D,20250108,000000,2.44,2.48,2.33,2.39,188000,0
9913.HK,D,20250109,000000,2.36,2.41,2.35,2.37,128000,0
9913.HK,D,20250110,000000,2.43,2.45,2.38,2.41,120000,0
9913.HK,D,20250113,000000,2.44,2.5,2.42,2.43,284000,0
9913.HK,D,20250114,000000,2.43,2.44,2.42,2.42,48000,0
9913.HK,D,20250115,000000,2.43,2.44,2.38,2.41,112000,0
9913.HK,D,20250116,000000,2.42,2.43,2.4,2.43,320000,0
9913.HK,D,20250117,000000,2.42,2.48,2.37,2.45,552000,0
9913.HK,D,20250120,000000,2.45,2.47,2.41,2.43,156000,0
9913.HK,D,20250121,000000,2.44,2.45,2.4,2.4,124000,0
9913.HK,D,20250122,000000,2.4,2.43,2.39,2.41,128000,0
9913.HK,D,20250123,000000,2.42,2.42,2.39,2.41,128000,0
9913.HK,D,20250124,000000,2.39,2.42,2.38,2.39,128000,0
9913.HK,D,20250127,000000,2.38,2.4,2.35,2.36,128000,0
9913.HK,D,20250128,000000,2.36,2.36,2.32,2.32,84000,0
9913.HK,D,20250203,000000,2.35,2.43,2.31,2.32,120000,0
9913.HK,D,20250204,000000,2.29,2.43,2.28,2.41,120000,0
9913.HK,D,20250205,000000,2.38,2.67,2.38,2.43,252000,0
9913.HK,D,20250206,000000,2.42,2.47,2.42,2.46,132000,0
9913.HK,D,20250207,000000,2.47,2.56,2.47,2.5,228000,0
9913.HK,D,20250210,000000,2.45,2.54,2.45,2.52,100000,0
9913.HK,D,20250211,000000,2.54,2.6,2.54,2.58,108000,0
9913.HK,D,20250212,000000,2.76,2.76,2.57,2.63,108000,0
9913.HK,D,20250213,000000,2.54,2.67,2.46,2.59,132000,0
9913.HK,D,20250214,000000,2.55,2.57,2.54,2.54,88000,0
9913.HK,D,20250217,000000,2.49,2.52,2.47,2.47,92000,0
9913.HK,D,20250218,000000,2.65,2.65,2.41,2.5,908000,0
9913.HK,D,20250219,000000,2.5,2.59,2.46,2.47,88000,0
9913.HK,D,20250220,000000,2.43,2.46,2.43,2.43,100000,0
9913.HK,D,20250221,000000,2.45,2.45,2.42,2.44,92000,0
9913.HK,D,20250224,000000,2.44,2.49,2.44,2.49,96000,0
9913.HK,D,20250225,000000,2.5,2.73,2.49,2.54,212000,0
9913.HK,D,20250226,000000,2.49,2.49,2.47,2.49,88000,0
9913.HK,D,20250227,000000,2.5,2.5,2.44,2.44,92000,0
9913.HK,D,20250228,000000,2.44,2.44,2.42,2.42,88000,0
9913.HK,D,20250303,000000,2.5,2.5,2.46,2.46,96000,0
9913.HK,D,20250304,000000,2.47,2.47,2.44,2.45,100000,0
9913.HK,D,20250305,000000,2.43,2.43,2.43,2.43,88000,0
9913.HK,D,20250306,000000,2.43,2.55,2.41,2.43,104000,0
9913.HK,D,20250307,000000,2.43,2.46,2.42,2.46,184000,0
9913.HK,D,20250310,000000,2.44,2.5,2.42,2.49,88000,0
9913.HK,D,20250311,000000,2.5,2.5,2.47,2.49,108000,0
9913.HK,D,20250312,000000,2.5,2.5,2.48,2.5,88000,0
9913.HK,D,20250313,000000,2.49,2.49,2.43,2.46,88000,0
9913.HK,D,20250314,000000,2.45,2.45,2.45,2.45,88000,0
9913.HK,D,20250317,000000,2.42,2.42,2.32,2.33,96000,0
9913.HK,D,20250318,000000,2.41,2.45,2.33,2.41,112000,0
9913.HK,D,20250319,000000,2.41,2.52,2.4,2.5,96000,0
9913.HK,D,20250320,000000,2.45,2.55,2.43,2.5,1572000,0
9913.HK,D,20250321,000000,2.5,2.53,2.4,2.5,1036000,0
9913.HK,D,20250324,000000,2.51,2.54,2.5,2.5,724000,0
9913.HK,D,20250325,000000,2.52,2.53,2.48,2.52,392000,0
9913.HK,D,20250326,000000,2.53,2.53,2.5,2.51,728000,0
9913.HK,D,20250327,000000,2.52,2.54,2.48,2.52,972000,0
9913.HK,D,20250328,000000,2.54,2.54,2.46,2.51,1040000,0
9913.HK,D,20250331,000000,2.49,2.51,2.46,2.49,704000,0
9913.HK,D,20250401,000000,2.55,2.55,2.41,2.5,344000,0
9913.HK,D,20250402,000000,2.51,2.51,2.46,2.46,336000,0
9913.HK,D,20250403,000000,2.51,2.51,2.45,2.51,1016000,0
9913.HK,D,20250407,000000,2.49,2.68,2.38,2.53,888000,0
9913.HK,D,20250408,000000,2.53,2.68,2.53,2.54,992000,0
9913.HK,D,20250409,000000,2.53,2.6,2.5,2.53,784000,0
9913.HK,D,20250410,000000,2.51,2.57,2.48,2.51,524000,0
9913.HK,D,20250411,000000,2.5,2.56,2.48,2.49,844000,0
9913.HK,D,20250414,000000,2.54,2.55,2.49,2.5,112000,0
9913.HK,D,20250415,000000,2.56,2.57,2.51,2.51,924000,0
9913.HK,D,20250416,000000,2.5,2.67,2.49,2.54,624000,0
9913.HK,D,20250417,000000,2.53,2.55,2.52,2.53,204000,0
