<TICKER>,<PER>,<DATE>,<TIME>,<OPEN>,<HIGH>,<LOW>,<CLOSE>,<VOL>,<OPENINT>
9926.HK,D,20200424,000000,23.5,25.5,23.35,24.3,98779166,0
9926.HK,D,20200427,000000,24.65,27.5,24.3,27.5,34287396,0
9926.HK,D,20200428,000000,27.9,28.4,25.9,26.4,27538869,0
9926.HK,D,20200429,000000,26.45,26.6,25,26.2,11976144,0
9926.HK,D,20200504,000000,25.4,26.8,25.25,26,8430384,0
9926.HK,D,20200505,000000,26.2,26.5,24.5,24.5,10412700,0
9926.HK,D,20200506,000000,24.6,25.1,23.65,24,8229400,0
9926.HK,D,20200507,000000,24,24.9,23,24.85,7664801,0
9926.HK,D,20200508,000000,25,25.4,24.15,24.15,3671000,0
9926.HK,D,20200511,000000,24.45,25.05,23.3,23.6,4839000,0
9926.HK,D,20200512,000000,23.5,24.5,23.3,24.4,4656000,0
9926.HK,D,20200513,000000,24.15,25.95,24,25.6,7774200,0
9926.HK,D,20200514,000000,25.6,26.5,24.85,26,7382750,0
9926.HK,D,20200515,000000,26.4,26.45,25.3,25.45,5030828,0
9926.HK,D,20200518,000000,25.35,26.65,24.65,26.4,8058141,0
9926.HK,D,20200519,000000,27.1,29,26.65,28.45,17539224,0
9926.HK,D,20200520,000000,28.5,30,27.9,29.6,11147500,0
9926.HK,D,20200521,000000,29.9,31,26.9,27.1,19132161,0
9926.HK,D,20200522,000000,26.4,27.95,25.05,25.75,12203000,0
9926.HK,D,20200525,000000,25.85,27.35,25.5,27.3,5910400,0
9926.HK,D,20200526,000000,27.95,28.6,26.9,27.35,7240000,0
9926.HK,D,20200527,000000,27.35,27.45,25.8,26.2,3191100,0
9926.HK,D,20200528,000000,26.3,26.8,24.8,25.55,4187000,0
9926.HK,D,20200529,000000,25.5,26.45,24.9,25.65,2734000,0
9926.HK,D,20200601,000000,26.1,28,26.1,27.85,6157000,0
9926.HK,D,20200602,000000,27.9,28.75,27.15,27.5,4268600,0
9926.HK,D,20200603,000000,27.95,28.95,27.7,28.1,3693345,0
9926.HK,D,20200604,000000,28.5,28.8,27.1,27.35,3233200,0
9926.HK,D,20200605,000000,27.65,27.85,27.25,27.25,1962000,0
9926.HK,D,20200608,000000,27.4,27.9,25.8,26.2,4068100,0
9926.HK,D,20200609,000000,26.25,28.3,26.25,27.95,5787810,0
9926.HK,D,20200610,000000,27.95,28.4,27.25,27.85,2469200,0
9926.HK,D,20200611,000000,27.6,28.8,27.35,28.3,4813600,0
9926.HK,D,20200612,000000,27.65,29.9,27.4,29.5,6512600,0
9926.HK,D,20200615,000000,29.5,31,28.4,29.25,5558813,0
9926.HK,D,20200616,000000,30,30.75,29.05,29.7,4651800,0
9926.HK,D,20200617,000000,30,30.95,29.4,30.55,4154100,0
9926.HK,D,20200618,000000,30.8,32.3,30.6,32.1,5221344,0
9926.HK,D,20200619,000000,32.1,32.9,31.1,31.9,2876120,0
9926.HK,D,20200622,000000,31.8,33,31.15,32.35,3421034,0
9926.HK,D,20200623,000000,32.5,32.6,31.5,32.15,1530151,0
9926.HK,D,20200624,000000,32.4,35.5,31.15,35.05,6199458,0
9926.HK,D,20200626,000000,34.6,37.45,34.6,37.4,4754690,0
9926.HK,D,20200629,000000,37.2,37.8,35.3,37.7,3656599,0
9926.HK,D,20200630,000000,37.8,38.95,36.55,37.1,3172621,0
9926.HK,D,20200702,000000,36.8,38.35,35.8,37.1,3875200,0
9926.HK,D,20200703,000000,37.1,37.6,35.9,36.4,4538000,0
9926.HK,D,20200706,000000,36.4,36.4,33.7,33.85,6354730,0
9926.HK,D,20200707,000000,33.6,35.55,32.55,34.75,3596200,0
9926.HK,D,20200708,000000,35,36.15,35,35.75,2559918,0
9926.HK,D,20200709,000000,35.65,36,34.8,35.95,3191000,0
9926.HK,D,20200710,000000,35.6,36.75,35.1,36.2,1863000,0
9926.HK,D,20200713,000000,36.55,36.9,34.75,34.8,2526600,0
9926.HK,D,20200714,000000,34.5,35.5,33.25,34.75,2133718,0
9926.HK,D,20200715,000000,34.8,35.95,34.2,35.35,1630000,0
9926.HK,D,20200716,000000,36.3,36.6,31.8,32.4,3687580,0
9926.HK,D,20200717,000000,32,34.2,32,33.3,1509432,0
9926.HK,D,20200720,000000,33.25,34,32,33.8,1133000,0
9926.HK,D,20200721,000000,33.9,34.85,32.95,33.1,1996405,0
9926.HK,D,20200722,000000,32.9,34.65,32.75,32.75,2093000,0
9926.HK,D,20200723,000000,33.45,33.9,32.5,33.5,2330000,0
9926.HK,D,20200724,000000,33,33.35,30.7,30.85,3739000,0
9926.HK,D,20200727,000000,31.1,31.5,28.5,29,3408000,0
9926.HK,D,20200728,000000,29.8,30,28.9,29.5,1396620,0
9926.HK,D,20200729,000000,29.5,31.25,28.8,30.4,2454000,0
9926.HK,D,20200730,000000,31.2,32.2,30.1,30.4,3378444,0
9926.HK,D,20200731,000000,30.45,31.25,30.25,30.8,1463000,0
9926.HK,D,20200803,000000,31.1,31.2,29,29.9,2534014,0
9926.HK,D,20200804,000000,29.8,30.85,29.8,30.4,1739288,0
9926.HK,D,20200805,000000,30.6,30.6,29.3,30.05,2043000,0
9926.HK,D,20200806,000000,30.05,30.35,29.7,30.1,1260355,0
9926.HK,D,20200807,000000,30.2,30.2,28.75,29.2,1694329,0
9926.HK,D,20200810,000000,29.2,29.2,27.25,28.15,2136528,0
9926.HK,D,20200811,000000,28.35,29.55,28.2,28.5,1299000,0
9926.HK,D,20200812,000000,28.3,28.3,25.95,27.4,2484143,0
9926.HK,D,20200813,000000,28.1,29.2,27.8,28.7,1532000,0
9926.HK,D,20200814,000000,29.3,29.6,28.6,28.7,1320779,0
9926.HK,D,20200817,000000,29.4,30,28.7,28.95,1440415,0
9926.HK,D,20200818,000000,28.9,31.45,28.2,31.25,3986622,0
9926.HK,D,20200819,000000,31.5,32.9,31.2,32.5,2683280,0
9926.HK,D,20200820,000000,32.5,32.65,30.6,31.25,3223352,0
9926.HK,D,20200821,000000,31.3,31.8,30.45,31.3,1168693,0
9926.HK,D,20200824,000000,31.3,31.4,29,29.25,1666140,0
9926.HK,D,20200825,000000,29.1,29.7,28.55,28.7,964000,0
9926.HK,D,20200826,000000,29.1,30.05,28.7,29.5,1197250,0
9926.HK,D,20200827,000000,29.3,29.9,28.6,29.3,752000,0
9926.HK,D,20200828,000000,29.15,30.25,28.85,29.95,822000,0
9926.HK,D,20200831,000000,30.05,30.05,28.35,29.55,2454000,0
9926.HK,D,20200901,000000,29.5,29.55,28.85,29,1132623,0
9926.HK,D,20200902,000000,28.95,29,27.7,27.7,1156203,0
9926.HK,D,20200903,000000,27.85,28.25,27.2,28,765000,0
9926.HK,D,20200904,000000,27.7,27.7,26.6,27.25,872000,0
9926.HK,D,20200907,000000,27,28.7,27,27.45,2191656,0
9926.HK,D,20200908,000000,27.45,28.3,26.8,27.15,1230000,0
9926.HK,D,20200909,000000,27,28.3,26.95,27.75,1041000,0
9926.HK,D,20200910,000000,28,29.15,27.75,28.5,1660000,0
9926.HK,D,20200911,000000,28.7,29.05,28,28.7,687000,0
9926.HK,D,20200914,000000,28.7,30.3,28.7,30.25,1708917,0
9926.HK,D,20200915,000000,30.2,30.35,29.35,30.25,829630,0
9926.HK,D,20200916,000000,30.25,31.65,30,30.9,1568221,0
9926.HK,D,20200917,000000,30.9,31.25,29.6,29.8,1272000,0
9926.HK,D,20200918,000000,30.15,30.7,29.4,30.3,919300,0
9926.HK,D,20200921,000000,30.7,31,28.8,28.9,537300,0
9926.HK,D,20200922,000000,28.9,29.3,28.1,28.3,585000,0
9926.HK,D,20200923,000000,28.95,29.05,28.45,28.65,271311,0
9926.HK,D,20200924,000000,28.15,28.45,27.25,27.7,666000,0
9926.HK,D,20200925,000000,27.7,28,26.45,26.65,1160956,0
9926.HK,D,20200928,000000,26.65,26.9,26.3,26.9,627885,0
9926.HK,D,20200929,000000,27.05,27.55,26.8,27,370000,0
9926.HK,D,20200930,000000,27.1,28.45,26.7,28,821000,0
9926.HK,D,20201005,000000,28,28,27.1,27.55,354000,0
9926.HK,D,20201006,000000,27.2,28.4,27.2,27.9,520000,0
9926.HK,D,20201007,000000,27.35,28,27.3,27.5,381800,0
9926.HK,D,20201008,000000,27.5,27.65,26.85,27.1,723800,0
9926.HK,D,20201009,000000,26.9,27.45,26.85,27.1,721500,0
9926.HK,D,20201012,000000,28.4,30,28.35,29.25,2050700,0
9926.HK,D,20201014,000000,29.05,29.25,27.85,27.9,1159000,0
9926.HK,D,20201015,000000,28,28,26.8,26.85,954500,0
9926.HK,D,20201016,000000,27.1,27.8,27,27.15,693000,0
9926.HK,D,20201019,000000,27.4,27.75,26.8,27,433000,0
9926.HK,D,20201020,000000,27,27,26.55,26.65,756594,0
9926.HK,D,20201021,000000,26.95,27,26.2,26.5,865000,0
9926.HK,D,20201022,000000,26.15,26.3,25.3,26,985000,0
9926.HK,D,20201023,000000,25.8,25.8,24.3,24.3,1935000,0
9926.HK,D,20201027,000000,24.5,25.45,24.1,24.35,793000,0
9926.HK,D,20201028,000000,24.35,24.35,23.9,24.05,753478,0
9926.HK,D,20201029,000000,23.95,23.95,23.1,23.35,1119000,0
9926.HK,D,20201030,000000,23.35,24.5,22.1,24.3,4022000,0
9926.HK,D,20201102,000000,24.6,24.85,22.2,23,1795510,0
9926.HK,D,20201103,000000,23,26.6,23,26.1,5381774,0
9926.HK,D,20201104,000000,26.2,26.9,25.6,26.6,2477603,0
9926.HK,D,20201105,000000,26.95,27.25,26,26.6,1462784,0
9926.HK,D,20201106,000000,26.8,26.8,25.15,25.35,2216000,0
9926.HK,D,20201109,000000,25.35,26,25.15,25.15,1986520,0
9926.HK,D,20201110,000000,25.3,25.8,24.5,24.7,1433400,0
9926.HK,D,20201111,000000,24.5,24.6,22.9,23.1,2568500,0
9926.HK,D,20201112,000000,23.4,24.2,23.4,24,1238042,0
9926.HK,D,20201113,000000,24,24.5,23.35,23.9,1053333,0
9926.HK,D,20201116,000000,23.9,24.1,23.45,23.9,1212060,0
9926.HK,D,20201117,000000,23.8,23.9,23.35,23.5,713000,0
9926.HK,D,20201118,000000,23.95,24.5,23.6,24,1478000,0
9926.HK,D,20201119,000000,23.85,25.25,23.85,24.5,1742796,0
9926.HK,D,20201120,000000,24.2,24.7,24.2,24.5,1238000,0
9926.HK,D,20201123,000000,24.5,26.15,24.5,25.6,3222127,0
9926.HK,D,20201124,000000,25.7,26.5,25.4,25.6,3980953,0
9926.HK,D,20201125,000000,25.7,25.75,24.8,24.95,2280147,0
9926.HK,D,20201126,000000,24.85,25.85,24.8,25.1,1055000,0
9926.HK,D,20201127,000000,25.1,25.1,23.9,24.4,953200,0
9926.HK,D,20201130,000000,24.4,25.1,24.3,25,2254000,0
9926.HK,D,20201201,000000,25.2,25.4,24.5,25.35,1493325,0
9926.HK,D,20201202,000000,24.25,24.55,23.5,24.3,51613000,0
9926.HK,D,20201203,000000,24.9,27.05,24.1,25.95,10224000,0
9926.HK,D,20201204,000000,26.05,26.95,25.45,26.8,4376398,0
9926.HK,D,20201207,000000,26.8,30.7,26.8,30.15,7563284,0
9926.HK,D,20201208,000000,30.1,30.7,29.2,29.8,5039641,0
9926.HK,D,20201209,000000,30,30.35,28.6,28.7,4111600,0
9926.HK,D,20201210,000000,28.4,29.65,28.3,28.95,1769012,0
9926.HK,D,20201211,000000,29.3,29.3,28.4,28.8,1204000,0
9926.HK,D,20201214,000000,28.8,28.8,28,28.5,1921000,0
9926.HK,D,20201215,000000,28.5,30.35,28.5,30.1,6635352,0
9926.HK,D,20201216,000000,30.2,31.55,29.7,31.4,5365000,0
9926.HK,D,20201217,000000,32.5,34,32.2,33.7,13398031,0
9926.HK,D,20201218,000000,33.95,34,32.15,33.3,19960000,0
9926.HK,D,20201221,000000,33.65,34.4,32.6,33.8,4876280,0
9926.HK,D,20201222,000000,34.15,35.3,33.65,34.75,3919733,0
9926.HK,D,20201223,000000,35,36.85,34.4,36.45,4272000,0
9926.HK,D,20201224,000000,36,36.6,35.3,36.5,1425650,0
9926.HK,D,20201228,000000,39.25,39.25,35.7,35.85,9255433,0
9926.HK,D,20201229,000000,36,37,34.6,35.8,4717000,0
9926.HK,D,20201230,000000,36.15,38.5,35.75,37.75,5872166,0
9926.HK,D,20201231,000000,38.2,38.5,37.45,38,1448232,0
9926.HK,D,20210104,000000,38,39.85,38,39.8,5353323,0
9926.HK,D,20210105,000000,39.5,44.25,39.3,43,5639171,0
9926.HK,D,20210106,000000,43.35,43.9,41.2,41.5,2799400,0
9926.HK,D,20210107,000000,41.1,42.95,39.5,41.9,9475000,0
9926.HK,D,20210108,000000,42.25,46,41.9,44.45,6932000,0
9926.HK,D,20210111,000000,44.55,46.75,43.15,45.5,5549445,0
9926.HK,D,20210112,000000,45.5,49,45.1,48.4,6060109,0
9926.HK,D,20210113,000000,48.4,49.35,47.05,47.4,5098000,0
9926.HK,D,20210114,000000,47.65,51.95,47.05,51.35,7771332,0
9926.HK,D,20210115,000000,49.9,50.75,48.55,49.45,8758332,0
9926.HK,D,20210118,000000,49.5,51.75,49.1,49.25,6379388,0
9926.HK,D,20210119,000000,50,50,46.5,49.45,8913191,0
9926.HK,D,20210120,000000,50.85,56.7,50,55.2,12541800,0
9926.HK,D,20210121,000000,55.2,56.2,53,53.8,6701392,0
9926.HK,D,20210122,000000,53.8,56.65,53.65,54.7,6421558,0
9926.HK,D,20210125,000000,54.7,60.7,54.7,58.2,7569516,0
9926.HK,D,20210126,000000,58.2,60,54.5,55.5,5484426,0
9926.HK,D,20210127,000000,55.6,56.2,49.1,52,9175630,0
9926.HK,D,20210128,000000,49.95,51.9,48.6,50.2,8095500,0
9926.HK,D,20210129,000000,51.05,54.6,51.05,54.1,6384000,0
9926.HK,D,20210201,000000,54.1,58.2,53.7,57,5644000,0
9926.HK,D,20210202,000000,57.45,61.05,57.45,59,5858703,0
9926.HK,D,20210203,000000,61.75,61.75,58.2,58.85,3156220,0
9926.HK,D,20210204,000000,58.85,59.8,55.5,57.25,3509800,0
9926.HK,D,20210205,000000,58,58.45,55.1,55.9,3050664,0
9926.HK,D,20210208,000000,56,59.65,55.9,59.45,3385000,0
9926.HK,D,20210209,000000,59,59.45,56.6,58.4,1893762,0
9926.HK,D,20210210,000000,59.95,59.95,56.2,57.6,1966734,0
9926.HK,D,20210211,000000,57.6,58.9,56.6,58.4,920000,0
9926.HK,D,20210216,000000,58.4,62.2,58.4,60.75,2640000,0
9926.HK,D,20210217,000000,61.4,61.4,59.35,60.55,1028000,0
9926.HK,D,20210218,000000,60.55,61.55,57.2,58,3955071,0
9926.HK,D,20210219,000000,57.5,59.65,57,58.85,2029000,0
9926.HK,D,20210222,000000,59.95,60.4,54.2,55,6003707,0
9926.HK,D,20210223,000000,55.5,55.5,51.85,53.1,4824000,0
9926.HK,D,20210224,000000,54,57.2,49.85,51.2,9798000,0
9926.HK,D,20210225,000000,53,53.4,49.2,51.05,7457538,0
9926.HK,D,20210226,000000,48.25,52.1,47.05,50.9,6798752,0
9926.HK,D,20210301,000000,51,55.45,50.95,55,6401951,0
9926.HK,D,20210302,000000,55.4,56.9,52.75,53.15,2462000,0
9926.HK,D,20210303,000000,53,53,48.7,52.1,4965590,0
9926.HK,D,20210304,000000,49.8,52.1,45.1,46.7,8369408,0
9926.HK,D,20210305,000000,43.75,48.2,41.6,47.35,16618989,0
9926.HK,D,20210308,000000,47.35,48,41,42.9,10465551,0
9926.HK,D,20210309,000000,41.5,43.4,38.75,41.35,12597990,0
9926.HK,D,20210310,000000,43.8,44.5,39.35,41.1,5570801,0
9926.HK,D,20210311,000000,41.5,45.65,41.5,45.2,6910153,0
9926.HK,D,20210312,000000,46.35,47,43.25,44,3645043,0
9926.HK,D,20210315,000000,44.5,46.75,43.5,45.25,4432400,0
9926.HK,D,20210316,000000,46,47.7,45.55,47.2,3207116,0
9926.HK,D,20210317,000000,47.2,47.5,45.6,47.4,2467877,0
9926.HK,D,20210318,000000,47.85,48.4,47,47.4,2717246,0
9926.HK,D,20210319,000000,46,47.8,45,47.15,2503652,0
9926.HK,D,20210322,000000,47,48.6,46.5,46.5,1517000,0
9926.HK,D,20210323,000000,46.8,47.7,44,44.4,2992000,0
9926.HK,D,20210324,000000,44,44.8,42.3,42.85,4550012,0
9926.HK,D,20210325,000000,42,45,41,44.15,2212000,0
9926.HK,D,20210326,000000,43.8,49.35,43.8,48.35,4437880,0
9926.HK,D,20210329,000000,48.45,49.4,47.05,47.4,3424000,0
9926.HK,D,20210330,000000,47.5,52.25,47.5,49.4,4691319,0
9926.HK,D,20210331,000000,49.95,50.45,48.75,49.1,1449210,0
9926.HK,D,20210401,000000,49.05,54.25,49.05,53.7,6557150,0
9926.HK,D,20210407,000000,53.9,56.65,52.75,53.4,4955554,0
9926.HK,D,20210408,000000,53.4,55.55,52.55,54.5,2186400,0
9926.HK,D,20210409,000000,53.9,55.5,52.1,53.35,1603000,0
9926.HK,D,20210412,000000,53.15,53.5,49.95,51,2482345,0
9926.HK,D,20210413,000000,51.9,52,49.4,49.85,2395550,0
9926.HK,D,20210414,000000,50.55,51.9,50.3,51.35,1057568,0
9926.HK,D,20210415,000000,52.2,52.8,50.65,52.5,2857186,0
9926.HK,D,20210416,000000,52.5,53.5,51.9,52.6,1366500,0
9926.HK,D,20210419,000000,52.7,55.6,52,54,3972000,0
9926.HK,D,20210420,000000,54.6,54.6,51.15,54.1,10773100,0
9926.HK,D,20210421,000000,53.4,54.75,52,54.7,2315500,0
9926.HK,D,20210422,000000,55,57.35,54.65,56.5,4311200,0
9926.HK,D,20210423,000000,56.5,57.75,54.9,55,3087277,0
9926.HK,D,20210426,000000,55.5,56.8,53.95,54.25,4020089,0
9926.HK,D,20210427,000000,54.5,56.2,53.65,55.8,3432000,0
9926.HK,D,20210428,000000,57.15,57.15,54.35,54.65,2077000,0
9926.HK,D,20210429,000000,54.65,56,53.3,54,1808892,0
9926.HK,D,20210430,000000,54.1,54.15,52.35,53.25,1570560,0
9926.HK,D,20210503,000000,53.25,55.1,51.05,54.9,3073000,0
9926.HK,D,20210504,000000,55.15,55.8,54.35,54.9,1938012,0
9926.HK,D,20210505,000000,54.5,55,51.5,52.9,2965150,0
9926.HK,D,20210506,000000,52.9,53.7,50.6,51.45,5219480,0
9926.HK,D,20210507,000000,51.15,52,50.1,50.2,2209385,0
9926.HK,D,20210510,000000,51.8,51.8,49.35,50.3,2704000,0
9926.HK,D,20210511,000000,49.75,50.15,48.35,49.45,4194000,0
9926.HK,D,20210512,000000,51.3,51.85,49.25,50.45,5379100,0
9926.HK,D,20210513,000000,49.75,51.2,49.3,50.25,2283000,0
9926.HK,D,20210514,000000,50.9,51.2,49.7,51,3210149,0
9926.HK,D,20210517,000000,51.8,54.35,51,53.75,4809571,0
9926.HK,D,20210518,000000,55,56.3,54.15,54.8,4887949,0
9926.HK,D,20210520,000000,55,56.7,54.1,54.75,4889359,0
9926.HK,D,20210521,000000,54.85,58.45,54.85,57.05,6877400,0
9926.HK,D,20210524,000000,59.1,63.1,58.2,62.9,11827574,0
9926.HK,D,20210525,000000,63.6,64.25,60.65,61,6878500,0
9926.HK,D,20210526,000000,61.4,63.5,60.6,61.95,8365705,0
9926.HK,D,20210527,000000,62.15,62.9,60.3,60.5,29392860,0
9926.HK,D,20210528,000000,60.2,62.05,58.5,59.9,5111875,0
9926.HK,D,20210531,000000,60.1,66.5,60,64.65,7370100,0
9926.HK,D,20210601,000000,65.6,69.2,64.7,68.3,7087687,0
9926.HK,D,20210602,000000,68.95,69.9,63.9,64.35,4526892,0
9926.HK,D,20210603,000000,64.7,66.9,62.95,63.65,3317102,0
9926.HK,D,20210604,000000,64,64.5,61,62.25,3660818,0
9926.HK,D,20210607,000000,62.25,63.05,59.35,62.2,2695948,0
9926.HK,D,20210608,000000,63,63.75,61.05,62.4,1961600,0
9926.HK,D,20210609,000000,63,65.05,62,63.5,3533884,0
9926.HK,D,20210610,000000,63.5,65.85,63.4,64.85,4028081,0
9926.HK,D,20210611,000000,65.55,65.9,63,65.1,2314015,0
9926.HK,D,20210615,000000,64.7,65.2,61,61.4,4230605,0
9926.HK,D,20210616,000000,61.55,62,58.55,59.05,3228000,0
9926.HK,D,20210617,000000,58.8,61.5,58.5,59.7,3094940,0
9926.HK,D,20210618,000000,59.8,61.95,59.35,61.8,4880728,0
9926.HK,D,20210621,000000,60.8,61.6,58.05,59.5,2964160,0
9926.HK,D,20210622,000000,59.5,61.35,58.55,59.85,2402167,0
9926.HK,D,20210623,000000,59.85,63.9,59.85,62.9,1963360,0
9926.HK,D,20210624,000000,63.7,64.95,62,64.7,2801545,0
9926.HK,D,20210625,000000,65,65.4,63.3,63.55,2171912,0
9926.HK,D,20210628,000000,63.6,65,63.35,64.6,841030,0
9926.HK,D,20210629,000000,64.6,66,63.35,63.65,1635200,0
9926.HK,D,20210630,000000,63.9,64.1,62,62.65,1809636,0
9926.HK,D,20210702,000000,62.15,63.45,58.8,59.6,2255254,0
9926.HK,D,20210705,000000,59.6,60.05,58.05,58.95,1542768,0
9926.HK,D,20210706,000000,60.15,60.15,52,56.8,6947391,0
9926.HK,D,20210707,000000,57.05,57.55,55.35,56.7,3521120,0
9926.HK,D,20210708,000000,57.15,57.55,54.1,54.35,4469316,0
9926.HK,D,20210709,000000,54.6,57.85,52.8,57,4315000,0
9926.HK,D,20210712,000000,57,61.2,56.15,60.9,2442394,0
9926.HK,D,20210713,000000,60.9,61.6,60,60.75,1221025,0
9926.HK,D,20210714,000000,60.5,62.9,60.15,61.7,1963549,0
9926.HK,D,20210715,000000,61.7,61.9,59,59.65,2076984,0
9926.HK,D,20210716,000000,59.8,60.15,57.6,58.05,1465094,0
9926.HK,D,20210719,000000,57.45,59.15,57.15,57.3,1628825,0
9926.HK,D,20210720,000000,57.3,57.55,54,54.1,3784227,0
9926.HK,D,20210721,000000,54.95,55,52.35,52.45,4648400,0
9926.HK,D,20210722,000000,52.45,53.75,51.75,53.6,2962642,0
9926.HK,D,20210723,000000,54.5,54.5,50.8,52.95,3591000,0
9926.HK,D,20210726,000000,52,52,47.75,48.2,4272700,0
9926.HK,D,20210727,000000,48,49.65,44.2,45.5,7159522,0
9926.HK,D,20210728,000000,44.45,47.9,43.2,47.6,4344508,0
9926.HK,D,20210729,000000,50.1,52.3,50.1,51,4825140,0
9926.HK,D,20210730,000000,51,51.55,48.9,51.55,3150091,0
9926.HK,D,20210802,000000,51.55,51.55,49,50.3,1815871,0
9926.HK,D,20210803,000000,51,52.1,50,51,1944560,0
9926.HK,D,20210804,000000,51.1,51.35,49.5,49.95,2274000,0
9926.HK,D,20210805,000000,51.65,51.8,47.1,47.5,4491175,0
9926.HK,D,20210806,000000,48.15,48.15,45.55,46.55,5344755,0
9926.HK,D,20210809,000000,47.45,48,44.65,47.9,4120228,0
9926.HK,D,20210810,000000,49.2,50.2,48.3,49.4,2604600,0
9926.HK,D,20210811,000000,48.6,48.95,47.1,47.6,2721216,0
9926.HK,D,20210812,000000,47.6,47.6,43.35,43.9,6591791,0
9926.HK,D,20210813,000000,43.9,45.45,43.8,44.3,2777070,0
9926.HK,D,20210816,000000,43.8,44.05,42.3,43.65,4453800,0
9926.HK,D,20210817,000000,43.65,43.65,41.9,42.2,2315601,0
9926.HK,D,20210818,000000,42.6,42.6,40.9,41.15,2487387,0
9926.HK,D,20210819,000000,42.1,42.15,39.1,39.75,3312539,0
9926.HK,D,20210820,000000,39.35,39.35,34.6,36.05,9824240,0
9926.HK,D,20210823,000000,36.1,38.2,35,37.65,9061792,0
9926.HK,D,20210824,000000,39.6,41.25,38.35,39.45,6641000,0
9926.HK,D,20210825,000000,40.5,41.4,39.5,39.9,4390209,0
9926.HK,D,20210826,000000,39.9,40.3,36.8,37.1,4395200,0
9926.HK,D,20210827,000000,37.1,38.65,36,36.55,3442000,0
9926.HK,D,20210830,000000,36.8,38.25,35.35,38.25,5430465,0
9926.HK,D,20210831,000000,38.3,40.3,37.4,40.2,4838541,0
9926.HK,D,20210901,000000,40.2,40.5,38.85,39.5,1517250,0
9926.HK,D,20210902,000000,39.5,42.3,39.4,41.5,3985000,0
9926.HK,D,20210903,000000,42,43.1,41.1,42.6,6044000,0
9926.HK,D,20210906,000000,42.6,43.95,41.4,43.05,3549593,0
9926.HK,D,20210907,000000,42.1,46.2,41.9,45.9,5844022,0
9926.HK,D,20210908,000000,45.9,47,44.6,44.9,2968897,0
9926.HK,D,20210909,000000,44.5,44.9,42.05,42.75,1686309,0
9926.HK,D,20210910,000000,42.1,45,42.1,44,1720759,0
9926.HK,D,20210913,000000,43.45,44.55,42.1,42.65,1592000,0
9926.HK,D,20210914,000000,42.45,45.8,41.8,43.7,4006130,0
9926.HK,D,20210915,000000,43.7,45,42.6,44.25,2068171,0
9926.HK,D,20210916,000000,44,44,40.05,40.9,2801000,0
9926.HK,D,20210917,000000,40.5,42.75,40.3,42.65,6073340,0
9926.HK,D,20210920,000000,42.25,42.65,40.6,42.45,2210000,0
9926.HK,D,20210921,000000,41,43.7,40.7,41.8,879023,0
9926.HK,D,20210923,000000,42.6,45,42.1,43.6,3663000,0
9926.HK,D,20210924,000000,44.1,44.9,42.65,42.85,3219000,0
9926.HK,D,20210927,000000,43,45.5,42.25,43.9,2255657,0
9926.HK,D,20210928,000000,44.45,45.85,43.4,45.05,3065344,0
9926.HK,D,20210929,000000,45.1,45.2,41.2,41.7,2683673,0
9926.HK,D,20210930,000000,41.95,42.9,41.35,42.8,1012200,0
9926.HK,D,20211004,000000,43.05,43.3,39.5,39.95,2390265,0
9926.HK,D,20211005,000000,40,40.6,39.15,39.45,910114,0
9926.HK,D,20211006,000000,39.05,39.55,37.5,38.25,925114,0
9926.HK,D,20211007,000000,38.8,40.8,38.8,40.7,1285000,0
9926.HK,D,20211008,000000,41.4,42.6,40.1,41,3843831,0
9926.HK,D,20211011,000000,41.9,43.5,41.35,42.95,1442300,0
9926.HK,D,20211012,000000,42.3,44.4,42.3,43.9,2353010,0
9926.HK,D,20211015,000000,44.45,46.5,43,45.1,5132268,0
9926.HK,D,20211018,000000,45.1,45.7,43.8,45.55,2208000,0
9926.HK,D,20211019,000000,46.5,48.7,46,48.45,4079000,0
9926.HK,D,20211020,000000,48.6,49.25,44.6,45.7,4736331,0
9926.HK,D,20211021,000000,45.7,46.8,44.15,45.35,2580376,0
9926.HK,D,20211022,000000,46,47.75,45.35,46.5,1963484,0
9926.HK,D,20211025,000000,45.45,48.5,45.45,47.65,3242919,0
9926.HK,D,20211026,000000,47.7,49.45,45.1,45.8,3396825,0
9926.HK,D,20211027,000000,45.75,45.75,43.9,44.25,1639000,0
9926.HK,D,20211028,000000,43.55,44.45,42.8,43.45,1728400,0
9926.HK,D,20211029,000000,44.8,44.8,43.05,43.6,920466,0
9926.HK,D,20211101,000000,44.85,44.85,41.6,42,1557809,0
9926.HK,D,20211102,000000,42.05,42.95,37.95,38.2,9080000,0
9926.HK,D,20211103,000000,38.25,39.2,35.05,37.8,11324735,0
9926.HK,D,20211104,000000,38.35,40.5,37,38.55,5700736,0
9926.HK,D,20211105,000000,39.2,39.8,38.2,39.2,3794136,0
9926.HK,D,20211108,000000,39.15,39.5,37.5,39.1,5630909,0
9926.HK,D,20211109,000000,39,40.8,38.7,40.1,3528293,0
9926.HK,D,20211110,000000,40,45.15,40,44.85,7089600,0
9926.HK,D,20211111,000000,44.75,44.9,41.55,41.7,4574768,0
9926.HK,D,20211112,000000,42.55,43.5,41.8,43.25,4370768,0
9926.HK,D,20211115,000000,43.8,45.8,43.8,45.6,3756147,0
9926.HK,D,20211116,000000,45.8,48.4,44.85,47.95,6580128,0
9926.HK,D,20211117,000000,47.85,49.35,47.1,49.05,3722342,0
9926.HK,D,20211118,000000,48.55,48.75,46.9,48.4,2959417,0
9926.HK,D,20211119,000000,48,51.45,48,50.85,6473087,0
9926.HK,D,20211122,000000,51.55,52.5,50.1,51.3,4554935,0
9926.HK,D,20211123,000000,50.15,51.95,49.3,49.65,3080496,0
9926.HK,D,20211124,000000,49.65,50.9,48.3,49.75,2048247,0
9926.HK,D,20211125,000000,50.15,50.8,49.25,50.2,2988412,0
9926.HK,D,20211126,000000,50.25,50.7,48.05,48.2,2712000,0
9926.HK,D,20211129,000000,47,50.6,46.5,49.9,2718746,0
9926.HK,D,20211130,000000,49.5,50.45,49,49.6,7755593,0
9926.HK,D,20211201,000000,49,49.45,46.55,47,3393435,0
9926.HK,D,20211202,000000,46.05,47.35,44.3,45,4321470,0
9926.HK,D,20211203,000000,44.75,45.4,43.9,44.4,2549846,0
9926.HK,D,20211206,000000,44,44,38.75,39.55,9500637,0
9926.HK,D,20211207,000000,40.35,41.8,39.55,41.1,3365061,0
9926.HK,D,20211208,000000,41.9,43.2,41.45,42.6,3065100,0
9926.HK,D,20211209,000000,43,44.6,42.6,44,3345000,0
9926.HK,D,20211210,000000,43.75,43.95,42,42.85,1820286,0
9926.HK,D,20211213,000000,42.25,43.25,40.5,40.65,2909304,0
9926.HK,D,20211214,000000,40.65,42.45,40.15,40.8,3009314,0
9926.HK,D,20211215,000000,41.05,41.5,36.8,38.5,7842137,0
9926.HK,D,20211216,000000,38.5,39.9,37.2,38.4,6188008,0
9926.HK,D,20211217,000000,38.4,39.3,35.1,36.25,10294769,0
9926.HK,D,20211220,000000,36.9,36.9,34.6,35.05,2987444,0
9926.HK,D,20211221,000000,34.75,35.85,32.65,35.05,5527143,0
9926.HK,D,20211222,000000,35.45,35.8,33.35,34,4321834,0
9926.HK,D,20211223,000000,34.7,34.85,33.4,34,2153189,0
9926.HK,D,20211224,000000,34.7,34.7,33,33.9,1188027,0
9926.HK,D,20211228,000000,33.9,33.9,31,31.05,5028234,0
9926.HK,D,20211229,000000,31.3,32.3,31.1,32.1,1964123,0
9926.HK,D,20211230,000000,32.5,32.5,31,32.2,1386907,0
9926.HK,D,20211231,000000,32.9,34.4,32.55,34,1626704,0
9926.HK,D,20220103,000000,34.15,34.2,30,30.4,4476621,0
9926.HK,D,20220104,000000,31.1,31.15,27.8,28.5,8961000,0
9926.HK,D,20220105,000000,28.95,29.35,26.25,27,9447104,0
9926.HK,D,20220106,000000,27,27.3,25.7,26.75,6362376,0
9926.HK,D,20220107,000000,27.5,28.55,26.3,28.15,5876049,0
9926.HK,D,20220110,000000,28,30.1,27,29,6422549,0
9926.HK,D,20220111,000000,28.2,29.75,28.2,29.5,3908350,0
9926.HK,D,20220112,000000,30.05,30.6,29.3,29.85,4220884,0
9926.HK,D,20220113,000000,29.8,30.05,28.5,28.8,2910738,0
9926.HK,D,20220114,000000,28.1,28.9,27.7,28.85,3092079,0
9926.HK,D,20220117,000000,28.9,29.4,27.6,28.3,2760638,0
9926.HK,D,20220118,000000,28.7,29.35,27.85,27.9,1851199,0
9926.HK,D,20220119,000000,27.95,28.05,26.8,26.95,2794561,0
9926.HK,D,20220120,000000,27.2,27.45,25.95,26.95,3548151,0
9926.HK,D,20220121,000000,27.35,27.35,24.25,25.95,3993038,0
9926.HK,D,20220124,000000,25.9,26.7,25,25.8,3505626,0
9926.HK,D,20220125,000000,25.35,25.8,24.55,24.65,3525688,0
9926.HK,D,20220126,000000,24.7,25.1,23.05,23.25,6183675,0
9926.HK,D,20220127,000000,23.25,23.25,20.8,21.15,7815374,0
9926.HK,D,20220128,000000,21.15,21.5,19.9,20.25,4570500,0
9926.HK,D,20220131,000000,20.9,21.45,20.1,21,2594336,0
9926.HK,D,20220204,000000,21.9,21.9,19.2,19.7,3403480,0
9926.HK,D,20220207,000000,19.7,21.05,19.6,19.78,7079882,0
9926.HK,D,20220208,000000,20.35,20.5,18.72,20.25,3895637,0
9926.HK,D,20220209,000000,20.25,20.8,19.34,19.66,4991093,0
9926.HK,D,20220210,000000,19.68,21.9,19.68,20.9,7276210,0
9926.HK,D,20220211,000000,20.7,21.35,18.88,19.28,11175478,0
9926.HK,D,20220214,000000,19.2,19.5,18.58,18.7,5619370,0
9926.HK,D,20220215,000000,19.26,20.7,18.66,20.7,6305596,0
9926.HK,D,20220216,000000,21.05,21.35,19.92,20.4,3082056,0
9926.HK,D,20220217,000000,20.8,20.8,19.7,20.35,3459700,0
9926.HK,D,20220218,000000,19.8,20.25,19.26,19.42,3469960,0
9926.HK,D,20220221,000000,19.9,19.9,18.88,19.6,5815960,0
9926.HK,D,20220222,000000,19,19.5,18.08,18.4,6467000,0
9926.HK,D,20220223,000000,18.42,19.94,18.3,19.74,3008001,0
9926.HK,D,20220224,000000,19.38,19.62,18.28,18.52,3575163,0
9926.HK,D,20220225,000000,19.1,20.6,19.04,19.96,5338815,0
9926.HK,D,20220228,000000,19.94,20.5,19.3,20.5,3889617,0
9926.HK,D,20220301,000000,20.95,22.1,20.65,21.75,6251116,0
9926.HK,D,20220302,000000,21.75,21.75,20.8,20.95,2463547,0
9926.HK,D,20220303,000000,20.95,21.6,20.25,20.55,1630000,0
9926.HK,D,20220304,000000,19.9,20.2,19.14,19.8,3930347,0
9926.HK,D,20220307,000000,19.26,19.38,17.66,18.82,6684262,0
9926.HK,D,20220308,000000,18.7,19.26,18.2,18.4,3339704,0
9926.HK,D,20220309,000000,18.3,19.06,16.58,17.88,10154303,0
9926.HK,D,20220310,000000,18.3,18.98,17.36,17.7,3514718,0
9926.HK,D,20220311,000000,16.6,17.2,15.76,16.76,8119239,0
9926.HK,D,20220314,000000,16.12,16.36,14,14.12,7358200,0
9926.HK,D,20220315,000000,14.1,14.74,12.22,12.5,15822882,0
9926.HK,D,20220316,000000,13.2,13.78,11.52,13.74,17339030,0
9926.HK,D,20220317,000000,15.1,17.2,14.68,17.1,15533300,0
9926.HK,D,20220318,000000,16.5,17.1,15.7,16.4,8309000,0
9926.HK,D,20220321,000000,16.88,17.68,15.6,15.82,4867920,0
9926.HK,D,20220322,000000,15.94,16.1,14.26,15.38,7760689,0
9926.HK,D,20220323,000000,15.48,17.32,15.48,17.22,8515256,0
9926.HK,D,20220324,000000,16.9,19.22,16.74,18.86,8587072,0
9926.HK,D,20220325,000000,18.4,19.38,17.56,17.72,4884529,0
9926.HK,D,20220328,000000,17.26,17.4,16.2,16.3,6492720,0
9926.HK,D,20220329,000000,16.34,16.94,15.72,16.36,6138623,0
9926.HK,D,20220330,000000,16.8,19.42,16.3,19.24,7244925,0
9926.HK,D,20220331,000000,19,19.3,16.64,16.68,5141102,0
9926.HK,D,20220401,000000,16.68,16.68,14.46,15.54,6773475,0
9926.HK,D,20220404,000000,15.8,16.98,15.76,16.88,3915000,0
9926.HK,D,20220406,000000,17.16,18.08,16.18,17.52,9571545,0
9926.HK,D,20220407,000000,17,17.94,16.6,16.74,3352197,0
9926.HK,D,20220408,000000,16.68,17,15.8,16.46,8811247,0
9926.HK,D,20220411,000000,16.4,16.4,15.06,15.28,4397298,0
9926.HK,D,20220412,000000,15.26,15.88,14.48,15.3,6938339,0
9926.HK,D,20220413,000000,15.3,15.4,14.56,14.76,3350000,0
9926.HK,D,20220414,000000,14.82,15.8,14.82,15.42,3548000,0
9926.HK,D,20220419,000000,14.94,14.98,13.74,14.14,8364860,0
9926.HK,D,20220420,000000,14.26,14.7,13.8,14.06,3525783,0
9926.HK,D,20220421,000000,14.02,14.4,13.7,13.88,4960000,0
9926.HK,D,20220422,000000,13.74,14.24,13.3,13.94,4421884,0
9926.HK,D,20220425,000000,13.88,13.88,12.42,12.78,7216040,0
9926.HK,D,20220426,000000,12.78,13.62,12.62,13.38,6520560,0
9926.HK,D,20220427,000000,12.58,13.64,12.58,13.46,4191085,0
9926.HK,D,20220428,000000,13.7,14.94,13.7,14.4,5329852,0
9926.HK,D,20220429,000000,14,15.1,13.88,14.96,3838315,0
9926.HK,D,20220503,000000,14.96,15.12,13.3,13.4,5076293,0
9926.HK,D,20220504,000000,13.4,13.66,12.2,12.42,3511713,0
9926.HK,D,20220505,000000,12.98,13.44,12.68,12.86,4136000,0
9926.HK,D,20220506,000000,12.48,12.76,12.12,12.18,4738175,0
9926.HK,D,20220510,000000,11.88,12.56,11.5,12.04,6153174,0
9926.HK,D,20220511,000000,12.46,13.5,12.04,12.74,5868018,0
9926.HK,D,20220512,000000,12.6,13.04,12.18,12.2,4551825,0
9926.HK,D,20220513,000000,12.64,12.64,12.1,12.34,5640189,0
9926.HK,D,20220516,000000,12.4,13.12,12.4,12.56,4554844,0
9926.HK,D,20220517,000000,12.78,13.3,12.52,13.2,5152857,0
9926.HK,D,20220518,000000,13.44,13.66,13.02,13.5,3555000,0
9926.HK,D,20220519,000000,13.2,13.76,12.8,13.46,4167140,0
9926.HK,D,20220520,000000,13.78,14.24,13.6,13.98,4503035,0
9926.HK,D,20220523,000000,13.96,14.44,13.86,14.12,4268189,0
9926.HK,D,20220524,000000,14.28,14.28,12.9,13.04,3920858,0
9926.HK,D,20220525,000000,13.04,13.22,12.68,12.96,4123798,0
9926.HK,D,20220526,000000,13.18,13.2,12.56,13.14,2728068,0
9926.HK,D,20220527,000000,13.46,13.78,13,13.58,3900200,0
9926.HK,D,20220530,000000,13.28,14.36,13.28,14.22,5734069,0
9926.HK,D,20220531,000000,14.22,16.3,14.02,16.28,31506565,0
9926.HK,D,20220601,000000,16.28,17.58,16.08,16.62,13765763,0
9926.HK,D,20220602,000000,16.58,17.5,15.8,17.4,8412400,0
9926.HK,D,20220606,000000,17.7,19.38,16.36,16.7,11342700,0
9926.HK,D,20220607,000000,16.38,18.26,16.36,18.08,7153700,0
9926.HK,D,20220608,000000,18.3,19.4,17.82,18.9,9638992,0
9926.HK,D,20220609,000000,19.2,20.1,18.62,19.5,7944043,0
9926.HK,D,20220610,000000,19,19.16,18.18,18.64,7389758,0
9926.HK,D,20220613,000000,18.68,18.68,17.12,17.86,6102000,0
9926.HK,D,20220614,000000,17.52,18,17,17.8,10257282,0
9926.HK,D,20220615,000000,17.92,18.3,17.42,17.84,4018951,0
9926.HK,D,20220616,000000,17.98,18.34,17.02,17.28,4651500,0
9926.HK,D,20220617,000000,17,18.24,16.78,17.94,7923000,0
9926.HK,D,20220620,000000,18.38,19.36,18,19.18,6783500,0
9926.HK,D,20220621,000000,19.3,22.2,18.8,22.15,13020545,0
9926.HK,D,20220622,000000,22.5,23.6,21.75,22.15,11728200,0
9926.HK,D,20220623,000000,22.95,24.5,22.5,24.2,10716300,0
9926.HK,D,20220624,000000,24.6,26.8,24.6,25.45,12321000,0
9926.HK,D,20220627,000000,26.25,26.5,24.05,24.8,10521000,0
9926.HK,D,20220628,000000,25,25.45,24.1,25.3,5363000,0
9926.HK,D,20220629,000000,25,27.6,23.45,24.3,10993245,0
9926.HK,D,20220630,000000,24.8,25.65,22.65,23.05,10032014,0
9926.HK,D,20220704,000000,23.55,26.6,22.35,26.45,14885955,0
9926.HK,D,20220705,000000,26.85,26.95,24.9,25.65,8120160,0
9926.HK,D,20220706,000000,26.35,28.55,26.35,27.1,13066844,0
9926.HK,D,20220707,000000,26.15,26.8,25.5,26.1,6879800,0
9926.HK,D,20220708,000000,25.95,25.95,23.4,24.55,14693000,0
9926.HK,D,20220711,000000,24.7,24.7,22.95,23.3,9279870,0
9926.HK,D,20220712,000000,23.3,23.5,21.35,21.8,9351456,0
9926.HK,D,20220713,000000,22.1,22.6,21.55,21.85,4718000,0
9926.HK,D,20220714,000000,22.25,24.1,22.25,23.85,11350000,0
9926.HK,D,20220715,000000,23.9,24.05,22.5,22.75,4689150,0
9926.HK,D,20220718,000000,23,23.5,21.8,22.85,4052870,0
9926.HK,D,20220719,000000,23,23.45,21.85,22.4,4222712,0
9926.HK,D,20220720,000000,23,24.8,22.7,23.45,7413162,0
9926.HK,D,20220721,000000,23.75,24,23,23.3,2575000,0
9926.HK,D,20220722,000000,23.3,23.55,22,22,3403170,0
9926.HK,D,20220725,000000,21.7,22.2,20.5,21.85,5305000,0
9926.HK,D,20220726,000000,22,22.4,21,22.3,3266000,0
9926.HK,D,20220727,000000,22.25,22.4,21.5,21.65,2463000,0
9926.HK,D,20220728,000000,22.3,22.75,21.85,22.5,3228500,0
9926.HK,D,20220729,000000,22.5,22.85,20.8,21,5194000,0
9926.HK,D,20220801,000000,21.05,21.6,20.1,21.15,3211493,0
9926.HK,D,20220802,000000,20.75,20.75,19.44,19.88,8694532,0
9926.HK,D,20220803,000000,19.88,20.55,19.8,20,4149457,0
9926.HK,D,20220804,000000,20.5,21.45,20.5,20.95,4464000,0
9926.HK,D,20220805,000000,22,23.05,21.65,22.7,7434000,0
9926.HK,D,20220808,000000,22.85,23.55,22.35,22.85,2415600,0
9926.HK,D,20220809,000000,23.1,23.2,22,22.5,2589657,0
9926.HK,D,20220810,000000,21.95,22.35,21.35,21.75,2960457,0
9926.HK,D,20220811,000000,22.45,23,21.85,23,3451000,0
9926.HK,D,20220812,000000,23.2,23.3,22.35,22.5,2573232,0
9926.HK,D,20220815,000000,22.6,24.25,22.2,23.65,5158000,0
9926.HK,D,20220816,000000,23.9,24.4,22.7,23.2,5427000,0
9926.HK,D,20220817,000000,23.1,23.8,22,22.1,3377000,0
9926.HK,D,20220818,000000,21.7,22.35,21.05,21.25,7498700,0
9926.HK,D,20220819,000000,21.2,22.2,20.85,21.5,3977430,0
9926.HK,D,20220822,000000,21.4,21.45,20.8,21.1,1751000,0
9926.HK,D,20220823,000000,21.3,21.3,20.3,20.6,2086192,0
9926.HK,D,20220824,000000,20.6,23.3,19.22,22.4,13305400,0
9926.HK,D,20220825,000000,23,24.5,22.6,24.15,8174000,0
9926.HK,D,20220826,000000,24.3,25.95,24.2,25.65,10326500,0
9926.HK,D,20220829,000000,24.85,25.35,23.5,23.8,7070421,0
9926.HK,D,20220830,000000,23.75,24.25,22.9,23.8,3135000,0
9926.HK,D,20220831,000000,23.75,25.6,23.05,25.35,5980000,0
9926.HK,D,20220901,000000,24.85,26.55,24.85,25.95,8796500,0
9926.HK,D,20220902,000000,25.95,26.45,25.35,25.55,3702830,0
9926.HK,D,20220905,000000,25.55,25.55,23.75,25.05,7278610,0
9926.HK,D,20220906,000000,25.05,26.05,24.05,26,4079000,0
9926.HK,D,20220907,000000,25.4,26.8,25.4,25.7,6678000,0
9926.HK,D,20220908,000000,26,26.55,23.95,24.15,4333882,0
9926.HK,D,20220909,000000,24.25,26.25,24.25,25.85,5709000,0
9926.HK,D,20220913,000000,25.85,26.3,25.6,25.95,4449810,0
9926.HK,D,20220914,000000,24.7,25.65,24,24.1,4427933,0
9926.HK,D,20220915,000000,24.1,25.2,23.5,23.85,4049037,0
9926.HK,D,20220916,000000,23.85,24.2,22.55,23.15,5078000,0
9926.HK,D,20220919,000000,23.3,23.3,21.8,22.25,3086000,0
9926.HK,D,20220920,000000,22.25,24.25,22.25,23.2,5138000,0
9926.HK,D,20220921,000000,22.95,23.65,22.45,22.65,2603797,0
9926.HK,D,20220922,000000,22,22.85,21.7,22.4,3556697,0
9926.HK,D,20220923,000000,22.15,22.4,20.3,20.3,6956000,0
9926.HK,D,20220926,000000,20.05,21.8,19.66,21,4086250,0
9926.HK,D,20220927,000000,21,22.6,20.55,22.45,3082000,0
9926.HK,D,20220928,000000,22.45,22.6,21.3,21.7,2828832,0
9926.HK,D,20220929,000000,22.05,23.2,21.85,22.25,1654000,0
9926.HK,D,20220930,000000,22.6,22.6,21.35,21.7,1820800,0
9926.HK,D,20221003,000000,21.7,22.95,21.45,22.15,1681000,0
9926.HK,D,20221005,000000,22.8,26.85,22.8,26.1,17333600,0
9926.HK,D,20221006,000000,26.1,26.9,25.15,26.3,10323000,0
9926.HK,D,20221007,000000,26.3,27.8,26,27.35,9392800,0
9926.HK,D,20221010,000000,27,27,24.5,25,9409000,0
9926.HK,D,20221011,000000,25.05,25.55,24.45,25,4416000,0
9926.HK,D,20221012,000000,24.5,24.55,22.55,23.1,7657000,0
9926.HK,D,20221013,000000,23,24.05,22.3,22.6,6738000,0
9926.HK,D,20221014,000000,23.5,26.55,23.05,26.05,13522534,0
9926.HK,D,20221017,000000,26,27.65,25.6,27.25,13997000,0
9926.HK,D,20221018,000000,27.8,29.4,26.7,29.1,16000808,0
9926.HK,D,20221019,000000,29,29.3,27.65,28.2,14757972,0
9926.HK,D,20221020,000000,27.6,30.1,26.35,28.75,10300227,0
9926.HK,D,20221021,000000,29.6,31.6,29.3,31,18661832,0
9926.HK,D,20221024,000000,31,32.65,28.8,29.6,15935889,0
9926.HK,D,20221025,000000,29.9,31.5,28.6,31.1,10581420,0
9926.HK,D,20221026,000000,31.9,33.1,30.55,31.9,15568500,0
9926.HK,D,20221027,000000,32.7,32.7,30.9,31.8,8762393,0
9926.HK,D,20221028,000000,32.1,32.2,29.15,29.8,10679300,0
9926.HK,D,20221031,000000,29.9,32.4,29.65,31.5,12093091,0
9926.HK,D,20221101,000000,31.5,32.9,30.65,31.1,10420930,0
9926.HK,D,20221102,000000,30.95,32.25,30.1,31.3,7274261,0
9926.HK,D,20221103,000000,30.95,31.8,29.85,31.65,11877000,0
9926.HK,D,20221104,000000,31.65,33.45,29.35,29.95,20587000,0
9926.HK,D,20221107,000000,29.85,31.65,28.7,31.5,13861236,0
9926.HK,D,20221108,000000,31.7,32.15,29.5,30.5,11209000,0
9926.HK,D,20221109,000000,30,30.65,27.85,28.1,11105400,0
9926.HK,D,20221110,000000,28.1,28.6,27.25,27.6,4218000,0
9926.HK,D,20221111,000000,29.65,30,27.75,28.95,13634500,0
9926.HK,D,20221114,000000,30.5,33.45,29,33.2,24428200,0
9926.HK,D,20221115,000000,33,34.2,31.5,32.25,19219215,0
9926.HK,D,20221116,000000,32.5,35.2,32.3,34.05,18059565,0
9926.HK,D,20221117,000000,33.8,34.65,32.8,34.5,8806800,0
9926.HK,D,20221118,000000,34.9,36.55,34.15,35.65,10626549,0
9926.HK,D,20221121,000000,35.9,35.9,34.15,35.05,4551249,0
9926.HK,D,20221122,000000,34.95,36.2,32.9,33.5,7931300,0
9926.HK,D,20221123,000000,33.3,33.6,31.4,32.8,7150260,0
9926.HK,D,20221124,000000,33.1,33.85,32.6,32.8,2304408,0
9926.HK,D,20221125,000000,32.8,32.8,31,31.5,5611000,0
9926.HK,D,20221128,000000,31,33.1,30.5,32.4,6078400,0
9926.HK,D,20221129,000000,32.5,33.45,31.9,33.45,4735943,0
9926.HK,D,20221130,000000,33.5,34.1,32.45,33.5,6865442,0
9926.HK,D,20221201,000000,34.4,34.95,33.25,33.75,5696000,0
9926.HK,D,20221202,000000,33.75,34.25,31.55,32.1,5574865,0
9926.HK,D,20221205,000000,32.5,32.9,30.6,30.85,9570068,0
9926.HK,D,20221206,000000,31.55,32.25,30.1,31.15,9906511,0
9926.HK,D,20221207,000000,35.8,43.6,35.8,37,58256684,0
9926.HK,D,20221208,000000,38.75,40.85,37.55,38.8,30252900,0
9926.HK,D,20221209,000000,39.6,41.7,39,41,19222577,0
9926.HK,D,20221212,000000,41.7,42.9,39.4,40.15,9091290,0
9926.HK,D,20221213,000000,39.85,42.55,39.5,42.05,8974498,0
9926.HK,D,20221214,000000,43.6,43.9,41.6,42.9,10864000,0
9926.HK,D,20221215,000000,42.9,42.9,40,40.7,10184162,0
9926.HK,D,20221216,000000,40.7,42.2,39.85,41.7,3793000,0
9926.HK,D,20221219,000000,41.7,42,39.6,40.45,5757500,0
9926.HK,D,20221220,000000,40.2,40.95,39.25,40.15,5279000,0
9926.HK,D,20221221,000000,40.15,41.2,39.4,41.1,3459643,0
9926.HK,D,20221222,000000,41.4,42.75,40.8,42.4,4647000,0
9926.HK,D,20221223,000000,41.8,43.15,41.55,42.9,4142000,0
9926.HK,D,20221228,000000,43.05,44,42.25,42.6,7895000,0
9926.HK,D,20221229,000000,43.2,43.8,41.65,42.85,5897000,0
9926.HK,D,20221230,000000,42.9,43.5,41.8,43,5888602,0
9926.HK,D,20230103,000000,43,47.45,42.8,47.3,11272000,0
9926.HK,D,20230104,000000,47.15,49.4,47.1,47.65,11782896,0
9926.HK,D,20230105,000000,48.4,49,45.35,45.7,8768594,0
9926.HK,D,20230106,000000,45.2,47.15,45.1,45.4,6497590,0
9926.HK,D,20230109,000000,45.8,48.5,45.8,47.15,11272748,0
9926.HK,D,20230110,000000,47.85,47.85,45.4,45.75,4203000,0
9926.HK,D,20230111,000000,46.15,48.4,45.85,47.7,6138000,0
9926.HK,D,20230112,000000,48.35,49,45.8,45.95,7418429,0
9926.HK,D,20230113,000000,46.1,48.9,46.1,48.7,10103532,0
9926.HK,D,20230116,000000,50.05,51.45,48.2,48.6,9952914,0
9926.HK,D,20230117,000000,48.6,48.6,44.55,45.05,13572891,0
9926.HK,D,20230118,000000,45,46,43.15,45.6,6157625,0
9926.HK,D,20230119,000000,44.15,47.1,44.15,46.8,2126158,0
9926.HK,D,20230120,000000,46.9,47.8,46.6,47.8,1431000,0
9926.HK,D,20230126,000000,47.8,50.65,47,50.5,6621000,0
9926.HK,D,20230127,000000,50.5,52.6,49.6,51,3398233,0
9926.HK,D,20230130,000000,51.65,51.65,48.2,48.65,7570516,0
9926.HK,D,20230131,000000,49,49,46.3,47.5,5533145,0
9926.HK,D,20230201,000000,47.5,50,47.25,49,7543000,0
9926.HK,D,20230202,000000,49.5,51.5,49.5,50.5,7887808,0
9926.HK,D,20230203,000000,51.4,51.4,48.75,48.9,5086324,0
9926.HK,D,20230206,000000,48.2,48.2,44.7,45.1,8024000,0
9926.HK,D,20230207,000000,45,46.9,45,46.1,6261591,0
9926.HK,D,20230208,000000,46.1,47.25,45.6,46.95,5379000,0
9926.HK,D,20230209,000000,46.2,47.3,44.85,46.6,6520086,0
9926.HK,D,20230210,000000,47,47.65,44.05,44.5,5096500,0
9926.HK,D,20230213,000000,43.85,45.35,43.55,44.65,4219303,0
9926.HK,D,20230214,000000,45,45.3,42.6,44.3,4611300,0
9926.HK,D,20230215,000000,44.1,44.15,43,43.25,3535000,0
9926.HK,D,20230216,000000,43.85,43.85,41.65,42.4,7456600,0
9926.HK,D,20230217,000000,42.2,43,41.65,42.3,3437305,0
9926.HK,D,20230220,000000,42.35,44.7,42.3,44.2,4774900,0
9926.HK,D,20230221,000000,44.2,44.7,42.8,43,3296000,0
9926.HK,D,20230222,000000,42.6,43.4,41.9,43.15,4749307,0
9926.HK,D,20230223,000000,42.85,44.25,41.7,41.95,4513324,0
9926.HK,D,20230224,000000,42.8,42.8,41.1,41.4,4605600,0
9926.HK,D,20230227,000000,41,41,38.85,39.45,10044470,0
9926.HK,D,20230228,000000,39.95,40.75,39.35,40,31129025,0
9926.HK,D,20230301,000000,40,41.7,39.25,41.5,19016688,0
9926.HK,D,20230302,000000,41.5,43.25,41.45,42.9,5311078,0
9926.HK,D,20230303,000000,43.5,44.25,42.85,43.85,5950000,0
9926.HK,D,20230306,000000,43.25,43.65,42.35,43.45,2041419,0
9926.HK,D,20230307,000000,44.1,45.25,41.95,42.15,7216668,0
9926.HK,D,20230308,000000,42.15,42.15,39.8,40,4569914,0
9926.HK,D,20230309,000000,40,41.1,39.5,39.7,5364471,0
9926.HK,D,20230310,000000,39,39.35,37.85,39.3,6139600,0
9926.HK,D,20230313,000000,39.3,40.45,38.2,39.65,4094812,0
9926.HK,D,20230314,000000,40,42.8,39.4,40.55,5421312,0
9926.HK,D,20230315,000000,41.1,43.2,41.1,42.9,5645830,0
9926.HK,D,20230316,000000,43.95,46.75,43.55,45.5,12539657,0
9926.HK,D,20230317,000000,46.8,47.5,44.85,46,7529160,0
9926.HK,D,20230320,000000,45.75,45.85,42.2,43.05,6330312,0
9926.HK,D,20230321,000000,43.4,44.65,42.65,44.5,4239684,0
9926.HK,D,20230322,000000,44.5,45.1,42.65,42.7,4073535,0
9926.HK,D,20230323,000000,42.6,42.6,40.6,42.15,4653276,0
9926.HK,D,20230324,000000,42.15,42.6,40.25,40.5,6344168,0
9926.HK,D,20230327,000000,41.1,41.95,40.1,41.5,3105320,0
9926.HK,D,20230328,000000,41.5,42.35,39.95,40.8,3345000,0
9926.HK,D,20230329,000000,41.2,41.4,40.25,41.15,4501622,0
9926.HK,D,20230330,000000,41.15,41.6,39.85,41.4,4528393,0
9926.HK,D,20230331,000000,41.8,42.5,39.75,40.4,5620591,0
9926.HK,D,20230403,000000,40.5,40.5,37.7,39.55,8800990,0
9926.HK,D,20230404,000000,39,42.95,38.1,42.6,9473233,0
9926.HK,D,20230406,000000,42.5,44.3,41.9,44.05,4562668,0
9926.HK,D,20230411,000000,46.3,47.15,44.65,45.75,9155000,0
9926.HK,D,20230412,000000,45.75,46.6,44.55,45.35,4235365,0
9926.HK,D,20230413,000000,45.2,46.65,44.15,46.6,7653565,0
9926.HK,D,20230414,000000,46.9,48,45.8,47.2,5383389,0
9926.HK,D,20230417,000000,46.9,46.9,43.4,43.75,6665208,0
9926.HK,D,20230418,000000,44.6,44.65,43.25,44.15,2856156,0
9926.HK,D,20230419,000000,43.7,44.8,43.55,44.6,2040500,0
9926.HK,D,20230420,000000,44.6,45.15,42.7,43.3,2309587,0
9926.HK,D,20230421,000000,43.2,43.35,41.7,42.5,3436806,0
9926.HK,D,20230424,000000,42.35,43.55,41.5,42.6,2767954,0
9926.HK,D,20230425,000000,42.75,42.75,40.45,41.1,3642516,0
9926.HK,D,20230426,000000,41.45,42.2,40.05,41.7,2822687,0
9926.HK,D,20230427,000000,41.7,44.05,41,43.1,4212463,0
9926.HK,D,20230428,000000,43.1,44.2,42.4,42.85,2650453,0
9926.HK,D,20230502,000000,42.85,42.85,40.9,41.25,947500,0
9926.HK,D,20230503,000000,41.2,41.6,39.7,41.15,1120000,0
9926.HK,D,20230504,000000,41.45,43.95,41.45,43.75,2494628,0
9926.HK,D,20230505,000000,43.45,45.5,43.45,44.7,3374000,0
9926.HK,D,20230508,000000,45.05,45.6,44.45,44.75,2653108,0
9926.HK,D,20230509,000000,44.85,44.95,41.8,43.5,4076715,0
9926.HK,D,20230510,000000,44,44.95,43.2,44.45,2376229,0
9926.HK,D,20230511,000000,44.5,46.1,43.7,43.85,3192775,0
9926.HK,D,20230512,000000,45.05,45.5,42.4,42.55,3108000,0
9926.HK,D,20230515,000000,42.95,42.95,40.75,42,3766773,0
9926.HK,D,20230516,000000,42,42.95,41.6,42.2,2018344,0
9926.HK,D,20230517,000000,42.5,42.5,37.5,37.65,14706329,0
9926.HK,D,20230518,000000,38,38.85,36.3,37,12374710,0
9926.HK,D,20230519,000000,37.05,38.3,35.75,37.6,8091000,0
9926.HK,D,20230522,000000,37.65,38.95,37.3,37.85,4112000,0
9926.HK,D,20230523,000000,38,39.4,37.5,38.45,5036548,0
9926.HK,D,20230524,000000,38.5,38.5,37.45,38,3102000,0
9926.HK,D,20230525,000000,38,38.3,36.55,37.1,3955202,0
9926.HK,D,20230529,000000,37.3,37.45,32.85,32.95,14225082,0
9926.HK,D,20230530,000000,33.2,35.15,32.65,34.75,8496424,0
9926.HK,D,20230531,000000,34.75,34.95,33.4,34.9,8281988,0
9926.HK,D,20230601,000000,35,36.55,34.4,35.4,4355204,0
9926.HK,D,20230602,000000,35.95,36.6,35.5,36.25,3871707,0
9926.HK,D,20230605,000000,37,37,34.75,35.7,2426400,0
9926.HK,D,20230606,000000,36.2,36.4,33.85,34.3,3528219,0
9926.HK,D,20230607,000000,34.95,35.25,34,34.8,3023250,0
9926.HK,D,20230608,000000,34.6,34.65,33.5,34.3,1546240,0
9926.HK,D,20230609,000000,34.3,36.25,34.3,35.55,3784302,0
9926.HK,D,20230612,000000,35.35,35.95,34.5,34.75,1902100,0
9926.HK,D,20230613,000000,34.35,34.75,33.75,34.1,3099358,0
9926.HK,D,20230614,000000,34.5,35.35,32.5,33.2,5569781,0
9926.HK,D,20230615,000000,33.5,35.45,33.05,35.4,5880673,0
9926.HK,D,20230616,000000,35.95,37.8,35.45,37.45,9675300,0
9926.HK,D,20230619,000000,37.5,37.5,35.3,36.3,3441775,0
9926.HK,D,20230620,000000,36.7,36.7,34.35,35.1,3852743,0
9926.HK,D,20230621,000000,34.65,35.4,33.45,34.65,4395157,0
9926.HK,D,20230623,000000,34.65,34.65,32.9,33.25,1419394,0
9926.HK,D,20230626,000000,33.4,35.3,33.4,34.9,4780546,0
9926.HK,D,20230627,000000,35.35,35.4,34.15,34.95,2909000,0
9926.HK,D,20230628,000000,34.95,35.45,33.6,34.3,3002000,0
9926.HK,D,20230629,000000,34.3,35.65,33.75,35.3,3050548,0
9926.HK,D,20230630,000000,35.95,36.55,35.1,35.35,2684673,0
9926.HK,D,20230703,000000,36.05,36.65,35.35,36.2,2943194,0
9926.HK,D,20230704,000000,36.3,40.55,35.85,40.15,11200106,0
9926.HK,D,20230705,000000,39.55,40.1,37.3,37.5,6679981,0
9926.HK,D,20230706,000000,37.5,38.35,36.4,36.85,4036107,0
9926.HK,D,20230707,000000,36.4,37.1,35.85,35.95,2993000,0
9926.HK,D,20230710,000000,36.45,36.85,35.5,35.65,3762000,0
9926.HK,D,20230711,000000,35.65,37.25,35.65,36.5,4245000,0
9926.HK,D,20230712,000000,36.95,37,34.9,35.15,3010325,0
9926.HK,D,20230713,000000,35.25,38.65,35.25,37.75,7408306,0
9926.HK,D,20230714,000000,37.75,38.15,36.85,37.1,2808528,0
9926.HK,D,20230718,000000,37,37.15,35.8,36.7,3034505,0
9926.HK,D,20230719,000000,37.3,37.3,35.35,35.9,3211437,0
9926.HK,D,20230720,000000,35.85,36.35,35.4,35.7,2183000,0
9926.HK,D,20230721,000000,35.7,37.8,35.65,37.2,6062000,0
9926.HK,D,20230724,000000,36.9,39.3,36.9,38.55,4270329,0
9926.HK,D,20230725,000000,39.05,39.9,38.6,39.05,3969260,0
9926.HK,D,20230726,000000,39.45,39.6,38.4,38.85,2887948,0
9926.HK,D,20230727,000000,38.85,41.05,38.85,40.9,6439407,0
9926.HK,D,20230728,000000,40.35,43.55,40.3,42.95,8390941,0
9926.HK,D,20230731,000000,44.6,46.2,40.5,41.05,10008000,0
9926.HK,D,20230801,000000,41.85,44.15,41.85,42.4,7861331,0
9926.HK,D,20230802,000000,42.65,43,38.45,38.7,10580355,0
9926.HK,D,20230803,000000,38.35,39.15,37.25,38,8788082,0
9926.HK,D,20230804,000000,38.35,39.3,36,36.5,10630335,0
9926.HK,D,20230807,000000,36.5,36.5,32.6,32.9,18863755,0
9926.HK,D,20230808,000000,32.8,33.9,32.5,33.6,10612000,0
9926.HK,D,20230809,000000,33.85,35.6,33.6,34.45,8505363,0
9926.HK,D,20230810,000000,35.1,35.1,33.3,34.2,4572582,0
9926.HK,D,20230811,000000,34.8,34.8,33.5,33.55,2833000,0
9926.HK,D,20230814,000000,33.3,33.6,32.05,33.6,3745000,0
9926.HK,D,20230815,000000,33.95,34.35,32.8,33.9,3456000,0
9926.HK,D,20230816,000000,33.95,34.25,32.95,33.5,2824000,0
9926.HK,D,20230817,000000,33,33.8,32.3,33.5,2571800,0
9926.HK,D,20230818,000000,33.5,33.5,32.45,32.5,3362972,0
9926.HK,D,20230821,000000,32.5,32.55,30.9,31.8,5534608,0
9926.HK,D,20230822,000000,31.55,32.4,30.3,31.25,4758028,0
9926.HK,D,20230823,000000,30.9,31.8,30.9,31.25,1973530,0
9926.HK,D,20230824,000000,31.5,33.4,31.3,32.45,4105007,0
9926.HK,D,20230825,000000,32.4,33.95,32.2,33.05,2468922,0
9926.HK,D,20230828,000000,34.45,35,33.4,34,4481292,0
9926.HK,D,20230829,000000,34,36.15,33.55,36,7140611,0
9926.HK,D,20230830,000000,36,36,34.15,35.25,6882979,0
9926.HK,D,20230831,000000,35.25,35.3,33.95,34.45,7492228,0
9926.HK,D,20230904,000000,34.95,35.85,34.4,35.2,3169646,0
9926.HK,D,20230905,000000,35.2,35.5,34.4,34.5,2026600,0
9926.HK,D,20230906,000000,34.9,35.25,34.25,34.65,1725000,0
9926.HK,D,20230907,000000,35,35.35,34.2,34.55,2249716,0
9926.HK,D,20230911,000000,34.2,37.2,34.2,36.85,6644540,0
9926.HK,D,20230912,000000,36.8,37.4,36.3,37.15,2105981,0
9926.HK,D,20230913,000000,37.15,37.2,36,36.3,1911201,0
9926.HK,D,20230914,000000,36.6,37.05,35.85,36.8,1960000,0
9926.HK,D,20230915,000000,37.05,38.8,37.05,37.75,6484683,0
9926.HK,D,20230918,000000,37.65,38.9,37.65,38.15,3901000,0
9926.HK,D,20230919,000000,38.25,38.65,37.5,37.8,1973974,0
9926.HK,D,20230920,000000,37.5,38.15,36.2,37.15,3327862,0
9926.HK,D,20230921,000000,37.15,37.2,36.15,36.5,2352065,0
9926.HK,D,20230922,000000,36,37.9,36,37.5,2846690,0
9926.HK,D,20230925,000000,37.7,37.7,36.45,37,2263000,0
9926.HK,D,20230926,000000,37,37.65,36.7,36.8,1991256,0
9926.HK,D,20230927,000000,37.25,38.7,36.55,37.75,7734656,0
9926.HK,D,20230928,000000,38,38.45,37.35,37.9,2487000,0
9926.HK,D,20230929,000000,38.25,38.25,35.75,36,1924000,0
9926.HK,D,20231003,000000,36,36.1,34,35.1,1390200,0
9926.HK,D,20231004,000000,35.1,35.35,34.05,34.75,945058,0
9926.HK,D,20231005,000000,34.2,35.15,33.75,34.8,1262991,0
9926.HK,D,20231006,000000,35.6,35.6,34.7,35.2,798000,0
9926.HK,D,20231009,000000,35.2,37.05,35.2,36.7,2039618,0
9926.HK,D,20231010,000000,37.25,37.65,36.3,36.45,2033000,0
9926.HK,D,20231011,000000,37.45,39.35,36.65,38.9,8331440,0
9926.HK,D,20231012,000000,39,39.95,38.8,39.55,4516741,0
9926.HK,D,20231013,000000,38.85,39.45,38.25,39.05,2724000,0
9926.HK,D,20231016,000000,39.05,40.45,38,38.4,2664000,0
9926.HK,D,20231017,000000,38.55,39.6,38.4,38.8,2172593,0
9926.HK,D,20231018,000000,39.1,39.5,37.8,38.35,3297000,0
9926.HK,D,20231019,000000,37.9,38.5,37.45,37.6,1818518,0
9926.HK,D,20231020,000000,37.3,37.95,36.85,37.75,1667000,0
9926.HK,D,20231024,000000,37.75,39.25,37,39,3901743,0
9926.HK,D,20231025,000000,39.95,41.15,39.3,40.4,6950955,0
9926.HK,D,20231026,000000,40.25,40.35,38.65,38.9,2836332,0
9926.HK,D,20231027,000000,38.9,41.75,38.9,41.3,6184303,0
9926.HK,D,20231030,000000,41.3,44.1,41.3,43.25,8980322,0
9926.HK,D,20231031,000000,42.6,44.55,42.6,43.9,8009922,0
9926.HK,D,20231101,000000,43.65,44.55,43,43.95,7338500,0
9926.HK,D,20231102,000000,44.25,45.45,44.1,45.4,6784657,0
9926.HK,D,20231103,000000,45.8,46,43.3,44.55,4384000,0
9926.HK,D,20231106,000000,45.05,47.4,45.05,46.95,9222236,0
9926.HK,D,20231107,000000,47.6,49.4,47.1,47.9,8568980,0
9926.HK,D,20231108,000000,47.95,48.95,47.2,47.85,5616085,0
9926.HK,D,20231109,000000,47.85,48.7,46.85,47.7,4083956,0
9926.HK,D,20231110,000000,47.6,48.3,46.45,47.95,3930400,0
9926.HK,D,20231113,000000,47.95,49,46.1,47,5721632,0
9926.HK,D,20231114,000000,47.15,47.8,45,46.3,6489793,0
9926.HK,D,20231115,000000,47.25,48.8,46.4,47.05,5298133,0
9926.HK,D,20231116,000000,47.1,47.1,44.8,45.5,4366598,0
9926.HK,D,20231117,000000,45.6,47.2,44.15,46.8,4951462,0
9926.HK,D,20231120,000000,46.8,47.55,45.6,45.95,3809000,0
9926.HK,D,20231121,000000,45.95,47.5,45.7,47.05,4333828,0
9926.HK,D,20231122,000000,47,47.05,46,46.4,2774125,0
9926.HK,D,20231123,000000,47.2,48.75,46.65,47.45,7610419,0
9926.HK,D,20231124,000000,47.85,48.25,46.7,46.85,3540875,0
9926.HK,D,20231127,000000,46.85,48.35,46.65,47.85,3046628,0
9926.HK,D,20231128,000000,47.85,50.8,47.85,50.1,7614400,0
9926.HK,D,20231129,000000,50.25,51.1,49.2,49.65,3878418,0
9926.HK,D,20231130,000000,50,50.2,48.45,49.85,7149856,0
9926.HK,D,20231201,000000,49.85,50.45,48.2,48.5,3406985,0
9926.HK,D,20231204,000000,48.5,48.9,46.35,47.2,5729000,0
9926.HK,D,20231205,000000,46.8,47.95,46.45,47.25,2419000,0
9926.HK,D,20231206,000000,46.8,47.25,44.8,45.35,5670464,0
9926.HK,D,20231207,000000,45.55,45.55,42.8,44,5974994,0
9926.HK,D,20231208,000000,43.65,44.45,42.15,43.2,6859578,0
9926.HK,D,20231211,000000,42.5,43.85,42.3,43.75,3736000,0
9926.HK,D,20231212,000000,44.45,45.75,43.45,45.4,5042100,0
9926.HK,D,20231213,000000,45.75,45.85,43.3,43.9,3682907,0
9926.HK,D,20231214,000000,44.5,46.45,44.5,45.7,4210466,0
9926.HK,D,20231215,000000,45.8,46.55,45.65,46.2,3291537,0
9926.HK,D,20231218,000000,45.65,46.45,44.15,44.9,3516892,0
9926.HK,D,20231219,000000,45.6,45.6,43.2,44.45,2631315,0
9926.HK,D,20231220,000000,44.85,44.85,43.15,43.5,2169262,0
9926.HK,D,20231221,000000,43.1,44.1,42.25,43.5,2511572,0
9926.HK,D,20231222,000000,44.05,44.05,41.25,41.95,5240320,0
9926.HK,D,20231227,000000,42.6,45.1,41.55,44.95,4509593,0
9926.HK,D,20231228,000000,45,45.9,44.6,45.35,2901600,0
9926.HK,D,20231229,000000,44.5,46.5,44.5,46.4,2279842,0
9926.HK,D,20240102,000000,46.8,47.4,45.4,45.7,2891337,0
9926.HK,D,20240103,000000,45.7,46.2,43.85,44.6,3006457,0
9926.HK,D,20240104,000000,44.75,45.3,44,45.2,1940237,0
9926.HK,D,20240105,000000,45.8,45.8,43.3,43.5,4232000,0
9926.HK,D,20240108,000000,43.8,43.9,43.05,43.85,2541143,0
9926.HK,D,20240109,000000,44.85,48.6,44.85,46.85,7425413,0
9926.HK,D,20240110,000000,47,48.95,47,48.1,3780658,0
9926.HK,D,20240111,000000,48.05,48.8,46.8,46.9,2451008,0
9926.HK,D,20240112,000000,46.9,46.9,45.4,45.6,2571550,0
9926.HK,D,20240115,000000,45.6,46.95,45.35,46.25,2526872,0
9926.HK,D,20240116,000000,46.25,48.25,46.25,47.25,3633030,0
9926.HK,D,20240117,000000,47.25,48,42.85,43.7,8288859,0
9926.HK,D,20240118,000000,43.9,45.65,43,45.35,5168128,0
9926.HK,D,20240119,000000,45.6,45.95,40.95,41.45,10868506,0
9926.HK,D,20240122,000000,41.8,41.8,40,40.9,7887832,0
9926.HK,D,20240123,000000,41.4,42.6,40.15,41.15,5193083,0
9926.HK,D,20240124,000000,42.3,43.95,41.45,42.95,5368836,0
9926.HK,D,20240125,000000,43.45,44.55,42.45,44.1,3621539,0
9926.HK,D,20240126,000000,44.55,44.55,39.8,41.85,8917357,0
9926.HK,D,20240129,000000,41.9,42.4,40.05,40.7,6057856,0
9926.HK,D,20240130,000000,40.55,40.65,39.5,39.75,2834861,0
9926.HK,D,20240131,000000,39.5,40.15,38.45,39.65,5237148,0
9926.HK,D,20240201,000000,39.6,41.85,38.9,41.45,4281268,0
9926.HK,D,20240202,000000,41.9,42.5,39.15,39.9,5345334,0
9926.HK,D,20240205,000000,39.15,40.05,38.5,38.95,3990509,0
9926.HK,D,20240206,000000,39.1,43.35,37.95,43.15,6421854,0
9926.HK,D,20240207,000000,43.05,44.45,41.5,41.9,5317803,0
9926.HK,D,20240208,000000,42.35,42.8,41.35,41.9,2874071,0
9926.HK,D,20240209,000000,42.2,42.2,40.35,40.85,221028,0
9926.HK,D,20240214,000000,40.85,41.65,39.2,41.6,796870,0
9926.HK,D,20240215,000000,41.6,42.3,40.3,42.1,747790,0
9926.HK,D,20240216,000000,42.55,44.1,41.55,43.9,1090901,0
9926.HK,D,20240219,000000,44,44.35,43.1,44.05,3023825,0
9926.HK,D,20240220,000000,44.05,47.5,43.8,45.3,4890783,0
9926.HK,D,20240221,000000,44.15,45.7,43.8,44.2,4552675,0
9926.HK,D,20240222,000000,44.75,44.8,43.7,44.7,2898000,0
9926.HK,D,20240223,000000,45,45.85,44.05,45.55,3219794,0
9926.HK,D,20240226,000000,45.7,46.95,45.55,45.9,2712965,0
9926.HK,D,20240227,000000,45.7,47.25,45.3,47.15,3257004,0
9926.HK,D,20240228,000000,47.05,48.85,46.65,47,6038012,0
9926.HK,D,20240229,000000,46.85,47.8,46.65,47.1,3131632,0
9926.HK,D,20240301,000000,47.2,48.2,46.7,46.7,4007684,0
9926.HK,D,20240304,000000,47.7,48.6,46.75,47.6,3982927,0
9926.HK,D,20240305,000000,47.8,48.15,44.55,44.75,5945368,0
9926.HK,D,20240306,000000,45.05,45.7,44.15,45,4251710,0
9926.HK,D,20240307,000000,44.85,45.65,43.75,44.45,3120000,0
9926.HK,D,20240308,000000,44.2,47.8,44.2,47.25,5854209,0
9926.HK,D,20240311,000000,47.25,47.85,45.85,47.65,3335083,0
9926.HK,D,20240312,000000,47.85,48.75,47.2,48,3424576,0
9926.HK,D,20240313,000000,48.45,51.35,47.8,51,8936165,0
9926.HK,D,20240314,000000,52.2,55,48.7,51.2,13170669,0
9926.HK,D,20240315,000000,51.1,52.55,51,51.95,6293525,0
9926.HK,D,20240318,000000,52.1,52.2,50.2,51.85,3459377,0
9926.HK,D,20240319,000000,51.85,52.85,49.4,49.95,5939917,0
9926.HK,D,20240320,000000,49.95,51.05,49.6,50.7,4440932,0
9926.HK,D,20240321,000000,49,49.95,47.05,47.6,16724926,0
9926.HK,D,20240322,000000,47.05,48,45.3,46.1,8198671,0
9926.HK,D,20240325,000000,46.3,48,46.3,46.6,5107000,0
9926.HK,D,20240326,000000,46.6,47.3,45.7,46.95,3221876,0
9926.HK,D,20240327,000000,46.95,47.45,45.8,46.65,3506000,0
9926.HK,D,20240328,000000,46.3,47,46.1,46.65,3228818,0
9926.HK,D,20240402,000000,46.9,47.25,45.85,46.55,5451742,0
9926.HK,D,20240403,000000,46.1,46.25,44.5,45.6,6646375,0
9926.HK,D,20240405,000000,45.4,45.7,44.15,45.1,2903000,0
9926.HK,D,20240408,000000,45.15,47.5,44.75,46.65,4098395,0
9926.HK,D,20240409,000000,47,49,46.7,48.7,3714868,0
9926.HK,D,20240410,000000,49,49,47.9,48.65,2944033,0
9926.HK,D,20240411,000000,48.5,48.85,47.45,48.75,2345651,0
9926.HK,D,20240412,000000,48.75,50.5,48.55,49.5,4075507,0
9926.HK,D,20240415,000000,49.8,49.8,47.6,47.95,2559217,0
9926.HK,D,20240416,000000,48.2,48.2,46.4,47,3362121,0
9926.HK,D,20240417,000000,47.95,47.95,45.75,46.75,2927214,0
9926.HK,D,20240418,000000,46.85,46.95,45.25,45.4,3123794,0
9926.HK,D,20240419,000000,45.5,45.5,42.7,43.9,6933579,0
9926.HK,D,20240422,000000,43.5,45,42.4,44.35,3531845,0
9926.HK,D,20240423,000000,44.95,47.15,43.95,46.95,3580316,0
9926.HK,D,20240424,000000,46.9,47.8,45.75,47.45,3631190,0
9926.HK,D,20240425,000000,47.1,49,46.7,48.45,3023085,0
9926.HK,D,20240426,000000,48.85,49,47.95,48.7,3523080,0
9926.HK,D,20240429,000000,48.3,49.65,48.3,49,6019924,0
9926.HK,D,20240430,000000,49.05,49.25,47.55,48.15,3580609,0
9926.HK,D,20240502,000000,47.8,49.1,46.55,48.8,2635814,0
9926.HK,D,20240503,000000,48.35,50.2,48.35,49,744162,0
9926.HK,D,20240506,000000,49.2,49.55,47.5,49,4825612,0
9926.HK,D,20240507,000000,49.4,49.4,47.6,48.05,2191477,0
9926.HK,D,20240508,000000,48.05,50.85,48.05,50.25,10207692,0
9926.HK,D,20240509,000000,49.75,51,49.75,50.5,4527027,0
9926.HK,D,20240510,000000,50.45,50.9,49.1,49.95,3674010,0
9926.HK,D,20240513,000000,50.3,50.5,48.5,49.25,3654488,0
9926.HK,D,20240514,000000,49.1,50.4,48.95,49.2,3072171,0
9926.HK,D,20240516,000000,50.2,50.65,49.3,49.7,3588515,0
9926.HK,D,20240517,000000,50,50.3,48.7,48.7,3197436,0
9926.HK,D,20240520,000000,48.9,49.65,48.2,49.25,2510690,0
9926.HK,D,20240521,000000,49.25,49.3,47.2,47.2,3226292,0
9926.HK,D,20240522,000000,47.45,48,46.75,47.3,1781202,0
9926.HK,D,20240523,000000,47.05,49.4,46.65,48.05,5263664,0
9926.HK,D,20240524,000000,47.75,47.75,26.45,37.05,115449747,0
9926.HK,D,20240527,000000,37.75,38.2,33.6,35.4,25647326,0
9926.HK,D,20240528,000000,35.95,37.75,33.9,34.3,21231440,0
9926.HK,D,20240529,000000,31.95,32.5,29.4,31.8,40481618,0
9926.HK,D,20240530,000000,33.05,33.5,31.7,32,14774858,0
9926.HK,D,20240531,000000,36.8,60,36.8,44,80341506,0
9926.HK,D,20240603,000000,44.4,45.35,42.6,44,17153920,0
9926.HK,D,20240604,000000,45.1,46.15,43.35,44.2,16280297,0
9926.HK,D,20240605,000000,43.25,44.25,42.75,43.65,7887940,0
9926.HK,D,20240606,000000,44.5,44.6,40.7,41.4,9570338,0
9926.HK,D,20240607,000000,41.5,42.2,40.35,40.65,4670243,0
9926.HK,D,20240611,000000,40.65,40.65,38.25,38.7,7568922,0
9926.HK,D,20240612,000000,38.85,40.35,38.3,39.25,6101115,0
9926.HK,D,20240613,000000,40,40.7,39.6,40.1,4339942,0
9926.HK,D,20240614,000000,40,40.25,39.4,39.85,3866636,0
9926.HK,D,20240617,000000,39.65,40.9,38.9,40.8,5541554,0
9926.HK,D,20240618,000000,40.25,40.35,37.4,38.1,8602613,0
9926.HK,D,20240619,000000,38.3,38.7,36.35,36.9,10328804,0
9926.HK,D,20240620,000000,36.55,36.95,35.2,35.5,8272392,0
9926.HK,D,20240621,000000,35.45,36.75,35,35.65,13707750,0
9926.HK,D,20240624,000000,35.2,38.2,35.2,38.2,9975904,0
9926.HK,D,20240625,000000,37.85,39.15,37.65,38.25,4035376,0
9926.HK,D,20240626,000000,38,40.45,37.8,40.3,5345935,0
9926.HK,D,20240627,000000,40.5,40.5,38.5,38.65,4116831,0
9926.HK,D,20240628,000000,38.3,38.9,36.85,37.75,5260738,0
9926.HK,D,20240702,000000,37.6,38.2,36.6,37.15,4064939,0
9926.HK,D,20240703,000000,36.9,38.1,36.4,37.8,3803000,0
9926.HK,D,20240704,000000,37.8,37.8,35.8,36.5,5140240,0
9926.HK,D,20240705,000000,36.15,39.25,35.75,38.9,9135257,0
9926.HK,D,20240708,000000,38.9,39.05,36.55,36.65,5368092,0
9926.HK,D,20240709,000000,36.65,37.55,36.35,37.3,4075101,0
9926.HK,D,20240710,000000,37.5,38.3,36.85,37.35,2901166,0
9926.HK,D,20240711,000000,37.6,38.65,37.35,38.3,3988416,0
9926.HK,D,20240712,000000,39.1,40.25,38.9,40.2,7028281,0
9926.HK,D,20240715,000000,40.35,41.4,38.35,38.55,4317824,0
9926.HK,D,20240716,000000,39.6,40.6,38.8,39.25,6268000,0
9926.HK,D,20240717,000000,39.5,40.4,39,40.05,4340210,0
9926.HK,D,20240718,000000,40.05,40.55,39.65,40.25,2977243,0
9926.HK,D,20240719,000000,40.3,41.05,40.1,40.25,3277250,0
9926.HK,D,20240722,000000,40,41.3,38.9,40.7,3280410,0
9926.HK,D,20240723,000000,41.4,41.6,40.25,40.7,3227055,0
9926.HK,D,20240724,000000,40.7,40.9,39.3,39.5,2399500,0
9926.HK,D,20240725,000000,39.05,39.65,38.8,38.95,2029060,0
9926.HK,D,20240726,000000,39.8,40.8,39.4,40.65,2253340,0
9926.HK,D,20240729,000000,41.95,43.45,41.35,41.5,7140994,0
9926.HK,D,20240730,000000,41.75,42.65,40.2,40.45,5100288,0
9926.HK,D,20240731,000000,41.15,42.6,40.4,42.3,5195200,0
9926.HK,D,20240801,000000,42.35,43.5,41.8,42.2,3266660,0
9926.HK,D,20240802,000000,41.85,43.65,41.4,42,3725858,0
9926.HK,D,20240805,000000,42.3,43.25,40.95,41.75,4724671,0
9926.HK,D,20240806,000000,42.45,43.95,42.4,43.9,8045313,0
9926.HK,D,20240807,000000,43.8,45,42.95,44.55,4776000,0
9926.HK,D,20240808,000000,44.6,44.6,43.2,43.95,2889218,0
9926.HK,D,20240809,000000,44.2,44.75,43.55,43.8,2492688,0
9926.HK,D,20240812,000000,43.95,45.6,43.6,44.3,4829966,0
9926.HK,D,20240813,000000,44.45,44.9,43.75,44.5,3718418,0
9926.HK,D,20240814,000000,44.5,44.85,42.8,43.4,3247984,0
9926.HK,D,20240815,000000,43.3,44.85,43.05,44.7,2833000,0
9926.HK,D,20240816,000000,45.35,45.5,44.7,44.95,3624000,0
9926.HK,D,20240819,000000,44.95,45.5,43.85,44.35,3110291,0
9926.HK,D,20240820,000000,44.6,45.8,44.4,45.15,4001128,0
9926.HK,D,20240821,000000,44.6,46.35,44.15,46.1,5130042,0
9926.HK,D,20240822,000000,46.8,47.75,46.1,47.7,6650785,0
9926.HK,D,20240823,000000,47.7,47.95,45.5,45.9,5829992,0
9926.HK,D,20240826,000000,45.9,46.8,45.2,46.7,2252800,0
9926.HK,D,20240827,000000,46.7,47,45.85,46.6,2493300,0
9926.HK,D,20240828,000000,46.3,47.1,44.3,45.25,7394460,0
9926.HK,D,20240829,000000,44.85,49,44.5,48.25,9212895,0
9926.HK,D,20240830,000000,48.2,49.45,47.85,49.1,6780401,0
9926.HK,D,20240902,000000,49.15,50.3,48.95,50.3,6050312,0
9926.HK,D,20240903,000000,50.3,50.9,48.8,49.05,6792047,0
9926.HK,D,20240904,000000,49.05,49.05,48,48.85,4378560,0
9926.HK,D,20240905,000000,48.8,49.05,47.7,48.2,4528443,0
9926.HK,D,20240909,000000,55,56,50.5,55.8,38293580,0
9926.HK,D,20240910,000000,57.95,59.9,54.55,55.7,18661364,0
9926.HK,D,20240911,000000,58.05,59.75,57.4,58,14785052,0
9926.HK,D,20240912,000000,58,58.75,55.95,56.3,7954000,0
9926.HK,D,20240913,000000,59.55,63.8,58.2,61.65,28082345,0
9926.HK,D,20240916,000000,65.9,72.55,65.1,71.6,14514241,0
9926.HK,D,20240917,000000,70,72.55,69.65,72.2,6866600,0
9926.HK,D,20240919,000000,68.5,68.8,62.9,63.95,24422445,0
9926.HK,D,20240920,000000,63.85,65.65,62.5,65.5,12602057,0
9926.HK,D,20240923,000000,66.8,67.7,62.55,62.95,10820480,0
9926.HK,D,20240924,000000,61.75,61.8,58.7,60.8,14108318,0
9926.HK,D,20240925,000000,63.25,64.3,62.15,63.45,8306269,0
9926.HK,D,20240926,000000,63.7,67,61.55,63.95,14092347,0
9926.HK,D,20240927,000000,65.65,70.4,65.6,67.4,13809086,0
9926.HK,D,20240930,000000,67.6,70.15,64.25,68.6,21031871,0
9926.HK,D,20241002,000000,68.15,69.95,66.05,69.15,9384552,0
9926.HK,D,20241003,000000,69.5,69.7,66.55,67.3,5484620,0
9926.HK,D,20241004,000000,67.3,75,66.1,74.4,6639346,0
9926.HK,D,20241007,000000,75,77.65,69.2,71.4,7163305,0
9926.HK,D,20241008,000000,70.5,71.85,65.3,68.3,16549980,0
9926.HK,D,20241009,000000,68.3,69.8,63.4,66.85,11153814,0
9926.HK,D,20241010,000000,67.6,68.5,63.7,64.5,11924355,0
9926.HK,D,20241014,000000,63.5,66.8,60.8,64.5,22219852,0
9926.HK,D,20241015,000000,64.5,66.8,63.75,64.9,6796123,0
9926.HK,D,20241016,000000,66,67.4,64.5,65.9,5979635,0
9926.HK,D,20241017,000000,67.85,71.2,67.4,67.95,11641858,0
9926.HK,D,20241018,000000,67.5,69.8,66.3,69.2,9988936,0
9926.HK,D,20241021,000000,69,69.55,66.75,67,6278114,0
9926.HK,D,20241022,000000,67.05,67.85,65.05,66,5341545,0
9926.HK,D,20241023,000000,66,69.7,65.8,69.3,7409220,0
9926.HK,D,20241024,000000,68.3,68.9,67.2,67.7,3290022,0
9926.HK,D,20241025,000000,67.4,70.15,67.4,69.5,4902300,0
9926.HK,D,20241028,000000,70.3,71.8,68,68.95,4636000,0
9926.HK,D,20241029,000000,69.6,70,67.95,68.5,4382050,0
9926.HK,D,20241030,000000,67.9,68.9,63.35,65.8,9452703,0
9926.HK,D,20241031,000000,65.65,66.35,62.3,62.8,9665354,0
9926.HK,D,20241101,000000,62.85,68.6,61.3,68.2,9930344,0
9926.HK,D,20241104,000000,70.2,71.95,68.4,69.65,7079048,0
9926.HK,D,20241105,000000,70,70.95,68.3,69.25,4346775,0
9926.HK,D,20241106,000000,70,70,66.05,67,4731000,0
9926.HK,D,20241107,000000,66.5,67.2,65.5,66.35,4984080,0
9926.HK,D,20241108,000000,67.1,69.6,66.35,67.95,4270538,0
9926.HK,D,20241111,000000,67.95,71.2,67,70.6,6043769,0
9926.HK,D,20241112,000000,71.1,72.45,68.85,70.4,6361111,0
9926.HK,D,20241113,000000,70,70,65.85,67.55,6826463,0
9926.HK,D,20241114,000000,67.5,69.4,66.6,68.05,6262800,0
9926.HK,D,20241115,000000,68.6,69.85,66.5,68.75,4964668,0
9926.HK,D,20241118,000000,68,68.05,63,63.9,11886406,0
9926.HK,D,20241119,000000,64.15,64.65,63.1,64.1,4696029,0
9926.HK,D,20241120,000000,64.6,70.8,64.6,70.35,11841338,0
9926.HK,D,20241121,000000,69.6,74.8,69.6,73.25,9562484,0
9926.HK,D,20241122,000000,73.8,74.5,71,72.2,7817873,0
9926.HK,D,20241125,000000,72.65,77.65,72.25,76.8,14170696,0
9926.HK,D,20241126,000000,77,78.1,75.45,76.85,8247708,0
9926.HK,D,20241127,000000,76.95,78.4,75.8,77.55,5739677,0
9926.HK,D,20241128,000000,78,78.75,73,73.5,14678072,0
9926.HK,D,20241129,000000,74,76.25,72.35,73.1,16452117,0
9926.HK,D,20241202,000000,73,74.25,71.15,72,6967000,0
9926.HK,D,20241203,000000,72.3,72.3,69.45,70.7,8861655,0
9926.HK,D,20241204,000000,68.9,68.9,65.4,66.5,19756522,0
9926.HK,D,20241205,000000,66.85,67.2,64.8,65.45,10122180,0
9926.HK,D,20241206,000000,65.05,65.95,63.5,65.2,11850888,0
9926.HK,D,20241209,000000,66.15,68.35,65.55,66.35,10239881,0
9926.HK,D,20241210,000000,67.5,67.5,63.5,64,8062450,0
9926.HK,D,20241211,000000,64.35,65.15,62.15,63.25,9437340,0
9926.HK,D,20241212,000000,63.85,67,62.05,65.9,11313189,0
9926.HK,D,20241213,000000,65.9,65.9,63,63.65,7375719,0
9926.HK,D,20241216,000000,63.65,63.65,59.5,61.75,11341920,0
9926.HK,D,20241217,000000,61.75,63.35,61.05,62.05,5121153,0
9926.HK,D,20241218,000000,62.1,64.2,62.1,63.6,5436600,0
9926.HK,D,20241219,000000,61.7,63.35,60.75,62.3,6700364,0
9926.HK,D,20241220,000000,62.8,62.8,59.95,60.85,9221609,0
9926.HK,D,20241223,000000,60.85,61.1,57.95,60,9055695,0
9926.HK,D,20241224,000000,60,60.75,58.8,60.2,2649071,0
9926.HK,D,20241227,000000,60.55,60.8,57.95,59.4,7440256,0
9926.HK,D,20241230,000000,59.6,61.1,58.3,59.5,4533729,0
9926.HK,D,20241231,000000,59.95,60.7,58.65,60.7,3631237,0
9926.HK,D,20250102,000000,61.05,62,58.3,58.6,5166324,0
9926.HK,D,20250103,000000,59,59.7,57.75,58.3,3827000,0
9926.HK,D,20250106,000000,58.45,60.8,58.3,59.35,5196797,0
9926.HK,D,20250107,000000,60,60.15,57.1,57.4,4778590,0
9926.HK,D,20250108,000000,57,57.3,55.05,56.2,7531943,0
9926.HK,D,20250109,000000,56.4,57.8,55.75,56.5,3488732,0
9926.HK,D,20250110,000000,56.9,57.3,55.6,56.15,2697308,0
9926.HK,D,20250113,000000,55.25,55.95,54,55.4,5766019,0
9926.HK,D,20250114,000000,55.05,57.4,55.05,56.7,3803314,0
9926.HK,D,20250115,000000,56.1,57.4,55.1,56.5,3477742,0
9926.HK,D,20250116,000000,57.75,58.95,56.1,56.95,6098500,0
9926.HK,D,20250117,000000,57.4,60.8,56.8,59.15,7378220,0
9926.HK,D,20250120,000000,60.4,62,59.7,59.8,8748000,0
9926.HK,D,20250121,000000,60,60.55,58.4,58.75,4303724,0
9926.HK,D,20250122,000000,60.9,62.7,60.3,62.6,9637570,0
9926.HK,D,20250123,000000,63.25,63.35,60.85,60.9,4072681,0
9926.HK,D,20250124,000000,61.6,63.85,60.5,62.6,7354368,0
9926.HK,D,20250127,000000,62.5,62.8,59.7,59.8,6263355,0
9926.HK,D,20250128,000000,60.2,60.85,59.8,60.85,525328,0
9926.HK,D,20250203,000000,60.75,60.8,58.85,59.65,1452752,0
9926.HK,D,20250204,000000,60.8,60.8,58.65,60.6,1680333,0
9926.HK,D,20250205,000000,60.25,60.25,58.65,59.15,6355522,0
9926.HK,D,20250206,000000,58.95,63.6,58.95,63.45,9763933,0
9926.HK,D,20250207,000000,63.3,65.2,62.15,64.95,7927436,0
9926.HK,D,20250210,000000,65.3,65.4,63.6,64.55,6597800,0
9926.HK,D,20250211,000000,65.15,65.45,61.5,62,5798380,0
9926.HK,D,20250212,000000,62,62.55,57.95,58.5,13664654,0
9926.HK,D,20250213,000000,58.15,59.35,55.65,56.05,12344485,0
9926.HK,D,20250214,000000,57.5,60.35,57.4,60.2,16712320,0
9926.HK,D,20250217,000000,60.6,60.7,58.3,59.25,13861181,0
9926.HK,D,20250218,000000,59.65,60.9,58.4,59.85,9181461,0
9926.HK,D,20250219,000000,59.8,63.8,59,62.65,14168448,0
9926.HK,D,20250220,000000,62.65,64.75,62.15,64.1,11008453,0
9926.HK,D,20250221,000000,65.8,69.7,65.8,68.95,16374271,0
9926.HK,D,20250224,000000,69.9,69.9,66.55,68.65,11491640,0
9926.HK,D,20250225,000000,64,72.3,64,71.4,18442618,0
9926.HK,D,20250226,000000,71.25,74.6,69.9,73.8,12086354,0
9926.HK,D,20250227,000000,74.65,77.7,72.5,75.2,18346509,0
9926.HK,D,20250228,000000,74.8,77.3,72,72.95,15079077,0
9926.HK,D,20250303,000000,73.65,75.95,70.05,71.4,11825074,0
9926.HK,D,20250304,000000,69.55,73.1,67,72.8,6577240,0
9926.HK,D,20250305,000000,74,75,71.55,73.45,6057723,0
9926.HK,D,20250306,000000,74.2,74.7,70.5,71.9,9826382,0
9926.HK,D,20250307,000000,71.95,75.2,70.55,72.9,8537529,0
9926.HK,D,20250310,000000,73.6,74.7,68.3,69.8,10056713,0
9926.HK,D,20250311,000000,68.05,72.5,68.05,70.6,9022821,0
9926.HK,D,20250312,000000,71.3,72.8,69.7,71.6,7970388,0
9926.HK,D,20250313,000000,71.7,74.05,69.5,70.8,6007348,0
9926.HK,D,20250314,000000,70.85,73.35,70.1,72,9286876,0
9926.HK,D,20250317,000000,72.7,72.9,68.8,71.55,11806763,0
9926.HK,D,20250318,000000,71.9,72.95,69.2,69.9,13121812,0
9926.HK,D,20250319,000000,70.15,71.55,69.05,71.45,12911334,0
9926.HK,D,20250320,000000,72,74.9,70.65,74.45,12538582,0
9926.HK,D,20250321,000000,74.45,74.45,66.65,67.75,24992961,0
9926.HK,D,20250324,000000,68.5,69.4,65.3,66.35,9502342,0
9926.HK,D,20250325,000000,66.3,67.3,65.15,65.75,5236086,0
9926.HK,D,20250326,000000,66.35,69.05,65.55,68.45,7931922,0
9926.HK,D,20250327,000000,68,72.15,67.4,70.95,12993677,0
9926.HK,D,20250328,000000,71.05,75.8,71.05,74.6,16707522,0
9926.HK,D,20250331,000000,71.9,77.2,71.6,76.2,17265771,0
9926.HK,D,20250401,000000,76.6,88.8,75.65,86,34993537,0
9926.HK,D,20250402,000000,86.55,88.8,84.65,88,14049896,0
9926.HK,D,20250403,000000,86.15,89.9,83.3,85.9,17005351,0
9926.HK,D,20250407,000000,73.05,75.45,63.85,64.75,38734463,0
9926.HK,D,20250408,000000,66.85,69.8,64.7,67.25,21814024,0
9926.HK,D,20250409,000000,62.25,72.55,60.6,71.15,24291065,0
9926.HK,D,20250410,000000,75,76.65,71.9,74.15,14668016,0
9926.HK,D,20250411,000000,73.85,84.1,73.85,82.2,19473927,0
9926.HK,D,20250414,000000,85.05,89.4,82.5,86.95,17924100,0
9926.HK,D,20250415,000000,90.1,90.95,87,87.7,12497565,0
9926.HK,D,20250416,000000,86.8,89.35,82.35,83.7,15154656,0
9926.HK,D,20250417,000000,83.8,83.85,80.4,82.95,12496201,0
