<TICKER>,<PER>,<DATE>,<TIME>,<OPEN>,<HIGH>,<LOW>,<CLOSE>,<VOL>,<OPENINT>
9933.HK,D,20200121,000000,0.44,0.475,0.35,0.35,100384000,0
9933.HK,D,20200122,000000,0.35,0.385,0.325,0.335,19204000,0
9933.HK,D,20200123,000000,0.335,0.345,0.305,0.315,8292000,0
9933.HK,D,20200124,000000,0.325,0.33,0.3,0.325,4068000,0
9933.HK,D,20200129,000000,0.305,0.31,0.28,0.28,4616000,0
9933.HK,D,20200130,000000,0.275,0.305,0.26,0.27,5116000,0
9933.HK,D,20200131,000000,0.275,0.305,0.27,0.275,3764000,0
9933.HK,D,20200203,000000,0.275,0.29,0.255,0.27,1860000,0
9933.HK,D,20200204,000000,0.27,0.28,0.255,0.265,2312000,0
9933.HK,D,20200205,000000,0.27,0.3,0.27,0.285,5148000,0
9933.HK,D,20200206,000000,0.28,0.335,0.28,0.325,27448000,0
9933.HK,D,20200207,000000,0.315,0.345,0.31,0.32,16560000,0
9933.HK,D,20200210,000000,0.31,0.32,0.3,0.31,3212000,0
9933.HK,D,20200211,000000,0.305,0.325,0.305,0.32,10916000,0
9933.HK,D,20200212,000000,0.315,0.35,0.31,0.34,30100000,0
9933.HK,D,20200213,000000,0.34,0.34,0.315,0.32,3616000,0
9933.HK,D,20200214,000000,0.315,0.325,0.305,0.315,2156000,0
9933.HK,D,20200217,000000,0.32,0.34,0.315,0.325,3752010,0
9933.HK,D,20200218,000000,0.325,0.355,0.32,0.35,6408000,0
9933.HK,D,20200219,000000,0.34,0.36,0.335,0.355,3900000,0
9933.HK,D,20200220,000000,0.355,0.405,0.35,0.385,16698000,0
9933.HK,D,20200221,000000,0.39,0.41,0.36,0.37,10708000,0
9933.HK,D,20200224,000000,0.365,0.37,0.355,0.365,2052000,0
9933.HK,D,20200225,000000,0.355,0.375,0.35,0.36,1596000,0
9933.HK,D,20200226,000000,0.36,0.36,0.325,0.335,3052000,0
9933.HK,D,20200227,000000,0.325,0.325,0.31,0.315,2892000,0
9933.HK,D,20200228,000000,0.31,0.31,0.27,0.3,6508000,0
9933.HK,D,20200302,000000,0.29,0.31,0.285,0.3,1072000,0
9933.HK,D,20200303,000000,0.31,0.33,0.3,0.32,2244000,0
9933.HK,D,20200304,000000,0.32,0.34,0.32,0.325,2180000,0
9933.HK,D,20200305,000000,0.335,0.34,0.31,0.315,1864000,0
9933.HK,D,20200306,000000,0.315,0.315,0.3,0.31,1060000,0
9933.HK,D,20200309,000000,0.29,0.305,0.285,0.295,1352000,0
9933.HK,D,20200310,000000,0.295,0.315,0.285,0.305,540000,0
9933.HK,D,20200311,000000,0.305,0.33,0.3,0.31,1024000,0
9933.HK,D,20200312,000000,0.29,0.31,0.29,0.305,2008000,0
9933.HK,D,20200313,000000,0.29,0.33,0.285,0.325,1852000,0
9933.HK,D,20200316,000000,0.305,0.32,0.3,0.3,164000,0
9933.HK,D,20200317,000000,0.3,0.31,0.28,0.31,1508000,0
9933.HK,D,20200318,000000,0.295,0.305,0.29,0.3,668000,0
9933.HK,D,20200319,000000,0.295,0.3,0.275,0.29,1356000,0
9933.HK,D,20200320,000000,0.29,0.315,0.29,0.31,7188000,0
9933.HK,D,20200323,000000,0.29,0.295,0.275,0.28,6028000,0
9933.HK,D,20200324,000000,0.28,0.3,0.28,0.29,788000,0
9933.HK,D,20200325,000000,0.29,0.3,0.285,0.295,1276000,0
9933.HK,D,20200326,000000,0.295,0.305,0.29,0.305,340000,0
9933.HK,D,20200327,000000,0.295,0.295,0.28,0.285,608000,0
9933.HK,D,20200330,000000,0.275,0.29,0.27,0.275,584000,0
9933.HK,D,20200331,000000,0.275,0.28,0.24,0.26,2728000,0
9933.HK,D,20200401,000000,0.25,0.26,0.22,0.237,5976000,0
9933.HK,D,20200402,000000,0.22,0.249,0.22,0.241,156000,0
9933.HK,D,20200403,000000,0.245,0.246,0.223,0.238,168000,0
9933.HK,D,20200406,000000,0.238,0.238,0.21,0.216,1332000,0
9933.HK,D,20200407,000000,0.217,0.247,0.217,0.243,1660000,0
9933.HK,D,20200408,000000,0.235,0.242,0.229,0.24,288000,0
9933.HK,D,20200409,000000,0.24,0.24,0.229,0.235,352000,0
9933.HK,D,20200414,000000,0.235,0.244,0.22,0.223,532000,0
9933.HK,D,20200415,000000,0.212,0.239,0.199,0.205,2248000,0
9933.HK,D,20200416,000000,0.204,0.214,0.2,0.205,1712000,0
9933.HK,D,20200417,000000,0.206,0.215,0.206,0.209,768000,0
9933.HK,D,20200420,000000,0.2,0.222,0.2,0.217,414010,0
9933.HK,D,20200421,000000,0.217,0.275,0.217,0.26,34280000,0
9933.HK,D,20200422,000000,0.265,0.265,0.235,0.25,13520000,0
9933.HK,D,20200423,000000,0.24,0.247,0.24,0.247,584000,0
9933.HK,D,20200424,000000,0.243,0.245,0.24,0.24,700000,0
9933.HK,D,20200427,000000,0.23,0.235,0.225,0.235,224000,0
9933.HK,D,20200428,000000,0.232,0.245,0.22,0.241,1740000,0
9933.HK,D,20200429,000000,0.243,0.275,0.243,0.255,3212000,0
9933.HK,D,20200504,000000,0.241,0.275,0.241,0.255,404000,0
9933.HK,D,20200505,000000,0.26,0.27,0.25,0.255,1356000,0
9933.HK,D,20200506,000000,0.25,0.35,0.25,0.315,18380000,0
9933.HK,D,20200507,000000,0.3,0.36,0.3,0.335,6828000,0
9933.HK,D,20200508,000000,0.335,0.38,0.325,0.375,6676000,0
9933.HK,D,20200511,000000,0.385,0.475,0.31,0.33,25836000,0
9933.HK,D,20200512,000000,0.33,0.345,0.3,0.325,4280000,0
9933.HK,D,20200513,000000,0.32,0.36,0.32,0.34,2124000,0
9933.HK,D,20200514,000000,0.35,0.37,0.35,0.35,2896000,0
9933.HK,D,20200515,000000,0.34,0.34,0.32,0.33,2060000,0
9933.HK,D,20200518,000000,0.325,0.35,0.325,0.35,4696000,0
9933.HK,D,20200519,000000,0.355,0.355,0.345,0.345,7940000,0
9933.HK,D,20200520,000000,0.345,0.365,0.345,0.35,4664000,0
9933.HK,D,20200521,000000,0.34,0.35,0.335,0.35,820000,0
9933.HK,D,20200522,000000,0.34,0.34,0.325,0.335,588000,0
9933.HK,D,20200525,000000,0.325,0.325,0.31,0.32,1452000,0
9933.HK,D,20200526,000000,0.32,0.33,0.32,0.325,204000,0
9933.HK,D,20200527,000000,0.325,0.325,0.3,0.31,4892000,0
9933.HK,D,20200528,000000,0.31,0.31,0.305,0.305,56000,0
9933.HK,D,20200529,000000,0.3,0.3,0.28,0.295,2004000,0
9933.HK,D,20200601,000000,0.3,0.3,0.29,0.29,1100000,0
9933.HK,D,20200602,000000,0.285,0.285,0.275,0.275,200000,0
9933.HK,D,20200603,000000,0.285,0.295,0.275,0.285,388000,0
9933.HK,D,20200604,000000,0.285,0.285,0.265,0.28,1440000,0
9933.HK,D,20200605,000000,0.27,0.28,0.27,0.275,244000,0
9933.HK,D,20200608,000000,0.275,0.28,0.226,0.229,7376000,0
9933.HK,D,20200609,000000,0.23,0.285,0.214,0.22,17164000,0
9933.HK,D,20200610,000000,0.226,0.23,0.22,0.228,4196000,0
9933.HK,D,20200611,000000,0.228,0.24,0.221,0.23,4052000,0
9933.HK,D,20200612,000000,0.234,0.275,0.232,0.27,9008000,0
9933.HK,D,20200615,000000,0.275,0.29,0.27,0.29,6020000,0
9933.HK,D,20200616,000000,0.29,0.34,0.285,0.34,12532000,0
9933.HK,D,20200617,000000,0.34,0.38,0.325,0.33,6428000,0
9933.HK,D,20200618,000000,0.33,0.34,0.27,0.31,8912000,0
9933.HK,D,20200619,000000,0.31,0.315,0.28,0.305,4980000,0
9933.HK,D,20200622,000000,0.305,0.33,0.305,0.315,4748000,0
9933.HK,D,20200623,000000,0.315,0.33,0.305,0.325,4784000,0
9933.HK,D,20200624,000000,0.32,0.32,0.305,0.315,5932000,0
9933.HK,D,20200626,000000,0.315,0.32,0.305,0.31,6852000,0
9933.HK,D,20200629,000000,0.315,0.32,0.295,0.305,5812000,0
9933.HK,D,20200630,000000,0.305,0.305,0.275,0.28,4336000,0
9933.HK,D,20200702,000000,0.285,0.285,0.25,0.27,6040000,0
9933.HK,D,20200703,000000,0.26,0.28,0.25,0.28,5728000,0
9933.HK,D,20200706,000000,0.28,0.28,0.255,0.27,3608000,0
9933.HK,D,20200707,000000,0.27,0.28,0.255,0.27,5092000,0
9933.HK,D,20200708,000000,0.27,0.28,0.265,0.27,4588000,0
9933.HK,D,20200709,000000,0.26,0.27,0.255,0.26,4952000,0
9933.HK,D,20200710,000000,0.25,0.26,0.248,0.26,3356000,0
9933.HK,D,20200713,000000,0.265,0.27,0.26,0.27,636000,0
9933.HK,D,20200714,000000,0.26,0.275,0.26,0.275,976000,0
9933.HK,D,20200715,000000,0.265,0.275,0.25,0.275,1420000,0
9933.HK,D,20200716,000000,0.265,0.265,0.255,0.255,896000,0
9933.HK,D,20200717,000000,0.255,0.255,0.25,0.255,548000,0
9933.HK,D,20200720,000000,0.245,0.255,0.243,0.25,460000,0
9933.HK,D,20200721,000000,0.255,0.26,0.247,0.26,852000,0
9933.HK,D,20200722,000000,0.26,0.265,0.25,0.265,684000,0
9933.HK,D,20200723,000000,0.25,0.255,0.239,0.239,1540000,0
9933.HK,D,20200724,000000,0.24,0.24,0.216,0.222,3268000,0
9933.HK,D,20200727,000000,0.231,0.265,0.231,0.248,29728000,0
9933.HK,D,20200728,000000,0.248,0.255,0.242,0.255,17028000,0
9933.HK,D,20200729,000000,0.26,0.36,0.255,0.335,12664000,0
9933.HK,D,20200730,000000,0.34,0.345,0.15,0.208,228520000,0
9933.HK,D,20200731,000000,0.195,0.21,0.175,0.182,22524000,0
9933.HK,D,20200803,000000,0.182,0.187,0.171,0.183,7576000,0
9933.HK,D,20200804,000000,0.184,0.191,0.181,0.189,4144000,0
9933.HK,D,20200805,000000,0.185,0.185,0.182,0.182,1816000,0
9933.HK,D,20200806,000000,0.183,0.183,0.168,0.172,3620000,0
9933.HK,D,20200807,000000,0.168,0.17,0.157,0.164,3536000,0
9933.HK,D,20200810,000000,0.165,0.165,0.16,0.163,300000,0
9933.HK,D,20200811,000000,0.159,0.161,0.155,0.157,2800000,0
9933.HK,D,20200812,000000,0.153,0.165,0.151,0.153,204000,0
9933.HK,D,20200813,000000,0.153,0.16,0.15,0.158,448000,0
9933.HK,D,20200814,000000,0.16,0.16,0.145,0.16,1688000,0
9933.HK,D,20200817,000000,0.161,0.161,0.148,0.156,500000,0
9933.HK,D,20200818,000000,0.156,0.156,0.151,0.156,284000,0
9933.HK,D,20200819,000000,0.155,0.156,0.154,0.155,600000,0
9933.HK,D,20200820,000000,0.154,0.154,0.149,0.151,912000,0
9933.HK,D,20200821,000000,0.151,0.152,0.147,0.15,872000,0
9933.HK,D,20200824,000000,0.15,0.154,0.149,0.15,636000,0
9933.HK,D,20200825,000000,0.15,0.154,0.15,0.152,932000,0
9933.HK,D,20200826,000000,0.15,0.152,0.147,0.152,972000,0
9933.HK,D,20200827,000000,0.16,0.165,0.146,0.148,2956000,0
9933.HK,D,20200828,000000,0.148,0.15,0.145,0.145,724000,0
9933.HK,D,20200831,000000,0.146,0.146,0.139,0.141,2680000,0
9933.HK,D,20200901,000000,0.141,0.142,0.138,0.14,780000,0
9933.HK,D,20200902,000000,0.126,0.139,0.126,0.139,372000,0
9933.HK,D,20200903,000000,0.128,0.138,0.128,0.138,216000,0
9933.HK,D,20200904,000000,0.135,0.135,0.135,0.135,88000,0
9933.HK,D,20200907,000000,0.131,0.132,0.13,0.131,460000,0
9933.HK,D,20200908,000000,0.131,0.131,0.13,0.13,660000,0
9933.HK,D,20200909,000000,0.13,0.13,0.13,0.13,0,0
9933.HK,D,20200910,000000,0.126,0.127,0.126,0.127,152000,0
9933.HK,D,20200911,000000,0.127,0.127,0.127,0.127,0,0
9933.HK,D,20200914,000000,0.129,0.13,0.127,0.129,112000,0
9933.HK,D,20200915,000000,0.12,0.129,0.119,0.12,552000,0
9933.HK,D,20200916,000000,0.118,0.121,0.118,0.119,704000,0
9933.HK,D,20200917,000000,0.119,0.119,0.114,0.119,352000,0
9933.HK,D,20200918,000000,0.118,0.118,0.11,0.111,2556000,0
9933.HK,D,20200921,000000,0.112,0.112,0.109,0.109,676000,0
9933.HK,D,20200922,000000,0.11,0.114,0.11,0.114,36000,0
9933.HK,D,20200923,000000,0.118,0.12,0.118,0.119,616000,0
9933.HK,D,20200924,000000,0.119,0.119,0.119,0.119,4000,0
9933.HK,D,20200925,000000,0.11,0.112,0.107,0.109,516000,0
9933.HK,D,20200928,000000,0.11,0.11,0.108,0.109,76000,0
9933.HK,D,20200929,000000,0.103,0.107,0.101,0.103,232000,0
9933.HK,D,20200930,000000,0.101,0.102,0.1,0.102,1012000,0
9933.HK,D,20201005,000000,0.1,0.1,0.1,0.1,140000,0
9933.HK,D,20201006,000000,0.109,0.109,0.091,0.109,692000,0
9933.HK,D,20201007,000000,0.106,0.11,0.095,0.105,524000,0
9933.HK,D,20201008,000000,0.107,0.107,0.099,0.103,212000,0
9933.HK,D,20201009,000000,0.102,0.102,0.102,0.102,0,0
9933.HK,D,20201012,000000,0.102,0.108,0.102,0.105,608000,0
9933.HK,D,20201014,000000,0.105,0.11,0.104,0.11,564000,0
9933.HK,D,20201015,000000,0.112,0.112,0.112,0.112,4000,0
9933.HK,D,20201016,000000,0.115,0.117,0.112,0.115,164000,0
9933.HK,D,20201019,000000,0.1,0.105,0.1,0.105,1392000,0
9933.HK,D,20201020,000000,0.105,0.105,0.105,0.105,8000,0
9933.HK,D,20201021,000000,0.105,0.105,0.105,0.105,152000,0
9933.HK,D,20201022,000000,0.105,0.105,0.105,0.105,0,0
9933.HK,D,20201023,000000,0.108,0.108,0.107,0.108,212000,0
9933.HK,D,20201027,000000,0.106,0.111,0.105,0.105,276000,0
9933.HK,D,20201028,000000,0.101,0.101,0.098,0.101,12000,0
9933.HK,D,20201029,000000,0.104,0.104,0.104,0.104,64000,0
9933.HK,D,20201030,000000,0.093,0.107,0.093,0.107,368000,0
9933.HK,D,20201102,000000,0.106,0.106,0.106,0.106,0,0
9933.HK,D,20201103,000000,0.104,0.104,0.104,0.104,24000,0
9933.HK,D,20201104,000000,0.103,0.103,0.094,0.103,660000,0
9933.HK,D,20201105,000000,0.102,0.107,0.1,0.1,36000,0
9933.HK,D,20201106,000000,0.104,0.104,0.104,0.104,32000,0
9933.HK,D,20201109,000000,0.104,0.104,0.104,0.104,0,0
9933.HK,D,20201110,000000,0.097,0.1,0.097,0.1,1116000,0
9933.HK,D,20201111,000000,0.097,0.1,0.095,0.097,340000,0
9933.HK,D,20201112,000000,0.095,0.095,0.094,0.095,100000,0
9933.HK,D,20201113,000000,0.105,0.105,0.095,0.105,404000,0
9933.HK,D,20201116,000000,0.102,0.12,0.101,0.109,4744000,0
9933.HK,D,20201117,000000,0.11,0.11,0.108,0.11,1716000,0
9933.HK,D,20201118,000000,0.109,0.145,0.107,0.139,5424000,0
9933.HK,D,20201119,000000,0.144,0.155,0.133,0.134,9100000,0
9933.HK,D,20201120,000000,0.134,0.14,0.12,0.137,1860000,0
9933.HK,D,20201123,000000,0.139,0.139,0.12,0.123,3024000,0
9933.HK,D,20201124,000000,0.129,0.13,0.123,0.125,784000,0
9933.HK,D,20201125,000000,0.12,0.125,0.12,0.124,1648000,0
9933.HK,D,20201126,000000,0.129,0.14,0.129,0.138,1060000,0
9933.HK,D,20201127,000000,0.131,0.14,0.13,0.138,792000,0
9933.HK,D,20201130,000000,0.144,0.15,0.144,0.147,1032000,0
9933.HK,D,20201201,000000,0.15,0.165,0.15,0.158,3060000,0
9933.HK,D,20201202,000000,0.157,0.173,0.15,0.15,724000,0
9933.HK,D,20201203,000000,0.15,0.15,0.145,0.147,1044000,0
9933.HK,D,20201204,000000,0.147,0.153,0.147,0.153,476000,0
9933.HK,D,20201207,000000,0.153,0.153,0.153,0.153,200000,0
9933.HK,D,20201208,000000,0.14,0.155,0.14,0.154,92000,0
9933.HK,D,20201209,000000,0.154,0.154,0.14,0.145,48000,0
9933.HK,D,20201210,000000,0.145,0.15,0.14,0.15,688000,0
9933.HK,D,20201211,000000,0.15,0.152,0.148,0.148,280000,0
9933.HK,D,20201214,000000,0.148,0.17,0.148,0.161,908000,0
9933.HK,D,20201215,000000,0.149,0.166,0.149,0.162,836000,0
9933.HK,D,20201216,000000,0.167,0.169,0.148,0.168,40000,0
9933.HK,D,20201217,000000,0.165,0.165,0.165,0.165,0,0
9933.HK,D,20201218,000000,0.163,0.163,0.163,0.163,0,0
9933.HK,D,20201221,000000,0.151,0.153,0.15,0.151,56000,0
9933.HK,D,20201222,000000,0.151,0.152,0.151,0.152,428000,0
9933.HK,D,20201223,000000,0.15,0.168,0.149,0.159,2824000,0
9933.HK,D,20201224,000000,0.159,0.159,0.159,0.159,0,0
9933.HK,D,20201228,000000,0.159,0.176,0.159,0.168,980000,0
9933.HK,D,20201229,000000,0.176,0.19,0.176,0.183,1708000,0
9933.HK,D,20201230,000000,0.181,0.183,0.178,0.178,688000,0
9933.HK,D,20201231,000000,0.179,0.18,0.179,0.18,152000,0
9933.HK,D,20210104,000000,0.187,0.188,0.178,0.18,788000,0
9933.HK,D,20210105,000000,0.18,0.183,0.18,0.181,768000,0
9933.HK,D,20210106,000000,0.179,0.18,0.176,0.177,176000,0
9933.HK,D,20210107,000000,0.18,0.183,0.18,0.18,820000,0
9933.HK,D,20210108,000000,0.18,0.184,0.164,0.184,740000,0
9933.HK,D,20210111,000000,0.183,0.183,0.183,0.183,0,0
9933.HK,D,20210112,000000,0.172,0.172,0.172,0.172,12000,0
9933.HK,D,20210113,000000,0.172,0.172,0.172,0.172,24000,0
9933.HK,D,20210114,000000,0.172,0.172,0.172,0.172,0,0
9933.HK,D,20210115,000000,0.172,0.172,0.164,0.164,204000,0
9933.HK,D,20210118,000000,0.166,0.166,0.164,0.166,204000,0
9933.HK,D,20210119,000000,0.166,0.166,0.166,0.166,4000,0
9933.HK,D,20210120,000000,0.165,0.18,0.157,0.17,364000,0
9933.HK,D,20210121,000000,0.175,0.177,0.173,0.177,368000,0
9933.HK,D,20210122,000000,0.169,0.174,0.165,0.173,244000,0
9933.HK,D,20210125,000000,0.173,0.173,0.173,0.173,4000,0
9933.HK,D,20210126,000000,0.17,0.17,0.161,0.163,120000,0
9933.HK,D,20210127,000000,0.16,0.178,0.16,0.168,1060000,0
9933.HK,D,20210128,000000,0.169,0.175,0.159,0.164,620000,0
9933.HK,D,20210129,000000,0.17,0.17,0.16,0.17,108000,0
9933.HK,D,20210201,000000,0.17,0.17,0.17,0.17,0,0
9933.HK,D,20210202,000000,0.16,0.166,0.16,0.166,276000,0
9933.HK,D,20210203,000000,0.158,0.172,0.15,0.172,1320000,0
9933.HK,D,20210204,000000,0.175,0.178,0.167,0.167,188000,0
9933.HK,D,20210205,000000,0.157,0.167,0.157,0.157,332000,0
9933.HK,D,20210208,000000,0.155,0.17,0.155,0.159,324000,0
9933.HK,D,20210209,000000,0.156,0.163,0.156,0.163,304000,0
9933.HK,D,20210210,000000,0.167,0.167,0.165,0.166,284000,0
9933.HK,D,20210211,000000,0.157,0.166,0.157,0.166,8000,0
9933.HK,D,20210216,000000,0.166,0.174,0.156,0.165,2032000,0
9933.HK,D,20210217,000000,0.165,0.165,0.152,0.165,700000,0
9933.HK,D,20210218,000000,0.165,0.165,0.165,0.165,0,0
9933.HK,D,20210219,000000,0.169,0.169,0.156,0.158,260000,0
9933.HK,D,20210222,000000,0.158,0.16,0.152,0.16,180000,0
9933.HK,D,20210223,000000,0.159,0.159,0.159,0.159,0,0
9933.HK,D,20210224,000000,0.162,0.163,0.157,0.157,132000,0
9933.HK,D,20210225,000000,0.152,0.169,0.151,0.165,672000,0
9933.HK,D,20210226,000000,0.155,0.167,0.155,0.156,36000,0
9933.HK,D,20210301,000000,0.158,0.158,0.157,0.157,112000,0
9933.HK,D,20210302,000000,0.151,0.151,0.141,0.151,4000,0
9933.HK,D,20210303,000000,0.152,0.152,0.152,0.152,20000,0
9933.HK,D,20210304,000000,0.15,0.15,0.15,0.15,16000,0
9933.HK,D,20210305,000000,0.156,0.156,0.155,0.156,92000,0
9933.HK,D,20210308,000000,0.156,0.156,0.156,0.156,0,0
9933.HK,D,20210309,000000,0.156,0.156,0.156,0.156,0,0
9933.HK,D,20210310,000000,0.15,0.15,0.147,0.147,208000,0
9933.HK,D,20210311,000000,0.145,0.145,0.145,0.145,0,0
9933.HK,D,20210312,000000,0.146,0.146,0.145,0.146,180000,0
9933.HK,D,20210315,000000,0.146,0.146,0.146,0.146,0,0
9933.HK,D,20210316,000000,0.141,0.15,0.139,0.141,136000,0
9933.HK,D,20210317,000000,0.143,0.143,0.143,0.143,48000,0
9933.HK,D,20210318,000000,0.143,0.143,0.143,0.143,0,0
9933.HK,D,20210319,000000,0.143,0.143,0.143,0.143,0,0
9933.HK,D,20210322,000000,0.153,0.157,0.153,0.153,140000,0
9933.HK,D,20210323,000000,0.153,0.153,0.153,0.153,0,0
9933.HK,D,20210324,000000,0.153,0.153,0.153,0.153,0,0
9933.HK,D,20210325,000000,0.15,0.15,0.15,0.15,0,0
9933.HK,D,20210326,000000,0.146,0.146,0.136,0.138,260000,0
9933.HK,D,20210329,000000,0.138,0.138,0.138,0.138,0,0
9933.HK,D,20210330,000000,0.138,0.15,0.138,0.15,136000,0
9933.HK,D,20210331,000000,0.154,0.154,0.15,0.15,100000,0
9933.HK,D,20210401,000000,0.144,0.144,0.139,0.144,4000,0
9933.HK,D,20210407,000000,0.142,0.142,0.135,0.142,44000,0
9933.HK,D,20210408,000000,0.142,0.142,0.134,0.142,208000,0
9933.HK,D,20210409,000000,0.14,0.15,0.13,0.139,516000,0
9933.HK,D,20210412,000000,0.142,0.149,0.142,0.145,152000,0
9933.HK,D,20210413,000000,0.147,0.153,0.143,0.148,172000,0
9933.HK,D,20210414,000000,0.144,0.144,0.144,0.144,0,0
9933.HK,D,20210415,000000,0.142,0.142,0.142,0.142,0,0
9933.HK,D,20210416,000000,0.14,0.14,0.129,0.14,1120000,0
9933.HK,D,20210419,000000,0.144,0.149,0.133,0.146,980000,0
9933.HK,D,20210420,000000,0.15,0.158,0.144,0.147,652000,0
9933.HK,D,20210421,000000,0.139,0.15,0.127,0.144,796000,0
9933.HK,D,20210422,000000,0.148,0.151,0.137,0.147,332000,0
9933.HK,D,20210423,000000,0.151,0.151,0.138,0.149,580000,0
9933.HK,D,20210426,000000,0.153,0.159,0.151,0.152,432000,0
9933.HK,D,20210427,000000,0.156,0.156,0.152,0.152,80000,0
9933.HK,D,20210428,000000,0.141,0.146,0.139,0.141,580000,0
9933.HK,D,20210429,000000,0.143,0.146,0.141,0.141,128000,0
9933.HK,D,20210430,000000,0.149,0.154,0.143,0.148,372000,0
9933.HK,D,20210503,000000,0.151,0.152,0.141,0.15,356000,0
9933.HK,D,20210504,000000,0.151,0.157,0.149,0.149,200000,0
9933.HK,D,20210505,000000,0.152,0.152,0.142,0.152,180000,0
9933.HK,D,20210506,000000,0.154,0.156,0.15,0.15,164000,0
9933.HK,D,20210507,000000,0.15,0.152,0.143,0.15,164000,0
9933.HK,D,20210510,000000,0.151,0.156,0.149,0.149,156000,0
9933.HK,D,20210511,000000,0.145,0.15,0.14,0.15,212000,0
9933.HK,D,20210512,000000,0.154,0.156,0.153,0.153,216000,0
9933.HK,D,20210513,000000,0.143,0.15,0.143,0.149,28000,0
9933.HK,D,20210514,000000,0.141,0.148,0.137,0.148,452000,0
9933.HK,D,20210517,000000,0.148,0.155,0.148,0.149,320000,0
9933.HK,D,20210518,000000,0.153,0.153,0.149,0.149,76000,0
9933.HK,D,20210520,000000,0.143,0.148,0.142,0.148,292000,0
9933.HK,D,20210521,000000,0.147,0.15,0.143,0.149,228000,0
9933.HK,D,20210524,000000,0.143,0.147,0.138,0.147,240000,0
9933.HK,D,20210525,000000,0.147,0.15,0.144,0.144,308000,0
9933.HK,D,20210526,000000,0.142,0.147,0.142,0.145,104000,0
9933.HK,D,20210527,000000,0.142,0.143,0.142,0.142,20000,0
9933.HK,D,20210528,000000,0.142,0.142,0.142,0.142,0,0
9933.HK,D,20210531,000000,0.141,0.141,0.141,0.141,0,0
9933.HK,D,20210601,000000,0.138,0.138,0.138,0.138,96000,0
9933.HK,D,20210602,000000,0.138,0.138,0.138,0.138,0,0
9933.HK,D,20210603,000000,0.138,0.138,0.138,0.138,0,0
9933.HK,D,20210604,000000,0.146,0.148,0.144,0.146,244000,0
9933.HK,D,20210607,000000,0.138,0.142,0.138,0.142,104000,0
9933.HK,D,20210608,000000,0.142,0.152,0.141,0.147,504000,0
9933.HK,D,20210609,000000,0.151,0.151,0.146,0.146,268000,0
9933.HK,D,20210610,000000,0.14,0.14,0.14,0.14,116000,0
9933.HK,D,20210611,000000,0.14,0.148,0.138,0.144,756000,0
9933.HK,D,20210615,000000,0.145,0.16,0.145,0.156,1240000,0
9933.HK,D,20210616,000000,0.152,0.18,0.152,0.18,2784000,0
9933.HK,D,20210617,000000,0.185,0.19,0.18,0.18,2112000,0
9933.HK,D,20210618,000000,0.182,0.184,0.166,0.171,568000,0
9933.HK,D,20210621,000000,0.166,0.176,0.163,0.172,332000,0
9933.HK,D,20210622,000000,0.175,0.175,0.169,0.172,644000,0
9933.HK,D,20210623,000000,0.166,0.175,0.166,0.175,732000,0
9933.HK,D,20210624,000000,0.184,0.184,0.182,0.182,644000,0
9933.HK,D,20210625,000000,0.182,0.182,0.164,0.182,8000,0
9933.HK,D,20210628,000000,0.182,0.183,0.181,0.183,52000,0
9933.HK,D,20210629,000000,0.183,0.183,0.183,0.183,0,0
9933.HK,D,20210630,000000,0.183,0.183,0.164,0.181,972000,0
9933.HK,D,20210702,000000,0.18,0.181,0.18,0.181,28000,0
9933.HK,D,20210705,000000,0.184,0.184,0.183,0.184,268000,0
9933.HK,D,20210706,000000,0.172,0.184,0.172,0.184,616000,0
9933.HK,D,20210707,000000,0.184,0.184,0.184,0.184,0,0
9933.HK,D,20210708,000000,0.182,0.184,0.182,0.182,8000,0
9933.HK,D,20210709,000000,0.182,0.182,0.182,0.182,0,0
9933.HK,D,20210712,000000,0.182,0.182,0.182,0.182,0,0
9933.HK,D,20210713,000000,0.181,0.184,0.181,0.184,12000,0
9933.HK,D,20210714,000000,0.185,0.185,0.184,0.185,324000,0
9933.HK,D,20210715,000000,0.186,0.186,0.184,0.186,200000,0
9933.HK,D,20210716,000000,0.185,0.189,0.185,0.186,284000,0
9933.HK,D,20210719,000000,0.186,0.2,0.186,0.193,5456000,0
9933.HK,D,20210720,000000,0.202,0.208,0.198,0.2,3668000,0
9933.HK,D,20210721,000000,0.205,0.215,0.199,0.215,2604000,0
9933.HK,D,20210722,000000,0.215,0.215,0.191,0.212,3012000,0
9933.HK,D,20210723,000000,0.214,0.215,0.208,0.212,424000,0
9933.HK,D,20210726,000000,0.212,0.217,0.21,0.217,596000,0
9933.HK,D,20210727,000000,0.218,0.223,0.218,0.218,1000000,0
9933.HK,D,20210728,000000,0.218,0.22,0.2,0.207,1072000,0
9933.HK,D,20210729,000000,0.207,0.22,0.201,0.201,1640000,0
9933.HK,D,20210730,000000,0.241,0.249,0.201,0.241,4460000,0
9933.HK,D,20210802,000000,0.241,0.241,0.229,0.236,1428000,0
9933.HK,D,20210803,000000,0.27,0.28,0.243,0.27,4016000,0
9933.HK,D,20210804,000000,0.28,0.295,0.265,0.27,2376000,0
9933.HK,D,20210805,000000,0.27,0.27,0.246,0.255,808000,0
9933.HK,D,20210806,000000,0.25,0.285,0.25,0.28,1948000,0
9933.HK,D,20210809,000000,0.295,0.295,0.27,0.285,810000,0
9933.HK,D,20210810,000000,0.295,0.295,0.26,0.275,656000,0
9933.HK,D,20210811,000000,0.265,0.275,0.265,0.275,132000,0
9933.HK,D,20210812,000000,0.27,0.275,0.255,0.275,592000,0
9933.HK,D,20210813,000000,0.27,0.27,0.255,0.255,164000,0
9933.HK,D,20210816,000000,0.27,0.275,0.25,0.26,888000,0
9933.HK,D,20210817,000000,0.285,0.285,0.26,0.26,644000,0
9933.HK,D,20210818,000000,0.27,0.275,0.26,0.27,368000,0
9933.HK,D,20210819,000000,0.275,0.28,0.25,0.25,644000,0
9933.HK,D,20210820,000000,0.245,0.255,0.242,0.245,368000,0
9933.HK,D,20210823,000000,0.245,0.245,0.243,0.243,412000,0
9933.HK,D,20210824,000000,0.244,0.25,0.24,0.247,1196000,0
9933.HK,D,20210825,000000,0.255,0.355,0.241,0.27,17964000,0
9933.HK,D,20210826,000000,0.285,0.285,0.26,0.26,3664000,0
9933.HK,D,20210827,000000,0.255,0.255,0.24,0.25,1696000,0
9933.HK,D,20210830,000000,0.25,0.25,0.232,0.243,280000,0
9933.HK,D,20210831,000000,0.237,0.237,0.221,0.235,568000,0
9933.HK,D,20210901,000000,0.235,0.246,0.235,0.241,392000,0
9933.HK,D,20210902,000000,0.234,0.234,0.225,0.23,460000,0
9933.HK,D,20210903,000000,0.23,0.239,0.228,0.235,664000,0
9933.HK,D,20210906,000000,0.245,0.245,0.235,0.242,340000,0
9933.HK,D,20210907,000000,0.24,0.24,0.222,0.222,628000,0
9933.HK,D,20210908,000000,0.226,0.239,0.226,0.237,2092000,0
9933.HK,D,20210909,000000,0.237,0.239,0.234,0.239,144000,0
9933.HK,D,20210910,000000,0.238,0.238,0.226,0.238,12000,0
9933.HK,D,20210913,000000,0.235,0.235,0.201,0.226,540000,0
9933.HK,D,20210914,000000,0.217,0.229,0.217,0.224,316000,0
9933.HK,D,20210915,000000,0.217,0.221,0.196,0.217,372000,0
9933.HK,D,20210916,000000,0.22,0.223,0.191,0.213,1128000,0
9933.HK,D,20210917,000000,0.22,0.222,0.216,0.217,188000,0
9933.HK,D,20210920,000000,0.22,0.224,0.219,0.219,132000,0
9933.HK,D,20210921,000000,0.218,0.225,0.217,0.217,36000,0
9933.HK,D,20210923,000000,0.215,0.224,0.195,0.224,572000,0
9933.HK,D,20210924,000000,0.226,0.232,0.226,0.229,600000,0
9933.HK,D,20210927,000000,0.229,0.229,0.229,0.229,0,0
9933.HK,D,20210928,000000,0.225,0.225,0.225,0.225,0,0
9933.HK,D,20210929,000000,0.225,0.225,0.224,0.225,108000,0
9933.HK,D,20210930,000000,0.201,0.225,0.201,0.225,172000,0
9933.HK,D,20211004,000000,0.208,0.208,0.204,0.208,8000,0
9933.HK,D,20211005,000000,0.208,0.208,0.208,0.208,16000,0
9933.HK,D,20211006,000000,0.198,0.198,0.198,0.198,16000,0
9933.HK,D,20211007,000000,0.197,0.21,0.193,0.21,192000,0
9933.HK,D,20211008,000000,0.21,0.21,0.21,0.21,0,0
9933.HK,D,20211011,000000,0.23,0.23,0.227,0.227,60000,0
9933.HK,D,20211012,000000,0.238,0.265,0.22,0.255,1328000,0
9933.HK,D,20211015,000000,0.255,0.275,0.255,0.255,792000,0
9933.HK,D,20211018,000000,0.265,0.265,0.265,0.265,700000,0
9933.HK,D,20211019,000000,0.265,0.28,0.265,0.28,2840000,0
9933.HK,D,20211020,000000,0.28,0.29,0.265,0.285,1922000,0
9933.HK,D,20211021,000000,0.265,0.27,0.26,0.265,204000,0
9933.HK,D,20211022,000000,0.265,0.31,0.265,0.305,4980000,0
9933.HK,D,20211025,000000,0.31,0.31,0.28,0.3,940000,0
9933.HK,D,20211026,000000,0.285,0.31,0.275,0.305,2616000,0
9933.HK,D,20211027,000000,0.3,0.31,0.29,0.31,2052000,0
9933.HK,D,20211028,000000,0.31,0.325,0.3,0.315,1596000,0
9933.HK,D,20211029,000000,0.315,0.315,0.295,0.3,220000,0
9933.HK,D,20211101,000000,0.295,0.295,0.27,0.285,1168000,0
9933.HK,D,20211102,000000,0.27,0.28,0.26,0.26,836000,0
9933.HK,D,20211103,000000,0.255,0.265,0.24,0.255,916000,0
9933.HK,D,20211104,000000,0.255,0.265,0.255,0.26,240000,0
9933.HK,D,20211105,000000,0.275,0.28,0.265,0.275,412000,0
9933.HK,D,20211108,000000,0.255,0.285,0.25,0.255,1556000,0
9933.HK,D,20211109,000000,0.275,0.275,0.255,0.275,212000,0
9933.HK,D,20211110,000000,0.265,0.305,0.265,0.3,1148000,0
9933.HK,D,20211111,000000,0.275,0.3,0.275,0.285,372000,0
9933.HK,D,20211112,000000,0.285,0.295,0.285,0.285,236000,0
9933.HK,D,20211115,000000,0.285,0.295,0.28,0.28,424000,0
9933.HK,D,20211116,000000,0.28,0.28,0.28,0.28,0,0
9933.HK,D,20211117,000000,0.295,0.34,0.295,0.33,8496000,0
9933.HK,D,20211118,000000,0.325,0.33,0.31,0.31,444000,0
9933.HK,D,20211119,000000,0.33,0.33,0.305,0.33,1620000,0
9933.HK,D,20211122,000000,0.33,0.335,0.325,0.33,220000,0
9933.HK,D,20211123,000000,0.33,0.33,0.31,0.32,124000,0
9933.HK,D,20211124,000000,0.31,0.315,0.3,0.3,276000,0
9933.HK,D,20211125,000000,0.3,0.32,0.3,0.31,28000,0
9933.HK,D,20211126,000000,0.3,0.305,0.3,0.305,248000,0
9933.HK,D,20211129,000000,0.3,0.3,0.295,0.3,152000,0
9933.HK,D,20211130,000000,0.285,0.31,0.285,0.29,308000,0
9933.HK,D,20211201,000000,0.29,0.305,0.285,0.3,88000,0
9933.HK,D,20211202,000000,0.285,0.29,0.285,0.29,264000,0
9933.HK,D,20211203,000000,0.29,0.305,0.28,0.285,284000,0
9933.HK,D,20211206,000000,0.3,0.3,0.285,0.3,20000,0
9933.HK,D,20211207,000000,0.305,0.305,0.3,0.305,80000,0
9933.HK,D,20211208,000000,0.295,0.295,0.295,0.295,20000,0
9933.HK,D,20211209,000000,0.29,0.32,0.285,0.3,352000,0
9933.HK,D,20211210,000000,0.3,0.3,0.295,0.295,44000,0
9933.HK,D,20211213,000000,0.29,0.3,0.29,0.29,408000,0
9933.HK,D,20211214,000000,0.29,0.29,0.29,0.29,116000,0
9933.HK,D,20211215,000000,0.3,0.3,0.295,0.295,208000,0
9933.HK,D,20211216,000000,0.3,0.3,0.295,0.3,620000,0
9933.HK,D,20211217,000000,0.29,0.3,0.285,0.3,40000,0
9933.HK,D,20211220,000000,0.305,0.395,0.305,0.385,9440000,0
9933.HK,D,20211221,000000,0.39,0.41,0.315,0.355,2084000,0
9933.HK,D,20211222,000000,0.355,0.36,0.345,0.345,160000,0
9933.HK,D,20211223,000000,0.37,0.395,0.345,0.385,560000,0
9933.HK,D,20211224,000000,0.38,0.385,0.36,0.36,36000,0
9933.HK,D,20211228,000000,0.365,0.38,0.36,0.37,60000,0
9933.HK,D,20211229,000000,0.365,0.39,0.36,0.365,324000,0
9933.HK,D,20211230,000000,0.37,0.37,0.355,0.365,600000,0
9933.HK,D,20211231,000000,0.365,0.365,0.34,0.34,136000,0
9933.HK,D,20220103,000000,0.345,0.345,0.345,0.345,104000,0
9933.HK,D,20220104,000000,0.345,0.345,0.345,0.345,0,0
9933.HK,D,20220105,000000,0.33,0.335,0.32,0.33,244000,0
9933.HK,D,20220106,000000,0.325,0.325,0.31,0.325,68000,0
9933.HK,D,20220107,000000,0.325,0.325,0.325,0.325,24000,0
9933.HK,D,20220110,000000,0.3,0.315,0.285,0.315,272000,0
9933.HK,D,20220111,000000,0.315,0.315,0.315,0.315,0,0
9933.HK,D,20220112,000000,0.325,0.325,0.325,0.325,184000,0
9933.HK,D,20220113,000000,0.325,0.325,0.325,0.325,0,0
9933.HK,D,20220114,000000,0.325,0.325,0.325,0.325,0,0
9933.HK,D,20220117,000000,0.32,0.32,0.32,0.32,104000,0
9933.HK,D,20220118,000000,0.3,0.32,0.3,0.32,32000,0
9933.HK,D,20220119,000000,0.32,0.32,0.32,0.32,0,0
9933.HK,D,20220120,000000,0.32,0.32,0.32,0.32,24000,0
9933.HK,D,20220121,000000,0.345,0.45,0.345,0.39,8192000,0
9933.HK,D,20220124,000000,0.385,0.385,0.38,0.385,320000,0
9933.HK,D,20220125,000000,0.385,0.39,0.38,0.385,1124000,0
9933.HK,D,20220126,000000,0.375,0.375,0.37,0.37,76000,0
9933.HK,D,20220127,000000,0.355,0.36,0.35,0.355,336000,0
9933.HK,D,20220128,000000,0.355,0.355,0.355,0.355,0,0
9933.HK,D,20220131,000000,0.355,0.355,0.355,0.355,8000,0
9933.HK,D,20220204,000000,0.34,0.385,0.34,0.385,744000,0
9933.HK,D,20220207,000000,0.385,0.385,0.385,0.385,0,0
9933.HK,D,20220208,000000,0.4,0.4,0.395,0.4,300000,0
9933.HK,D,20220209,000000,0.4,0.4,0.4,0.4,28000,0
9933.HK,D,20220210,000000,0.4,0.4,0.4,0.4,0,0
9933.HK,D,20220211,000000,0.4,0.44,0.395,0.42,760000,0
9933.HK,D,20220214,000000,0.4,0.45,0.385,0.4,500000,0
9933.HK,D,20220215,000000,0.415,0.415,0.41,0.41,136000,0
9933.HK,D,20220216,000000,0.405,0.415,0.395,0.395,588000,0
9933.HK,D,20220217,000000,0.395,0.4,0.395,0.4,152000,0
9933.HK,D,20220218,000000,0.4,0.41,0.4,0.41,288000,0
9933.HK,D,20220221,000000,0.42,0.45,0.42,0.45,2964000,0
9933.HK,D,20220222,000000,0.45,0.52,0.45,0.5,4732000,0
9933.HK,D,20220223,000000,0.5,0.52,0.485,0.485,2172000,0
9933.HK,D,20220224,000000,0.48,0.5,0.42,0.46,1984000,0
9933.HK,D,20220225,000000,0.43,0.48,0.43,0.46,184000,0
9933.HK,D,20220228,000000,0.45,0.475,0.45,0.45,76000,0
9933.HK,D,20220301,000000,0.44,0.45,0.425,0.44,128000,0
9933.HK,D,20220302,000000,0.435,0.46,0.435,0.435,120000,0
9933.HK,D,20220303,000000,0.435,0.435,0.425,0.435,388000,0
9933.HK,D,20220304,000000,0.435,0.435,0.435,0.435,4000,0
9933.HK,D,20220307,000000,0.41,0.43,0.39,0.395,764000,0
9933.HK,D,20220308,000000,0.395,0.445,0.325,0.325,1492000,0
9933.HK,D,20220309,000000,0.325,0.33,0.295,0.295,612000,0
9933.HK,D,20220310,000000,0.345,0.355,0.33,0.345,248000,0
9933.HK,D,20220311,000000,0.35,0.35,0.345,0.35,252000,0
9933.HK,D,20220314,000000,0.38,0.49,0.36,0.46,2956000,0
9933.HK,D,20220315,000000,0.485,0.485,0.425,0.46,884000,0
9933.HK,D,20220316,000000,0.48,0.48,0.425,0.435,68000,0
9933.HK,D,20220317,000000,0.435,0.435,0.435,0.435,0,0
9933.HK,D,20220318,000000,0.435,0.435,0.41,0.435,104000,0
9933.HK,D,20220321,000000,0.435,0.435,0.4,0.4,540000,0
9933.HK,D,20220322,000000,0.39,0.46,0.39,0.445,284000,0
9933.HK,D,20220323,000000,0.445,0.445,0.42,0.42,944000,0
9933.HK,D,20220324,000000,0.47,0.52,0.42,0.425,5572000,0
9933.HK,D,20220325,000000,0.435,0.47,0.415,0.435,524000,0
9933.HK,D,20220328,000000,0.425,0.455,0.42,0.445,380000,0
9933.HK,D,20220329,000000,0.445,0.445,0.445,0.445,0,0
9933.HK,D,20220330,000000,0.4,0.44,0.4,0.435,212000,0
9933.HK,D,20220331,000000,0.445,0.445,0.405,0.445,84000,0
9933.HK,D,20220401,000000,0.41,0.42,0.4,0.41,204000,0
9933.HK,D,20220404,000000,0.4,0.405,0.39,0.395,396000,0
9933.HK,D,20220406,000000,0.395,0.395,0.365,0.395,472000,0
9933.HK,D,20220407,000000,0.35,0.395,0.34,0.395,272000,0
9933.HK,D,20220408,000000,0.4,0.405,0.385,0.385,116000,0
9933.HK,D,20220411,000000,0.385,0.385,0.355,0.365,336000,0
9933.HK,D,20220412,000000,0.375,0.39,0.375,0.385,208000,0
9933.HK,D,20220413,000000,0.385,0.385,0.385,0.385,0,0
9933.HK,D,20220414,000000,0.39,0.39,0.39,0.39,60000,0
9933.HK,D,20220419,000000,0.355,0.43,0.355,0.41,96000,0
9933.HK,D,20220420,000000,0.405,0.405,0.405,0.405,0,0
9933.HK,D,20220421,000000,0.41,0.41,0.41,0.41,80000,0
9933.HK,D,20220422,000000,0.41,0.41,0.41,0.41,0,0
9933.HK,D,20220425,000000,0.42,0.42,0.405,0.42,108000,0
9933.HK,D,20220426,000000,0.385,0.385,0.38,0.385,112000,0
9933.HK,D,20220427,000000,0.39,0.39,0.39,0.39,80000,0
9933.HK,D,20220428,000000,0.39,0.39,0.385,0.385,104000,0
9933.HK,D,20220429,000000,0.37,0.38,0.36,0.37,116000,0
9933.HK,D,20220503,000000,0.365,0.37,0.365,0.365,12000,0
9933.HK,D,20220504,000000,0.385,0.39,0.385,0.385,40000,0
9933.HK,D,20220505,000000,0.38,0.38,0.38,0.38,8000,0
9933.HK,D,20220506,000000,0.38,0.38,0.355,0.365,60000,0
9933.HK,D,20220510,000000,0.35,0.365,0.35,0.365,40000,0
9933.HK,D,20220511,000000,0.36,0.36,0.36,0.36,44000,0
9933.HK,D,20220512,000000,0.365,0.365,0.365,0.365,24000,0
9933.HK,D,20220513,000000,0.37,0.49,0.37,0.43,2992000,0
9933.HK,D,20220516,000000,0.415,0.415,0.41,0.41,60000,0
9933.HK,D,20220517,000000,0.4,0.405,0.4,0.4,96000,0
9933.HK,D,20220518,000000,0.385,0.385,0.385,0.385,52000,0
9933.HK,D,20220519,000000,0.385,0.385,0.385,0.385,4000,0
9933.HK,D,20220520,000000,0.385,0.385,0.37,0.385,232000,0
9933.HK,D,20220523,000000,0.385,0.385,0.385,0.385,0,0
9933.HK,D,20220524,000000,0.385,0.385,0.385,0.385,24000,0
9933.HK,D,20220525,000000,0.385,0.385,0.385,0.385,0,0
9933.HK,D,20220526,000000,0.365,0.365,0.365,0.365,4000,0
9933.HK,D,20220527,000000,0.365,0.37,0.365,0.37,4000,0
9933.HK,D,20220530,000000,0.38,0.38,0.37,0.37,96000,0
9933.HK,D,20220531,000000,0.365,0.365,0.36,0.365,376000,0
9933.HK,D,20220601,000000,0.365,0.365,0.365,0.365,0,0
9933.HK,D,20220602,000000,0.37,0.38,0.37,0.38,28000,0
9933.HK,D,20220606,000000,0.39,0.4,0.39,0.39,92000,0
9933.HK,D,20220607,000000,0.39,0.39,0.39,0.39,0,0
9933.HK,D,20220608,000000,0.39,0.39,0.39,0.39,4000,0
9933.HK,D,20220609,000000,0.39,0.39,0.39,0.39,0,0
9933.HK,D,20220610,000000,0.39,0.39,0.39,0.39,0,0
9933.HK,D,20220613,000000,0.39,0.39,0.39,0.39,0,0
9933.HK,D,20220614,000000,0.39,0.39,0.39,0.39,0,0
9933.HK,D,20220615,000000,0.365,0.365,0.365,0.365,32000,0
9933.HK,D,20220616,000000,0.365,0.365,0.35,0.365,40000,0
9933.HK,D,20220617,000000,0.37,0.37,0.37,0.37,4000,0
9933.HK,D,20220620,000000,0.365,0.365,0.365,0.365,0,0
9933.HK,D,20220621,000000,0.37,0.38,0.37,0.37,4000,0
9933.HK,D,20220622,000000,0.37,0.37,0.37,0.37,0,0
9933.HK,D,20220623,000000,0.355,0.38,0.35,0.38,412000,0
9933.HK,D,20220624,000000,0.38,0.38,0.38,0.38,8000,0
9933.HK,D,20220627,000000,0.355,0.355,0.32,0.355,220000,0
9933.HK,D,20220628,000000,0.345,0.345,0.345,0.345,16000,0
9933.HK,D,20220629,000000,0.345,0.345,0.34,0.34,60000,0
9933.HK,D,20220630,000000,0.34,0.34,0.34,0.34,4000,0
9933.HK,D,20220704,000000,0.33,0.33,0.33,0.33,84000,0
9933.HK,D,20220705,000000,0.36,0.365,0.355,0.36,208000,0
9933.HK,D,20220706,000000,0.36,0.36,0.31,0.34,1632000,0
9933.HK,D,20220707,000000,0.325,0.345,0.32,0.32,728000,0
9933.HK,D,20220708,000000,0.36,0.36,0.32,0.36,600000,0
9933.HK,D,20220711,000000,0.35,0.35,0.35,0.35,20000,0
9933.HK,D,20220712,000000,0.355,0.355,0.35,0.35,76000,0
9933.HK,D,20220713,000000,0.37,0.37,0.35,0.37,56000,0
9933.HK,D,20220714,000000,0.37,0.37,0.34,0.34,220000,0
9933.HK,D,20220715,000000,0.35,0.365,0.35,0.35,80000,0
9933.HK,D,20220718,000000,0.38,0.42,0.36,0.36,1924000,0
9933.HK,D,20220719,000000,0.355,0.365,0.33,0.365,728000,0
9933.HK,D,20220720,000000,0.36,0.365,0.36,0.36,140000,0
9933.HK,D,20220721,000000,0.36,0.37,0.36,0.37,292000,0
9933.HK,D,20220722,000000,0.375,0.405,0.37,0.375,168000,0
9933.HK,D,20220725,000000,0.375,0.375,0.35,0.37,328000,0
9933.HK,D,20220726,000000,0.375,0.375,0.375,0.375,0,0
9933.HK,D,20220727,000000,0.385,0.39,0.385,0.385,88000,0
9933.HK,D,20220728,000000,0.385,0.385,0.385,0.385,0,0
9933.HK,D,20220729,000000,0.385,0.385,0.385,0.385,0,0
9933.HK,D,20220801,000000,0.405,0.43,0.4,0.405,1296000,0
9933.HK,D,20220802,000000,0.375,0.375,0.33,0.37,2248000,0
9933.HK,D,20220803,000000,0.415,0.45,0.385,0.41,1104000,0
9933.HK,D,20220804,000000,0.41,0.41,0.385,0.395,96000,0
9933.HK,D,20220805,000000,0.41,0.45,0.405,0.41,388000,0
9933.HK,D,20220808,000000,0.435,0.44,0.41,0.435,452000,0
9933.HK,D,20220809,000000,0.415,0.435,0.415,0.415,48000,0
9933.HK,D,20220810,000000,0.41,0.415,0.41,0.415,16000,0
9933.HK,D,20220811,000000,0.415,0.44,0.415,0.435,48000,0
9933.HK,D,20220812,000000,0.41,0.41,0.395,0.405,164000,0
9933.HK,D,20220815,000000,0.41,0.41,0.41,0.41,64000,0
9933.HK,D,20220816,000000,0.41,0.41,0.41,0.41,0,0
9933.HK,D,20220817,000000,0.41,0.41,0.41,0.41,0,0
9933.HK,D,20220818,000000,0.41,0.41,0.41,0.41,0,0
9933.HK,D,20220819,000000,0.41,0.41,0.41,0.41,0,0
9933.HK,D,20220822,000000,0.41,0.41,0.41,0.41,12000,0
9933.HK,D,20220823,000000,0.395,0.4,0.395,0.4,20000,0
9933.HK,D,20220824,000000,0.45,0.47,0.425,0.44,2656000,0
9933.HK,D,20220825,000000,0.445,0.445,0.445,0.445,1000000,0
9933.HK,D,20220826,000000,0.44,0.44,0.44,0.44,20000,0
9933.HK,D,20220829,000000,0.435,0.445,0.435,0.445,184000,0
9933.HK,D,20220830,000000,0.445,0.46,0.445,0.45,1044000,0
9933.HK,D,20220831,000000,0.425,0.425,0.41,0.42,332000,0
9933.HK,D,20220901,000000,0.42,0.42,0.42,0.42,0,0
9933.HK,D,20220902,000000,0.415,0.415,0.415,0.415,60000,0
9933.HK,D,20220905,000000,0.42,0.445,0.4,0.42,236000,0
9933.HK,D,20220906,000000,0.4,0.4,0.4,0.4,16000,0
9933.HK,D,20220907,000000,0.405,0.405,0.38,0.385,116000,0
9933.HK,D,20220908,000000,0.4,0.4,0.395,0.395,1552000,0
9933.HK,D,20220909,000000,0.395,0.395,0.375,0.395,32000,0
9933.HK,D,20220913,000000,0.395,0.395,0.395,0.395,0,0
9933.HK,D,20220914,000000,0.395,0.395,0.39,0.39,204000,0
9933.HK,D,20220915,000000,0.39,0.39,0.39,0.39,0,0
9933.HK,D,20220916,000000,0.39,0.39,0.39,0.39,0,0
9933.HK,D,20220919,000000,0.38,0.38,0.38,0.38,268000,0
9933.HK,D,20220920,000000,0.36,0.38,0.36,0.36,224000,0
9933.HK,D,20220921,000000,0.4,0.43,0.37,0.37,532000,0
9933.HK,D,20220922,000000,0.375,0.375,0.375,0.375,0,0
9933.HK,D,20220923,000000,0.38,0.38,0.38,0.38,0,0
9933.HK,D,20220926,000000,0.38,0.38,0.375,0.38,164000,0
9933.HK,D,20220927,000000,0.38,0.38,0.38,0.38,52000,0
9933.HK,D,20220928,000000,0.38,0.38,0.38,0.38,64000,0
9933.HK,D,20220929,000000,0.37,0.37,0.37,0.37,16000,0
9933.HK,D,20220930,000000,0.365,0.375,0.365,0.375,32000,0
9933.HK,D,20221003,000000,0.375,0.375,0.375,0.375,0,0
9933.HK,D,20221005,000000,0.37,0.395,0.37,0.37,44000,0
9933.HK,D,20221006,000000,0.365,0.37,0.365,0.365,8000,0
9933.HK,D,20221007,000000,0.365,0.365,0.365,0.365,44000,0
9933.HK,D,20221010,000000,0.365,0.38,0.365,0.365,512000,0
9933.HK,D,20221011,000000,0.365,0.365,0.365,0.365,76000,0
9933.HK,D,20221012,000000,0.36,0.365,0.345,0.365,452000,0
9933.HK,D,20221013,000000,0.36,0.36,0.36,0.36,240000,0
9933.HK,D,20221014,000000,0.36,0.36,0.36,0.36,0,0
9933.HK,D,20221017,000000,0.36,0.36,0.36,0.36,0,0
9933.HK,D,20221018,000000,0.35,0.355,0.35,0.355,104000,0
9933.HK,D,20221019,000000,0.4,0.4,0.355,0.4,316000,0
9933.HK,D,20221020,000000,0.37,0.37,0.365,0.37,56000,0
9933.HK,D,20221021,000000,0.37,0.405,0.37,0.4,108000,0
9933.HK,D,20221024,000000,0.395,0.395,0.36,0.36,168000,0
9933.HK,D,20221025,000000,0.355,0.36,0.31,0.35,528000,0
9933.HK,D,20221026,000000,0.35,0.35,0.35,0.35,0,0
9933.HK,D,20221027,000000,0.32,0.34,0.32,0.34,20000,0
9933.HK,D,20221028,000000,0.3,0.34,0.3,0.3,500000,0
9933.HK,D,20221031,000000,0.325,0.345,0.31,0.325,268000,0
9933.HK,D,20221101,000000,0.38,0.38,0.325,0.38,140000,0
9933.HK,D,20221102,000000,0.38,0.38,0.38,0.38,0,0
9933.HK,D,20221103,000000,0.36,0.4,0.35,0.36,204000,0
9933.HK,D,20221104,000000,0.36,0.36,0.36,0.36,0,0
9933.HK,D,20221107,000000,0.36,0.36,0.36,0.36,0,0
9933.HK,D,20221108,000000,0.395,0.41,0.395,0.4,144000,0
9933.HK,D,20221109,000000,0.4,0.4,0.4,0.4,0,0
9933.HK,D,20221110,000000,0.4,0.4,0.4,0.4,0,0
9933.HK,D,20221111,000000,0.4,0.4,0.4,0.4,0,0
9933.HK,D,20221114,000000,0.4,0.4,0.4,0.4,0,0
9933.HK,D,20221115,000000,0.4,0.4,0.39,0.39,208000,0
9933.HK,D,20221116,000000,0.39,0.39,0.39,0.39,0,0
9933.HK,D,20221117,000000,0.39,0.39,0.39,0.39,0,0
9933.HK,D,20221118,000000,0.39,0.39,0.39,0.39,0,0
9933.HK,D,20221121,000000,0.37,0.375,0.37,0.37,8000,0
9933.HK,D,20221122,000000,0.38,0.38,0.38,0.38,0,0
9933.HK,D,20221123,000000,0.38,0.38,0.38,0.38,0,0
9933.HK,D,20221124,000000,0.38,0.38,0.38,0.38,0,0
9933.HK,D,20221125,000000,0.36,0.385,0.36,0.36,12000,0
9933.HK,D,20221128,000000,0.365,0.365,0.36,0.365,28000,0
9933.HK,D,20221129,000000,0.36,0.365,0.36,0.36,88000,0
9933.HK,D,20221130,000000,0.36,0.36,0.36,0.36,0,0
9933.HK,D,20221201,000000,0.36,0.36,0.36,0.36,0,0
9933.HK,D,20221202,000000,0.37,0.37,0.37,0.37,36000,0
9933.HK,D,20221205,000000,0.38,0.38,0.365,0.38,152000,0
9933.HK,D,20221206,000000,0.37,0.38,0.365,0.37,20000,0
9933.HK,D,20221207,000000,0.37,0.37,0.37,0.37,0,0
9933.HK,D,20221208,000000,0.37,0.37,0.37,0.37,0,0
9933.HK,D,20221209,000000,0.375,0.375,0.36,0.375,124000,0
9933.HK,D,20221212,000000,0.36,0.37,0.36,0.36,320000,0
9933.HK,D,20221213,000000,0.36,0.36,0.36,0.36,56000,0
9933.HK,D,20221214,000000,0.35,0.41,0.35,0.37,620000,0
9933.HK,D,20221215,000000,0.37,0.37,0.37,0.37,0,0
9933.HK,D,20221216,000000,0.37,0.37,0.37,0.37,8000,0
9933.HK,D,20221219,000000,0.37,0.37,0.365,0.37,24000,0
9933.HK,D,20221220,000000,0.37,0.37,0.37,0.37,0,0
9933.HK,D,20221221,000000,0.36,0.36,0.36,0.36,8000,0
9933.HK,D,20221222,000000,0.37,0.375,0.37,0.375,108000,0
9933.HK,D,20221223,000000,0.375,0.375,0.375,0.375,0,0
9933.HK,D,20221228,000000,0.375,0.375,0.375,0.375,0,0
9933.HK,D,20221229,000000,0.375,0.375,0.375,0.375,0,0
9933.HK,D,20221230,000000,0.38,0.41,0.375,0.405,156000,0
9933.HK,D,20230103,000000,0.405,0.405,0.405,0.405,0,0
9933.HK,D,20230104,000000,0.405,0.405,0.405,0.405,0,0
9933.HK,D,20230105,000000,0.405,0.405,0.405,0.405,0,0
9933.HK,D,20230106,000000,0.405,0.41,0.4,0.41,380000,0
9933.HK,D,20230109,000000,0.4,0.415,0.4,0.4,728000,0
9933.HK,D,20230110,000000,0.41,0.45,0.405,0.41,532000,0
9933.HK,D,20230111,000000,0.41,0.5,0.385,0.49,5380000,0
9933.HK,D,20230112,000000,0.47,0.5,0.47,0.5,884000,0
9933.HK,D,20230113,000000,0.5,0.5,0.5,0.5,564000,0
9933.HK,D,20230116,000000,0.5,0.5,0.48,0.49,320000,0
9933.HK,D,20230117,000000,0.5,0.62,0.5,0.56,5896000,0
9933.HK,D,20230118,000000,0.6,0.65,0.55,0.55,5636000,0
9933.HK,D,20230119,000000,0.55,0.6,0.495,0.51,2700000,0
9933.HK,D,20230120,000000,0.51,0.58,0.5,0.52,5128000,0
9933.HK,D,20230126,000000,0.53,0.57,0.465,0.5,3832000,0
9933.HK,D,20230127,000000,0.475,0.52,0.475,0.49,728000,0
9933.HK,D,20230130,000000,0.49,0.5,0.48,0.49,492000,0
9933.HK,D,20230131,000000,0.48,0.48,0.45,0.45,2408000,0
9933.HK,D,20230201,000000,0.44,0.475,0.435,0.435,1012000,0
9933.HK,D,20230202,000000,0.435,0.465,0.43,0.43,632000,0
9933.HK,D,20230203,000000,0.445,0.455,0.405,0.415,1188000,0
9933.HK,D,20230206,000000,0.425,0.435,0.41,0.425,140000,0
9933.HK,D,20230207,000000,0.425,0.44,0.41,0.41,356000,0
9933.HK,D,20230208,000000,0.435,0.48,0.42,0.445,1176000,0
9933.HK,D,20230209,000000,0.465,0.47,0.43,0.435,632000,0
9933.HK,D,20230210,000000,0.45,0.51,0.45,0.46,564000,0
9933.HK,D,20230213,000000,0.455,0.54,0.455,0.53,1840000,0
9933.HK,D,20230214,000000,0.54,0.57,0.54,0.55,1852000,0
9933.HK,D,20230215,000000,0.55,0.58,0.52,0.54,540000,0
9933.HK,D,20230216,000000,0.53,0.53,0.53,0.53,424000,0
9933.HK,D,20230217,000000,0.53,0.56,0.53,0.54,64000,0
9933.HK,D,20230220,000000,0.52,0.53,0.52,0.52,16000,0
9933.HK,D,20230221,000000,0.52,0.53,0.5,0.51,1168000,0
9933.HK,D,20230222,000000,0.51,0.52,0.5,0.51,580000,0
9933.HK,D,20230223,000000,0.51,0.55,0.51,0.54,416000,0
9933.HK,D,20230224,000000,0.55,0.55,0.53,0.53,180000,0
9933.HK,D,20230227,000000,0.53,0.53,0.52,0.53,76000,0
9933.HK,D,20230228,000000,0.54,0.61,0.54,0.58,2484000,0
9933.HK,D,20230301,000000,0.56,0.57,0.53,0.54,664000,0
9933.HK,D,20230302,000000,0.53,0.55,0.53,0.53,16000,0
9933.HK,D,20230303,000000,0.53,0.55,0.53,0.55,412000,0
9933.HK,D,20230306,000000,0.52,0.54,0.52,0.54,124000,0
9933.HK,D,20230307,000000,0.52,0.54,0.52,0.53,180000,0
9933.HK,D,20230308,000000,0.52,0.52,0.52,0.52,40000,0
9933.HK,D,20230309,000000,0.52,0.53,0.52,0.53,84000,0
9933.HK,D,20230310,000000,0.51,0.55,0.51,0.52,444000,0
9933.HK,D,20230313,000000,0.51,0.53,0.5,0.52,212000,0
9933.HK,D,20230314,000000,0.52,0.52,0.52,0.52,0,0
9933.HK,D,20230315,000000,0.52,0.54,0.52,0.54,72000,0
9933.HK,D,20230316,000000,0.53,0.55,0.52,0.52,184000,0
9933.HK,D,20230317,000000,0.52,0.52,0.52,0.52,0,0
9933.HK,D,20230320,000000,0.52,0.52,0.52,0.52,0,0
9933.HK,D,20230321,000000,0.54,0.54,0.54,0.54,100000,0
9933.HK,D,20230322,000000,0.57,0.59,0.55,0.57,952000,0
9933.HK,D,20230323,000000,0.55,0.58,0.55,0.57,56000,0
9933.HK,D,20230324,000000,0.54,0.58,0.54,0.57,52000,0
9933.HK,D,20230327,000000,0.57,0.57,0.53,0.54,336000,0
9933.HK,D,20230328,000000,0.54,0.54,0.51,0.53,284000,0
9933.HK,D,20230329,000000,0.53,0.53,0.52,0.53,196000,0
9933.HK,D,20230330,000000,0.53,0.53,0.51,0.53,12000,0
9933.HK,D,20230331,000000,0.53,0.53,0.53,0.53,0,0
9933.HK,D,20230403,000000,0.53,0.53,0.53,0.53,172000,0
9933.HK,D,20230404,000000,0.52,0.52,0.52,0.52,300000,0
9933.HK,D,20230406,000000,0.52,0.52,0.52,0.52,0,0
9933.HK,D,20230411,000000,0.52,0.52,0.52,0.52,0,0
9933.HK,D,20230412,000000,0.52,0.53,0.51,0.51,128000,0
9933.HK,D,20230413,000000,0.51,0.51,0.49,0.495,224000,0
9933.HK,D,20230414,000000,0.5,0.5,0.465,0.475,484000,0
9933.HK,D,20230417,000000,0.495,0.495,0.48,0.485,488000,0
9933.HK,D,20230418,000000,0.485,0.485,0.485,0.485,24000,0
9933.HK,D,20230419,000000,0.485,0.53,0.485,0.52,20000,0
9933.HK,D,20230420,000000,0.485,0.51,0.485,0.51,204000,0
9933.HK,D,20230421,000000,0.52,0.52,0.51,0.52,28000,0
9933.HK,D,20230424,000000,0.51,0.51,0.51,0.51,40000,0
9933.HK,D,20230425,000000,0.48,0.48,0.48,0.48,12000,0
9933.HK,D,20230426,000000,0.48,0.48,0.48,0.48,0,0
9933.HK,D,20230427,000000,0.485,0.485,0.485,0.485,16000,0
9933.HK,D,20230428,000000,0.485,0.485,0.435,0.45,1316000,0
9933.HK,D,20230502,000000,0.43,0.435,0.43,0.435,256000,0
9933.HK,D,20230503,000000,0.45,0.45,0.435,0.435,104000,0
9933.HK,D,20230504,000000,0.445,0.445,0.445,0.445,0,0
9933.HK,D,20230505,000000,0.45,0.45,0.45,0.45,0,0
9933.HK,D,20230508,000000,0.455,0.46,0.45,0.46,252000,0
9933.HK,D,20230509,000000,0.46,0.49,0.46,0.49,208000,0
9933.HK,D,20230510,000000,0.485,0.485,0.485,0.485,0,0
9933.HK,D,20230511,000000,0.45,0.48,0.45,0.45,84000,0
9933.HK,D,20230512,000000,0.45,0.485,0.45,0.45,252000,0
9933.HK,D,20230515,000000,0.455,0.48,0.455,0.47,80000,0
9933.HK,D,20230516,000000,0.47,0.47,0.47,0.47,0,0
9933.HK,D,20230517,000000,0.465,0.47,0.44,0.465,112000,0
9933.HK,D,20230518,000000,0.485,0.49,0.47,0.47,340000,0
9933.HK,D,20230519,000000,0.47,0.47,0.46,0.46,892000,0
9933.HK,D,20230522,000000,0.46,0.46,0.46,0.46,0,0
9933.HK,D,20230523,000000,0.46,0.46,0.45,0.45,348000,0
9933.HK,D,20230524,000000,0.45,0.45,0.45,0.45,332000,0
9933.HK,D,20230525,000000,0.45,0.45,0.44,0.45,44000,0
9933.HK,D,20230529,000000,0.445,0.48,0.445,0.475,412000,0
9933.HK,D,20230530,000000,0.47,0.47,0.47,0.47,0,0
9933.HK,D,20230531,000000,0.475,0.49,0.445,0.48,624000,0
9933.HK,D,20230601,000000,0.48,0.49,0.48,0.49,8000,0
9933.HK,D,20230602,000000,0.49,0.49,0.49,0.49,0,0
9933.HK,D,20230605,000000,0.49,0.49,0.49,0.49,0,0
9933.HK,D,20230606,000000,0.485,0.485,0.465,0.485,64000,0
9933.HK,D,20230607,000000,0.485,0.485,0.485,0.485,0,0
9933.HK,D,20230608,000000,0.49,0.49,0.455,0.49,48000,0
9933.HK,D,20230609,000000,0.49,0.49,0.49,0.49,0,0
9933.HK,D,20230612,000000,0.49,0.49,0.49,0.49,0,0
9933.HK,D,20230613,000000,0.49,0.51,0.49,0.495,612000,0
9933.HK,D,20230614,000000,0.47,0.495,0.47,0.495,232000,0
9933.HK,D,20230615,000000,0.47,0.5,0.47,0.495,68000,0
9933.HK,D,20230616,000000,0.51,0.51,0.48,0.51,172000,0
9933.HK,D,20230619,000000,0.51,0.51,0.48,0.5,56000,0
9933.HK,D,20230620,000000,0.5,0.5,0.5,0.5,0,0
9933.HK,D,20230621,000000,0.5,0.5,0.5,0.5,0,0
9933.HK,D,20230623,000000,0.49,0.5,0.49,0.5,8000,0
9933.HK,D,20230626,000000,0.51,0.51,0.48,0.51,228000,0
9933.HK,D,20230627,000000,0.51,0.51,0.51,0.51,0,0
9933.HK,D,20230628,000000,0.5,0.5,0.485,0.5,72000,0
9933.HK,D,20230629,000000,0.5,0.5,0.5,0.5,308000,0
9933.HK,D,20230630,000000,0.5,0.5,0.5,0.5,0,0
9933.HK,D,20230703,000000,0.485,0.51,0.485,0.51,328000,0
9933.HK,D,20230704,000000,0.52,0.65,0.5,0.61,59012000,0
9933.HK,D,20230705,000000,0.61,0.61,0.55,0.55,3200000,0
9933.HK,D,20230706,000000,0.54,0.57,0.54,0.55,528000,0
9933.HK,D,20230707,000000,0.56,0.61,0.54,0.55,148000,0
9933.HK,D,20230710,000000,0.55,0.55,0.54,0.55,248000,0
9933.HK,D,20230711,000000,0.56,0.56,0.54,0.55,220000,0
9933.HK,D,20230712,000000,0.55,0.59,0.53,0.58,40000,0
9933.HK,D,20230713,000000,0.55,0.58,0.55,0.55,40000,0
9933.HK,D,20230714,000000,0.55,0.55,0.52,0.55,400000,0
9933.HK,D,20230718,000000,0.55,0.55,0.55,0.55,0,0
9933.HK,D,20230719,000000,0.53,0.53,0.53,0.53,32000,0
9933.HK,D,20230720,000000,0.52,0.54,0.52,0.53,160000,0
9933.HK,D,20230721,000000,0.54,0.54,0.53,0.53,92000,0
9933.HK,D,20230724,000000,0.55,0.55,0.55,0.55,12000,0
9933.HK,D,20230725,000000,0.53,0.55,0.53,0.53,112000,0
9933.HK,D,20230726,000000,0.53,0.53,0.53,0.53,20000,0
9933.HK,D,20230727,000000,0.51,0.54,0.51,0.54,8000,0
9933.HK,D,20230728,000000,0.53,0.53,0.51,0.53,160000,0
9933.HK,D,20230731,000000,0.5,0.53,0.48,0.5,708000,0
9933.HK,D,20230801,000000,0.5,0.5,0.49,0.495,220000,0
9933.HK,D,20230802,000000,0.495,0.5,0.495,0.5,28000,0
9933.HK,D,20230803,000000,0.5,0.51,0.48,0.495,232000,0
9933.HK,D,20230804,000000,0.475,0.495,0.47,0.49,192000,0
9933.HK,D,20230807,000000,0.47,0.485,0.47,0.48,260000,0
9933.HK,D,20230808,000000,0.455,0.47,0.42,0.445,1300000,0
9933.HK,D,20230809,000000,0.45,0.47,0.45,0.46,568000,0
9933.HK,D,20230810,000000,0.455,0.485,0.45,0.47,132000,0
9933.HK,D,20230811,000000,0.47,0.47,0.47,0.47,0,0
9933.HK,D,20230814,000000,0.475,0.475,0.45,0.475,252000,0
9933.HK,D,20230815,000000,0.465,0.465,0.465,0.465,0,0
9933.HK,D,20230816,000000,0.465,0.465,0.445,0.445,244000,0
9933.HK,D,20230817,000000,0.445,0.445,0.445,0.445,80000,0
9933.HK,D,20230818,000000,0.445,0.495,0.445,0.47,152000,0
9933.HK,D,20230821,000000,0.48,0.48,0.45,0.48,116000,0
9933.HK,D,20230822,000000,0.48,0.48,0.48,0.48,12000,0
9933.HK,D,20230823,000000,0.455,0.48,0.455,0.48,316000,0
9933.HK,D,20230824,000000,0.485,0.49,0.48,0.485,180000,0
9933.HK,D,20230825,000000,0.485,0.485,0.485,0.485,8000,0
9933.HK,D,20230828,000000,0.465,0.465,0.445,0.465,140000,0
9933.HK,D,20230829,000000,0.465,0.48,0.465,0.475,692000,0
9933.HK,D,20230830,000000,0.47,0.48,0.47,0.475,156000,0
9933.HK,D,20230831,000000,0.475,0.475,0.475,0.475,40000,0
9933.HK,D,20230904,000000,0.5,0.5,0.465,0.5,460000,0
9933.HK,D,20230905,000000,0.49,0.51,0.46,0.5,172000,0
9933.HK,D,20230906,000000,0.5,0.5,0.48,0.5,292000,0
9933.HK,D,20230907,000000,0.49,0.49,0.48,0.49,88000,0
9933.HK,D,20230911,000000,0.495,0.51,0.48,0.51,428000,0
9933.HK,D,20230912,000000,0.51,0.51,0.51,0.51,0,0
9933.HK,D,20230913,000000,0.51,0.51,0.51,0.51,332000,0
9933.HK,D,20230914,000000,0.5,0.5,0.465,0.5,32000,0
9933.HK,D,20230915,000000,0.47,0.5,0.465,0.49,124000,0
9933.HK,D,20230918,000000,0.495,0.495,0.46,0.495,68000,0
9933.HK,D,20230919,000000,0.51,0.51,0.49,0.51,92000,0
9933.HK,D,20230920,000000,0.5,0.5,0.5,0.5,0,0
9933.HK,D,20230921,000000,0.5,0.5,0.5,0.5,0,0
9933.HK,D,20230922,000000,0.5,0.5,0.48,0.495,204000,0
9933.HK,D,20230925,000000,0.51,0.51,0.47,0.48,124000,0
9933.HK,D,20230926,000000,0.48,0.48,0.465,0.48,164000,0
9933.HK,D,20230927,000000,0.48,0.48,0.48,0.48,0,0
9933.HK,D,20230928,000000,0.485,0.485,0.485,0.485,68000,0
9933.HK,D,20230929,000000,0.485,0.485,0.485,0.485,0,0
9933.HK,D,20231003,000000,0.51,0.51,0.5,0.51,44000,0
9933.HK,D,20231004,000000,0.51,0.52,0.49,0.52,368000,0
9933.HK,D,20231005,000000,0.51,0.51,0.49,0.49,292000,0
9933.HK,D,20231006,000000,0.49,0.5,0.47,0.49,592000,0
9933.HK,D,20231009,000000,0.48,0.485,0.48,0.485,28000,0
9933.HK,D,20231010,000000,0.5,0.5,0.485,0.5,148000,0
9933.HK,D,20231011,000000,0.5,0.5,0.47,0.475,376000,0
9933.HK,D,20231012,000000,0.48,0.5,0.475,0.5,948000,0
9933.HK,D,20231013,000000,0.5,0.5,0.5,0.5,44000,0
9933.HK,D,20231016,000000,0.51,0.51,0.51,0.51,180000,0
9933.HK,D,20231017,000000,0.51,0.51,0.51,0.51,0,0
9933.HK,D,20231018,000000,0.51,0.51,0.51,0.51,0,0
9933.HK,D,20231019,000000,0.49,0.51,0.48,0.5,228000,0
9933.HK,D,20231020,000000,0.5,0.5,0.5,0.5,12000,0
9933.HK,D,20231024,000000,0.5,0.5,0.5,0.5,216000,0
9933.HK,D,20231025,000000,0.5,0.5,0.5,0.5,0,0
9933.HK,D,20231026,000000,0.5,0.5,0.5,0.5,20000,0
9933.HK,D,20231027,000000,0.5,0.5,0.5,0.5,152000,0
9933.HK,D,20231030,000000,0.5,0.5,0.5,0.5,0,0
9933.HK,D,20231031,000000,0.51,0.51,0.51,0.51,4000,0
9933.HK,D,20231101,000000,0.51,0.53,0.485,0.51,116000,0
9933.HK,D,20231102,000000,0.51,0.51,0.51,0.51,0,0
9933.HK,D,20231103,000000,0.51,0.51,0.51,0.51,0,0
9933.HK,D,20231106,000000,0.495,0.53,0.495,0.5,632000,0
9933.HK,D,20231107,000000,0.495,0.5,0.495,0.495,100000,0
9933.HK,D,20231108,000000,0.495,0.495,0.49,0.495,128000,0
9933.HK,D,20231109,000000,0.49,0.55,0.49,0.49,744000,0
9933.HK,D,20231110,000000,0.51,0.56,0.5,0.52,1696000,0
9933.HK,D,20231113,000000,0.55,0.55,0.51,0.55,516000,0
9933.HK,D,20231114,000000,0.55,0.55,0.55,0.55,0,0
9933.HK,D,20231115,000000,0.52,0.55,0.52,0.55,636000,0
9933.HK,D,20231116,000000,0.52,0.55,0.52,0.55,504000,0
9933.HK,D,20231117,000000,0.55,0.59,0.55,0.56,936000,0
9933.HK,D,20231120,000000,0.55,0.58,0.54,0.56,244000,0
9933.HK,D,20231121,000000,0.54,0.57,0.54,0.56,100000,0
9933.HK,D,20231122,000000,0.58,0.6,0.58,0.59,744000,0
9933.HK,D,20231123,000000,0.6,0.6,0.6,0.6,28000,0
9933.HK,D,20231124,000000,0.6,0.6,0.57,0.57,48000,0
9933.HK,D,20231127,000000,0.55,0.6,0.54,0.6,500000,0
9933.HK,D,20231128,000000,0.62,0.64,0.59,0.62,636000,0
9933.HK,D,20231129,000000,0.61,0.61,0.56,0.6,280000,0
9933.HK,D,20231130,000000,0.6,0.6,0.6,0.6,0,0
9933.HK,D,20231201,000000,0.59,0.59,0.57,0.59,76000,0
9933.HK,D,20231204,000000,0.59,0.59,0.56,0.57,192000,0
9933.HK,D,20231205,000000,0.6,0.6,0.56,0.6,12000,0
9933.HK,D,20231206,000000,0.6,0.6,0.6,0.6,0,0
9933.HK,D,20231207,000000,0.59,0.59,0.59,0.59,0,0
9933.HK,D,20231208,000000,0.57,0.57,0.57,0.57,120000,0
9933.HK,D,20231211,000000,0.6,0.6,0.58,0.6,40000,0
9933.HK,D,20231212,000000,0.59,0.67,0.59,0.61,856000,0
9933.HK,D,20231213,000000,0.62,0.63,0.58,0.63,520000,0
9933.HK,D,20231214,000000,0.63,0.63,0.6,0.63,48000,0
9933.HK,D,20231215,000000,0.63,0.68,0.62,0.63,356000,0
9933.HK,D,20231218,000000,0.66,0.75,0.65,0.7,764000,0
9933.HK,D,20231219,000000,0.72,0.92,0.72,0.92,1492000,0
9933.HK,D,20231220,000000,0.92,0.97,0.87,0.89,736000,0
9933.HK,D,20231221,000000,0.89,0.89,0.79,0.83,1384000,0
9933.HK,D,20231222,000000,0.8,0.82,0.78,0.81,192000,0
9933.HK,D,20231227,000000,0.82,0.87,0.82,0.83,756000,0
9933.HK,D,20231228,000000,0.83,0.85,0.83,0.84,196000,0
9933.HK,D,20231229,000000,0.88,0.89,0.81,0.82,372000,0
9933.HK,D,20240102,000000,0.82,0.82,0.78,0.79,76000,0
9933.HK,D,20240103,000000,0.79,0.79,0.72,0.75,244000,0
9933.HK,D,20240104,000000,0.69,0.71,0.64,0.66,804000,0
9933.HK,D,20240105,000000,0.72,0.72,0.66,0.72,152000,0
9933.HK,D,20240108,000000,0.72,0.72,0.72,0.72,0,0
9933.HK,D,20240109,000000,0.75,0.75,0.72,0.74,40000,0
9933.HK,D,20240110,000000,0.74,0.74,0.74,0.74,36000,0
9933.HK,D,20240111,000000,0.71,0.71,0.62,0.64,208000,0
9933.HK,D,20240112,000000,0.63,0.64,0.59,0.62,96000,0
9933.HK,D,20240115,000000,0.62,0.62,0.62,0.62,0,0
9933.HK,D,20240116,000000,0.62,0.62,0.62,0.62,12000,0
9933.HK,D,20240117,000000,0.62,0.62,0.62,0.62,0,0
9933.HK,D,20240118,000000,0.62,0.63,0.59,0.62,48000,0
9933.HK,D,20240119,000000,0.62,0.62,0.62,0.62,0,0
9933.HK,D,20240122,000000,0.62,0.62,0.62,0.62,0,0
9933.HK,D,20240123,000000,0.61,0.61,0.6,0.61,8000,0
9933.HK,D,20240124,000000,0.61,0.61,0.61,0.61,0,0
9933.HK,D,20240125,000000,0.61,0.61,0.61,0.61,0,0
9933.HK,D,20240126,000000,0.62,0.64,0.62,0.64,576000,0
9933.HK,D,20240129,000000,0.64,0.64,0.64,0.64,0,0
9933.HK,D,20240130,000000,0.64,0.64,0.64,0.64,0,0
9933.HK,D,20240131,000000,0.64,0.64,0.64,0.64,0,0
9933.HK,D,20240201,000000,0.66,0.66,0.62,0.66,36000,0
9933.HK,D,20240202,000000,0.66,0.66,0.66,0.66,0,0
9933.HK,D,20240205,000000,0.66,0.66,0.66,0.66,0,0
9933.HK,D,20240206,000000,0.61,0.62,0.6,0.62,88000,0
9933.HK,D,20240207,000000,0.61,0.61,0.6,0.6,28000,0
9933.HK,D,20240208,000000,0.6,0.6,0.6,0.6,4000,0
9933.HK,D,20240209,000000,0.6,0.6,0.6,0.6,8000,0
9933.HK,D,20240214,000000,0.6,0.6,0.6,0.6,8000,0
9933.HK,D,20240215,000000,0.6,0.61,0.6,0.61,52000,0
9933.HK,D,20240216,000000,0.61,0.61,0.61,0.61,0,0
9933.HK,D,20240219,000000,0.61,0.62,0.61,0.61,64000,0
9933.HK,D,20240220,000000,0.61,0.61,0.61,0.61,0,0
9933.HK,D,20240221,000000,0.61,0.61,0.61,0.61,0,0
9933.HK,D,20240222,000000,0.61,0.61,0.6,0.6,76000,0
9933.HK,D,20240223,000000,0.6,0.62,0.59,0.62,348000,0
9933.HK,D,20240226,000000,0.59,0.59,0.59,0.59,4000,0
9933.HK,D,20240227,000000,0.59,0.65,0.58,0.65,20000,0
9933.HK,D,20240228,000000,0.61,0.62,0.61,0.61,160000,0
9933.HK,D,20240229,000000,0.61,0.61,0.61,0.61,0,0
9933.HK,D,20240301,000000,0.6,0.63,0.6,0.63,104000,0
9933.HK,D,20240304,000000,0.63,0.63,0.63,0.63,0,0
9933.HK,D,20240305,000000,0.63,0.63,0.62,0.63,560000,0
9933.HK,D,20240306,000000,0.63,0.63,0.63,0.63,0,0
9933.HK,D,20240307,000000,0.62,0.63,0.61,0.61,236000,0
9933.HK,D,20240308,000000,0.61,0.63,0.61,0.63,760000,0
9933.HK,D,20240311,000000,0.63,0.63,0.63,0.63,0,0
9933.HK,D,20240312,000000,0.61,0.63,0.61,0.61,712000,0
9933.HK,D,20240313,000000,0.61,0.62,0.61,0.62,232000,0
9933.HK,D,20240314,000000,0.61,0.61,0.6,0.61,56000,0
9933.HK,D,20240315,000000,0.61,0.61,0.61,0.61,0,0
9933.HK,D,20240318,000000,0.61,0.63,0.6,0.6,192000,0
9933.HK,D,20240319,000000,0.61,0.61,0.58,0.61,64000,0
9933.HK,D,20240320,000000,0.59,0.64,0.57,0.6,508000,0
9933.HK,D,20240321,000000,0.59,0.67,0.58,0.62,300000,0
9933.HK,D,20240322,000000,0.62,0.63,0.55,0.55,596000,0
9933.HK,D,20240325,000000,0.58,0.58,0.53,0.58,248000,0
9933.HK,D,20240326,000000,0.63,0.63,0.6,0.63,20000,0
9933.HK,D,20240327,000000,0.63,0.63,0.63,0.63,0,0
9933.HK,D,20240328,000000,0.61,0.61,0.61,0.61,60000,0
9933.HK,D,20240402,000000,0.59,0.63,0.59,0.62,84000,0
9933.HK,D,20240403,000000,0.62,0.62,0.62,0.62,0,0
9933.HK,D,20240405,000000,0.64,0.66,0.6,0.64,176000,0
9933.HK,D,20240408,000000,0.6,0.63,0.6,0.63,100000,0
9933.HK,D,20240409,000000,0.66,0.66,0.62,0.66,44000,0
9933.HK,D,20240410,000000,0.67,0.67,0.66,0.67,32000,0
9933.HK,D,20240411,000000,0.67,0.67,0.67,0.67,60000,0
9933.HK,D,20240412,000000,0.67,0.67,0.67,0.67,0,0
9933.HK,D,20240415,000000,0.67,0.67,0.67,0.67,0,0
9933.HK,D,20240416,000000,0.66,0.66,0.66,0.66,32000,0
9933.HK,D,20240417,000000,0.66,0.66,0.66,0.66,0,0
9933.HK,D,20240418,000000,0.66,0.66,0.66,0.66,28000,0
9933.HK,D,20240419,000000,0.67,0.72,0.67,0.72,208000,0
9933.HK,D,20240422,000000,0.77,0.81,0.72,0.79,556000,0
9933.HK,D,20240423,000000,0.76,0.78,0.75,0.76,520000,0
9933.HK,D,20240424,000000,0.75,0.82,0.75,0.79,528000,0
9933.HK,D,20240425,000000,0.8,0.86,0.78,0.8,576000,0
9933.HK,D,20240426,000000,0.8,0.83,0.76,0.78,536000,0
9933.HK,D,20240429,000000,0.78,0.88,0.78,0.85,700000,0
9933.HK,D,20240430,000000,0.84,0.9,0.83,0.9,740000,0
9933.HK,D,20240502,000000,0.86,0.9,0.86,0.88,548000,0
9933.HK,D,20240503,000000,0.89,0.91,0.89,0.9,536000,0
9933.HK,D,20240506,000000,0.95,1.41,0.91,1.36,8456000,0
9933.HK,D,20240507,000000,1.4,1.44,1.17,1.28,4392000,0
9933.HK,D,20240508,000000,1.27,1.27,1.18,1.23,3295500,0
9933.HK,D,20240509,000000,1.22,1.23,1.01,1.04,3508000,0
9933.HK,D,20240510,000000,1.06,1.1,1,1,4108000,0
9933.HK,D,20240513,000000,1.06,1.18,1.05,1.13,3692000,0
9933.HK,D,20240514,000000,1.18,1.2,1.13,1.16,3756000,0
9933.HK,D,20240516,000000,1.16,1.16,1.09,1.1,3648000,0
9933.HK,D,20240517,000000,1.13,1.13,1.07,1.09,3752000,0
9933.HK,D,20240520,000000,1.1,1.1,1.06,1.08,3776000,0
9933.HK,D,20240521,000000,1.06,1.09,1.06,1.07,3848000,0
9933.HK,D,20240522,000000,1.07,1.1,1.06,1.09,3708000,0
9933.HK,D,20240523,000000,1.1,1.1,1.07,1.08,3700000,0
9933.HK,D,20240524,000000,1.08,1.08,1.06,1.06,3904000,0
9933.HK,D,20240527,000000,1.07,1.14,1.06,1.11,3956000,0
9933.HK,D,20240528,000000,1.08,1.33,1.08,1.27,3008000,0
9933.HK,D,20240529,000000,1.22,1.23,1.16,1.16,3460000,0
9933.HK,D,20240530,000000,1.15,1.16,1.11,1.14,3588000,0
9933.HK,D,20240531,000000,1.13,1.15,1.11,1.13,3636000,0
9933.HK,D,20240603,000000,1.13,1.4,1.13,1.37,3056000,0
9933.HK,D,20240604,000000,1.4,1.51,1.38,1.5,3616000,0
9933.HK,D,20240605,000000,1.54,1.7,1.27,1.29,3460000,0
9933.HK,D,20240606,000000,1.2,1.43,1.12,1.39,3908000,0
9933.HK,D,20240607,000000,1.39,1.46,1.31,1.34,3716000,0
9933.HK,D,20240611,000000,1.34,1.41,1.3,1.33,3832000,0
9933.HK,D,20240612,000000,1.33,1.5,1.31,1.37,3664000,0
9933.HK,D,20240613,000000,1.37,1.5,1.35,1.47,3548000,0
9933.HK,D,20240614,000000,1.48,1.55,1.4,1.4,3208000,0
9933.HK,D,20240617,000000,1.4,1.78,1.37,1.7,5196000,0
9933.HK,D,20240618,000000,1.72,1.85,1.6,1.63,3796000,0
9933.HK,D,20240619,000000,1.63,1.9,1.56,1.8,3552000,0
9933.HK,D,20240620,000000,1.81,1.81,1.64,1.67,2444000,0
9933.HK,D,20240621,000000,1.6,1.86,1.45,1.79,5256000,0
9933.HK,D,20240624,000000,1.74,1.83,1.6,1.61,3448000,0
9933.HK,D,20240625,000000,1.61,1.72,1.57,1.65,2748000,0
9933.HK,D,20240626,000000,1.65,1.82,1.62,1.69,3044000,0
9933.HK,D,20240627,000000,1.6,1.84,1.6,1.69,3660000,0
9933.HK,D,20240628,000000,1.69,1.9,1.63,1.8,4952000,0
9933.HK,D,20240702,000000,1.8,1.8,1.62,1.65,3336000,0
9933.HK,D,20240703,000000,1.6,1.81,1.6,1.69,3776000,0
9933.HK,D,20240704,000000,1.71,1.77,1.68,1.68,3868000,0
9933.HK,D,20240705,000000,1.68,1.71,1.57,1.61,4664000,0
9933.HK,D,20240708,000000,1.6,1.66,1.5,1.56,3720000,0
9933.HK,D,20240709,000000,1.54,1.57,1.43,1.51,4684000,0
9933.HK,D,20240710,000000,1.51,1.8,1.41,1.5,6460000,0
9933.HK,D,20240711,000000,1.49,1.55,1.48,1.51,3788000,0
9933.HK,D,20240712,000000,1.52,1.56,1.47,1.5,4160000,0
9933.HK,D,20240715,000000,1.5,1.8,1.42,1.48,8072000,0
9933.HK,D,20240716,000000,1.49,1.61,1.46,1.6,4484000,0
9933.HK,D,20240717,000000,1.6,1.8,1.54,1.64,7660000,0
9933.HK,D,20240718,000000,1.64,1.75,1.62,1.69,5520000,0
9933.HK,D,20240719,000000,1.7,1.9,1.68,1.8,7392000,0
9933.HK,D,20240722,000000,1.8,2.02,1.79,2.02,7696000,0
9933.HK,D,20240723,000000,2.02,2.05,1.62,1.8,4996000,0
9933.HK,D,20240724,000000,1.8,1.96,1.75,1.87,7476000,0
9933.HK,D,20240725,000000,1.85,1.94,1.82,1.86,4328000,0
9933.HK,D,20240726,000000,1.86,1.94,1.81,1.9,4616000,0
9933.HK,D,20240729,000000,1.86,2.01,1.85,2,4768000,0
9933.HK,D,20240730,000000,1.98,2.19,1.93,2.06,4044000,0
9933.HK,D,20240731,000000,2.05,2.16,1.87,2.07,4996000,0
9933.HK,D,20240801,000000,2.07,2.17,1.99,2.13,4044000,0
9933.HK,D,20240802,000000,2.13,2.27,2.03,2.2,5324000,0
9933.HK,D,20240805,000000,2.21,2.25,1.73,1.78,4576000,0
9933.HK,D,20240806,000000,1.78,1.87,1.72,1.75,5080000,0
9933.HK,D,20240807,000000,1.75,1.87,1.75,1.76,5220000,0
9933.HK,D,20240808,000000,1.77,1.87,1.71,1.82,4436000,0
9933.HK,D,20240809,000000,1.82,1.95,1.79,1.94,4236000,0
9933.HK,D,20240812,000000,1.94,1.94,1.85,1.9,4552000,0
9933.HK,D,20240813,000000,1.9,1.98,1.81,1.84,4720000,0
9933.HK,D,20240814,000000,1.84,1.9,1.79,1.9,4744000,0
9933.HK,D,20240815,000000,1.9,1.91,1.8,1.9,4872000,0
9933.HK,D,20240816,000000,1.9,2.47,1.82,1.93,10268000,0
9933.HK,D,20240819,000000,1.91,1.91,1.54,1.79,6592000,0
9933.HK,D,20240820,000000,1.8,1.85,1.75,1.8,4560000,0
9933.HK,D,20240821,000000,1.8,1.85,1.75,1.75,4780000,0
9933.HK,D,20240822,000000,1.75,1.95,1.69,1.71,7464000,0
9933.HK,D,20240823,000000,1.72,1.81,1.71,1.77,5000000,0
9933.HK,D,20240826,000000,1.77,1.82,1.75,1.78,5196000,0
9933.HK,D,20240827,000000,1.78,1.83,1.76,1.82,4704000,0
9933.HK,D,20240828,000000,1.82,2.1,1.8,2.1,4716000,0
9933.HK,D,20240829,000000,2.1,2.21,2.02,2.1,4964000,0
9933.HK,D,20240830,000000,2.12,2.25,2.11,2.19,5064000,0
9933.HK,D,20240902,000000,2.19,2.47,2.18,2.41,3784000,0
9933.HK,D,20240903,000000,2.42,2.59,2.33,2.41,5060000,0
9933.HK,D,20240904,000000,2.4,2.52,2.23,2.47,3740000,0
9933.HK,D,20240905,000000,2.48,2.5,2.23,2.34,3620000,0
9933.HK,D,20240909,000000,2.35,2.55,1.8,1.93,6872000,0
9933.HK,D,20240910,000000,1.89,2.18,1.89,2.05,4284000,0
9933.HK,D,20240911,000000,2,2.04,1.92,1.95,4080000,0
9933.HK,D,20240912,000000,1.97,2.05,1.88,1.98,4280000,0
9933.HK,D,20240913,000000,1.98,2.04,1.88,1.93,5036000,0
9933.HK,D,20240916,000000,1.9,1.98,1.85,1.94,4032000,0
9933.HK,D,20240917,000000,1.94,2.02,1.9,2.02,4352000,0
9933.HK,D,20240919,000000,2,2.22,2,2.11,4284000,0
9933.HK,D,20240920,000000,2.11,2.47,2.07,2.3,4368000,0
9933.HK,D,20240923,000000,2.3,2.53,2.26,2.49,4328000,0
9933.HK,D,20240924,000000,2.49,2.61,2.36,2.55,4364000,0
9933.HK,D,20240925,000000,2.55,2.73,2.46,2.73,4084000,0
9933.HK,D,20240926,000000,2.73,4,2.73,3.84,8444000,0
9933.HK,D,20240927,000000,3.9,5.26,3.9,5,3604000,0
9933.HK,D,20240930,000000,4.99,5.07,4,5,3720000,0
9933.HK,D,20241002,000000,5.1,5.73,4.98,5.6,3196300,0
9933.HK,D,20241003,000000,5.64,5.72,4.97,5.1,2572000,0
9933.HK,D,20241004,000000,5.1,5.35,4.3,4.5,2624000,0
9933.HK,D,20241007,000000,4.48,4.94,4.45,4.56,2512000,0
9933.HK,D,20241008,000000,4.43,5.48,4.39,5.35,2964000,0
9933.HK,D,20241009,000000,5.35,5.75,5.01,5.27,2696000,0
9933.HK,D,20241010,000000,5.35,5.56,5.11,5.4,1984000,0
9933.HK,D,20241014,000000,5,5.79,4.81,5.59,2564000,0
9933.HK,D,20241015,000000,5.6,5.6,5.02,5.6,2300000,0
9933.HK,D,20241016,000000,5.16,5.16,3.65,4.09,2272000,0
9933.HK,D,20241017,000000,4.11,4.39,4,4.14,2028000,0
9933.HK,D,20241018,000000,4.2,4.26,4.03,4.11,1720000,0
9933.HK,D,20241021,000000,4.11,4.2,3.55,4.02,1348000,0
9933.HK,D,20241022,000000,4.06,4.28,3.93,4.24,2628000,0
9933.HK,D,20241023,000000,4.17,4.17,3.86,4,1726000,0
9933.HK,D,20241024,000000,4.05,4.06,3.86,3.96,2136000,0
9933.HK,D,20241025,000000,3.99,3.99,3.55,3.79,1564000,0
9933.HK,D,20241028,000000,3.8,3.8,3.33,3.55,1076000,0
9933.HK,D,20241029,000000,3.6,3.8,3.4,3.69,2328000,0
9933.HK,D,20241030,000000,3.7,3.9,3.65,3.74,1748000,0
9933.HK,D,20241031,000000,3.75,3.75,3.49,3.5,1988000,0
9933.HK,D,20241101,000000,3.55,3.58,3.43,3.51,2072000,0
9933.HK,D,20241104,000000,3.55,3.66,3.48,3.64,1920000,0
9933.HK,D,20241105,000000,3.68,3.9,3.43,3.65,2032000,0
9933.HK,D,20241106,000000,3.5,3.6,3.37,3.59,1736000,0
9933.HK,D,20241107,000000,3.51,3.58,3.43,3.45,2008000,0
9933.HK,D,20241108,000000,3.46,3.59,3.45,3.54,2176000,0
9933.HK,D,20241111,000000,3.56,3.56,3.4,3.5,2360000,0
9933.HK,D,20241112,000000,3.48,3.52,3.38,3.45,1488000,0
9933.HK,D,20241113,000000,3.4,3.48,3.36,3.44,1620000,0
9933.HK,D,20241114,000000,3.49,3.49,3.36,3.41,1452000,0
9933.HK,D,20241115,000000,3.46,3.47,3.32,3.41,1208000,0
9933.HK,D,20241118,000000,3.45,3.45,3.08,3.08,832000,0
9933.HK,D,20241119,000000,3.4,3.4,3.14,3.35,1748000,0
9933.HK,D,20241120,000000,3.36,3.36,2.61,2.96,1972000,0
9933.HK,D,20241121,000000,3,3.01,2.75,2.98,1596000,0
9933.HK,D,20241122,000000,2.98,3,2.71,2.89,1304000,0
9933.HK,D,20241125,000000,2.99,3.22,2.84,3.15,1836000,0
9933.HK,D,20241126,000000,3.2,3.47,3.05,3.46,1432000,0
9933.HK,D,20241127,000000,3.46,3.79,3.4,3.6,1880000,0
9933.HK,D,20241128,000000,3.65,3.65,3.13,3.29,2016000,0
9933.HK,D,20241129,000000,3.28,3.35,2.9,2.9,1336000,0
9933.HK,D,20241202,000000,2.9,3.23,2.9,3.14,1676000,0
9933.HK,D,20241203,000000,3.2,3.25,2.88,2.96,1752000,0
9933.HK,D,20241204,000000,2.95,3.13,2.91,3.13,1780000,0
9933.HK,D,20241205,000000,3.2,3.2,2.88,2.93,1696000,0
9933.HK,D,20241206,000000,2.93,2.99,2.82,2.91,1784000,0
9933.HK,D,20241209,000000,2.99,3.2,2.79,3.15,1880000,0
9933.HK,D,20241210,000000,3.17,3.2,2.88,3.09,1748000,0
9933.HK,D,20241211,000000,3.03,3.03,2.87,2.88,1768000,0
9933.HK,D,20241212,000000,2.9,2.98,2.89,2.89,1736000,0
9933.HK,D,20241213,000000,2.9,2.91,2.84,2.86,1776000,0
9933.HK,D,20241216,000000,2.88,2.9,2.78,2.85,1972000,0
9933.HK,D,20241217,000000,2.78,2.92,2.69,2.84,1820000,0
9933.HK,D,20241218,000000,2.9,2.9,2.61,2.66,1880000,0
9933.HK,D,20241219,000000,2.68,2.69,2.55,2.65,1944000,0
9933.HK,D,20241220,000000,2.68,2.7,2.59,2.69,1936000,0
9933.HK,D,20241223,000000,2.8,3.05,2.58,2.89,1960000,0
9933.HK,D,20241224,000000,2.95,3.2,2.75,3.19,852000,0
9933.HK,D,20241227,000000,3.19,3.19,2.83,2.86,1720000,0
9933.HK,D,20241230,000000,2.81,2.89,2.76,2.78,1844000,0
9933.HK,D,20241231,000000,2.75,2.79,2.58,2.65,984000,0
9933.HK,D,20250102,000000,2.62,2.85,2.58,2.6,1996000,0
9933.HK,D,20250103,000000,2.58,2.7,2.43,2.56,1824000,0
9933.HK,D,20250106,000000,2.5,2.65,2.46,2.63,1408000,0
9933.HK,D,20250107,000000,2.59,2.7,2.59,2.61,1176000,0
9933.HK,D,20250108,000000,2.7,2.7,2.54,2.59,988000,0
9933.HK,D,20250109,000000,2.59,2.62,2.5,2.53,912000,0
9933.HK,D,20250110,000000,2.5,2.54,2.33,2.33,672000,0
9933.HK,D,20250113,000000,2.22,2.24,1.88,2,996000,0
9933.HK,D,20250114,000000,1.97,2.01,1.94,1.97,788000,0
9933.HK,D,20250115,000000,2,2.15,1.9,2.15,772000,0
9933.HK,D,20250116,000000,2.15,2.23,1.89,2.07,748000,0
9933.HK,D,20250117,000000,2.07,2.15,2,2.03,844000,0
9933.HK,D,20250120,000000,2.08,2.2,2.07,2.2,716000,0
9933.HK,D,20250121,000000,2.21,2.31,2.15,2.24,680000,0
9933.HK,D,20250122,000000,2.2,2.37,2.19,2.19,708000,0
9933.HK,D,20250123,000000,2.25,2.28,2.14,2.19,696000,0
9933.HK,D,20250124,000000,2.2,2.24,2.15,2.23,684000,0
9933.HK,D,20250127,000000,2.25,2.26,2.17,2.19,680000,0
9933.HK,D,20250128,000000,2.17,2.26,2.14,2.2,344000,0
9933.HK,D,20250203,000000,2.28,2.28,1.85,1.86,768000,0
9933.HK,D,20250204,000000,2.01,2.04,1.82,1.95,880000,0
9933.HK,D,20250205,000000,1.85,2,1.82,1.88,872000,0
9933.HK,D,20250206,000000,2,2,1.85,1.9,788000,0
9933.HK,D,20250207,000000,1.93,1.99,1.89,1.96,784000,0
9933.HK,D,20250210,000000,1.98,2,1.92,1.95,768000,0
9933.HK,D,20250211,000000,1.98,1.98,1.84,1.9,804000,0
9933.HK,D,20250212,000000,1.91,1.93,1.81,1.9,820000,0
9933.HK,D,20250213,000000,1.95,2.03,1.64,1.84,1340000,0
9933.HK,D,20250214,000000,1.89,1.94,1.75,1.87,796000,0
9933.HK,D,20250217,000000,1.94,1.98,1.77,1.9,832000,0
9933.HK,D,20250218,000000,1.96,1.96,1.78,1.88,880000,0
9933.HK,D,20250219,000000,1.9,1.94,1.84,1.89,820000,0
9933.HK,D,20250220,000000,1.9,1.96,1.86,1.94,780000,0
9933.HK,D,20250221,000000,1.96,2,1.76,1.86,856000,0
9933.HK,D,20250224,000000,1.85,1.9,1.76,1.9,928000,0
9933.HK,D,20250225,000000,1.82,1.88,1.76,1.86,908000,0
9933.HK,D,20250226,000000,1.82,1.94,1.77,1.89,848000,0
9933.HK,D,20250227,000000,1.95,1.95,1.82,1.9,820000,0
9933.HK,D,20250228,000000,1.87,1.92,1.79,1.84,832000,0
9933.HK,D,20250303,000000,1.85,1.85,1.75,1.75,872000,0
9933.HK,D,20250304,000000,1.7,1.79,1.7,1.76,868000,0
9933.HK,D,20250305,000000,1.74,1.84,1.74,1.84,864000,0
9933.HK,D,20250306,000000,1.89,1.89,1.79,1.86,836000,0
9933.HK,D,20250307,000000,1.87,1.88,1.82,1.83,812000,0
9933.HK,D,20250310,000000,1.81,1.85,1.77,1.82,868000,0
9933.HK,D,20250311,000000,1.79,1.83,1.77,1.79,896000,0
9933.HK,D,20250312,000000,1.79,1.82,1.78,1.82,868000,0
9933.HK,D,20250313,000000,1.82,1.82,1.78,1.81,880000,0
9933.HK,D,20250314,000000,1.8,1.87,1.77,1.86,832000,0
9933.HK,D,20250317,000000,1.87,1.89,1.8,1.87,804000,0
9933.HK,D,20250318,000000,1.88,1.89,1.83,1.87,820000,0
9933.HK,D,20250319,000000,1.86,1.88,1.83,1.88,904000,0
9933.HK,D,20250320,000000,1.89,2.27,1.89,2.16,1284000,0
9933.HK,D,20250321,000000,2.07,2.11,1.86,1.9,840000,0
9933.HK,D,20250324,000000,1.86,2,1.82,1.89,816000,0
9933.HK,D,20250325,000000,1.88,2.05,1.81,1.81,948000,0
9933.HK,D,20250326,000000,1.79,1.82,1.69,1.78,856000,0
9933.HK,D,20250327,000000,1.78,1.84,1.78,1.8,840000,0
9933.HK,D,20250328,000000,1.83,1.85,1.71,1.76,876000,0
9933.HK,D,20250331,000000,1.75,1.79,1.69,1.76,960000,0
9933.HK,D,20250401,000000,1.79,1.79,1.64,1.65,1088000,0
9933.HK,D,20250402,000000,1.65,1.75,1.5,1.71,1316000,0
9933.HK,D,20250403,000000,1.59,1.69,1.55,1.65,1032000,0
9933.HK,D,20250407,000000,1.6,1.6,1.3,1.45,384000,0
9933.HK,D,20250408,000000,1.66,1.72,1.43,1.46,1200000,0
9933.HK,D,20250409,000000,1.45,1.54,1.4,1.54,924000,0
9933.HK,D,20250410,000000,1.71,1.72,1.47,1.47,572000,0
9933.HK,D,20250411,000000,1.57,1.57,1.46,1.54,624000,0
9933.HK,D,20250414,000000,1.5,1.64,1.46,1.5,544000,0
9933.HK,D,20250415,000000,1.47,1.53,1.33,1.49,1128000,0
9933.HK,D,20250416,000000,1.57,1.57,1.46,1.47,848000,0
9933.HK,D,20250417,000000,1.6,1.64,1.47,1.54,472000,0
