<TICKER>,<PER>,<DATE>,<TIME>,<OPEN>,<HIGH>,<LOW>,<CLOSE>,<VOL>,<OPENINT>
25869.HK,D,20240702,000000,0.102,0.102,0.099,0.099,400000,0
25869.HK,D,20240703,000000,0.091,0.1,0.09,0.099,16225000,0
25869.HK,D,20240704,000000,0.097,0.107,0.097,0.098,5695000,0
25869.HK,D,20240705,000000,0.095,0.109,0.092,0.099,16345000,0
25869.HK,D,20240708,000000,0.106,0.111,0.102,0.105,7750000,0
25869.HK,D,20240709,000000,0.108,0.112,0.104,0.106,9875000,0
25869.HK,D,20240710,000000,0.108,0.124,0.108,0.123,8100000,0
25869.HK,D,20240711,000000,0.112,0.121,0.108,0.11,14875000,0
25869.HK,D,20240712,000000,0.103,0.111,0.099,0.106,17975000,0
25869.HK,D,20240715,000000,0.106,0.113,0.098,0.113,9925000,0
25869.HK,D,20240716,000000,0.106,0.112,0.102,0.112,13330000,0
25869.HK,D,20240717,000000,0.122,0.17,0.122,0.155,50095000,0
25869.HK,D,20240718,000000,0.152,0.152,0.127,0.134,37235000,0
25869.HK,D,20240719,000000,0.148,0.175,0.148,0.175,37660000,0
25869.HK,D,20240722,000000,0.186,0.196,0.164,0.176,35185000,0
25869.HK,D,20240723,000000,0.162,0.174,0.152,0.171,30865000,0
25869.HK,D,20240724,000000,0.169,0.169,0.148,0.159,22680000,0
25869.HK,D,20240725,000000,0.161,0.206,0.159,0.206,21535000,0
25869.HK,D,20240726,000000,0.176,0.203,0.171,0.193,38135000,0
25869.HK,D,20240729,000000,0.162,0.162,0.16,0.162,10000,0
25869.HK,D,20240730,000000,0.188,0.205,0.188,0.199,18600000,0
25869.HK,D,20240731,000000,0.193,0.193,0.169,0.169,310000,0
25869.HK,D,20240801,000000,0.149,0.175,0.149,0.16,12520000,0
25869.HK,D,20240802,000000,0.198,0.198,0.187,0.187,1635000,0
25869.HK,D,20240805,000000,0.226,0.28,0.226,0.28,3015000,0
25869.HK,D,20240806,000000,0.265,0.295,0.26,0.295,80000,0
25869.HK,D,20240807,000000,0.27,0.27,0.27,0.27,80000,0
25869.HK,D,20240808,000000,0.265,0.265,0.243,0.245,1790000,0
25869.HK,D,20240809,000000,0.227,0.229,0.208,0.229,5170000,0
25869.HK,D,20240812,000000,0.227,0.242,0.227,0.242,2050000,0
25869.HK,D,20240813,000000,0.215,0.227,0.207,0.223,4610000,0
25869.HK,D,20240814,000000,0.223,0.223,0.223,0.223,0,0
25869.HK,D,20240815,000000,0.228,0.229,0.217,0.229,4945000,0
25869.HK,D,20240816,000000,0.206,0.206,0.188,0.188,4715000,0
25869.HK,D,20240819,000000,0.188,0.198,0.185,0.192,1860000,0
25869.HK,D,20240820,000000,0.201,0.219,0.201,0.209,8270000,0
25869.HK,D,20240821,000000,0.222,0.226,0.2,0.204,7315000,0
25869.HK,D,20240822,000000,0.219,0.219,0.208,0.208,6010000,0
25869.HK,D,20240823,000000,0.202,0.204,0.192,0.196,5720000,0
25869.HK,D,20240826,000000,0.169,0.177,0.163,0.176,18330000,0
25869.HK,D,20240827,000000,0.166,0.168,0.147,0.147,10900000,0
25869.HK,D,20240828,000000,0.148,0.162,0.148,0.157,4400000,0
25869.HK,D,20240829,000000,0.158,0.171,0.154,0.158,16390000,0
25869.HK,D,20240830,000000,0.147,0.162,0.139,0.143,8750000,0
25869.HK,D,20240902,000000,0.158,0.161,0.153,0.156,14350000,0
25869.HK,D,20240903,000000,0.156,0.163,0.149,0.149,4410000,0
25869.HK,D,20240904,000000,0.19,0.211,0.18,0.208,43780000,0
25869.HK,D,20240905,000000,0.215,0.228,0.202,0.217,40510000,0
25869.HK,D,20240909,000000,0.285,0.285,0.275,0.275,60000,0
25869.HK,D,20240910,000000,0.27,0.275,0.244,0.25,720000,0
25869.HK,D,20240911,000000,0.325,0.34,0.3,0.3,195000,0
25869.HK,D,20240912,000000,0.29,0.29,0.28,0.28,160000,0
25869.HK,D,20240913,000000,0.26,0.26,0.26,0.26,15000,0
25869.HK,D,20240916,000000,0.26,0.265,0.26,0.265,10000,0
25869.HK,D,20240917,000000,0.244,0.244,0.231,0.239,8580000,0
25869.HK,D,20240919,000000,0.26,0.26,0.233,0.235,9190000,0
25869.HK,D,20240920,000000,0.216,0.225,0.201,0.225,32640000,0
25869.HK,D,20240923,000000,0.225,0.225,0.225,0.225,0,0
25869.HK,D,20240924,000000,0.207,0.207,0.173,0.173,23520000,0
25869.HK,D,20240925,000000,0.152,0.19,0.152,0.184,33185000,0
25869.HK,D,20240926,000000,0.181,0.25,0.181,0.25,39705000,0
25869.HK,D,20240927,000000,0.26,0.27,0.235,0.243,3980000,0
25869.HK,D,20240930,000000,0.201,0.207,0.197,0.201,2000000,0
25869.HK,D,20241002,000000,0.176,0.18,0.16,0.16,26385000,0
25869.HK,D,20241003,000000,0.158,0.17,0.15,0.151,8400000,0
25869.HK,D,20241004,000000,0.13,0.15,0.13,0.138,7710000,0
25869.HK,D,20241007,000000,0.158,0.217,0.156,0.217,3600000,0
25869.HK,D,20241008,000000,0.233,0.27,0.233,0.27,4440000,0
25869.HK,D,20241009,000000,0.295,0.295,0.26,0.295,160000,0
25869.HK,D,20241010,000000,0.28,0.28,0.255,0.265,1370000,0
25869.HK,D,20241014,000000,0.265,0.265,0.265,0.265,0,0
25869.HK,D,20241015,000000,0.3,0.3,0.3,0.3,0,0
25869.HK,D,20241016,000000,0.295,0.295,0.295,0.295,0,0
25869.HK,D,20241017,000000,0.295,0.295,0.295,0.295,0,0
25869.HK,D,20241018,000000,0.29,0.305,0.285,0.3,1450000,0
25869.HK,D,20241021,000000,0.31,0.32,0.3,0.31,6640000,0
25869.HK,D,20241022,000000,0.3,0.31,0.3,0.31,150000,0
25869.HK,D,20241023,000000,0.31,0.31,0.31,0.31,0,0
25869.HK,D,20241024,000000,0.315,0.315,0.29,0.29,6380000,0
25869.HK,D,20241025,000000,0.28,0.3,0.28,0.3,8260000,0
25869.HK,D,20241028,000000,0.325,0.325,0.305,0.305,630000,0
25869.HK,D,20241029,000000,0.3,0.32,0.3,0.315,8350000,0
25869.HK,D,20241030,000000,0.32,0.35,0.32,0.34,14125000,0
25869.HK,D,20241031,000000,0.325,0.335,0.325,0.33,4480000,0
25869.HK,D,20241101,000000,0.29,0.295,0.285,0.295,8285000,0
25869.HK,D,20241104,000000,0.305,0.31,0.305,0.31,5000,0
25869.HK,D,20241105,000000,0.295,0.295,0.295,0.295,0,0
25869.HK,D,20241106,000000,0.32,0.32,0.32,0.32,0,0
25869.HK,D,20241107,000000,0.305,0.305,0.305,0.305,660000,0
25869.HK,D,20241108,000000,0.325,0.325,0.325,0.325,5000,0
25869.HK,D,20241111,000000,0.35,0.35,0.35,0.35,0,0
25869.HK,D,20241112,000000,0.37,0.38,0.37,0.38,120000,0
25869.HK,D,20241113,000000,0.38,0.38,0.38,0.38,0,0
25869.HK,D,20241114,000000,0.385,0.385,0.385,0.385,0,0
25869.HK,D,20241115,000000,0.385,0.385,0.385,0.385,0,0
25869.HK,D,20241118,000000,0.375,0.375,0.375,0.375,0,0
25869.HK,D,20241119,000000,0.36,0.36,0.36,0.36,0,0
25869.HK,D,20241120,000000,0.36,0.36,0.36,0.36,0,0
25869.HK,D,20241121,000000,0.35,0.35,0.35,0.35,0,0
25869.HK,D,20241122,000000,0.355,0.355,0.355,0.355,0,0
25869.HK,D,20241125,000000,0.335,0.335,0.335,0.335,0,0
25869.HK,D,20241126,000000,0.345,0.345,0.345,0.345,0,0
25869.HK,D,20241127,000000,0.34,0.34,0.34,0.34,0,0
25869.HK,D,20241128,000000,0.345,0.345,0.345,0.345,0,0
25869.HK,D,20241129,000000,0.345,0.345,0.345,0.345,0,0
25869.HK,D,20241202,000000,0.35,0.355,0.345,0.345,580000,0
25869.HK,D,20241203,000000,0.345,0.35,0.315,0.315,300000,0
25869.HK,D,20241204,000000,0.305,0.305,0.27,0.275,2700000,0
25869.HK,D,20241205,000000,0.285,0.305,0.285,0.3,3325000,0
25869.HK,D,20241206,000000,0.275,0.285,0.275,0.28,850000,0
25869.HK,D,20241209,000000,0.3,0.3,0.28,0.28,390000,0
25869.HK,D,20241210,000000,0.28,0.28,0.28,0.28,0,0
25869.HK,D,20241211,000000,0.275,0.275,0.275,0.275,0,0
25869.HK,D,20241212,000000,0.27,0.27,0.27,0.27,0,0
25869.HK,D,20241213,000000,0.285,0.285,0.275,0.275,150000,0
25869.HK,D,20241216,000000,0.26,0.26,0.25,0.26,80000,0
25869.HK,D,20241217,000000,0.245,0.245,0.231,0.231,2290000,0
25869.HK,D,20241218,000000,0.223,0.227,0.211,0.227,6410000,0
25869.HK,D,20241219,000000,0.227,0.241,0.227,0.235,2610000,0
25869.HK,D,20241220,000000,0.243,0.244,0.241,0.244,1210000,0
25869.HK,D,20241223,000000,0.222,0.222,0.208,0.214,2490000,0
25869.HK,D,20241224,000000,0.199,0.199,0.196,0.196,1000000,0
25869.HK,D,20241227,000000,0.19,0.197,0.182,0.186,9620000,0
25869.HK,D,20241230,000000,0.171,0.176,0.17,0.173,7120000,0
25869.HK,D,20241231,000000,0.166,0.166,0.151,0.159,3160000,0
25869.HK,D,20250102,000000,0.152,0.181,0.152,0.173,9425000,0
25869.HK,D,20250103,000000,0.151,0.16,0.146,0.16,12780000,0
25869.HK,D,20250106,000000,0.151,0.159,0.141,0.149,7760000,0
25869.HK,D,20250107,000000,0.152,0.17,0.151,0.166,16065000,0
25869.HK,D,20250108,000000,0.153,0.163,0.151,0.154,13510000,0
25869.HK,D,20250109,000000,0.166,0.168,0.159,0.16,3450000,0
25869.HK,D,20250110,000000,0.156,0.162,0.156,0.162,850000,0
25869.HK,D,20250113,000000,0.135,0.154,0.135,0.143,1710000,0
25869.HK,D,20250114,000000,0.139,0.143,0.135,0.135,2910000,0
25869.HK,D,20250115,000000,0.13,0.137,0.129,0.135,310000,0
25869.HK,D,20250116,000000,0.115,0.117,0.109,0.114,1080000,0
25869.HK,D,20250117,000000,0.118,0.121,0.117,0.121,50000,0
25869.HK,D,20250120,000000,0.121,0.151,0.119,0.15,4090000,0
25869.HK,D,20250121,000000,0.178,0.178,0.152,0.152,1680000,0
25869.HK,D,20250122,000000,0.159,0.163,0.156,0.156,3860000,0
25869.HK,D,20250123,000000,0.151,0.163,0.15,0.156,3020000,0
25869.HK,D,20250124,000000,0.177,0.182,0.167,0.167,2900000,0
25869.HK,D,20250127,000000,0.157,0.157,0.142,0.146,2570000,0
25869.HK,D,20250128,000000,0.153,0.16,0.153,0.155,1080000,0
25869.HK,D,20250203,000000,0.159,0.159,0.159,0.159,0,0
25869.HK,D,20250204,000000,0.142,0.153,0.133,0.138,3740000,0
25869.HK,D,20250205,000000,0.153,0.153,0.137,0.137,1460000,0
25869.HK,D,20250206,000000,0.132,0.134,0.125,0.125,1840000,0
25869.HK,D,20250207,000000,0.129,0.138,0.127,0.133,1010000,0
25869.HK,D,20250210,000000,0.133,0.137,0.132,0.134,1020000,0
25869.HK,D,20250211,000000,0.117,0.125,0.117,0.123,520000,0
25869.HK,D,20250212,000000,0.112,0.115,0.112,0.112,300000,0
25869.HK,D,20250213,000000,0.123,0.123,0.123,0.123,0,0
25869.HK,D,20250214,000000,0.12,0.133,0.119,0.125,1660000,0
25869.HK,D,20250217,000000,0.141,0.142,0.131,0.131,700000,0
25869.HK,D,20250218,000000,0.128,0.128,0.12,0.12,1020000,0
25869.HK,D,20250219,000000,0.126,0.126,0.126,0.126,0,0
25869.HK,D,20250220,000000,0.113,0.113,0.113,0.113,0,0
25869.HK,D,20250221,000000,0.117,0.128,0.117,0.122,2185000,0
25869.HK,D,20250224,000000,0.143,0.144,0.136,0.143,360000,0
25869.HK,D,20250225,000000,0.151,0.151,0.151,0.151,100000,0
25869.HK,D,20250226,000000,0.161,0.162,0.161,0.162,105000,0
25869.HK,D,20250227,000000,0.154,0.156,0.154,0.156,210000,0
25869.HK,D,20250228,000000,0.134,0.151,0.134,0.151,420000,0
25869.HK,D,20250303,000000,0.148,0.148,0.148,0.148,0,0
25869.HK,D,20250304,000000,0.191,0.194,0.178,0.178,1200000,0
25869.HK,D,20250305,000000,0.173,0.173,0.173,0.173,0,0
25869.HK,D,20250306,000000,0.178,0.178,0.178,0.178,0,0
25869.HK,D,20250307,000000,0.176,0.176,0.176,0.176,0,0
25869.HK,D,20250310,000000,0.148,0.154,0.144,0.146,1260000,0
25869.HK,D,20250311,000000,0.149,0.149,0.149,0.149,0,0
25869.HK,D,20250312,000000,0.142,0.142,0.139,0.14,600000,0
25869.HK,D,20250313,000000,0.115,0.115,0.108,0.114,200000,0
25869.HK,D,20250314,000000,0.108,0.108,0.108,0.108,190000,0
25869.HK,D,20250317,000000,0.097,0.102,0.097,0.102,300000,0
25869.HK,D,20250318,000000,0.099,0.1,0.096,0.096,750000,0
25869.HK,D,20250319,000000,0.095,0.095,0.082,0.083,1400000,0
25869.HK,D,20250320,000000,0.073,0.078,0.073,0.078,1050000,0
25869.HK,D,20250321,000000,0.069,0.078,0.067,0.073,2520000,0
25869.HK,D,20250324,000000,0.067,0.073,0.066,0.066,4770000,0
25869.HK,D,20250325,000000,0.064,0.065,0.062,0.063,1900000,0
25869.HK,D,20250326,000000,0.055,0.073,0.055,0.07,4150000,0
25869.HK,D,20250327,000000,0.059,0.059,0.054,0.054,1100000,0
25869.HK,D,20250328,000000,0.071,0.071,0.058,0.061,2700000,0
25869.HK,D,20250331,000000,0.056,0.058,0.056,0.058,1200000,0
25869.HK,D,20250401,000000,0.037,0.038,0.035,0.038,1200000,0
25869.HK,D,20250402,000000,0.042,0.042,0.038,0.042,1950000,0
25869.HK,D,20250403,000000,0.049,0.06,0.049,0.06,2405000,0
25869.HK,D,20250407,000000,0.238,0.415,0.238,0.415,5765000,0
25869.HK,D,20250408,000000,0.325,0.33,0.305,0.33,500000,0
25869.HK,D,20250409,000000,0.36,0.36,0.36,0.36,0,0
25869.HK,D,20250410,000000,0.335,0.335,0.335,0.335,0,0
25869.HK,D,20250411,000000,0.32,0.32,0.32,0.32,0,0
25869.HK,D,20250414,000000,0.265,0.265,0.265,0.265,0,0
25869.HK,D,20250415,000000,0.247,0.247,0.247,0.247,0,0
25869.HK,D,20250416,000000,0.26,0.26,0.26,0.26,0,0
25869.HK,D,20250417,000000,0.224,0.224,0.224,0.224,0,0
