<TICKER>,<PER>,<DATE>,<TIME>,<OPEN>,<HIGH>,<LOW>,<CLOSE>,<VOL>,<OPENINT>
26294.HK,D,20240827,000000,0.124,0.127,0.123,0.123,700000,0
26294.HK,D,20240828,000000,0.129,0.134,0.128,0.134,1100000,0
26294.HK,D,20240829,000000,0.138,0.138,0.13,0.13,1800000,0
26294.HK,D,20240830,000000,0.125,0.125,0.12,0.121,1840000,0
26294.HK,D,20240902,000000,0.126,0.129,0.124,0.126,2640000,0
26294.HK,D,20240903,000000,0.123,0.127,0.123,0.124,1400000,0
26294.HK,D,20240904,000000,0.132,0.132,0.128,0.131,1600000,0
26294.HK,D,20240905,000000,0.133,0.133,0.13,0.131,700000,0
26294.HK,D,20240909,000000,0.136,0.143,0.134,0.134,2040000,0
26294.HK,D,20240910,000000,0.135,0.139,0.135,0.137,1000000,0
26294.HK,D,20240911,000000,0.144,0.144,0.134,0.134,3900000,0
26294.HK,D,20240912,000000,0.129,0.13,0.125,0.13,1900000,0
26294.HK,D,20240913,000000,0.129,0.13,0.127,0.127,1100000,0
26294.HK,D,20240916,000000,0.13,0.13,0.123,0.123,600000,0
26294.HK,D,20240917,000000,0.13,0.13,0.119,0.119,120000,0
26294.HK,D,20240919,000000,0.121,0.122,0.104,0.104,27560000,0
26294.HK,D,20240920,000000,0.1,0.111,0.1,0.105,10810000,0
26294.HK,D,20240923,000000,0.104,0.109,0.104,0.109,19770000,0
26294.HK,D,20240924,000000,0.103,0.103,0.09,0.09,3760000,0
26294.HK,D,20240925,000000,0.077,0.092,0.077,0.09,10810000,0
26294.HK,D,20240926,000000,0.081,0.081,0.068,0.069,10210000,0
26294.HK,D,20240927,000000,0.057,0.076,0.057,0.074,46250000,0
26294.HK,D,20240930,000000,0.066,0.084,0.066,0.083,64550000,0
26294.HK,D,20241002,000000,0.073,0.097,0.07,0.09,9770000,0
26294.HK,D,20241003,000000,0.096,0.096,0.08,0.088,5950000,0
26294.HK,D,20241004,000000,0.083,0.09,0.082,0.082,8450000,0
26294.HK,D,20241007,000000,0.078,0.078,0.074,0.078,300000,0
26294.HK,D,20241008,000000,0.087,0.119,0.082,0.109,26620000,0
26294.HK,D,20241009,000000,0.108,0.111,0.088,0.104,10040000,0
26294.HK,D,20241010,000000,0.103,0.11,0.1,0.102,3060000,0
26294.HK,D,20241014,000000,0.101,0.109,0.093,0.097,5800000,0
26294.HK,D,20241015,000000,0.102,0.114,0.098,0.112,4750000,0
26294.HK,D,20241016,000000,0.113,0.115,0.106,0.109,400000,0
26294.HK,D,20241017,000000,0.103,0.111,0.102,0.111,700000,0
26294.HK,D,20241018,000000,0.104,0.104,0.09,0.104,400000,0
26294.HK,D,20241021,000000,0.109,0.114,0.107,0.114,120000,0
26294.HK,D,20241022,000000,0.114,0.114,0.114,0.114,0,0
26294.HK,D,20241023,000000,0.105,0.105,0.102,0.105,100000,0
26294.HK,D,20241024,000000,0.111,0.111,0.111,0.111,0,0
26294.HK,D,20241025,000000,0.111,0.113,0.111,0.111,300000,0
26294.HK,D,20241028,000000,0.111,0.111,0.111,0.111,0,0
26294.HK,D,20241029,000000,0.106,0.108,0.105,0.108,700000,0
26294.HK,D,20241030,000000,0.112,0.112,0.112,0.112,0,0
26294.HK,D,20241031,000000,0.108,0.114,0.105,0.114,1800000,0
26294.HK,D,20241101,000000,0.109,0.109,0.099,0.099,1000000,0
26294.HK,D,20241104,000000,0.099,0.099,0.096,0.096,120000,0
26294.HK,D,20241105,000000,0.096,0.096,0.092,0.094,1200000,0
26294.HK,D,20241106,000000,0.099,0.109,0.097,0.099,2200000,0
26294.HK,D,20241107,000000,0.102,0.103,0.087,0.087,4730000,0
26294.HK,D,20241108,000000,0.087,0.092,0.087,0.09,1500000,0
26294.HK,D,20241111,000000,0.104,0.104,0.096,0.096,120000,0
26294.HK,D,20241112,000000,0.101,0.101,0.101,0.101,50000,0
26294.HK,D,20241113,000000,0.107,0.108,0.097,0.097,430000,0
26294.HK,D,20241114,000000,0.093,0.098,0.09,0.095,720000,0
26294.HK,D,20241115,000000,0.098,0.1,0.093,0.098,1350000,0
26294.HK,D,20241118,000000,0.095,0.098,0.095,0.095,100000,0
26294.HK,D,20241119,000000,0.091,0.091,0.09,0.09,20000,0
26294.HK,D,20241120,000000,0.083,0.083,0.083,0.083,0,0
26294.HK,D,20241121,000000,0.085,0.085,0.083,0.083,200000,0
26294.HK,D,20241122,000000,0.079,0.088,0.079,0.088,950000,0
26294.HK,D,20241125,000000,0.093,0.094,0.09,0.094,240000,0
26294.HK,D,20241126,000000,0.091,0.093,0.089,0.093,1600000,0
26294.HK,D,20241127,000000,0.093,0.093,0.083,0.083,900000,0
26294.HK,D,20241128,000000,0.083,0.087,0.083,0.086,480000,0
26294.HK,D,20241129,000000,0.087,0.087,0.087,0.087,0,0
26294.HK,D,20241202,000000,0.087,0.09,0.087,0.087,840000,0
26294.HK,D,20241203,000000,0.09,0.091,0.082,0.082,5260000,0
26294.HK,D,20241204,000000,0.084,0.084,0.08,0.083,3820000,0
26294.HK,D,20241205,000000,0.081,0.083,0.079,0.079,2760000,0
26294.HK,D,20241206,000000,0.073,0.074,0.07,0.071,5910000,0
26294.HK,D,20241209,000000,0.076,0.076,0.063,0.063,4990000,0
26294.HK,D,20241210,000000,0.065,0.078,0.065,0.076,5780000,0
26294.HK,D,20241211,000000,0.077,0.081,0.077,0.078,6000000,0
26294.HK,D,20241212,000000,0.077,0.077,0.066,0.073,6560000,0
26294.HK,D,20241213,000000,0.079,0.082,0.077,0.081,2200000,0
26294.HK,D,20241216,000000,0.084,0.087,0.083,0.085,2120000,0
26294.HK,D,20241217,000000,0.086,0.088,0.084,0.085,2760000,0
26294.HK,D,20241218,000000,0.083,0.085,0.083,0.083,3400000,0
26294.HK,D,20241219,000000,0.088,0.088,0.07,0.072,2080000,0
26294.HK,D,20241220,000000,0.062,0.066,0.061,0.062,3340000,0
26294.HK,D,20241223,000000,0.068,0.07,0.067,0.067,1660000,0
26294.HK,D,20241224,000000,0.068,0.068,0.068,0.068,500000,0
26294.HK,D,20241227,000000,0.071,0.071,0.068,0.069,1500000,0
26294.HK,D,20241230,000000,0.067,0.069,0.067,0.067,1000000,0
26294.HK,D,20241231,000000,0.065,0.065,0.065,0.065,0,0
26294.HK,D,20250102,000000,0.068,0.068,0.063,0.068,520000,0
26294.HK,D,20250103,000000,0.068,0.071,0.066,0.069,1340000,0
26294.HK,D,20250106,000000,0.072,0.076,0.072,0.074,1320000,0
26294.HK,D,20250107,000000,0.108,0.124,0.108,0.12,6670000,0
26294.HK,D,20250108,000000,0.127,0.142,0.126,0.134,13860000,0
26294.HK,D,20250109,000000,0.14,0.141,0.118,0.124,6390000,0
26294.HK,D,20250110,000000,0.119,0.132,0.119,0.131,2840000,0
26294.HK,D,20250113,000000,0.131,0.138,0.131,0.136,8380000,0
26294.HK,D,20250114,000000,0.128,0.129,0.117,0.12,8100000,0
26294.HK,D,20250115,000000,0.116,0.118,0.109,0.114,5760000,0
26294.HK,D,20250116,000000,0.11,0.119,0.109,0.11,12100000,0
26294.HK,D,20250117,000000,0.114,0.116,0.113,0.115,1280000,0
26294.HK,D,20250120,000000,0.104,0.104,0.096,0.099,6560000,0
26294.HK,D,20250121,000000,0.1,0.103,0.097,0.101,4540000,0
26294.HK,D,20250122,000000,0.109,0.11,0.107,0.108,5300000,0
26294.HK,D,20250123,000000,0.106,0.111,0.106,0.108,4900000,0
26294.HK,D,20250124,000000,0.102,0.102,0.093,0.093,5540000,0
26294.HK,D,20250127,000000,0.09,0.093,0.088,0.088,3830000,0
26294.HK,D,20250128,000000,0.081,0.084,0.08,0.084,2300000,0
26294.HK,D,20250203,000000,0.09,0.093,0.081,0.087,9860000,0
26294.HK,D,20250204,000000,0.083,0.088,0.074,0.079,9840000,0
26294.HK,D,20250205,000000,0.086,0.087,0.08,0.081,6060000,0
26294.HK,D,20250206,000000,0.083,0.083,0.077,0.077,3480000,0
26294.HK,D,20250207,000000,0.076,0.077,0.071,0.071,7520000,0
26294.HK,D,20250210,000000,0.066,0.071,0.066,0.069,6230000,0
26294.HK,D,20250211,000000,0.07,0.076,0.068,0.076,3140000,0
26294.HK,D,20250212,000000,0.071,0.072,0.066,0.069,5300000,0
26294.HK,D,20250213,000000,0.065,0.076,0.052,0.075,7990000,0
26294.HK,D,20250214,000000,0.066,0.067,0.058,0.061,27020000,0
26294.HK,D,20250217,000000,0.045,0.054,0.042,0.054,45770000,0
26294.HK,D,20250218,000000,0.049,0.05,0.045,0.047,22850000,0
26294.HK,D,20250219,000000,0.049,0.05,0.046,0.047,4570000,0
26294.HK,D,20250220,000000,0.048,0.05,0.046,0.049,2060000,0
26294.HK,D,20250221,000000,0.042,0.049,0.039,0.049,11440000,0
26294.HK,D,20250224,000000,0.051,0.058,0.051,0.058,1000000,0
26294.HK,D,20250225,000000,0.063,0.064,0.061,0.061,2670000,0
26294.HK,D,20250226,000000,0.058,0.058,0.056,0.056,220000,0
26294.HK,D,20250227,000000,0.054,0.055,0.054,0.055,100000,0
26294.HK,D,20250228,000000,0.06,0.06,0.058,0.06,130000,0
26294.HK,D,20250303,000000,0.056,0.056,0.055,0.055,70000,0
26294.HK,D,20250304,000000,0.052,0.052,0.052,0.052,0,0
26294.HK,D,20250305,000000,0.049,0.049,0.049,0.049,0,0
26294.HK,D,20250306,000000,0.044,0.054,0.044,0.054,1910000,0
26294.HK,D,20250307,000000,0.057,0.057,0.057,0.057,0,0
26294.HK,D,20250310,000000,0.054,0.07,0.054,0.054,150000,0
26294.HK,D,20250311,000000,0.07,0.071,0.07,0.071,50000,0
26294.HK,D,20250312,000000,0.071,0.071,0.054,0.068,410000,0
26294.HK,D,20250313,000000,0.068,0.068,0.068,0.068,0,0
26294.HK,D,20250314,000000,0.078,0.078,0.05,0.05,150000,0
26294.HK,D,20250317,000000,0.064,0.065,0.052,0.052,270000,0
26294.HK,D,20250318,000000,0.063,0.067,0.05,0.067,600000,0
26294.HK,D,20250319,000000,0.05,0.075,0.049,0.075,1100000,0
26294.HK,D,20250320,000000,0.076,0.076,0.046,0.055,1550000,0
26294.HK,D,20250321,000000,0.061,0.061,0.061,0.061,200000,0
26294.HK,D,20250324,000000,0.06,0.06,0.06,0.06,50000,0
26294.HK,D,20250325,000000,0.056,0.06,0.053,0.06,250000,0
26294.HK,D,20250326,000000,0.07,0.07,0.053,0.07,450000,0
26294.HK,D,20250327,000000,0.07,0.07,0.057,0.07,500000,0
26294.HK,D,20250328,000000,0.054,0.061,0.05,0.05,780000,0
26294.HK,D,20250331,000000,0.059,0.059,0.051,0.055,400000,0
26294.HK,D,20250401,000000,0.056,0.056,0.056,0.056,150000,0
26294.HK,D,20250402,000000,0.065,0.065,0.05,0.057,530000,0
26294.HK,D,20250403,000000,0.052,0.053,0.052,0.052,150000,0
26294.HK,D,20250407,000000,0.149,0.167,0.137,0.167,2490000,0
26294.HK,D,20250408,000000,0.147,0.147,0.125,0.125,310000,0
26294.HK,D,20250409,000000,0.143,0.143,0.125,0.125,1330000,0
26294.HK,D,20250410,000000,0.104,0.115,0.1,0.113,12760000,0
26294.HK,D,20250411,000000,0.121,0.127,0.107,0.116,15200000,0
26294.HK,D,20250414,000000,0.106,0.106,0.101,0.106,4200000,0
26294.HK,D,20250415,000000,0.102,0.104,0.098,0.098,3390000,0
26294.HK,D,20250416,000000,0.109,0.111,0.102,0.105,7900000,0
26294.HK,D,20250417,000000,0.096,0.096,0.09,0.091,2640000,0
