<TICKER>,<PER>,<DATE>,<TIME>,<OPEN>,<HIGH>,<LOW>,<CLOSE>,<VOL>,<OPENINT>
26476.HK,D,20240729,000000,0.079,0.085,0.078,0.085,48020000,0
26476.HK,D,20240730,000000,0.068,0.068,0.068,0.068,72010000,0
26476.HK,D,20240731,000000,0.074,0.074,0.074,0.074,10000,0
26476.HK,D,20240801,000000,0.082,0.082,0.08,0.08,400000,0
26476.HK,D,20240802,000000,0.069,0.071,0.069,0.071,132080000,0
26476.HK,D,20240805,000000,0.061,0.061,0.061,0.061,0,0
26476.HK,D,20240806,000000,0.056,0.056,0.056,0.056,0,0
26476.HK,D,20240807,000000,0.063,0.063,0.063,0.063,0,0
26476.HK,D,20240808,000000,0.063,0.063,0.06,0.062,300000,0
26476.HK,D,20240809,000000,0.068,0.068,0.068,0.068,0,0
26476.HK,D,20240812,000000,0.068,0.068,0.068,0.068,0,0
26476.HK,D,20240813,000000,0.078,0.078,0.067,0.068,120000,0
26476.HK,D,20240814,000000,0.067,0.067,0.065,0.066,100000,0
26476.HK,D,20240815,000000,0.066,0.07,0.066,0.067,200000,0
26476.HK,D,20240816,000000,0.076,0.076,0.075,0.075,610000,0
26476.HK,D,20240819,000000,0.075,0.077,0.073,0.074,1310000,0
26476.HK,D,20240820,000000,0.067,0.067,0.062,0.063,144100000,0
26476.HK,D,20240821,000000,0.061,0.062,0.059,0.062,140000,0
26476.HK,D,20240822,000000,0.064,0.064,0.064,0.064,0,0
26476.HK,D,20240823,000000,0.061,0.062,0.061,0.062,136010000,0
26476.HK,D,20240826,000000,0.068,0.068,0.068,0.068,10000,0
26476.HK,D,20240827,000000,0.073,0.087,0.073,0.083,85520000,0
26476.HK,D,20240828,000000,0.083,0.084,0.079,0.08,89730000,0
26476.HK,D,20240829,000000,0.075,0.077,0.073,0.075,57020000,0
26476.HK,D,20240830,000000,0.08,0.08,0.075,0.079,88900000,0
26476.HK,D,20240902,000000,0.073,0.074,0.072,0.074,68720000,0
26476.HK,D,20240903,000000,0.068,0.069,0.066,0.068,92680000,0
26476.HK,D,20240904,000000,0.054,0.054,0.047,0.048,176230000,0
26476.HK,D,20240905,000000,0.043,0.043,0.038,0.042,2620000,0
26476.HK,D,20240909,000000,0.03,0.03,0.03,0.03,240000,0
26476.HK,D,20240910,000000,0.031,0.031,0.03,0.031,120550000,0
26476.HK,D,20240911,000000,0.031,0.031,0.022,0.027,920000,0
26476.HK,D,20240912,000000,0.025,0.027,0.025,0.026,4990000,0
26476.HK,D,20240913,000000,0.03,0.03,0.029,0.029,1100000,0
26476.HK,D,20240916,000000,0.027,0.027,0.027,0.027,50000,0
26476.HK,D,20240917,000000,0.03,0.031,0.03,0.03,3100000,0
26476.HK,D,20240919,000000,0.03,0.03,0.03,0.03,1000000,0
26476.HK,D,20240920,000000,0.034,0.035,0.032,0.032,370000,0
26476.HK,D,20240923,000000,0.036,0.036,0.036,0.036,70000,0
26476.HK,D,20240924,000000,0.045,0.046,0.045,0.046,870000,0
26476.HK,D,20240925,000000,0.06,0.061,0.054,0.054,5000000,0
26476.HK,D,20240926,000000,0.049,0.049,0.041,0.048,2340000,0
26476.HK,D,20240927,000000,0.048,0.054,0.048,0.049,2200000,0
26476.HK,D,20240930,000000,0.052,0.056,0.052,0.056,200000,0
26476.HK,D,20241002,000000,0.067,0.089,0.06,0.089,4880000,0
26476.HK,D,20241003,000000,0.095,0.101,0.089,0.095,2770000,0
26476.HK,D,20241004,000000,0.1,0.117,0.1,0.113,268740000,0
26476.HK,D,20241007,000000,0.153,0.156,0.135,0.143,15400000,0
26476.HK,D,20241008,000000,0.142,0.142,0.103,0.103,8650000,0
26476.HK,D,20241009,000000,0.096,0.1,0.081,0.089,6580000,0
26476.HK,D,20241010,000000,0.097,0.107,0.093,0.102,38650000,0
26476.HK,D,20241014,000000,0.104,0.11,0.097,0.099,2380000,0
26476.HK,D,20241015,000000,0.088,0.091,0.084,0.084,168300000,0
26476.HK,D,20241016,000000,0.072,0.08,0.072,0.076,74040000,0
26476.HK,D,20241017,000000,0.081,0.081,0.064,0.066,88990000,0
26476.HK,D,20241018,000000,0.069,0.072,0.066,0.07,88490000,0
26476.HK,D,20241021,000000,0.069,0.069,0.063,0.064,146130000,0
26476.HK,D,20241022,000000,0.067,0.067,0.062,0.063,80810000,0
26476.HK,D,20241023,000000,0.065,0.066,0.065,0.065,90760000,0
26476.HK,D,20241024,000000,0.061,0.064,0.061,0.063,72700000,0
26476.HK,D,20241025,000000,0.061,0.061,0.061,0.061,96070000,0
26476.HK,D,20241028,000000,0.05,0.054,0.05,0.054,145700000,0
26476.HK,D,20241029,000000,0.049,0.049,0.045,0.046,135620000,0
26476.HK,D,20241030,000000,0.049,0.05,0.045,0.045,138220000,0
26476.HK,D,20241031,000000,0.048,0.048,0.047,0.047,122200000,0
26476.HK,D,20241101,000000,0.051,0.051,0.049,0.049,96570000,0
26476.HK,D,20241104,000000,0.046,0.048,0.046,0.048,160000,0
26476.HK,D,20241105,000000,0.051,0.051,0.051,0.051,0,0
26476.HK,D,20241106,000000,0.049,0.051,0.043,0.043,102910000,0
26476.HK,D,20241107,000000,0.043,0.043,0.043,0.043,0,0
26476.HK,D,20241108,000000,0.043,0.043,0.041,0.041,84970000,0
26476.HK,D,20241111,000000,0.034,0.036,0.033,0.036,103860000,0
26476.HK,D,20241112,000000,0.034,0.034,0.03,0.031,72050000,0
26476.HK,D,20241113,000000,0.031,0.031,0.031,0.031,280000,0
26476.HK,D,20241114,000000,0.029,0.03,0.029,0.029,100000,0
26476.HK,D,20241115,000000,0.029,0.03,0.029,0.029,200000,0
26476.HK,D,20241118,000000,0.033,0.033,0.033,0.033,500000,0
26476.HK,D,20241119,000000,0.033,0.033,0.033,0.033,100000,0
26476.HK,D,20241120,000000,0.033,0.033,0.033,0.033,0,0
26476.HK,D,20241121,000000,0.032,0.032,0.032,0.032,100000,0
26476.HK,D,20241122,000000,0.03,0.03,0.03,0.03,0,0
26476.HK,D,20241125,000000,0.029,0.029,0.029,0.029,0,0
26476.HK,D,20241126,000000,0.029,0.029,0.029,0.029,0,0
26476.HK,D,20241127,000000,0.027,0.028,0.027,0.028,1700000,0
26476.HK,D,20241128,000000,0.028,0.028,0.028,0.028,300000,0
26476.HK,D,20241129,000000,0.027,0.027,0.027,0.027,0,0
26476.HK,D,20241202,000000,0.025,0.025,0.025,0.025,0,0
26476.HK,D,20241203,000000,0.028,0.028,0.028,0.028,0,0
26476.HK,D,20241204,000000,0.033,0.035,0.033,0.035,80000,0
26476.HK,D,20241205,000000,0.033,0.033,0.033,0.033,0,0
26476.HK,D,20241206,000000,0.033,0.033,0.033,0.033,0,0
26476.HK,D,20241209,000000,0.035,0.035,0.035,0.035,0,0
26476.HK,D,20241210,000000,0.033,0.033,0.033,0.033,0,0
26476.HK,D,20241211,000000,0.033,0.033,0.033,0.033,0,0
26476.HK,D,20241212,000000,0.032,0.032,0.032,0.032,0,0
26476.HK,D,20241213,000000,0.027,0.027,0.027,0.027,380000,0
26476.HK,D,20241216,000000,0.03,0.03,0.03,0.03,0,0
26476.HK,D,20241217,000000,0.032,0.032,0.032,0.032,120000,0
26476.HK,D,20241218,000000,0.032,0.032,0.032,0.032,0,0
26476.HK,D,20241219,000000,0.032,0.032,0.032,0.032,0,0
26476.HK,D,20241220,000000,0.031,0.031,0.031,0.031,0,0
26476.HK,D,20241223,000000,0.032,0.032,0.032,0.032,0,0
26476.HK,D,20241224,000000,0.039,0.039,0.039,0.039,0,0
26476.HK,D,20241227,000000,0.039,0.039,0.039,0.039,80000,0
26476.HK,D,20241230,000000,0.039,0.039,0.039,0.039,0,0
26476.HK,D,20241231,000000,0.041,0.041,0.041,0.041,0,0
26476.HK,D,20250102,000000,0.038,0.038,0.038,0.038,0,0
26476.HK,D,20250103,000000,0.04,0.04,0.04,0.04,0,0
26476.HK,D,20250106,000000,0.042,0.042,0.042,0.042,0,0
26476.HK,D,20250107,000000,0.041,0.041,0.041,0.041,0,0
26476.HK,D,20250108,000000,0.044,0.045,0.044,0.044,90000,0
26476.HK,D,20250109,000000,0.042,0.042,0.042,0.042,0,0
26476.HK,D,20250110,000000,0.04,0.04,0.04,0.04,0,0
26476.HK,D,20250113,000000,0.041,0.047,0.041,0.047,160000,0
26476.HK,D,20250114,000000,0.047,0.047,0.047,0.047,0,0
26476.HK,D,20250115,000000,0.047,0.047,0.045,0.045,200000,0
26476.HK,D,20250116,000000,0.046,0.046,0.046,0.046,0,0
26476.HK,D,20250117,000000,0.043,0.044,0.043,0.043,100000,0
26476.HK,D,20250120,000000,0.04,0.04,0.04,0.04,0,0
26476.HK,D,20250121,000000,0.036,0.036,0.036,0.036,100000,0
26476.HK,D,20250122,000000,0.033,0.033,0.033,0.033,0,0
26476.HK,D,20250123,000000,0.03,0.03,0.03,0.03,0,0
26476.HK,D,20250124,000000,0.029,0.029,0.029,0.029,0,0
26476.HK,D,20250127,000000,0.03,0.03,0.03,0.03,0,0
26476.HK,D,20250128,000000,0.029,0.029,0.029,0.029,0,0
26476.HK,D,20250203,000000,0.026,0.026,0.026,0.026,0,0
26476.HK,D,20250204,000000,0.028,0.028,0.028,0.028,0,0
26476.HK,D,20250205,000000,0.026,0.027,0.026,0.027,1210000,0
26476.HK,D,20250206,000000,0.027,0.027,0.027,0.027,0,0
26476.HK,D,20250207,000000,0.026,0.026,0.026,0.026,820000,0
26476.HK,D,20250210,000000,0.026,0.026,0.026,0.026,0,0
26476.HK,D,20250211,000000,0.027,0.027,0.027,0.027,0,0
26476.HK,D,20250212,000000,0.031,0.031,0.031,0.031,0,0
26476.HK,D,20250213,000000,0.029,0.029,0.029,0.029,0,0
26476.HK,D,20250214,000000,0.029,0.029,0.027,0.027,13280000,0
26476.HK,D,20250217,000000,0.024,0.026,0.024,0.026,15600000,0
26476.HK,D,20250218,000000,0.025,0.027,0.025,0.025,16520000,0
26476.HK,D,20250219,000000,0.025,0.025,0.025,0.025,0,0
26476.HK,D,20250220,000000,0.026,0.027,0.026,0.026,16200000,0
26476.HK,D,20250221,000000,0.025,0.025,0.025,0.025,23000000,0
26476.HK,D,20250224,000000,0.024,0.024,0.023,0.023,1640000,0
26476.HK,D,20250225,000000,0.022,0.023,0.022,0.022,660000,0
26476.HK,D,20250226,000000,0.022,0.022,0.022,0.022,200000,0
26476.HK,D,20250227,000000,0.022,0.022,0.022,0.022,0,0
26476.HK,D,20250228,000000,0.02,0.02,0.02,0.02,0,0
26476.HK,D,20250303,000000,0.02,0.02,0.02,0.02,210000,0
26476.HK,D,20250304,000000,0.017,0.017,0.017,0.017,50000,0
26476.HK,D,20250305,000000,0.018,0.018,0.018,0.018,0,0
26476.HK,D,20250306,000000,0.018,0.018,0.018,0.018,0,0
26476.HK,D,20250307,000000,0.019,0.019,0.019,0.019,0,0
26476.HK,D,20250310,000000,0.02,0.02,0.02,0.02,200000,0
26476.HK,D,20250311,000000,0.02,0.02,0.02,0.02,0,0
26476.HK,D,20250312,000000,0.02,0.02,0.02,0.02,0,0
26476.HK,D,20250313,000000,0.019,0.019,0.019,0.019,0,0
26476.HK,D,20250314,000000,0.019,0.019,0.019,0.019,0,0
26476.HK,D,20250317,000000,0.021,0.021,0.021,0.021,0,0
26476.HK,D,20250318,000000,0.022,0.023,0.022,0.023,2400000,0
26476.HK,D,20250319,000000,0.021,0.021,0.021,0.021,50000,0
26476.HK,D,20250320,000000,0.019,0.02,0.019,0.02,2500000,0
26476.HK,D,20250321,000000,0.02,0.02,0.02,0.02,0,0
26476.HK,D,20250324,000000,0.018,0.018,0.018,0.018,50000,0
26476.HK,D,20250325,000000,0.018,0.018,0.018,0.018,0,0
26476.HK,D,20250326,000000,0.018,0.018,0.018,0.018,0,0
26476.HK,D,20250327,000000,0.019,0.019,0.019,0.019,0,0
26476.HK,D,20250328,000000,0.018,0.018,0.018,0.018,0,0
26476.HK,D,20250331,000000,0.019,0.019,0.019,0.019,1280000,0
26476.HK,D,20250401,000000,0.024,0.024,0.022,0.022,1020000,0
26476.HK,D,20250402,000000,0.021,0.021,0.021,0.021,0,0
26476.HK,D,20250403,000000,0.02,0.02,0.02,0.02,0,0
26476.HK,D,20250407,000000,0.02,0.02,0.02,0.02,0,0
26476.HK,D,20250408,000000,0.02,0.02,0.02,0.02,0,0
26476.HK,D,20250409,000000,0.02,0.02,0.02,0.02,0,0
26476.HK,D,20250410,000000,0.02,0.02,0.02,0.02,0,0
26476.HK,D,20250411,000000,0.02,0.02,0.02,0.02,0,0
26476.HK,D,20250414,000000,0.02,0.02,0.02,0.02,0,0
26476.HK,D,20250415,000000,0.02,0.02,0.02,0.02,0,0
26476.HK,D,20250416,000000,0.02,0.02,0.02,0.02,0,0
26476.HK,D,20250417,000000,0.02,0.02,0.02,0.02,0,0
