<TICKER>,<PER>,<DATE>,<TIME>,<OPEN>,<HIGH>,<LOW>,<CLOSE>,<VOL>,<OPENINT>
26755.HK,D,20240819,000000,0.094,0.095,0.094,0.094,20000,0
26755.HK,D,20240820,000000,0.099,0.099,0.098,0.099,210000,0
26755.HK,D,20240821,000000,0.096,0.096,0.093,0.094,1000000,0
26755.HK,D,20240822,000000,0.095,0.095,0.095,0.095,0,0
26755.HK,D,20240823,000000,0.095,0.095,0.095,0.095,0,0
26755.HK,D,20240826,000000,0.098,0.098,0.098,0.098,100000,0
26755.HK,D,20240827,000000,0.095,0.095,0.095,0.095,0,0
26755.HK,D,20240828,000000,0.095,0.095,0.093,0.093,400000,0
26755.HK,D,20240829,000000,0.094,0.094,0.094,0.094,0,0
26755.HK,D,20240830,000000,0.097,0.097,0.092,0.094,920000,0
26755.HK,D,20240902,000000,0.102,0.104,0.102,0.104,10000,0
26755.HK,D,20240903,000000,0.099,0.099,0.099,0.099,0,0
26755.HK,D,20240904,000000,0.097,0.099,0.096,0.097,60000,0
26755.HK,D,20240905,000000,0.101,0.101,0.101,0.101,0,0
26755.HK,D,20240909,000000,0.105,0.105,0.105,0.105,0,0
26755.HK,D,20240910,000000,0.103,0.103,0.103,0.103,900000,0
26755.HK,D,20240911,000000,0.107,0.107,0.107,0.107,50000,0
26755.HK,D,20240912,000000,0.102,0.102,0.101,0.101,300000,0
26755.HK,D,20240913,000000,0.109,0.109,0.105,0.105,400000,0
26755.HK,D,20240916,000000,0.101,0.105,0.1,0.105,800000,0
26755.HK,D,20240917,000000,0.106,0.106,0.106,0.106,0,0
26755.HK,D,20240919,000000,0.109,0.111,0.109,0.11,290000,0
26755.HK,D,20240920,000000,0.114,0.114,0.114,0.114,0,0
26755.HK,D,20240923,000000,0.114,0.117,0.111,0.112,605000,0
26755.HK,D,20240924,000000,0.113,0.117,0.113,0.117,395000,0
26755.HK,D,20240925,000000,0.123,0.126,0.119,0.119,570000,0
26755.HK,D,20240926,000000,0.123,0.148,0.123,0.148,1535000,0
26755.HK,D,20240927,000000,0.159,0.169,0.155,0.168,1175000,0
26755.HK,D,20240930,000000,0.178,0.178,0.161,0.162,1490000,0
26755.HK,D,20241002,000000,0.157,0.157,0.145,0.155,1670000,0
26755.HK,D,20241003,000000,0.143,0.149,0.14,0.144,1840000,0
26755.HK,D,20241004,000000,0.145,0.146,0.141,0.141,480000,0
26755.HK,D,20241007,000000,0.149,0.181,0.149,0.181,2020000,0
26755.HK,D,20241008,000000,0.17,0.172,0.145,0.145,3980000,0
26755.HK,D,20241009,000000,0.149,0.149,0.131,0.135,2630000,0
26755.HK,D,20241010,000000,0.146,0.153,0.146,0.152,1510000,0
26755.HK,D,20241014,000000,0.147,0.151,0.134,0.134,1880000,0
26755.HK,D,20241015,000000,0.138,0.138,0.128,0.131,860000,0
26755.HK,D,20241016,000000,0.125,0.13,0.124,0.124,650000,0
26755.HK,D,20241017,000000,0.125,0.126,0.125,0.125,270000,0
26755.HK,D,20241018,000000,0.128,0.132,0.127,0.132,320000,0
26755.HK,D,20241021,000000,0.13,0.13,0.126,0.126,150000,0
26755.HK,D,20241022,000000,0.127,0.128,0.127,0.128,500000,0
26755.HK,D,20241023,000000,0.13,0.136,0.13,0.133,1210000,0
26755.HK,D,20241024,000000,0.134,0.134,0.131,0.132,260000,0
26755.HK,D,20241025,000000,0.136,0.147,0.136,0.147,180000,0
26755.HK,D,20241028,000000,0.152,0.156,0.151,0.154,1040000,0
26755.HK,D,20241029,000000,0.147,0.147,0.147,0.147,0,0
26755.HK,D,20241030,000000,0.14,0.14,0.14,0.14,0,0
26755.HK,D,20241031,000000,0.141,0.141,0.14,0.14,200000,0
26755.HK,D,20241101,000000,0.14,0.14,0.14,0.14,0,0
26755.HK,D,20241104,000000,0.137,0.137,0.137,0.137,0,0
26755.HK,D,20241105,000000,0.142,0.142,0.142,0.142,0,0
26755.HK,D,20241106,000000,0.148,0.148,0.14,0.14,370000,0
26755.HK,D,20241107,000000,0.143,0.143,0.141,0.143,180000,0
26755.HK,D,20241108,000000,0.136,0.136,0.136,0.136,0,0
26755.HK,D,20241111,000000,0.133,0.134,0.133,0.133,20000,0
26755.HK,D,20241112,000000,0.128,0.133,0.125,0.128,405000,0
26755.HK,D,20241113,000000,0.128,0.128,0.128,0.128,0,0
26755.HK,D,20241114,000000,0.127,0.127,0.127,0.127,0,0
26755.HK,D,20241115,000000,0.235,0.235,0.197,0.197,280000,0
26755.HK,D,20241118,000000,0.221,0.221,0.219,0.221,300000,0
26755.HK,D,20241119,000000,0.225,0.225,0.225,0.225,40000,0
26755.HK,D,20241120,000000,0.227,0.227,0.227,0.227,100000,0
26755.HK,D,20241121,000000,0.238,0.255,0.238,0.255,2860000,0
26755.HK,D,20241122,000000,0.265,0.265,0.265,0.265,0,0
26755.HK,D,20241125,000000,0.26,0.275,0.26,0.275,100000,0
26755.HK,D,20241126,000000,0.3,0.31,0.3,0.31,40000,0
26755.HK,D,20241127,000000,0.295,0.295,0.29,0.295,155000,0
26755.HK,D,20241128,000000,0.305,0.305,0.305,0.305,0,0
26755.HK,D,20241129,000000,0.32,0.32,0.31,0.32,25000,0
26755.HK,D,20241202,000000,0.32,0.32,0.32,0.32,0,0
26755.HK,D,20241203,000000,0.32,0.32,0.32,0.32,0,0
26755.HK,D,20241204,000000,0.305,0.305,0.305,0.305,15000,0
26755.HK,D,20241205,000000,0.305,0.305,0.305,0.305,0,0
26755.HK,D,20241206,000000,0.325,0.325,0.325,0.325,30000,0
26755.HK,D,20241209,000000,0.33,0.33,0.33,0.33,25000,0
26755.HK,D,20241210,000000,0.335,0.335,0.335,0.335,25000,0
26755.HK,D,20241211,000000,0.33,0.33,0.33,0.33,0,0
26755.HK,D,20241212,000000,0.315,0.315,0.315,0.315,0,0
26755.HK,D,20241213,000000,0.315,0.315,0.315,0.315,0,0
26755.HK,D,20241216,000000,0.29,0.29,0.29,0.29,200000,0
26755.HK,D,20241217,000000,0.29,0.29,0.29,0.29,0,0
26755.HK,D,20241218,000000,0.285,0.285,0.285,0.285,0,0
26755.HK,D,20241219,000000,0.285,0.285,0.285,0.285,0,0
26755.HK,D,20241220,000000,0.275,0.275,0.275,0.275,0,0
26755.HK,D,20241223,000000,0.275,0.275,0.275,0.275,0,0
26755.HK,D,20241224,000000,0.28,0.28,0.28,0.28,0,0
26755.HK,D,20241227,000000,0.28,0.28,0.28,0.28,0,0
26755.HK,D,20241230,000000,0.28,0.28,0.28,0.28,0,0
26755.HK,D,20241231,000000,0.28,0.28,0.28,0.28,0,0
26755.HK,D,20250102,000000,0.28,0.28,0.28,0.28,0,0
26755.HK,D,20250103,000000,0.28,0.28,0.28,0.28,0,0
26755.HK,D,20250106,000000,0.28,0.28,0.28,0.28,0,0
26755.HK,D,20250107,000000,0.29,0.29,0.29,0.29,0,0
26755.HK,D,20250108,000000,0.325,0.325,0.325,0.325,25000,0
26755.HK,D,20250109,000000,0.4,0.42,0.4,0.42,50000,0
26755.HK,D,20250110,000000,0.42,0.42,0.42,0.42,0,0
26755.HK,D,20250113,000000,0.4,0.4,0.4,0.4,0,0
26755.HK,D,20250114,000000,0.4,0.4,0.4,0.4,0,0
26755.HK,D,20250115,000000,0.4,0.4,0.4,0.4,0,0
26755.HK,D,20250116,000000,0.405,0.405,0.405,0.405,0,0
26755.HK,D,20250117,000000,0.405,0.405,0.405,0.405,0,0
26755.HK,D,20250120,000000,0.405,0.405,0.405,0.405,0,0
26755.HK,D,20250121,000000,0.435,0.435,0.435,0.435,0,0
26755.HK,D,20250122,000000,0.435,0.435,0.435,0.435,0,0
26755.HK,D,20250123,000000,0.425,0.425,0.41,0.425,5000,0
26755.HK,D,20250124,000000,0.425,0.425,0.425,0.425,0,0
26755.HK,D,20250127,000000,0.425,0.425,0.425,0.425,0,0
26755.HK,D,20250128,000000,0.425,0.425,0.425,0.425,0,0
26755.HK,D,20250203,000000,0.415,0.415,0.415,0.415,0,0
26755.HK,D,20250204,000000,0.415,0.415,0.415,0.415,0,0
26755.HK,D,20250205,000000,0.375,0.375,0.375,0.375,0,0
26755.HK,D,20250206,000000,0.39,0.39,0.39,0.39,0,0
26755.HK,D,20250207,000000,0.35,0.35,0.35,0.35,0,0
26755.HK,D,20250210,000000,0.36,0.36,0.36,0.36,0,0
26755.HK,D,20250211,000000,0.36,0.36,0.36,0.36,0,0
26755.HK,D,20250212,000000,0.36,0.36,0.36,0.36,0,0
26755.HK,D,20250213,000000,0.36,0.36,0.36,0.36,0,0
26755.HK,D,20250214,000000,0.36,0.36,0.36,0.36,0,0
26755.HK,D,20250217,000000,0.36,0.36,0.36,0.36,0,0
26755.HK,D,20250218,000000,0.36,0.36,0.36,0.36,0,0
26755.HK,D,20250219,000000,0.36,0.36,0.36,0.36,0,0
26755.HK,D,20250220,000000,0.36,0.36,0.36,0.36,0,0
26755.HK,D,20250221,000000,0.36,0.36,0.36,0.36,0,0
26755.HK,D,20250224,000000,0.36,0.36,0.36,0.36,0,0
26755.HK,D,20250225,000000,0.36,0.36,0.36,0.36,0,0
26755.HK,D,20250226,000000,0.36,0.36,0.36,0.36,0,0
26755.HK,D,20250227,000000,0.36,0.36,0.36,0.36,0,0
26755.HK,D,20250228,000000,0.36,0.36,0.36,0.36,0,0
26755.HK,D,20250303,000000,0.405,0.415,0.405,0.405,20000,0
26755.HK,D,20250304,000000,0.42,0.42,0.42,0.42,0,0
26755.HK,D,20250305,000000,0.44,0.44,0.44,0.44,0,0
26755.HK,D,20250306,000000,0.46,0.46,0.46,0.46,0,0
26755.HK,D,20250307,000000,0.495,0.495,0.495,0.495,0,0
26755.HK,D,20250310,000000,0.495,0.5,0.495,0.5,100000,0
26755.HK,D,20250311,000000,0.5,0.5,0.5,0.5,0,0
26755.HK,D,20250312,000000,0.5,0.53,0.5,0.5,200000,0
26755.HK,D,20250313,000000,0.395,0.395,0.395,0.395,0,0
26755.HK,D,20250314,000000,0.395,0.395,0.395,0.395,0,0
26755.HK,D,20250317,000000,0.395,0.395,0.395,0.395,0,0
26755.HK,D,20250318,000000,0.4,0.4,0.4,0.4,100000,0
26755.HK,D,20250319,000000,0.4,0.4,0.4,0.4,0,0
26755.HK,D,20250320,000000,0.4,0.4,0.4,0.4,0,0
26755.HK,D,20250321,000000,0.4,0.4,0.4,0.4,0,0
26755.HK,D,20250324,000000,0.415,0.415,0.415,0.415,0,0
26755.HK,D,20250325,000000,0.42,0.42,0.42,0.42,0,0
26755.HK,D,20250326,000000,0.42,0.42,0.42,0.42,0,0
26755.HK,D,20250327,000000,0.405,0.405,0.405,0.405,0,0
26755.HK,D,20250328,000000,0.4,0.4,0.4,0.4,0,0
26755.HK,D,20250331,000000,0.39,0.39,0.39,0.39,0,0
26755.HK,D,20250401,000000,0.385,0.385,0.385,0.385,0,0
26755.HK,D,20250402,000000,0.37,0.37,0.37,0.37,0,0
26755.HK,D,20250403,000000,0.3,0.3,0.3,0.3,0,0
26755.HK,D,20250407,000000,0.285,0.285,0.285,0.285,0,0
26755.HK,D,20250408,000000,0.27,0.27,0.27,0.27,0,0
26755.HK,D,20250409,000000,0.26,0.26,0.26,0.26,0,0
26755.HK,D,20250410,000000,0.27,0.27,0.27,0.27,0,0
26755.HK,D,20250411,000000,0.27,0.27,0.27,0.27,0,0
26755.HK,D,20250414,000000,0.27,0.27,0.27,0.27,0,0
26755.HK,D,20250415,000000,0.241,0.241,0.241,0.241,0,0
26755.HK,D,20250416,000000,0.232,0.232,0.232,0.232,0,0
26755.HK,D,20250417,000000,0.247,0.247,0.247,0.247,0,0
