<TICKER>,<PER>,<DATE>,<TIME>,<OPEN>,<HIGH>,<LOW>,<CLOSE>,<VOL>,<OPENINT>
26931.HK,D,20240816,000000,0.124,0.126,0.124,0.124,10000,0
26931.HK,D,20240819,000000,0.128,0.134,0.128,0.13,900000,0
26931.HK,D,20240820,000000,0.133,0.133,0.125,0.125,700000,0
26931.HK,D,20240821,000000,0.12,0.128,0.119,0.123,700000,0
26931.HK,D,20240822,000000,0.12,0.13,0.115,0.13,1700000,0
26931.HK,D,20240823,000000,0.12,0.121,0.117,0.121,400000,0
26931.HK,D,20240826,000000,0.13,0.132,0.125,0.125,600000,0
26931.HK,D,20240827,000000,0.11,0.116,0.099,0.114,1800000,0
26931.HK,D,20240828,000000,0.1,0.104,0.097,0.097,600000,0
26931.HK,D,20240829,000000,0.15,0.15,0.15,0.15,0,0
26931.HK,D,20240830,000000,0.168,0.168,0.168,0.168,0,0
26931.HK,D,20240902,000000,0.152,0.152,0.152,0.152,0,0
26931.HK,D,20240903,000000,0.167,0.167,0.165,0.166,460000,0
26931.HK,D,20240904,000000,0.177,0.177,0.16,0.16,730000,0
26931.HK,D,20240905,000000,0.156,0.159,0.155,0.159,580000,0
26931.HK,D,20240909,000000,0.157,0.158,0.154,0.154,1140000,0
26931.HK,D,20240910,000000,0.149,0.159,0.149,0.159,8730000,0
26931.HK,D,20240911,000000,0.152,0.159,0.151,0.158,1930000,0
26931.HK,D,20240912,000000,0.173,0.174,0.171,0.174,200000,0
26931.HK,D,20240913,000000,0.175,0.175,0.175,0.175,0,0
26931.HK,D,20240916,000000,0.201,0.201,0.201,0.201,0,0
26931.HK,D,20240917,000000,0.214,0.214,0.214,0.214,0,0
26931.HK,D,20240919,000000,0.218,0.255,0.218,0.255,400000,0
26931.HK,D,20240920,000000,0.27,0.27,0.27,0.27,0,0
26931.HK,D,20240923,000000,0.249,0.265,0.237,0.244,340000,0
26931.HK,D,20240924,000000,0.3,0.3,0.3,0.3,0,0
26931.HK,D,20240925,000000,0.315,0.33,0.315,0.315,870000,0
26931.HK,D,20240926,000000,0.43,0.43,0.42,0.43,870000,0
26931.HK,D,20240927,000000,0.6,0.6,0.6,0.6,0,0
26931.HK,D,20240930,000000,0.75,0.77,0.74,0.75,4230000,0
26931.HK,D,20241002,000000,1.16,1.16,1.15,1.16,30000,0
26931.HK,D,20241003,000000,1.29,1.29,1.29,1.29,0,0
26931.HK,D,20241004,000000,1.44,1.44,1.44,1.44,0,0
26931.HK,D,20241007,000000,1.45,1.45,1.45,1.45,0,0
26931.HK,D,20241008,000000,0.96,0.96,0.96,0.96,0,0
26931.HK,D,20241009,000000,0.99,1.15,0.89,1.01,1210000,0
26931.HK,D,20241010,000000,1.14,1.14,1.14,1.14,0,0
26931.HK,D,20241014,000000,0.99,1.07,0.91,0.96,750000,0
26931.HK,D,20241015,000000,0.73,0.73,0.72,0.73,20000,0
26931.HK,D,20241016,000000,0.8,0.8,0.77,0.77,20000,0
26931.HK,D,20241017,000000,0.72,0.72,0.72,0.72,0,0
26931.HK,D,20241018,000000,0.91,0.91,0.91,0.91,0,0
26931.HK,D,20241021,000000,0.88,0.88,0.88,0.88,0,0
26931.HK,D,20241022,000000,0.91,0.91,0.91,0.91,0,0
26931.HK,D,20241023,000000,1.09,1.09,1.09,1.09,0,0
26931.HK,D,20241024,000000,0.98,0.98,0.98,0.98,0,0
26931.HK,D,20241025,000000,0.95,0.95,0.95,0.95,0,0
26931.HK,D,20241028,000000,0.95,0.95,0.95,0.95,0,0
26931.HK,D,20241029,000000,0.99,0.99,0.99,0.99,0,0
26931.HK,D,20241030,000000,0.93,0.93,0.93,0.93,0,0
26931.HK,D,20241031,000000,0.92,0.92,0.92,0.92,0,0
26931.HK,D,20241101,000000,0.97,0.97,0.97,0.97,0,0
26931.HK,D,20241104,000000,0.97,0.97,0.97,0.97,0,0
26931.HK,D,20241105,000000,1.05,1.05,1.05,1.05,0,0
26931.HK,D,20241106,000000,0.99,0.99,0.99,0.99,0,0
26931.HK,D,20241107,000000,0.98,1.14,0.97,1.14,105000,0
26931.HK,D,20241108,000000,1.14,1.14,1.04,1.04,15000,0
26931.HK,D,20241111,000000,0.93,0.93,0.93,0.93,0,0
26931.HK,D,20241112,000000,0.89,0.89,0.77,0.77,10000,0
26931.HK,D,20241113,000000,0.77,0.77,0.77,0.77,0,0
26931.HK,D,20241114,000000,0.68,0.68,0.68,0.68,0,0
26931.HK,D,20241115,000000,0.68,0.68,0.68,0.68,0,0
26931.HK,D,20241118,000000,0.66,0.66,0.66,0.66,0,0
26931.HK,D,20241119,000000,0.69,0.69,0.69,0.69,0,0
26931.HK,D,20241120,000000,0.73,0.73,0.73,0.73,0,0
26931.HK,D,20241121,000000,0.72,0.72,0.72,0.72,0,0
26931.HK,D,20241122,000000,0.62,0.62,0.62,0.62,0,0
26931.HK,D,20241125,000000,0.56,0.56,0.56,0.56,0,0
26931.HK,D,20241126,000000,0.58,0.58,0.58,0.58,0,0
26931.HK,D,20241127,000000,0.74,0.74,0.74,0.74,0,0
26931.HK,D,20241128,000000,0.69,0.69,0.69,0.69,0,0
26931.HK,D,20241129,000000,0.63,0.63,0.63,0.63,0,0
26931.HK,D,20241202,000000,0.58,0.61,0.56,0.61,20000,0
26931.HK,D,20241203,000000,0.54,0.57,0.54,0.57,100000,0
26931.HK,D,20241204,000000,0.65,0.65,0.59,0.59,70000,0
26931.HK,D,20241205,000000,0.54,0.54,0.49,0.5,30000,0
26931.HK,D,20241206,000000,0.51,0.55,0.51,0.53,45000,0
26931.HK,D,20241209,000000,0.66,0.66,0.59,0.66,10000,0
26931.HK,D,20241210,000000,0.79,0.79,0.69,0.69,45000,0
26931.HK,D,20241211,000000,0.71,0.73,0.6,0.61,30000,0
26931.HK,D,20241212,000000,0.59,0.63,0.59,0.63,25000,0
26931.HK,D,20241213,000000,0.55,0.55,0.53,0.53,5000,0
26931.HK,D,20241216,000000,0.52,0.52,0.49,0.49,5000,0
26931.HK,D,20241217,000000,0.49,0.49,0.49,0.49,0,0
26931.HK,D,20241218,000000,0.5,0.5,0.49,0.49,110000,0
26931.HK,D,20241219,000000,0.48,0.48,0.48,0.48,0,0
26931.HK,D,20241220,000000,0.485,0.485,0.485,0.485,0,0
26931.HK,D,20241223,000000,0.47,0.47,0.44,0.44,130000,0
26931.HK,D,20241224,000000,0.415,0.425,0.415,0.425,110000,0
26931.HK,D,20241227,000000,0.435,0.445,0.425,0.425,85000,0
26931.HK,D,20241230,000000,0.39,0.4,0.39,0.4,100000,0
26931.HK,D,20241231,000000,0.415,0.415,0.4,0.4,135000,0
26931.HK,D,20250102,000000,0.355,0.37,0.355,0.37,100000,0
26931.HK,D,20250103,000000,0.4,0.4,0.4,0.4,0,0
26931.HK,D,20250106,000000,0.365,0.365,0.365,0.365,0,0
26931.HK,D,20250107,000000,0.345,0.345,0.345,0.345,0,0
26931.HK,D,20250108,000000,0.33,0.33,0.33,0.33,0,0
26931.HK,D,20250109,000000,0.3,0.3,0.3,0.3,0,0
26931.HK,D,20250110,000000,0.265,0.265,0.265,0.265,0,0
26931.HK,D,20250113,000000,0.243,0.243,0.243,0.243,0,0
26931.HK,D,20250114,000000,0.285,0.3,0.285,0.3,10000,0
26931.HK,D,20250115,000000,0.3,0.3,0.3,0.3,0,0
26931.HK,D,20250116,000000,0.315,0.315,0.315,0.315,0,0
26931.HK,D,20250117,000000,0.32,0.32,0.32,0.32,0,0
26931.HK,D,20250120,000000,0.35,0.415,0.35,0.405,25000,0
26931.HK,D,20250121,000000,0.435,0.435,0.435,0.435,0,0
26931.HK,D,20250122,000000,0.36,0.36,0.36,0.36,0,0
26931.HK,D,20250123,000000,0.345,0.345,0.345,0.345,0,0
26931.HK,D,20250124,000000,0.32,0.335,0.32,0.32,100000,0
26931.HK,D,20250127,000000,0.34,0.34,0.32,0.32,150000,0
26931.HK,D,20250128,000000,0.33,0.33,0.305,0.305,150000,0
26931.HK,D,20250203,000000,0.25,0.26,0.24,0.246,370000,0
26931.HK,D,20250204,000000,0.265,0.33,0.265,0.33,1000000,0
26931.HK,D,20250205,000000,0.315,0.32,0.315,0.32,50000,0
26931.HK,D,20250206,000000,0.3,0.3,0.3,0.3,50000,0
26931.HK,D,20250207,000000,0.27,0.335,0.27,0.335,90000,0
26931.HK,D,20250210,000000,0.44,0.44,0.43,0.44,10000,0
26931.HK,D,20250211,000000,0.455,0.475,0.44,0.44,200000,0
26931.HK,D,20250212,000000,0.34,0.37,0.32,0.37,120000,0
26931.HK,D,20250213,000000,0.415,0.415,0.41,0.415,10000,0
26931.HK,D,20250214,000000,0.53,0.53,0.53,0.53,0,0
26931.HK,D,20250217,000000,0.53,0.53,0.53,0.53,0,0
26931.HK,D,20250218,000000,0.56,0.56,0.56,0.56,100000,0
26931.HK,D,20250219,000000,0.51,0.53,0.485,0.49,360000,0
26931.HK,D,20250220,000000,0.395,0.395,0.36,0.365,930000,0
26931.HK,D,20250221,000000,0.395,0.44,0.38,0.435,1570000,0
26931.HK,D,20250224,000000,0.425,0.48,0.425,0.48,160000,0
26931.HK,D,20250225,000000,0.405,0.415,0.39,0.39,125000,0
26931.HK,D,20250226,000000,0.48,0.57,0.48,0.57,55000,0
26931.HK,D,20250227,000000,0.6,0.6,0.57,0.57,125000,0
26931.HK,D,20250228,000000,0.47,0.47,0.43,0.43,100000,0
26931.HK,D,20250303,000000,0.455,0.455,0.43,0.43,50000,0
26931.HK,D,20250304,000000,0.41,0.41,0.41,0.41,0,0
26931.HK,D,20250305,000000,0.48,0.52,0.48,0.52,50000,0
26931.HK,D,20250306,000000,0.65,0.65,0.65,0.65,545000,0
26931.HK,D,20250307,000000,0.72,0.72,0.72,0.72,0,0
26931.HK,D,20250310,000000,0.58,0.58,0.58,0.58,0,0
26931.HK,D,20250311,000000,0.5,0.53,0.485,0.53,40000,0
26931.HK,D,20250312,000000,0.485,0.485,0.485,0.485,0,0
26931.HK,D,20250313,000000,0.435,0.435,0.43,0.43,170000,0
26931.HK,D,20250314,000000,0.45,0.54,0.45,0.54,70000,0
26931.HK,D,20250317,000000,0.61,0.61,0.55,0.55,740000,0
26931.HK,D,20250318,000000,0.56,0.58,0.56,0.58,595000,0
26931.HK,D,20250319,000000,0.55,0.55,0.54,0.55,90000,0
26931.HK,D,20250320,000000,0.455,0.455,0.45,0.455,415000,0
26931.HK,D,20250321,000000,0.435,0.435,0.435,0.435,0,0
26931.HK,D,20250324,000000,0.395,0.395,0.365,0.395,205000,0
26931.HK,D,20250325,000000,0.3,0.3,0.3,0.3,0,0
26931.HK,D,20250326,000000,0.31,0.31,0.31,0.31,0,0
26931.HK,D,20250327,000000,0.35,0.35,0.35,0.35,0,0
26931.HK,D,20250328,000000,0.32,0.32,0.32,0.32,0,0
26931.HK,D,20250331,000000,0.275,0.275,0.275,0.275,0,0
26931.HK,D,20250401,000000,0.285,0.285,0.285,0.285,0,0
26931.HK,D,20250402,000000,0.285,0.285,0.285,0.285,0,0
26931.HK,D,20250403,000000,0.28,0.315,0.26,0.28,190000,0
26931.HK,D,20250407,000000,0.189,0.203,0.127,0.127,22180000,0
26931.HK,D,20250408,000000,0.16,0.18,0.13,0.152,670000,0
26931.HK,D,20250409,000000,0.158,0.215,0.144,0.215,1990000,0
26931.HK,D,20250410,000000,0.179,0.184,0.179,0.179,20000,0
26931.HK,D,20250411,000000,0.17,0.17,0.17,0.17,0,0
26931.HK,D,20250414,000000,0.17,0.174,0.17,0.174,50000,0
26931.HK,D,20250415,000000,0.155,0.17,0.155,0.17,20000,0
26931.HK,D,20250416,000000,0.11,0.113,0.096,0.1,610000,0
26931.HK,D,20250417,000000,0.089,0.102,0.088,0.102,1215000,0
