<TICKER>,<PER>,<DATE>,<TIME>,<OPEN>,<HIGH>,<LOW>,<CLOSE>,<VOL>,<OPENINT>
27544.HK,D,20241004,000000,0.114,0.115,0.112,0.115,5000,0
27544.HK,D,20241007,000000,0.115,0.115,0.115,0.115,0,0
27544.HK,D,20241008,000000,0.12,0.12,0.12,0.12,0,0
27544.HK,D,20241009,000000,0.124,0.127,0.124,0.127,500000,0
27544.HK,D,20241010,000000,0.127,0.127,0.125,0.125,500000,0
27544.HK,D,20241014,000000,0.112,0.112,0.112,0.112,0,0
27544.HK,D,20241015,000000,0.114,0.114,0.114,0.114,0,0
27544.HK,D,20241016,000000,0.107,0.107,0.107,0.107,0,0
27544.HK,D,20241017,000000,0.105,0.105,0.105,0.105,0,0
27544.HK,D,20241018,000000,0.097,0.098,0.097,0.098,24020000,0
27544.HK,D,20241021,000000,0.092,0.092,0.09,0.09,3620000,0
27544.HK,D,20241022,000000,0.089,0.089,0.089,0.089,36000000,0
27544.HK,D,20241023,000000,0.086,0.086,0.082,0.082,52500,0
27544.HK,D,20241024,000000,0.088,0.089,0.086,0.086,205000,0
27544.HK,D,20241025,000000,0.086,0.086,0.086,0.086,157500,0
27544.HK,D,20241028,000000,0.084,0.084,0.083,0.083,100000,0
27544.HK,D,20241029,000000,0.08,0.08,0.078,0.08,54385000,0
27544.HK,D,20241030,000000,0.073,0.073,0.071,0.071,16105000,0
27544.HK,D,20241031,000000,0.07,0.072,0.07,0.072,275000,0
27544.HK,D,20241101,000000,0.078,0.078,0.078,0.078,100000,0
27544.HK,D,20241104,000000,0.08,0.082,0.08,0.082,32210000,0
27544.HK,D,20241105,000000,0.084,0.084,0.08,0.081,60800000,0
27544.HK,D,20241106,000000,0.081,0.088,0.08,0.082,60770000,0
27544.HK,D,20241107,000000,0.1,0.1,0.096,0.096,985000,0
27544.HK,D,20241108,000000,0.085,0.089,0.085,0.089,1105000,0
27544.HK,D,20241111,000000,0.091,0.091,0.09,0.091,290000,0
27544.HK,D,20241112,000000,0.102,0.108,0.102,0.108,300000,0
27544.HK,D,20241113,000000,0.104,0.104,0.102,0.104,417500,0
27544.HK,D,20241114,000000,0.118,0.122,0.118,0.121,12495000,0
27544.HK,D,20241115,000000,0.117,0.12,0.116,0.118,325000,0
27544.HK,D,20241118,000000,0.107,0.109,0.107,0.109,295000,0
27544.HK,D,20241119,000000,0.099,0.099,0.095,0.097,295000,0
27544.HK,D,20241120,000000,0.091,0.095,0.089,0.095,7500000,0
27544.HK,D,20241121,000000,0.086,0.086,0.083,0.083,38095000,0
27544.HK,D,20241122,000000,0.079,0.079,0.072,0.072,480000,0
27544.HK,D,20241125,000000,0.072,0.081,0.072,0.08,41357500,0
27544.HK,D,20241126,000000,0.087,0.094,0.087,0.094,29810000,0
27544.HK,D,20241127,000000,0.088,0.088,0.082,0.082,48807500,0
27544.HK,D,20241128,000000,0.087,0.087,0.085,0.085,27637500,0
27544.HK,D,20241129,000000,0.081,0.081,0.078,0.079,650000,0
27544.HK,D,20241202,000000,0.087,0.089,0.087,0.088,850000,0
27544.HK,D,20241203,000000,0.084,0.085,0.082,0.082,36992500,0
27544.HK,D,20241204,000000,0.083,0.083,0.081,0.083,70000,0
27544.HK,D,20241205,000000,0.081,0.081,0.08,0.081,450000,0
27544.HK,D,20241206,000000,0.088,0.089,0.083,0.084,2082500,0
27544.HK,D,20241209,000000,0.082,0.082,0.081,0.081,585000,0
27544.HK,D,20241210,000000,0.075,0.076,0.074,0.076,252500,0
27544.HK,D,20241211,000000,0.066,0.069,0.065,0.068,46172500,0
27544.HK,D,20241212,000000,0.065,0.065,0.062,0.063,602500,0
27544.HK,D,20241213,000000,0.067,0.068,0.067,0.068,122500,0
27544.HK,D,20241216,000000,0.073,0.074,0.072,0.074,130000,0
27544.HK,D,20241217,000000,0.074,0.075,0.074,0.074,1740000,0
27544.HK,D,20241218,000000,0.074,0.075,0.074,0.075,350000,0
27544.HK,D,20241219,000000,0.084,0.085,0.081,0.082,32402500,0
27544.HK,D,20241220,000000,0.085,0.086,0.085,0.085,170000,0
27544.HK,D,20241223,000000,0.08,0.081,0.077,0.078,52415000,0
27544.HK,D,20241224,000000,0.08,0.08,0.08,0.08,0,0
27544.HK,D,20241227,000000,0.076,0.076,0.076,0.076,27500,0
27544.HK,D,20241230,000000,0.08,0.08,0.08,0.08,0,0
27544.HK,D,20241231,000000,0.083,0.083,0.083,0.083,0,0
27544.HK,D,20250102,000000,0.075,0.075,0.075,0.075,67500,0
27544.HK,D,20250103,000000,0.069,0.069,0.068,0.069,180000,0
27544.HK,D,20250106,000000,0.071,0.076,0.071,0.076,947500,0
27544.HK,D,20250107,000000,0.074,0.074,0.074,0.074,0,0
27544.HK,D,20250108,000000,0.07,0.07,0.069,0.069,465000,0
27544.HK,D,20250109,000000,0.066,0.067,0.066,0.066,160000,0
27544.HK,D,20250110,000000,0.063,0.063,0.063,0.063,50000,0
27544.HK,D,20250113,000000,0.06,0.06,0.06,0.06,400000,0
27544.HK,D,20250114,000000,0.063,0.064,0.063,0.064,400000,0
27544.HK,D,20250115,000000,0.061,0.061,0.06,0.06,365000,0
27544.HK,D,20250116,000000,0.057,0.057,0.056,0.056,140000,0
27544.HK,D,20250117,000000,0.053,0.054,0.052,0.054,705000,0
27544.HK,D,20250120,000000,0.057,0.057,0.054,0.055,425000,0
27544.HK,D,20250121,000000,0.053,0.053,0.051,0.051,480000,0
27544.HK,D,20250122,000000,0.046,0.048,0.046,0.048,1595000,0
27544.HK,D,20250123,000000,0.047,0.047,0.047,0.047,5205000,0
27544.HK,D,20250124,000000,0.043,0.043,0.043,0.043,160000,0
27544.HK,D,20250127,000000,0.046,0.048,0.046,0.048,760000,0
27544.HK,D,20250128,000000,0.049,0.049,0.049,0.049,100000,0
27544.HK,D,20250203,000000,0.04,0.042,0.04,0.04,2990000,0
27544.HK,D,20250204,000000,0.035,0.038,0.035,0.038,915000,0
27544.HK,D,20250205,000000,0.031,0.032,0.031,0.031,2970000,0
27544.HK,D,20250206,000000,0.032,0.034,0.032,0.034,130000,0
27544.HK,D,20250207,000000,0.032,0.033,0.032,0.033,4107500,0
27544.HK,D,20250210,000000,0.029,0.03,0.029,0.029,175000,0
27544.HK,D,20250211,000000,0.025,0.027,0.024,0.027,1532500,0
27544.HK,D,20250212,000000,0.028,0.029,0.028,0.029,1232500,0
27544.HK,D,20250213,000000,0.027,0.027,0.026,0.026,225000,0
27544.HK,D,20250214,000000,0.025,0.025,0.024,0.024,20000,0
27544.HK,D,20250217,000000,0.028,0.029,0.027,0.028,1720000,0
27544.HK,D,20250218,000000,0.026,0.026,0.025,0.026,610000,0
27544.HK,D,20250219,000000,0.024,0.024,0.024,0.024,27500,0
27544.HK,D,20250220,000000,0.023,0.023,0.022,0.022,730000,0
27544.HK,D,20250221,000000,0.023,0.024,0.023,0.024,520000,0
27544.HK,D,20250224,000000,0.024,0.024,0.023,0.023,200000,0
27544.HK,D,20250225,000000,0.023,0.023,0.023,0.023,0,0
27544.HK,D,20250226,000000,0.025,0.026,0.025,0.025,1180000,0
27544.HK,D,20250227,000000,0.025,0.027,0.025,0.027,1147500,0
27544.HK,D,20250228,000000,0.029,0.03,0.029,0.03,250000,0
27544.HK,D,20250303,000000,0.03,0.031,0.03,0.031,817500,0
27544.HK,D,20250304,000000,0.026,0.027,0.026,0.026,2197500,0
27544.HK,D,20250305,000000,0.026,0.026,0.025,0.025,3030000,0
27544.HK,D,20250306,000000,0.025,0.025,0.025,0.025,17500,0
27544.HK,D,20250307,000000,0.027,0.028,0.026,0.026,4100000,0
27544.HK,D,20250310,000000,0.026,0.027,0.026,0.027,120000,0
27544.HK,D,20250311,000000,0.028,0.028,0.028,0.028,1600000,0
27544.HK,D,20250312,000000,0.026,0.026,0.026,0.026,125000,0
27544.HK,D,20250313,000000,0.024,0.024,0.022,0.023,27500,0
27544.HK,D,20250314,000000,0.019,0.019,0.018,0.019,1460000,0
27544.HK,D,20250317,000000,0.018,0.018,0.018,0.018,345000,0
27544.HK,D,20250318,000000,0.016,0.016,0.016,0.016,200000,0
27544.HK,D,20250319,000000,0.014,0.014,0.013,0.014,20000,0
27544.HK,D,20250320,000000,0.013,0.013,0.013,0.013,100000,0
27544.HK,D,20250321,000000,0.015,0.015,0.015,0.015,0,0
27544.HK,D,20250324,000000,0.015,0.015,0.015,0.015,0,0
27544.HK,D,20250325,000000,0.015,0.015,0.015,0.015,0,0
27544.HK,D,20250326,000000,0.015,0.015,0.015,0.015,0,0
27544.HK,D,20250327,000000,0.015,0.015,0.015,0.015,0,0
27544.HK,D,20250328,000000,0.013,0.013,0.013,0.013,50000,0
27544.HK,D,20250331,000000,0.013,0.013,0.013,0.013,0,0
27544.HK,D,20250401,000000,0.013,0.013,0.013,0.013,0,0
27544.HK,D,20250402,000000,0.013,0.013,0.013,0.013,0,0
27544.HK,D,20250403,000000,0.012,0.012,0.01,0.012,200000,0
27544.HK,D,20250407,000000,0.014,0.016,0.014,0.015,627500,0
27544.HK,D,20250408,000000,0.018,0.018,0.018,0.018,650000,0
27544.HK,D,20250409,000000,0.018,0.024,0.018,0.024,16360000,0
27544.HK,D,20250410,000000,0.017,0.017,0.017,0.017,10200000,0
27544.HK,D,20250411,000000,0.019,0.019,0.019,0.019,650000,0
27544.HK,D,20250414,000000,0.014,0.017,0.014,0.017,150000,0
27544.HK,D,20250415,000000,0.017,0.017,0.017,0.017,0,0
27544.HK,D,20250416,000000,0.014,0.014,0.014,0.014,17500,0
27544.HK,D,20250417,000000,0.015,0.015,0.015,0.015,0,0
