<TICKER>,<PER>,<DATE>,<TIME>,<OPEN>,<HIGH>,<LOW>,<CLOSE>,<VOL>,<OPENINT>
58289.HK,D,20250321,000000,0.074,0.074,0.02,0.024,5500000,0
58289.HK,D,20250324,000000,0.035,0.058,0.021,0.057,12925000,0
58289.HK,D,20250325,000000,0.057,0.057,0.02,0.022,19900000,0
58289.HK,D,20250326,000000,0.032,0.048,0.032,0.044,24900000,0
58289.HK,D,20250327,000000,0.048,0.073,0.036,0.059,23475000,0
58289.HK,D,20250328,000000,0.07,0.075,0.05,0.059,13175000,0
58289.HK,D,20250331,000000,0.061,0.061,0.023,0.035,10775000,0
58289.HK,D,20250401,000000,0.036,0.036,0.01,0.013,10350000,0
58289.HK,D,20250402,000000,0.013,0.013,0.01,0.01,925000,0
