<TICKER>,<PER>,<DATE>,<TIME>,<OPEN>,<HIGH>,<LOW>,<CLOSE>,<VOL>,<OPENINT>
58612.HK,D,20241105,000000,0.03,0.041,0.03,0.041,2386000,0
58612.HK,D,20241106,000000,0.04,0.041,0.028,0.032,24610000,0
58612.HK,D,20241107,000000,0.029,0.037,0.024,0.034,62710000,0
58612.HK,D,20241108,000000,0.038,0.049,0.038,0.042,24854000,0
58612.HK,D,20241111,000000,0.041,0.054,0.039,0.049,26368000,0
58612.HK,D,20241112,000000,0.052,0.053,0.041,0.042,12358000,0
58612.HK,D,20241113,000000,0.039,0.049,0.034,0.048,10512000,0
58612.HK,D,20241114,000000,0.048,0.048,0.032,0.036,23428000,0
58612.HK,D,20241115,000000,0.042,0.043,0.035,0.037,20052000,0
58612.HK,D,20241118,000000,0.04,0.048,0.035,0.045,12236000,0
58612.HK,D,20241119,000000,0.045,0.045,0.033,0.039,22500000,0
58612.HK,D,20241120,000000,0.038,0.038,0.031,0.036,15676000,0
58612.HK,D,20241121,000000,0.037,0.044,0.036,0.038,24168000,0
58612.HK,D,20241122,000000,0.038,0.055,0.038,0.043,22064000,0
58612.HK,D,20241125,000000,0.045,0.046,0.035,0.04,11010000,0
58612.HK,D,20241126,000000,0.035,0.035,0.026,0.028,22264000,0
58612.HK,D,20241127,000000,0.026,0.041,0.025,0.039,27272000,0
58612.HK,D,20241128,000000,0.039,0.042,0.034,0.035,28222000,0
58612.HK,D,20241129,000000,0.034,0.038,0.03,0.033,8110000,0
58612.HK,D,20241202,000000,0.035,0.044,0.035,0.041,14482000,0
58612.HK,D,20241203,000000,0.046,0.05,0.046,0.047,12796000,0
58612.HK,D,20241204,000000,0.051,0.052,0.046,0.048,3282000,0
58612.HK,D,20241205,000000,0.05,0.053,0.049,0.053,3946000,0
58612.HK,D,20241206,000000,0.053,0.057,0.053,0.053,6216000,0
58612.HK,D,20241209,000000,0.054,0.067,0.054,0.067,6718000,0
58612.HK,D,20241210,000000,0.075,0.077,0.068,0.068,9960000,0
58612.HK,D,20241211,000000,0.071,0.072,0.063,0.063,1216000,0
58612.HK,D,20241212,000000,0.067,0.077,0.065,0.075,5322000,0
58612.HK,D,20241213,000000,0.073,0.081,0.072,0.072,4314000,0
58612.HK,D,20241216,000000,0.07,0.071,0.06,0.062,3386000,0
58612.HK,D,20241217,000000,0.058,0.063,0.056,0.058,8636000,0
58612.HK,D,20241218,000000,0.063,0.067,0.063,0.067,2748000,0
58612.HK,D,20241219,000000,0.063,0.069,0.063,0.067,1650000,0
58612.HK,D,20241220,000000,0.071,0.081,0.071,0.076,4562000,0
58612.HK,D,20241223,000000,0.078,0.078,0.076,0.076,254000,0
58612.HK,D,20241224,000000,0.08,0.088,0.08,0.088,658000,0
58612.HK,D,20241227,000000,0.098,0.108,0.098,0.103,960000,0
58612.HK,D,20241230,000000,0.1,0.11,0.1,0.107,1520000,0
58612.HK,D,20241231,000000,0.102,0.107,0.102,0.107,1084000,0
58612.HK,D,20250102,000000,0.096,0.105,0.096,0.101,3922000,0
58612.HK,D,20250103,000000,0.101,0.121,0.101,0.121,2630000,0
58612.HK,D,20250106,000000,0.122,0.125,0.121,0.124,822000,0
58612.HK,D,20250107,000000,0.119,0.12,0.093,0.102,7638000,0
58612.HK,D,20250108,000000,0.095,0.099,0.083,0.087,28486000,0
58612.HK,D,20250109,000000,0.089,0.1,0.089,0.097,8716000,0
58612.HK,D,20250110,000000,0.1,0.104,0.096,0.096,14994000,0
58612.HK,D,20250113,000000,0.087,0.092,0.086,0.088,3446000,0
58612.HK,D,20250114,000000,0.091,0.1,0.088,0.098,1892000,0
58612.HK,D,20250115,000000,0.097,0.099,0.095,0.095,434000,0
58612.HK,D,20250116,000000,0.102,0.107,0.098,0.103,9256000,0
58612.HK,D,20250117,000000,0.102,0.109,0.102,0.108,9850000,0
58612.HK,D,20250120,000000,0.111,0.111,0.104,0.108,4722000,0
58612.HK,D,20250121,000000,0.114,0.12,0.114,0.118,1686000,0
58612.HK,D,20250122,000000,0.118,0.118,0.112,0.113,2124000,0
58612.HK,D,20250123,000000,0.115,0.116,0.103,0.104,4648000,0
58612.HK,D,20250124,000000,0.113,0.131,0.112,0.128,3750000,0
58612.HK,D,20250127,000000,0.135,0.135,0.125,0.129,1532000,0
58612.HK,D,20250128,000000,0.136,0.143,0.136,0.141,828000,0
58612.HK,D,20250203,000000,0.147,0.147,0.133,0.139,12254000,0
58612.HK,D,20250204,000000,0.151,0.158,0.147,0.155,9906000,0
58612.HK,D,20250205,000000,0.152,0.155,0.151,0.155,778000,0
58612.HK,D,20250206,000000,0.165,0.166,0.16,0.165,1630000,0
58612.HK,D,20250207,000000,0.183,0.19,0.181,0.187,3652000,0
58612.HK,D,20250210,000000,0.191,0.196,0.187,0.196,4082000,0
58612.HK,D,20250211,000000,0.201,0.201,0.182,0.184,322000,0
58612.HK,D,20250212,000000,0.189,0.205,0.189,0.2,5252000,0
58612.HK,D,20250213,000000,0.2,0.204,0.177,0.177,588000,0
58612.HK,D,20250214,000000,0.186,0.202,0.186,0.202,10000,0
58612.HK,D,20250217,000000,0.201,0.212,0.201,0.212,34000,0
58612.HK,D,20250218,000000,0.236,0.243,0.236,0.241,34000,0
58612.HK,D,20250219,000000,0.25,0.25,0.25,0.25,50000,0
58612.HK,D,20250220,000000,0.25,0.25,0.25,0.25,0,0
58612.HK,D,20250221,000000,0.275,0.275,0.27,0.275,18000,0
58612.HK,D,20250224,000000,0.285,0.285,0.285,0.285,2000,0
58612.HK,D,20250225,000000,0.27,0.29,0.27,0.29,72000,0
58612.HK,D,20250226,000000,0.3,0.32,0.3,0.32,18000,0
58612.HK,D,20250227,000000,0.34,0.34,0.3,0.3,52000,0
58612.HK,D,20250228,000000,0.28,0.28,0.28,0.28,6000,0
58612.HK,D,20250303,000000,0.275,0.275,0.275,0.275,10000,0
58612.HK,D,20250304,000000,0.26,0.275,0.26,0.275,200000,0
58612.HK,D,20250305,000000,0.295,0.295,0.295,0.295,50000,0
58612.HK,D,20250306,000000,0.315,0.32,0.31,0.31,172000,0
58612.HK,D,20250307,000000,0.305,0.305,0.305,0.305,0,0
58612.HK,D,20250310,000000,0.295,0.295,0.295,0.295,0,0
58612.HK,D,20250311,000000,0.295,0.295,0.295,0.295,30000,0
58612.HK,D,20250312,000000,0.29,0.29,0.29,0.29,0,0
58612.HK,D,20250313,000000,0.29,0.29,0.29,0.29,0,0
58612.HK,D,20250314,000000,0.29,0.29,0.29,0.29,0,0
58612.HK,D,20250317,000000,0.305,0.305,0.305,0.305,0,0
58612.HK,D,20250318,000000,0.325,0.34,0.325,0.34,104000,0
58612.HK,D,20250319,000000,0.34,0.34,0.34,0.34,0,0
58612.HK,D,20250320,000000,0.335,0.335,0.335,0.335,0,0
58612.HK,D,20250321,000000,0.31,0.31,0.31,0.31,150000,0
58612.HK,D,20250324,000000,0.33,0.33,0.325,0.33,176000,0
58612.HK,D,20250325,000000,0.305,0.305,0.305,0.305,0,0
58612.HK,D,20250326,000000,0.31,0.31,0.31,0.31,50000,0
58612.HK,D,20250327,000000,0.3,0.3,0.29,0.29,80000,0
58612.HK,D,20250328,000000,0.27,0.27,0.27,0.27,100000,0
58612.HK,D,20250331,000000,0.25,0.25,0.25,0.25,130000,0
58612.HK,D,20250401,000000,0.23,0.23,0.23,0.23,0,0
58612.HK,D,20250402,000000,0.229,0.229,0.214,0.214,46000,0
58612.HK,D,20250403,000000,0.219,0.219,0.219,0.219,0,0
58612.HK,D,20250407,000000,0.129,0.129,0.129,0.129,0,0
58612.HK,D,20250408,000000,0.15,0.15,0.15,0.15,8000,0
58612.HK,D,20250409,000000,0.181,0.181,0.174,0.181,12000,0
58612.HK,D,20250410,000000,0.19,0.19,0.19,0.19,0,0
58612.HK,D,20250411,000000,0.206,0.206,0.206,0.206,0,0
58612.HK,D,20250414,000000,0.212,0.212,0.198,0.198,10000,0
58612.HK,D,20250415,000000,0.198,0.198,0.198,0.198,0,0
58612.HK,D,20250416,000000,0.178,0.178,0.178,0.178,0,0
58612.HK,D,20250417,000000,0.179,0.179,0.179,0.179,0,0
