<TICKER>,<PER>,<DATE>,<TIME>,<OPEN>,<HIGH>,<LOW>,<CLOSE>,<VOL>,<OPENINT>
59056.HK,D,20250324,000000,0.03,0.033,0.029,0.033,120000,0
59056.HK,D,20250325,000000,0.031,0.031,0.03,0.03,100000,0
59056.HK,D,20250326,000000,0.029,0.029,0.029,0.029,50000,0
59056.HK,D,20250327,000000,0.029,0.029,0.027,0.029,50000,0
59056.HK,D,20250328,000000,0.028,0.028,0.028,0.028,0,0
59056.HK,D,20250331,000000,0.033,0.034,0.033,0.034,120000,0
59056.HK,D,20250401,000000,0.026,0.027,0.026,0.027,4430000,0
59056.HK,D,20250402,000000,0.024,0.03,0.024,0.03,4330000,0
59056.HK,D,20250403,000000,0.027,0.027,0.027,0.027,0,0
