<TICKER>,<PER>,<DATE>,<TIME>,<OPEN>,<HIGH>,<LOW>,<CLOSE>,<VOL>,<OPENINT>
59468.HK,D,20250325,000000,0.053,0.055,0.044,0.045,90770000,0
59468.HK,D,20250326,000000,0.047,0.05,0.041,0.047,49990000,0
59468.HK,D,20250327,000000,0.05,0.06,0.048,0.054,173510000,0
59468.HK,D,20250328,000000,0.057,0.058,0.046,0.048,108825000,0
59468.HK,D,20250331,000000,0.045,0.049,0.036,0.04,111075000,0
59468.HK,D,20250401,000000,0.046,0.048,0.042,0.043,22530000,0
59468.HK,D,20250402,000000,0.042,0.048,0.04,0.043,64865000,0
59468.HK,D,20250403,000000,0.038,0.048,0.037,0.042,35840000,0
59468.HK,D,20250407,000000,0.016,0.016,0.01,0.01,1100000,0
