<TICKER>,<PER>,<DATE>,<TIME>,<OPEN>,<HIGH>,<LOW>,<CLOSE>,<VOL>,<OPENINT>
67689.HK,D,20240125,000000,0.1,0.108,0.1,0.108,20000,0
67689.HK,D,20240126,000000,0.103,0.103,0.103,0.103,0,0
67689.HK,D,20240129,000000,0.104,0.104,0.104,0.104,60000,0
67689.HK,D,20240130,000000,0.091,0.096,0.091,0.091,130000,0
67689.HK,D,20240131,000000,0.091,0.091,0.091,0.091,0,0
67689.HK,D,20240201,000000,0.091,0.091,0.091,0.091,0,0
67689.HK,D,20240202,000000,0.096,0.096,0.086,0.086,160000,0
67689.HK,D,20240205,000000,0.086,0.087,0.086,0.086,100000,0
67689.HK,D,20240206,000000,0.088,0.102,0.088,0.102,400000,0
67689.HK,D,20240207,000000,0.11,0.11,0.104,0.104,100000,0
67689.HK,D,20240208,000000,0.102,0.102,0.102,0.102,100000,0
67689.HK,D,20240209,000000,0.095,0.095,0.095,0.095,0,0
67689.HK,D,20240214,000000,0.085,0.096,0.085,0.096,300000,0
67689.HK,D,20240215,000000,0.098,0.098,0.098,0.098,0,0
67689.HK,D,20240216,000000,0.103,0.11,0.103,0.11,15000,0
67689.HK,D,20240219,000000,0.105,0.105,0.101,0.104,190000,0
67689.HK,D,20240220,000000,0.102,0.102,0.102,0.102,0,0
67689.HK,D,20240221,000000,0.105,0.127,0.105,0.122,205000,0
67689.HK,D,20240222,000000,0.123,0.127,0.123,0.127,160000,0
67689.HK,D,20240223,000000,0.138,0.138,0.137,0.137,100000,0
67689.HK,D,20240226,000000,0.129,0.129,0.129,0.129,5000,0
67689.HK,D,20240227,000000,0.127,0.129,0.122,0.129,200000,0
67689.HK,D,20240228,000000,0.12,0.12,0.12,0.12,100000,0
67689.HK,D,20240229,000000,0.117,0.117,0.115,0.115,300000,0
67689.HK,D,20240301,000000,0.115,0.115,0.115,0.115,0,0
67689.HK,D,20240304,000000,0.112,0.112,0.108,0.108,225000,0
67689.HK,D,20240305,000000,0.104,0.104,0.104,0.104,0,0
67689.HK,D,20240306,000000,0.104,0.111,0.104,0.11,7695000,0
67689.HK,D,20240307,000000,0.116,0.118,0.11,0.11,1390000,0
67689.HK,D,20240308,000000,0.114,0.118,0.114,0.114,425000,0
67689.HK,D,20240311,000000,0.12,0.12,0.116,0.116,215000,0
67689.HK,D,20240312,000000,0.138,0.138,0.132,0.138,500000,0
67689.HK,D,20240313,000000,0.135,0.135,0.13,0.13,5180000,0
67689.HK,D,20240314,000000,0.133,0.133,0.126,0.126,200000,0
67689.HK,D,20240315,000000,0.118,0.118,0.113,0.114,200000,0
67689.HK,D,20240318,000000,0.114,0.117,0.114,0.116,130000,0
67689.HK,D,20240319,000000,0.112,0.113,0.112,0.113,580000,0
67689.HK,D,20240320,000000,0.113,0.113,0.111,0.111,200000,0
67689.HK,D,20240321,000000,0.114,0.114,0.114,0.114,0,0
67689.HK,D,20240322,000000,0.103,0.103,0.094,0.095,250000,0
67689.HK,D,20240325,000000,0.094,0.094,0.091,0.091,310000,0
67689.HK,D,20240326,000000,0.095,0.096,0.094,0.094,165000,0
67689.HK,D,20240327,000000,0.089,0.089,0.089,0.089,30000,0
67689.HK,D,20240328,000000,0.095,0.095,0.095,0.095,100000,0
67689.HK,D,20240402,000000,0.099,0.101,0.099,0.101,80000,0
67689.HK,D,20240403,000000,0.1,0.101,0.1,0.1,100000,0
67689.HK,D,20240405,000000,0.093,0.093,0.093,0.093,50000,0
67689.HK,D,20240408,000000,0.089,0.089,0.089,0.089,0,0
67689.HK,D,20240409,000000,0.093,0.093,0.087,0.087,230000,0
67689.HK,D,20240410,000000,0.088,0.091,0.088,0.089,510000,0
67689.HK,D,20240411,000000,0.085,0.086,0.085,0.086,10000,0
67689.HK,D,20240412,000000,0.082,0.082,0.072,0.072,12335000,0
67689.HK,D,20240415,000000,0.07,0.072,0.067,0.07,1190000,0
67689.HK,D,20240416,000000,0.067,0.067,0.064,0.064,530000,0
67689.HK,D,20240417,000000,0.066,0.067,0.065,0.067,980000,0
67689.HK,D,20240418,000000,0.072,0.08,0.072,0.078,2050000,0
67689.HK,D,20240419,000000,0.073,0.077,0.073,0.076,745000,0
67689.HK,D,20240422,000000,0.08,0.087,0.08,0.084,11270000,0
67689.HK,D,20240423,000000,0.087,0.093,0.086,0.093,1285000,0
67689.HK,D,20240424,000000,0.093,0.102,0.093,0.102,1405000,0
67689.HK,D,20240425,000000,0.104,0.116,0.104,0.113,3965000,0
67689.HK,D,20240426,000000,0.115,0.123,0.115,0.117,2400000,0
67689.HK,D,20240429,000000,0.122,0.133,0.122,0.126,11875000,0
67689.HK,D,20240430,000000,0.122,0.122,0.119,0.12,420000,0
67689.HK,D,20240502,000000,0.124,0.138,0.124,0.138,270000,0
67689.HK,D,20240503,000000,0.149,0.155,0.147,0.155,5725000,0
67689.HK,D,20240506,000000,0.149,0.15,0.146,0.15,2445000,0
67689.HK,D,20240507,000000,0.16,0.16,0.155,0.155,45000,0
67689.HK,D,20240508,000000,0.152,0.152,0.14,0.14,4330000,0
67689.HK,D,20240509,000000,0.143,0.149,0.143,0.148,1645000,0
67689.HK,D,20240510,000000,0.162,0.167,0.161,0.167,130000,0
67689.HK,D,20240513,000000,0.168,0.175,0.164,0.171,6460000,0
67689.HK,D,20240514,000000,0.167,0.167,0.158,0.158,3715000,0
67689.HK,D,20240516,000000,0.159,0.185,0.159,0.185,4225000,0
67689.HK,D,20240517,000000,0.191,0.209,0.191,0.209,1960000,0
67689.HK,D,20240520,000000,0.207,0.21,0.207,0.207,350000,0
67689.HK,D,20240521,000000,0.2,0.2,0.199,0.199,90000,0
67689.HK,D,20240522,000000,0.199,0.203,0.199,0.199,40000,0
67689.HK,D,20240523,000000,0.192,0.192,0.183,0.183,200000,0
67689.HK,D,20240524,000000,0.177,0.177,0.177,0.177,100000,0
67689.HK,D,20240527,000000,0.179,0.179,0.179,0.179,70000,0
67689.HK,D,20240528,000000,0.179,0.179,0.179,0.179,0,0
67689.HK,D,20240529,000000,0.173,0.173,0.171,0.171,70000,0
67689.HK,D,20240530,000000,0.16,0.16,0.16,0.16,0,0
67689.HK,D,20240531,000000,0.155,0.155,0.155,0.155,0,0
67689.HK,D,20240603,000000,0.164,0.164,0.162,0.162,70000,0
67689.HK,D,20240604,000000,0.167,0.167,0.166,0.166,200000,0
67689.HK,D,20240605,000000,0.166,0.166,0.166,0.166,0,0
67689.HK,D,20240606,000000,0.156,0.159,0.156,0.159,70000,0
67689.HK,D,20240607,000000,0.153,0.153,0.153,0.153,0,0
67689.HK,D,20240611,000000,0.146,0.146,0.146,0.146,70000,0
67689.HK,D,20240612,000000,0.137,0.137,0.137,0.137,5000,0
67689.HK,D,20240613,000000,0.136,0.136,0.136,0.136,100000,0
67689.HK,D,20240614,000000,0.136,0.138,0.136,0.136,200000,0
67689.HK,D,20240617,000000,0.135,0.136,0.135,0.135,10000,0
67689.HK,D,20240618,000000,0.133,0.133,0.133,0.133,0,0
67689.HK,D,20240619,000000,0.141,0.143,0.141,0.143,55000,0
67689.HK,D,20240620,000000,0.147,0.147,0.143,0.143,200000,0
67689.HK,D,20240621,000000,0.138,0.139,0.138,0.139,200000,0
67689.HK,D,20240624,000000,0.132,0.136,0.132,0.136,195000,0
67689.HK,D,20240625,000000,0.138,0.138,0.138,0.138,0,0
67689.HK,D,20240626,000000,0.138,0.138,0.138,0.138,0,0
67689.HK,D,20240627,000000,0.129,0.129,0.129,0.129,100000,0
67689.HK,D,20240628,000000,0.128,0.128,0.125,0.125,380000,0
67689.HK,D,20240702,000000,0.135,0.141,0.135,0.135,1275000,0
67689.HK,D,20240703,000000,0.137,0.137,0.137,0.137,730000,0
67689.HK,D,20240704,000000,0.137,0.137,0.137,0.137,0,0
67689.HK,D,20240705,000000,0.132,0.132,0.132,0.132,445000,0
67689.HK,D,20240708,000000,0.129,0.129,0.119,0.121,300000,0
67689.HK,D,20240709,000000,0.117,0.117,0.117,0.117,10000,0
67689.HK,D,20240710,000000,0.127,0.13,0.122,0.122,5250000,0
67689.HK,D,20240711,000000,0.124,0.124,0.124,0.124,3660000,0
67689.HK,D,20240712,000000,0.134,0.134,0.134,0.134,0,0
67689.HK,D,20240715,000000,0.134,0.134,0.128,0.128,1510000,0
67689.HK,D,20240716,000000,0.118,0.118,0.11,0.11,420000,0
67689.HK,D,20240717,000000,0.114,0.114,0.113,0.113,4100000,0
67689.HK,D,20240718,000000,0.114,0.114,0.114,0.114,100000,0
67689.HK,D,20240719,000000,0.113,0.113,0.113,0.113,10000,0
67689.HK,D,20240722,000000,0.114,0.114,0.114,0.114,0,0
67689.HK,D,20240723,000000,0.113,0.113,0.113,0.113,0,0
67689.HK,D,20240724,000000,0.114,0.114,0.109,0.109,310000,0
67689.HK,D,20240725,000000,0.105,0.105,0.105,0.105,10000,0
67689.HK,D,20240726,000000,0.109,0.109,0.104,0.104,200000,0
67689.HK,D,20240729,000000,0.107,0.107,0.106,0.106,105000,0
67689.HK,D,20240730,000000,0.103,0.103,0.103,0.103,110000,0
67689.HK,D,20240731,000000,0.107,0.112,0.107,0.112,200000,0
67689.HK,D,20240801,000000,0.111,0.111,0.111,0.111,0,0
67689.HK,D,20240802,000000,0.104,0.104,0.104,0.104,150000,0
67689.HK,D,20240805,000000,0.109,0.109,0.099,0.102,3360000,0
67689.HK,D,20240806,000000,0.098,0.099,0.098,0.098,130000,0
67689.HK,D,20240807,000000,0.101,0.103,0.099,0.099,12540000,0
67689.HK,D,20240808,000000,0.098,0.104,0.098,0.098,2700000,0
67689.HK,D,20240809,000000,0.104,0.105,0.103,0.103,695000,0
67689.HK,D,20240812,000000,0.103,0.103,0.103,0.103,1225000,0
67689.HK,D,20240813,000000,0.106,0.106,0.106,0.106,100000,0
67689.HK,D,20240814,000000,0.103,0.103,0.103,0.103,100000,0
67689.HK,D,20240815,000000,0.103,0.107,0.103,0.106,215000,0
67689.HK,D,20240816,000000,0.108,0.11,0.108,0.11,200000,0
67689.HK,D,20240819,000000,0.113,0.113,0.113,0.113,100000,0
67689.HK,D,20240820,000000,0.111,0.111,0.111,0.111,0,0
67689.HK,D,20240821,000000,0.106,0.106,0.106,0.106,340000,0
67689.HK,D,20240822,000000,0.108,0.108,0.108,0.108,0,0
67689.HK,D,20240823,000000,0.111,0.121,0.111,0.119,315000,0
67689.HK,D,20240826,000000,0.126,0.127,0.126,0.126,13560000,0
67689.HK,D,20240827,000000,0.125,0.129,0.125,0.129,6840000,0
67689.HK,D,20240828,000000,0.128,0.128,0.128,0.128,0,0
67689.HK,D,20240829,000000,0.123,0.125,0.123,0.125,150000,0
67689.HK,D,20240830,000000,0.129,0.137,0.129,0.137,100000,0
67689.HK,D,20240902,000000,0.134,0.134,0.134,0.134,85000,0
67689.HK,D,20240903,000000,0.134,0.134,0.134,0.134,0,0
67689.HK,D,20240904,000000,0.127,0.128,0.127,0.127,245000,0
67689.HK,D,20240905,000000,0.129,0.129,0.129,0.129,0,0
67689.HK,D,20240909,000000,0.126,0.126,0.123,0.123,20000,0
67689.HK,D,20240910,000000,0.123,0.123,0.123,0.123,0,0
67689.HK,D,20240911,000000,0.12,0.12,0.12,0.12,0,0
67689.HK,D,20240912,000000,0.121,0.121,0.121,0.121,0,0
67689.HK,D,20240913,000000,0.126,0.126,0.126,0.126,0,0
67689.HK,D,20240916,000000,0.126,0.126,0.126,0.126,0,0
67689.HK,D,20240917,000000,0.13,0.13,0.13,0.13,0,0
67689.HK,D,20240919,000000,0.144,0.144,0.144,0.144,95000,0
67689.HK,D,20240920,000000,0.146,0.146,0.146,0.146,0,0
67689.HK,D,20240923,000000,0.148,0.148,0.148,0.148,0,0
67689.HK,D,20240924,000000,0.174,0.174,0.174,0.174,0,0
67689.HK,D,20240925,000000,0.187,0.187,0.187,0.187,0,0
67689.HK,D,20240926,000000,0.223,0.223,0.223,0.223,0,0
67689.HK,D,20240927,000000,0.25,0.25,0.25,0.25,0,0
67689.HK,D,20240930,000000,0.26,0.26,0.26,0.26,0,0
67689.HK,D,20241002,000000,0.32,0.32,0.32,0.32,0,0
67689.HK,D,20241003,000000,0.32,0.32,0.32,0.32,70000,0
67689.HK,D,20241004,000000,0.33,0.33,0.33,0.33,0,0
67689.HK,D,20241007,000000,0.35,0.35,0.35,0.35,0,0
67689.HK,D,20241008,000000,0.305,0.305,0.305,0.305,0,0
67689.HK,D,20241009,000000,0.285,0.285,0.255,0.255,50000,0
67689.HK,D,20241010,000000,0.265,0.265,0.265,0.265,0,0
67689.HK,D,20241014,000000,0.27,0.27,0.27,0.27,50000,0
67689.HK,D,20241015,000000,0.255,0.255,0.255,0.255,0,0
67689.HK,D,20241016,000000,0.255,0.255,0.255,0.255,0,0
67689.HK,D,20241017,000000,0.248,0.248,0.248,0.248,0,0
67689.HK,D,20241018,000000,0.27,0.27,0.27,0.27,50000,0
67689.HK,D,20241021,000000,0.26,0.26,0.26,0.26,0,0
67689.HK,D,20241022,000000,0.255,0.255,0.255,0.255,0,0
67689.HK,D,20241023,000000,0.255,0.255,0.255,0.255,0,0
67689.HK,D,20241024,000000,0.255,0.255,0.255,0.255,0,0
67689.HK,D,20241025,000000,0.255,0.255,0.255,0.255,0,0
67689.HK,D,20241028,000000,0.255,0.255,0.255,0.255,0,0
67689.HK,D,20241029,000000,0.255,0.255,0.255,0.255,0,0
67689.HK,D,20241030,000000,0.249,0.249,0.249,0.249,0,0
67689.HK,D,20241031,000000,0.249,0.249,0.249,0.249,0,0
67689.HK,D,20241101,000000,0.249,0.249,0.249,0.249,0,0
67689.HK,D,20241104,000000,0.249,0.249,0.249,0.249,0,0
67689.HK,D,20241105,000000,0.26,0.26,0.26,0.26,0,0
67689.HK,D,20241106,000000,0.26,0.26,0.26,0.26,0,0
67689.HK,D,20241107,000000,0.275,0.275,0.275,0.275,0,0
67689.HK,D,20241108,000000,0.275,0.275,0.275,0.275,0,0
67689.HK,D,20241111,000000,0.25,0.25,0.25,0.25,0,0
67689.HK,D,20241112,000000,0.229,0.232,0.229,0.229,20000,0
67689.HK,D,20241113,000000,0.233,0.233,0.233,0.233,0,0
67689.HK,D,20241114,000000,0.23,0.23,0.23,0.23,0,0
67689.HK,D,20241115,000000,0.233,0.233,0.228,0.228,20000,0
67689.HK,D,20241118,000000,0.231,0.231,0.231,0.231,30000,0
67689.HK,D,20241119,000000,0.231,0.231,0.231,0.231,0,0
67689.HK,D,20241120,000000,0.234,0.234,0.234,0.234,0,0
67689.HK,D,20241121,000000,0.233,0.233,0.233,0.233,0,0
67689.HK,D,20241122,000000,0.219,0.219,0.219,0.219,0,0
67689.HK,D,20241125,000000,0.216,0.216,0.216,0.216,0,0
67689.HK,D,20241126,000000,0.219,0.219,0.215,0.215,30000,0
67689.HK,D,20241127,000000,0.229,0.229,0.229,0.229,0,0
67689.HK,D,20241128,000000,0.22,0.22,0.22,0.22,0,0
67689.HK,D,20241129,000000,0.218,0.218,0.218,0.218,0,0
67689.HK,D,20241202,000000,0.221,0.221,0.221,0.221,0,0
67689.HK,D,20241203,000000,0.228,0.228,0.228,0.228,0,0
67689.HK,D,20241204,000000,0.229,0.229,0.229,0.229,0,0
67689.HK,D,20241205,000000,0.228,0.228,0.228,0.228,0,0
67689.HK,D,20241206,000000,0.235,0.235,0.235,0.235,0,0
67689.HK,D,20241209,000000,0.25,0.25,0.25,0.25,0,0
67689.HK,D,20241210,000000,0.265,0.265,0.255,0.255,105000,0
67689.HK,D,20241211,000000,0.242,0.242,0.242,0.242,0,0
67689.HK,D,20241212,000000,0.244,0.244,0.244,0.244,0,0
67689.HK,D,20241213,000000,0.234,0.234,0.234,0.234,0,0
67689.HK,D,20241216,000000,0.229,0.229,0.229,0.229,0,0
67689.HK,D,20241217,000000,0.227,0.227,0.227,0.227,0,0
67689.HK,D,20241218,000000,0.227,0.227,0.227,0.227,0,0
67689.HK,D,20241219,000000,0.224,0.225,0.224,0.225,30000,0
67689.HK,D,20241220,000000,0.225,0.225,0.225,0.225,0,0
67689.HK,D,20241223,000000,0.231,0.231,0.231,0.231,0,0
67689.HK,D,20241224,000000,0.235,0.235,0.235,0.235,0,0
67689.HK,D,20241227,000000,0.233,0.233,0.233,0.233,0,0
67689.HK,D,20241230,000000,0.233,0.233,0.233,0.233,0,0
67689.HK,D,20241231,000000,0.232,0.232,0.232,0.232,0,0
67689.HK,D,20250102,000000,0.212,0.212,0.212,0.212,0,0
67689.HK,D,20250103,000000,0.21,0.21,0.21,0.21,0,0
67689.HK,D,20250106,000000,0.21,0.21,0.21,0.21,0,0
67689.HK,D,20250107,000000,0.2,0.2,0.2,0.2,5000,0
67689.HK,D,20250108,000000,0.2,0.2,0.2,0.2,0,0
67689.HK,D,20250109,000000,0.198,0.198,0.198,0.198,50000,0
67689.HK,D,20250110,000000,0.182,0.182,0.182,0.182,0,0
67689.HK,D,20250113,000000,0.181,0.181,0.181,0.181,0,0
67689.HK,D,20250114,000000,0.183,0.183,0.183,0.183,0,0
67689.HK,D,20250115,000000,0.183,0.183,0.183,0.183,0,0
67689.HK,D,20250116,000000,0.185,0.185,0.185,0.185,0,0
67689.HK,D,20250117,000000,0.185,0.185,0.185,0.185,0,0
67689.HK,D,20250120,000000,0.195,0.195,0.195,0.195,0,0
67689.HK,D,20250121,000000,0.2,0.2,0.2,0.2,0,0
67689.HK,D,20250122,000000,0.19,0.19,0.19,0.19,0,0
67689.HK,D,20250123,000000,0.195,0.195,0.195,0.195,0,0
67689.HK,D,20250124,000000,0.203,0.203,0.203,0.203,0,0
67689.HK,D,20250127,000000,0.207,0.207,0.207,0.207,0,0
67689.HK,D,20250128,000000,0.207,0.207,0.207,0.207,0,0
67689.HK,D,20250203,000000,0.201,0.201,0.201,0.201,0,0
67689.HK,D,20250204,000000,0.209,0.209,0.209,0.209,0,0
67689.HK,D,20250205,000000,0.207,0.207,0.207,0.207,0,0
67689.HK,D,20250206,000000,0.208,0.208,0.208,0.208,0,0
67689.HK,D,20250207,000000,0.205,0.212,0.205,0.212,20000,0
67689.HK,D,20250210,000000,0.218,0.218,0.218,0.218,0,0
67689.HK,D,20250211,000000,0.215,0.215,0.215,0.215,0,0
67689.HK,D,20250212,000000,0.228,0.228,0.228,0.228,0,0
67689.HK,D,20250213,000000,0.219,0.219,0.219,0.219,0,0
67689.HK,D,20250214,000000,0.23,0.23,0.23,0.23,0,0
67689.HK,D,20250217,000000,0.236,0.236,0.236,0.236,0,0
67689.HK,D,20250218,000000,0.236,0.236,0.236,0.236,0,0
67689.HK,D,20250219,000000,0.236,0.236,0.236,0.236,0,0
67689.HK,D,20250220,000000,0.228,0.228,0.228,0.228,0,0
67689.HK,D,20250221,000000,0.237,0.237,0.237,0.237,0,0
67689.HK,D,20250224,000000,0.247,0.247,0.247,0.247,0,0
67689.HK,D,20250225,000000,0.236,0.236,0.236,0.236,0,0
67689.HK,D,20250226,000000,0.248,0.248,0.248,0.248,0,0
67689.HK,D,20250227,000000,0.248,0.248,0.248,0.248,0,0
67689.HK,D,20250228,000000,0.228,0.228,0.228,0.228,10000,0
67689.HK,D,20250303,000000,0.233,0.233,0.225,0.225,5000,0
67689.HK,D,20250304,000000,0.225,0.225,0.225,0.225,0,0
67689.HK,D,20250305,000000,0.234,0.234,0.234,0.234,5000,0
67689.HK,D,20250306,000000,0.248,0.248,0.248,0.248,0,0
67689.HK,D,20250307,000000,0.248,0.248,0.248,0.248,0,0
67689.HK,D,20250310,000000,0.248,0.248,0.248,0.248,0,0
67689.HK,D,20250311,000000,0.245,0.245,0.245,0.245,0,0
67689.HK,D,20250312,000000,0.241,0.241,0.241,0.241,0,0
67689.HK,D,20250313,000000,0.236,0.236,0.236,0.236,0,0
67689.HK,D,20250314,000000,0.255,0.255,0.255,0.255,0,0
67689.HK,D,20250317,000000,0.26,0.26,0.26,0.26,0,0
67689.HK,D,20250318,000000,0.265,0.265,0.265,0.265,0,0
67689.HK,D,20250319,000000,0.275,0.275,0.275,0.275,0,0
67689.HK,D,20250320,000000,0.265,0.265,0.265,0.265,0,0
67689.HK,D,20250321,000000,0.248,0.248,0.248,0.248,0,0
67689.HK,D,20250324,000000,0.248,0.248,0.248,0.248,0,0
67689.HK,D,20250325,000000,0.242,0.242,0.242,0.242,0,0
67689.HK,D,20250326,000000,0.242,0.242,0.242,0.242,0,0
67689.HK,D,20250327,000000,0.243,0.243,0.243,0.243,5000,0
67689.HK,D,20250328,000000,0.241,0.241,0.241,0.241,0,0
67689.HK,D,20250331,000000,0.235,0.235,0.235,0.235,0,0
67689.HK,D,20250401,000000,0.235,0.235,0.235,0.235,0,0
67689.HK,D,20250402,000000,0.24,0.24,0.24,0.24,0,0
67689.HK,D,20250403,000000,0.239,0.239,0.239,0.239,0,0
67689.HK,D,20250407,000000,0.194,0.194,0.177,0.177,100000,0
67689.HK,D,20250408,000000,0.177,0.177,0.177,0.177,0,0
67689.HK,D,20250409,000000,0.179,0.179,0.179,0.179,0,0
67689.HK,D,20250410,000000,0.189,0.193,0.189,0.189,30000,0
67689.HK,D,20250411,000000,0.192,0.192,0.192,0.192,0,0
67689.HK,D,20250414,000000,0.206,0.206,0.206,0.206,5000,0
67689.HK,D,20250415,000000,0.206,0.206,0.206,0.206,0,0
67689.HK,D,20250416,000000,0.203,0.203,0.203,0.203,0,0
67689.HK,D,20250417,000000,0.203,0.203,0.203,0.203,0,0
