<TICKER>,<PER>,<DATE>,<TIME>,<OPEN>,<HIGH>,<LOW>,<CLOSE>,<VOL>,<OPENINT>
68960.HK,D,20240909,000000,0.075,0.075,0.07,0.075,2500000,0
68960.HK,D,20240910,000000,0.076,0.079,0.074,0.079,7700000,0
68960.HK,D,20240911,000000,0.079,0.091,0.079,0.086,11625000,0
68960.HK,D,20240912,000000,0.084,0.088,0.084,0.085,3700000,0
68960.HK,D,20240913,000000,0.085,0.085,0.085,0.085,1825000,0
68960.HK,D,20240916,000000,0.079,0.085,0.079,0.085,5875000,0
68960.HK,D,20240917,000000,0.089,0.092,0.088,0.09,4525000,0
68960.HK,D,20240919,000000,0.091,0.096,0.091,0.095,2625000,0
68960.HK,D,20240920,000000,0.095,0.095,0.092,0.093,3975000,0
68960.HK,D,20240923,000000,0.095,0.096,0.085,0.085,10675000,0
68960.HK,D,20240924,000000,0.098,0.102,0.088,0.102,22000000,0
68960.HK,D,20240925,000000,0.113,0.119,0.108,0.108,18900000,0
68960.HK,D,20240926,000000,0.113,0.126,0.112,0.126,19900000,0
68960.HK,D,20240927,000000,0.136,0.16,0.133,0.158,7225000,0
68960.HK,D,20240930,000000,0.176,0.184,0.165,0.173,41400000,0
68960.HK,D,20241002,000000,0.184,0.213,0.184,0.206,15175000,0
68960.HK,D,20241003,000000,0.195,0.207,0.18,0.204,10650000,0
68960.HK,D,20241004,000000,0.207,0.219,0.207,0.217,9350000,0
68960.HK,D,20241007,000000,0.231,0.249,0.231,0.249,12075000,0
68960.HK,D,20241008,000000,0.233,0.233,0.182,0.187,26700000,0
68960.HK,D,20241009,000000,0.196,0.205,0.173,0.177,33125000,0
68960.HK,D,20241010,000000,0.198,0.211,0.197,0.205,3675000,0
68960.HK,D,20241014,000000,0.182,0.182,0.182,0.182,325000,0
68960.HK,D,20241015,000000,0.157,0.157,0.157,0.157,0,0
68960.HK,D,20241016,000000,0.149,0.149,0.149,0.149,0,0
68960.HK,D,20241017,000000,0.147,0.147,0.147,0.147,0,0
68960.HK,D,20241018,000000,0.183,0.183,0.183,0.183,0,0
68960.HK,D,20241021,000000,0.183,0.183,0.183,0.183,250000,0
68960.HK,D,20241022,000000,0.177,0.177,0.177,0.177,0,0
68960.HK,D,20241023,000000,0.185,0.185,0.184,0.185,25000,0
68960.HK,D,20241024,000000,0.179,0.179,0.179,0.179,0,0
68960.HK,D,20241025,000000,0.191,0.191,0.191,0.191,0,0
68960.HK,D,20241028,000000,0.195,0.195,0.195,0.195,0,0
68960.HK,D,20241029,000000,0.2,0.2,0.2,0.2,0,0
68960.HK,D,20241030,000000,0.193,0.194,0.193,0.194,25000,0
68960.HK,D,20241031,000000,0.179,0.179,0.173,0.173,25000,0
68960.HK,D,20241101,000000,0.161,0.161,0.161,0.161,0,0
68960.HK,D,20241104,000000,0.179,0.179,0.179,0.179,0,0
68960.HK,D,20241105,000000,0.182,0.195,0.182,0.195,175000,0
68960.HK,D,20241106,000000,0.176,0.176,0.176,0.176,0,0
68960.HK,D,20241107,000000,0.157,0.169,0.157,0.169,25000,0
68960.HK,D,20241108,000000,0.168,0.168,0.168,0.168,0,0
68960.HK,D,20241111,000000,0.16,0.16,0.16,0.16,0,0
68960.HK,D,20241112,000000,0.157,0.157,0.157,0.157,0,0
68960.HK,D,20241113,000000,0.158,0.158,0.158,0.158,0,0
68960.HK,D,20241114,000000,0.14,0.14,0.14,0.14,0,0
68960.HK,D,20241115,000000,0.136,0.136,0.136,0.136,0,0
68960.HK,D,20241118,000000,0.142,0.142,0.142,0.142,0,0
68960.HK,D,20241119,000000,0.142,0.142,0.142,0.142,0,0
68960.HK,D,20241120,000000,0.139,0.139,0.139,0.139,0,0
68960.HK,D,20241121,000000,0.139,0.139,0.139,0.139,0,0
68960.HK,D,20241122,000000,0.125,0.127,0.125,0.125,25000,0
68960.HK,D,20241125,000000,0.125,0.125,0.125,0.125,0,0
68960.HK,D,20241126,000000,0.122,0.122,0.122,0.122,0,0
68960.HK,D,20241127,000000,0.124,0.124,0.112,0.124,50000,0
68960.HK,D,20241128,000000,0.112,0.112,0.112,0.112,0,0
68960.HK,D,20241129,000000,0.112,0.112,0.112,0.112,0,0
68960.HK,D,20241202,000000,0.125,0.125,0.125,0.125,0,0
68960.HK,D,20241203,000000,0.129,0.129,0.129,0.129,0,0
68960.HK,D,20241204,000000,0.129,0.129,0.129,0.129,0,0
68960.HK,D,20241205,000000,0.118,0.118,0.118,0.118,0,0
68960.HK,D,20241206,000000,0.138,0.138,0.138,0.138,0,0
68960.HK,D,20241209,000000,0.154,0.154,0.154,0.154,0,0
68960.HK,D,20241210,000000,0.154,0.154,0.154,0.154,0,0
68960.HK,D,20241211,000000,0.154,0.154,0.154,0.154,0,0
68960.HK,D,20241212,000000,0.166,0.166,0.166,0.166,0,0
68960.HK,D,20241213,000000,0.146,0.146,0.146,0.146,0,0
68960.HK,D,20241216,000000,0.132,0.132,0.132,0.132,0,0
68960.HK,D,20241217,000000,0.14,0.14,0.14,0.14,0,0
68960.HK,D,20241218,000000,0.145,0.145,0.145,0.145,0,0
68960.HK,D,20241219,000000,0.145,0.145,0.145,0.145,0,0
68960.HK,D,20241220,000000,0.143,0.143,0.143,0.143,0,0
68960.HK,D,20241223,000000,0.145,0.145,0.145,0.145,0,0
68960.HK,D,20241224,000000,0.155,0.155,0.155,0.155,0,0
68960.HK,D,20241227,000000,0.155,0.155,0.155,0.155,0,0
68960.HK,D,20241230,000000,0.145,0.145,0.145,0.145,0,0
68960.HK,D,20241231,000000,0.141,0.141,0.141,0.141,0,0
68960.HK,D,20250102,000000,0.123,0.123,0.123,0.123,0,0
68960.HK,D,20250103,000000,0.122,0.122,0.122,0.122,0,0
68960.HK,D,20250106,000000,0.119,0.119,0.119,0.119,50000,0
68960.HK,D,20250107,000000,0.122,0.122,0.122,0.122,0,0
68960.HK,D,20250108,000000,0.116,0.116,0.116,0.116,0,0
68960.HK,D,20250109,000000,0.116,0.116,0.116,0.116,0,0
68960.HK,D,20250110,000000,0.109,0.109,0.109,0.109,0,0
68960.HK,D,20250113,000000,0.105,0.105,0.105,0.105,0,0
68960.HK,D,20250114,000000,0.118,0.118,0.118,0.118,0,0
68960.HK,D,20250115,000000,0.122,0.122,0.122,0.122,0,0
68960.HK,D,20250116,000000,0.126,0.126,0.126,0.126,0,0
68960.HK,D,20250117,000000,0.132,0.132,0.132,0.132,0,0
68960.HK,D,20250120,000000,0.155,0.155,0.155,0.155,0,0
68960.HK,D,20250121,000000,0.163,0.163,0.163,0.163,0,0
68960.HK,D,20250122,000000,0.157,0.157,0.157,0.157,0,0
68960.HK,D,20250123,000000,0.147,0.147,0.147,0.147,0,0
68960.HK,D,20250124,000000,0.151,0.151,0.151,0.151,0,0
68960.HK,D,20250127,000000,0.151,0.151,0.151,0.151,0,0
68960.HK,D,20250128,000000,0.151,0.151,0.151,0.151,0,0
68960.HK,D,20250203,000000,0.137,0.151,0.137,0.151,50000,0
68960.HK,D,20250204,000000,0.174,0.174,0.174,0.174,0,0
68960.HK,D,20250205,000000,0.172,0.172,0.172,0.172,0,0
68960.HK,D,20250206,000000,0.234,0.234,0.228,0.234,25000,0
68960.HK,D,20250207,000000,0.26,0.26,0.26,0.26,0,0
68960.HK,D,20250210,000000,0.26,0.26,0.26,0.26,0,0
68960.HK,D,20250211,000000,0.26,0.26,0.26,0.26,0,0
68960.HK,D,20250212,000000,0.305,0.305,0.3,0.305,50000,0
68960.HK,D,20250213,000000,0.285,0.285,0.285,0.285,0,0
68960.HK,D,20250214,000000,0.335,0.335,0.335,0.335,0,0
68960.HK,D,20250217,000000,0.33,0.33,0.33,0.33,0,0
68960.HK,D,20250218,000000,0.34,0.34,0.34,0.34,0,0
68960.HK,D,20250219,000000,0.345,0.345,0.345,0.345,100000,0
68960.HK,D,20250220,000000,0.355,0.355,0.355,0.355,0,0
68960.HK,D,20250221,000000,0.39,0.39,0.39,0.39,0,0
68960.HK,D,20250224,000000,0.39,0.39,0.39,0.39,0,0
68960.HK,D,20250225,000000,0.39,0.39,0.39,0.39,0,0
68960.HK,D,20250226,000000,0.39,0.39,0.39,0.39,0,0
68960.HK,D,20250227,000000,0.405,0.405,0.405,0.405,0,0
68960.HK,D,20250228,000000,0.36,0.36,0.36,0.36,0,0
68960.HK,D,20250303,000000,0.345,0.345,0.345,0.345,0,0
68960.HK,D,20250304,000000,0.295,0.295,0.295,0.295,0,0
68960.HK,D,20250305,000000,0.305,0.305,0.305,0.305,0,0
68960.HK,D,20250306,000000,0.33,0.33,0.33,0.33,0,0
68960.HK,D,20250307,000000,0.325,0.325,0.325,0.325,0,0
68960.HK,D,20250310,000000,0.31,0.31,0.31,0.31,0,0
68960.HK,D,20250311,000000,0.31,0.31,0.31,0.31,0,0
68960.HK,D,20250312,000000,0.315,0.315,0.315,0.315,0,0
68960.HK,D,20250313,000000,0.33,0.33,0.33,0.33,0,0
68960.HK,D,20250314,000000,0.37,0.37,0.37,0.37,0,0
68960.HK,D,20250317,000000,0.375,0.375,0.375,0.375,0,0
68960.HK,D,20250318,000000,0.405,0.405,0.405,0.405,0,0
68960.HK,D,20250319,000000,0.44,0.44,0.44,0.44,0,0
68960.HK,D,20250320,000000,0.46,0.46,0.46,0.46,25000,0
68960.HK,D,20250321,000000,0.395,0.395,0.395,0.395,0,0
68960.HK,D,20250324,000000,0.415,0.415,0.415,0.415,0,0
68960.HK,D,20250325,000000,0.395,0.395,0.395,0.395,0,0
68960.HK,D,20250326,000000,0.4,0.4,0.4,0.4,0,0
68960.HK,D,20250327,000000,0.415,0.415,0.415,0.415,0,0
68960.HK,D,20250328,000000,0.415,0.415,0.415,0.415,0,0
68960.HK,D,20250331,000000,0.405,0.405,0.405,0.405,0,0
68960.HK,D,20250401,000000,0.385,0.385,0.385,0.385,0,0
68960.HK,D,20250402,000000,0.375,0.375,0.375,0.375,0,0
68960.HK,D,20250403,000000,0.365,0.365,0.365,0.365,0,0
68960.HK,D,20250407,000000,0.238,0.238,0.238,0.238,0,0
68960.HK,D,20250408,000000,0.255,0.265,0.255,0.265,50000,0
68960.HK,D,20250409,000000,0.275,0.275,0.275,0.275,0,0
68960.HK,D,20250410,000000,0.29,0.29,0.29,0.29,0,0
68960.HK,D,20250411,000000,0.31,0.345,0.31,0.345,50000,0
68960.HK,D,20250414,000000,0.355,0.355,0.355,0.355,0,0
68960.HK,D,20250415,000000,0.36,0.36,0.36,0.36,0,0
68960.HK,D,20250416,000000,0.34,0.34,0.34,0.34,0,0
68960.HK,D,20250417,000000,0.34,0.34,0.34,0.34,0,0
