<TICKER>,<PER>,<DATE>,<TIME>,<OPEN>,<HIGH>,<LOW>,<CLOSE>,<VOL>,<OPENINT>
69803.HK,D,20240221,000000,0.074,0.102,0.073,0.08,36320000,0
69803.HK,D,20240222,000000,0.082,0.098,0.082,0.098,1160000,0
69803.HK,D,20240223,000000,0.098,0.1,0.098,0.1,100000,0
69803.HK,D,20240226,000000,0.101,0.101,0.09,0.09,650000,0
69803.HK,D,20240227,000000,0.104,0.104,0.104,0.104,10000,0
69803.HK,D,20240228,000000,0.101,0.101,0.083,0.083,3520000,0
69803.HK,D,20240229,000000,0.094,0.094,0.079,0.079,10000,0
69803.HK,D,20240301,000000,0.061,0.086,0.061,0.084,2360000,0
69803.HK,D,20240304,000000,0.084,0.084,0.08,0.082,110000,0
69803.HK,D,20240305,000000,0.06,0.063,0.04,0.044,2720000,0
69803.HK,D,20240306,000000,0.049,0.072,0.047,0.069,9420000,0
69803.HK,D,20240307,000000,0.073,0.073,0.053,0.053,1270000,0
69803.HK,D,20240308,000000,0.077,0.077,0.068,0.068,20000,0
69803.HK,D,20240311,000000,0.086,0.086,0.081,0.085,20000,0
69803.HK,D,20240312,000000,0.097,0.135,0.097,0.135,6110000,0
69803.HK,D,20240313,000000,0.137,0.146,0.133,0.135,2550000,0
69803.HK,D,20240314,000000,0.142,0.142,0.118,0.122,1640000,0
69803.HK,D,20240315,000000,0.095,0.099,0.095,0.099,10000,0
69803.HK,D,20240318,000000,0.105,0.105,0.105,0.105,240000,0
69803.HK,D,20240319,000000,0.087,0.087,0.087,0.087,290000,0
69803.HK,D,20240320,000000,0.077,0.093,0.077,0.087,14250000,0
69803.HK,D,20240321,000000,0.11,0.116,0.11,0.114,20000,0
69803.HK,D,20240322,000000,0.09,0.09,0.067,0.081,26350000,0
69803.HK,D,20240325,000000,0.085,0.089,0.078,0.078,15070000,0
69803.HK,D,20240326,000000,0.087,0.095,0.078,0.091,12770000,0
69803.HK,D,20240327,000000,0.07,0.078,0.07,0.07,100000,0
69803.HK,D,20240328,000000,0.068,0.091,0.068,0.085,8230000,0
69803.HK,D,20240402,000000,0.12,0.12,0.116,0.116,2210000,0
69803.HK,D,20240403,000000,0.109,0.109,0.096,0.096,16500000,0
69803.HK,D,20240405,000000,0.085,0.097,0.076,0.097,12030000,0
69803.HK,D,20240408,000000,0.089,0.11,0.089,0.099,6240000,0
69803.HK,D,20240409,000000,0.116,0.116,0.106,0.106,8000000,0
69803.HK,D,20240410,000000,0.126,0.133,0.126,0.133,50000,0
69803.HK,D,20240411,000000,0.116,0.131,0.116,0.131,50000,0
69803.HK,D,20240412,000000,0.118,0.118,0.095,0.095,16300000,0
69803.HK,D,20240415,000000,0.078,0.086,0.078,0.086,6790000,0
69803.HK,D,20240416,000000,0.061,0.07,0.051,0.053,6760000,0
69803.HK,D,20240417,000000,0.054,0.058,0.046,0.053,18480000,0
69803.HK,D,20240418,000000,0.051,0.073,0.051,0.066,35630000,0
69803.HK,D,20240419,000000,0.049,0.053,0.036,0.051,30010000,0
69803.HK,D,20240422,000000,0.072,0.082,0.071,0.075,5170000,0
69803.HK,D,20240423,000000,0.088,0.101,0.088,0.101,100000,0
69803.HK,D,20240424,000000,0.12,0.133,0.12,0.133,4100000,0
69803.HK,D,20240425,000000,0.128,0.153,0.128,0.141,4100000,0
69803.HK,D,20240426,000000,0.162,0.177,0.16,0.177,4080000,0
69803.HK,D,20240429,000000,0.183,0.183,0.182,0.183,20000,0
69803.HK,D,20240430,000000,0.187,0.187,0.187,0.187,0,0
69803.HK,D,20240502,000000,0.222,0.222,0.222,0.222,0,0
69803.HK,D,20240503,000000,0.265,0.265,0.246,0.248,180000,0
69803.HK,D,20240506,000000,0.247,0.26,0.247,0.26,30000,0
69803.HK,D,20240507,000000,0.255,0.265,0.247,0.25,150000,0
69803.HK,D,20240508,000000,0.25,0.26,0.238,0.238,310000,0
69803.HK,D,20240509,000000,0.244,0.26,0.244,0.26,30000,0
69803.HK,D,20240510,000000,0.3,0.3,0.3,0.3,0,0
69803.HK,D,20240513,000000,0.31,0.31,0.31,0.31,0,0
69803.HK,D,20240514,000000,0.31,0.31,0.31,0.31,0,0
69803.HK,D,20240516,000000,0.335,0.335,0.335,0.335,0,0
69803.HK,D,20240517,000000,0.35,0.355,0.35,0.355,70000,0
69803.HK,D,20240520,000000,0.355,0.355,0.355,0.355,0,0
69803.HK,D,20240521,000000,0.33,0.33,0.33,0.33,0,0
69803.HK,D,20240522,000000,0.325,0.325,0.325,0.325,0,0
69803.HK,D,20240523,000000,0.295,0.295,0.295,0.295,0,0
69803.HK,D,20240524,000000,0.27,0.27,0.27,0.27,0,0
69803.HK,D,20240527,000000,0.275,0.29,0.275,0.29,260000,0
69803.HK,D,20240528,000000,0.3,0.3,0.285,0.285,120000,0
69803.HK,D,20240529,000000,0.275,0.275,0.255,0.26,250000,0
69803.HK,D,20240530,000000,0.247,0.255,0.229,0.232,590000,0
69803.HK,D,20240531,000000,0.249,0.255,0.22,0.22,920000,0
69803.HK,D,20240603,000000,0.239,0.26,0.239,0.248,340000,0
69803.HK,D,20240604,000000,0.243,0.26,0.243,0.25,220000,0
69803.HK,D,20240605,000000,0.255,0.275,0.247,0.247,140000,0
69803.HK,D,20240606,000000,0.27,0.275,0.248,0.25,200000,0
69803.HK,D,20240607,000000,0.265,0.265,0.241,0.242,110000,0
69803.HK,D,20240611,000000,0.217,0.232,0.211,0.229,430000,0
69803.HK,D,20240612,000000,0.207,0.214,0.203,0.209,570000,0
69803.HK,D,20240613,000000,0.23,0.232,0.219,0.228,320000,0
69803.HK,D,20240614,000000,0.224,0.224,0.212,0.212,160000,0
69803.HK,D,20240617,000000,0.195,0.221,0.195,0.211,190000,0
69803.HK,D,20240618,000000,0.214,0.219,0.205,0.209,480000,0
69803.HK,D,20240619,000000,0.235,0.255,0.233,0.255,280000,0
69803.HK,D,20240620,000000,0.255,0.255,0.243,0.245,130000,0
69803.HK,D,20240621,000000,0.223,0.226,0.218,0.221,140000,0
69803.HK,D,20240624,000000,0.21,0.22,0.21,0.22,170000,0
69803.HK,D,20240625,000000,0.231,0.231,0.22,0.22,150000,0
69803.HK,D,20240626,000000,0.217,0.223,0.217,0.223,30000,0
69803.HK,D,20240627,000000,0.19,0.19,0.19,0.19,0,0
69803.HK,D,20240628,000000,0.195,0.195,0.191,0.191,60000,0
69803.HK,D,20240702,000000,0.199,0.199,0.196,0.196,40000,0
69803.HK,D,20240703,000000,0.21,0.217,0.2,0.217,390000,0
69803.HK,D,20240704,000000,0.231,0.231,0.219,0.226,110000,0
69803.HK,D,20240705,000000,0.223,0.223,0.206,0.206,110000,0
69803.HK,D,20240708,000000,0.19,0.191,0.183,0.184,90000,0
69803.HK,D,20240709,000000,0.179,0.191,0.173,0.181,120000,0
69803.HK,D,20240710,000000,0.196,0.203,0.176,0.177,320000,0
69803.HK,D,20240711,000000,0.197,0.215,0.197,0.215,170000,0
69803.HK,D,20240712,000000,0.235,0.255,0.235,0.255,190000,0
69803.HK,D,20240715,000000,0.245,0.245,0.223,0.228,130000,0
69803.HK,D,20240716,000000,0.21,0.211,0.203,0.203,320000,0
69803.HK,D,20240717,000000,0.204,0.206,0.198,0.205,350000,0
69803.HK,D,20240718,000000,0.209,0.21,0.209,0.209,120000,0
69803.HK,D,20240719,000000,0.181,0.181,0.172,0.172,250000,0
69803.HK,D,20240722,000000,0.164,0.196,0.164,0.195,280000,0
69803.HK,D,20240723,000000,0.196,0.196,0.177,0.178,320000,0
69803.HK,D,20240724,000000,0.181,0.181,0.161,0.162,840000,0
69803.HK,D,20240725,000000,0.155,0.155,0.132,0.134,800000,0
69803.HK,D,20240726,000000,0.14,0.143,0.125,0.134,2250000,0
69803.HK,D,20240729,000000,0.155,0.165,0.155,0.155,230000,0
69803.HK,D,20240730,000000,0.133,0.133,0.129,0.129,3030000,0
69803.HK,D,20240731,000000,0.132,0.167,0.132,0.166,4350000,0
69803.HK,D,20240801,000000,0.163,0.168,0.152,0.157,1370000,0
69803.HK,D,20240802,000000,0.125,0.133,0.118,0.12,1430000,0
69803.HK,D,20240805,000000,0.114,0.12,0.075,0.096,16600000,0
69803.HK,D,20240806,000000,0.116,0.116,0.092,0.095,10610000,0
69803.HK,D,20240807,000000,0.095,0.122,0.095,0.11,15310000,0
69803.HK,D,20240808,000000,0.098,0.127,0.095,0.113,14920000,0
69803.HK,D,20240809,000000,0.138,0.146,0.132,0.134,5200000,0
69803.HK,D,20240812,000000,0.139,0.139,0.127,0.133,230000,0
69803.HK,D,20240813,000000,0.143,0.143,0.134,0.139,750000,0
69803.HK,D,20240814,000000,0.146,0.146,0.13,0.134,220000,0
69803.HK,D,20240815,000000,0.127,0.144,0.127,0.133,500000,0
69803.HK,D,20240816,000000,0.159,0.169,0.159,0.164,4410000,0
69803.HK,D,20240819,000000,0.179,0.188,0.178,0.179,850000,0
69803.HK,D,20240820,000000,0.185,0.186,0.17,0.17,1190000,0
69803.HK,D,20240821,000000,0.152,0.163,0.152,0.16,660000,0
69803.HK,D,20240822,000000,0.164,0.182,0.161,0.182,1120000,0
69803.HK,D,20240823,000000,0.174,0.18,0.171,0.18,280000,0
69803.HK,D,20240826,000000,0.196,0.196,0.192,0.196,200000,0
69803.HK,D,20240827,000000,0.183,0.204,0.182,0.204,20000,0
69803.HK,D,20240828,000000,0.19,0.191,0.184,0.184,1140000,0
69803.HK,D,20240829,000000,0.181,0.194,0.176,0.194,270000,0
69803.HK,D,20240830,000000,0.216,0.216,0.216,0.216,0,0
69803.HK,D,20240902,000000,0.195,0.196,0.185,0.185,100000,0
69803.HK,D,20240903,000000,0.184,0.191,0.183,0.183,60000,0
69803.HK,D,20240904,000000,0.161,0.169,0.158,0.166,210000,0
69803.HK,D,20240905,000000,0.163,0.163,0.156,0.163,110000,0
69803.HK,D,20240909,000000,0.139,0.143,0.135,0.139,190000,0
69803.HK,D,20240910,000000,0.148,0.149,0.138,0.147,230000,0
69803.HK,D,20240911,000000,0.13,0.134,0.122,0.134,1080000,0
69803.HK,D,20240912,000000,0.141,0.146,0.141,0.146,20000,0
69803.HK,D,20240913,000000,0.159,0.159,0.159,0.159,0,0
69803.HK,D,20240916,000000,0.162,0.162,0.162,0.162,0,0
69803.HK,D,20240917,000000,0.173,0.185,0.173,0.184,320000,0
69803.HK,D,20240919,000000,0.182,0.224,0.181,0.218,1200000,0
69803.HK,D,20240920,000000,0.231,0.242,0.231,0.237,340000,0
69803.HK,D,20240923,000000,0.255,0.255,0.24,0.24,60000,0
69803.HK,D,20240924,000000,0.28,0.31,0.275,0.31,100000,0
69803.HK,D,20240925,000000,0.355,0.355,0.325,0.325,140000,0
69803.HK,D,20240926,000000,0.35,0.4,0.35,0.4,70000,0
69803.HK,D,20240927,000000,0.445,0.465,0.44,0.465,340000,0
69803.HK,D,20240930,000000,0.51,0.55,0.51,0.52,100000,0
69803.HK,D,20241002,000000,0.61,0.65,0.61,0.65,1260000,0
69803.HK,D,20241003,000000,0.61,0.64,0.61,0.62,60000,0
69803.HK,D,20241004,000000,0.66,0.67,0.64,0.67,50000,0
69803.HK,D,20241007,000000,0.7,0.71,0.69,0.71,100000,0
69803.HK,D,20241008,000000,0.52,0.52,0.52,0.52,0,0
69803.HK,D,20241009,000000,0.48,0.48,0.48,0.48,0,0
69803.HK,D,20241010,000000,0.53,0.53,0.53,0.53,0,0
69803.HK,D,20241014,000000,0.52,0.52,0.52,0.52,0,0
69803.HK,D,20241015,000000,0.45,0.45,0.45,0.45,0,0
69803.HK,D,20241016,000000,0.45,0.45,0.45,0.45,0,0
69803.HK,D,20241017,000000,0.42,0.42,0.42,0.42,0,0
69803.HK,D,20241018,000000,0.485,0.485,0.485,0.485,0,0
69803.HK,D,20241021,000000,0.46,0.46,0.46,0.46,0,0
69803.HK,D,20241022,000000,0.46,0.46,0.46,0.46,0,0
69803.HK,D,20241023,000000,0.485,0.485,0.485,0.485,0,0
69803.HK,D,20241024,000000,0.465,0.465,0.465,0.465,0,0
69803.HK,D,20241025,000000,0.47,0.47,0.47,0.47,0,0
69803.HK,D,20241028,000000,0.475,0.475,0.475,0.475,0,0
69803.HK,D,20241029,000000,0.475,0.475,0.475,0.475,0,0
69803.HK,D,20241030,000000,0.45,0.45,0.45,0.45,0,0
69803.HK,D,20241031,000000,0.45,0.45,0.45,0.45,0,0
69803.HK,D,20241101,000000,0.46,0.46,0.46,0.46,0,0
69803.HK,D,20241104,000000,0.465,0.465,0.465,0.465,0,0
69803.HK,D,20241105,000000,0.5,0.5,0.495,0.5,20000,0
69803.HK,D,20241106,000000,0.47,0.47,0.47,0.47,0,0
69803.HK,D,20241107,000000,0.5,0.5,0.5,0.5,0,0
69803.HK,D,20241108,000000,0.495,0.495,0.495,0.495,0,0
69803.HK,D,20241111,000000,0.46,0.46,0.46,0.46,0,0
69803.HK,D,20241112,000000,0.405,0.405,0.405,0.405,0,0
69803.HK,D,20241113,000000,0.405,0.405,0.405,0.405,0,0
69803.HK,D,20241114,000000,0.365,0.365,0.365,0.365,0,0
69803.HK,D,20241115,000000,0.365,0.365,0.365,0.365,0,0
69803.HK,D,20241118,000000,0.375,0.375,0.375,0.375,0,0
69803.HK,D,20241119,000000,0.38,0.38,0.38,0.38,0,0
69803.HK,D,20241120,000000,0.385,0.385,0.385,0.385,0,0
69803.HK,D,20241121,000000,0.385,0.385,0.385,0.385,0,0
69803.HK,D,20241122,000000,0.35,0.35,0.35,0.35,0,0
69803.HK,D,20241125,000000,0.345,0.345,0.345,0.345,0,0
69803.HK,D,20241126,000000,0.345,0.345,0.345,0.345,0,0
69803.HK,D,20241127,000000,0.385,0.385,0.385,0.385,0,0
69803.HK,D,20241128,000000,0.36,0.36,0.36,0.36,0,0
69803.HK,D,20241129,000000,0.36,0.36,0.36,0.36,0,0
69803.HK,D,20241202,000000,0.37,0.37,0.37,0.37,0,0
69803.HK,D,20241203,000000,0.385,0.385,0.385,0.385,0,0
69803.HK,D,20241204,000000,0.39,0.39,0.39,0.39,0,0
69803.HK,D,20241205,000000,0.375,0.375,0.375,0.375,0,0
69803.HK,D,20241206,000000,0.4,0.4,0.4,0.4,0,0
69803.HK,D,20241209,000000,0.45,0.45,0.45,0.45,0,0
69803.HK,D,20241210,000000,0.45,0.45,0.45,0.45,0,0
69803.HK,D,20241211,000000,0.435,0.435,0.435,0.435,0,0
69803.HK,D,20241212,000000,0.45,0.45,0.45,0.45,0,0
69803.HK,D,20241213,000000,0.415,0.415,0.415,0.415,0,0
69803.HK,D,20241216,000000,0.4,0.4,0.4,0.4,0,0
69803.HK,D,20241217,000000,0.4,0.4,0.4,0.4,0,0
69803.HK,D,20241218,000000,0.4,0.4,0.4,0.4,0,0
69803.HK,D,20241219,000000,0.395,0.395,0.39,0.395,30000,0
69803.HK,D,20241220,000000,0.395,0.395,0.395,0.395,0,0
69803.HK,D,20241223,000000,0.4,0.4,0.4,0.4,0,0
69803.HK,D,20241224,000000,0.425,0.425,0.425,0.425,0,0
69803.HK,D,20241227,000000,0.425,0.425,0.425,0.425,0,0
69803.HK,D,20241230,000000,0.425,0.425,0.425,0.425,0,0
69803.HK,D,20241231,000000,0.425,0.425,0.425,0.425,0,0
69803.HK,D,20250102,000000,0.38,0.38,0.38,0.38,0,0
69803.HK,D,20250103,000000,0.39,0.39,0.39,0.39,0,0
69803.HK,D,20250106,000000,0.39,0.39,0.39,0.39,0,0
69803.HK,D,20250107,000000,0.365,0.365,0.365,0.365,0,0
69803.HK,D,20250108,000000,0.355,0.355,0.355,0.355,0,0
69803.HK,D,20250109,000000,0.35,0.35,0.35,0.35,20000,0
69803.HK,D,20250110,000000,0.33,0.33,0.33,0.33,0,0
69803.HK,D,20250113,000000,0.315,0.315,0.315,0.315,0,0
69803.HK,D,20250114,000000,0.34,0.34,0.34,0.34,0,0
69803.HK,D,20250115,000000,0.345,0.345,0.345,0.345,0,0
69803.HK,D,20250116,000000,0.365,0.365,0.365,0.365,0,0
69803.HK,D,20250117,000000,0.375,0.375,0.375,0.375,0,0
69803.HK,D,20250120,000000,0.415,0.415,0.415,0.415,0,0
69803.HK,D,20250121,000000,0.43,0.43,0.43,0.43,0,0
69803.HK,D,20250122,000000,0.405,0.405,0.405,0.405,0,0
69803.HK,D,20250123,000000,0.39,0.39,0.39,0.39,0,0
69803.HK,D,20250124,000000,0.415,0.415,0.415,0.415,0,0
69803.HK,D,20250127,000000,0.435,0.435,0.435,0.435,0,0
69803.HK,D,20250128,000000,0.435,0.435,0.435,0.435,0,0
69803.HK,D,20250203,000000,0.43,0.43,0.43,0.43,0,0
69803.HK,D,20250204,000000,0.485,0.485,0.485,0.485,0,0
69803.HK,D,20250205,000000,0.48,0.48,0.48,0.48,0,0
69803.HK,D,20250206,000000,0.495,0.495,0.495,0.495,0,0
69803.HK,D,20250207,000000,0.52,0.52,0.52,0.52,20000,0
69803.HK,D,20250210,000000,0.56,0.56,0.56,0.56,0,0
69803.HK,D,20250211,000000,0.55,0.55,0.55,0.55,0,0
69803.HK,D,20250212,000000,0.59,0.59,0.59,0.59,0,0
69803.HK,D,20250213,000000,0.59,0.62,0.59,0.59,10000,0
69803.HK,D,20250214,000000,0.67,0.67,0.67,0.67,0,0
69803.HK,D,20250217,000000,0.67,0.67,0.67,0.67,10000,0
69803.HK,D,20250218,000000,0.7,0.7,0.7,0.7,0,0
69803.HK,D,20250219,000000,0.7,0.7,0.7,0.7,0,0
69803.HK,D,20250220,000000,0.67,0.67,0.67,0.67,0,0
69803.HK,D,20250221,000000,0.74,0.74,0.74,0.74,0,0
69803.HK,D,20250224,000000,0.74,0.74,0.74,0.74,0,0
69803.HK,D,20250225,000000,0.71,0.71,0.71,0.71,0,0
69803.HK,D,20250226,000000,0.77,0.77,0.77,0.77,0,0
69803.HK,D,20250227,000000,0.77,0.77,0.77,0.77,0,0
69803.HK,D,20250228,000000,0.7,0.7,0.7,0.7,0,0
69803.HK,D,20250303,000000,0.7,0.7,0.7,0.7,0,0
69803.HK,D,20250304,000000,0.7,0.7,0.7,0.7,0,0
69803.HK,D,20250305,000000,0.75,0.75,0.75,0.75,0,0
69803.HK,D,20250306,000000,0.84,0.84,0.84,0.84,0,0
69803.HK,D,20250307,000000,0.81,0.81,0.81,0.81,0,0
69803.HK,D,20250310,000000,0.78,0.78,0.78,0.78,0,0
69803.HK,D,20250311,000000,0.78,0.78,0.78,0.78,0,0
69803.HK,D,20250312,000000,0.76,0.76,0.76,0.76,0,0
69803.HK,D,20250313,000000,0.76,0.76,0.76,0.76,0,0
69803.HK,D,20250314,000000,0.8,0.8,0.8,0.8,0,0
69803.HK,D,20250317,000000,0.81,0.81,0.81,0.81,0,0
69803.HK,D,20250318,000000,0.86,0.86,0.86,0.86,0,0
69803.HK,D,20250319,000000,0.87,0.87,0.87,0.87,0,0
69803.HK,D,20250320,000000,0.83,0.83,0.83,0.83,0,0
69803.HK,D,20250321,000000,0.78,0.78,0.78,0.78,0,0
69803.HK,D,20250324,000000,0.78,0.78,0.78,0.78,0,0
69803.HK,D,20250325,000000,0.75,0.75,0.75,0.75,0,0
69803.HK,D,20250326,000000,0.75,0.75,0.75,0.75,0,0
69803.HK,D,20250327,000000,0.76,0.76,0.76,0.76,0,0
69803.HK,D,20250328,000000,0.74,0.74,0.74,0.74,0,0
69803.HK,D,20250331,000000,0.71,0.71,0.71,0.71,0,0
69803.HK,D,20250401,000000,0.71,0.71,0.71,0.71,0,0
69803.HK,D,20250402,000000,0.71,0.71,0.71,0.71,0,0
69803.HK,D,20250403,000000,0.68,0.68,0.68,0.68,0,0
69803.HK,D,20250407,000000,0.375,0.375,0.375,0.375,0,0
69803.HK,D,20250408,000000,0.435,0.435,0.41,0.41,20000,0
69803.HK,D,20250409,000000,0.435,0.435,0.435,0.435,0,0
69803.HK,D,20250410,000000,0.47,0.47,0.47,0.47,0,0
69803.HK,D,20250411,000000,0.5,0.5,0.5,0.5,0,0
69803.HK,D,20250414,000000,0.54,0.54,0.54,0.54,0,0
69803.HK,D,20250415,000000,0.54,0.54,0.54,0.54,0,0
69803.HK,D,20250416,000000,0.51,0.51,0.51,0.51,0,0
69803.HK,D,20250417,000000,0.53,0.53,0.53,0.53,0,0
