<TICKER>,<PER>,<DATE>,<TIME>,<OPEN>,<HIGH>,<LOW>,<CLOSE>,<VOL>,<OPENINT>
50798.HK,D,20230130,000000,0.137,0.161,0.136,0.161,20000,0
50798.HK,D,20230131,000000,0.156,0.166,0.156,0.166,800000,0
50798.HK,D,20230201,000000,0.16,0.163,0.16,0.16,400000,0
50798.HK,D,20230202,000000,0.152,0.164,0.152,0.164,910000,0
50798.HK,D,20230203,000000,0.177,0.179,0.175,0.178,2700000,0
50798.HK,D,20230206,000000,0.194,0.196,0.194,0.194,2200000,0
50798.HK,D,20230207,000000,0.188,0.188,0.188,0.188,10000,0
50798.HK,D,20230208,000000,0.186,0.19,0.186,0.19,10000,0
50798.HK,D,20230209,000000,0.175,0.179,0.175,0.175,30000,0
50798.HK,D,20230210,000000,0.195,0.195,0.194,0.195,2050000,0
50798.HK,D,20230213,000000,0.209,0.209,0.194,0.194,80000,0
50798.HK,D,20230214,000000,0.195,0.195,0.195,0.195,0,0
50798.HK,D,20230215,000000,0.206,0.21,0.206,0.21,2000000,0
50798.HK,D,20230216,000000,0.202,0.202,0.19,0.202,2010000,0
50798.HK,D,20230217,000000,0.211,0.211,0.208,0.211,2000000,0
50798.HK,D,20230220,000000,0.206,0.206,0.206,0.206,0,0
50798.HK,D,20230221,000000,0.211,0.223,0.211,0.223,2000000,0
50798.HK,D,20230222,000000,0.229,0.229,0.229,0.229,0,0
50798.HK,D,20230223,000000,0.231,0.231,0.231,0.231,0,0
50798.HK,D,20230224,000000,0.248,0.248,0.243,0.248,30000,0
50798.HK,D,20230227,000000,0.249,0.249,0.249,0.249,0,0
50798.HK,D,20230228,000000,0.25,0.25,0.25,0.25,0,0
50798.HK,D,20230301,000000,0.217,0.217,0.217,0.217,0,0
50798.HK,D,20230302,000000,0.221,0.221,0.221,0.221,0,0
50798.HK,D,20230303,000000,0.218,0.218,0.218,0.218,0,0
50798.HK,D,20230306,000000,0.215,0.215,0.215,0.215,10000,0
50798.HK,D,20230307,000000,0.219,0.219,0.216,0.219,10000,0
50798.HK,D,20230308,000000,0.24,0.24,0.24,0.24,1380000,0
50798.HK,D,20230309,000000,0.243,0.243,0.243,0.243,1280000,0
50798.HK,D,20230310,000000,0.27,0.275,0.27,0.275,100000,0
50798.HK,D,20230313,000000,0.27,0.27,0.27,0.27,0,0
50798.HK,D,20230314,000000,0.295,0.295,0.295,0.295,0,0
50798.HK,D,20230315,000000,0.285,0.285,0.285,0.285,0,0
50798.HK,D,20230316,000000,0.3,0.3,0.3,0.3,0,0
50798.HK,D,20230317,000000,0.29,0.29,0.29,0.29,0,0
50798.HK,D,20230320,000000,0.32,0.32,0.32,0.32,0,0
50798.HK,D,20230321,000000,0.31,0.31,0.31,0.31,0,0
50798.HK,D,20230322,000000,0.29,0.29,0.29,0.29,0,0
50798.HK,D,20230323,000000,0.27,0.28,0.27,0.27,110000,0
50798.HK,D,20230324,000000,0.27,0.27,0.27,0.27,0,0
50798.HK,D,20230327,000000,0.29,0.29,0.29,0.29,0,0
50798.HK,D,20230328,000000,0.28,0.28,0.28,0.28,0,0
50798.HK,D,20230329,000000,0.248,0.255,0.248,0.255,6000000,0
50798.HK,D,20230330,000000,0.255,0.255,0.255,0.255,0,0
50798.HK,D,20230331,000000,0.238,0.241,0.238,0.241,60000,0
50798.HK,D,20230403,000000,0.243,0.243,0.243,0.243,0,0
50798.HK,D,20230404,000000,0.25,0.25,0.25,0.25,20000,0
50798.HK,D,20230406,000000,0.25,0.25,0.25,0.25,0,0
50798.HK,D,20230411,000000,0.246,0.246,0.246,0.246,0,0
50798.HK,D,20230412,000000,0.25,0.25,0.25,0.25,50000,0
50798.HK,D,20230413,000000,0.25,0.25,0.25,0.25,0,0
50798.HK,D,20230414,000000,0.247,0.247,0.247,0.247,0,0
50798.HK,D,20230417,000000,0.227,0.227,0.227,0.227,0,0
50798.HK,D,20230418,000000,0.233,0.233,0.233,0.233,0,0
50798.HK,D,20230419,000000,0.244,0.244,0.238,0.244,10000,0
50798.HK,D,20230420,000000,0.244,0.244,0.244,0.244,0,0
50798.HK,D,20230421,000000,0.26,0.26,0.26,0.26,0,0
50798.HK,D,20230424,000000,0.265,0.265,0.265,0.265,0,0
50798.HK,D,20230425,000000,0.28,0.28,0.28,0.28,0,0
50798.HK,D,20230426,000000,0.28,0.28,0.28,0.28,0,0
50798.HK,D,20230427,000000,0.28,0.28,0.28,0.28,0,0
50798.HK,D,20230428,000000,0.27,0.27,0.27,0.27,0,0
50798.HK,D,20230502,000000,0.27,0.27,0.27,0.27,0,0
50798.HK,D,20230503,000000,0.28,0.28,0.28,0.28,0,0
50798.HK,D,20230504,000000,0.27,0.27,0.27,0.27,0,0
50798.HK,D,20230505,000000,0.27,0.27,0.27,0.27,0,0
50798.HK,D,20230508,000000,0.255,0.255,0.255,0.255,0,0
50798.HK,D,20230509,000000,0.27,0.27,0.27,0.27,0,0
50798.HK,D,20230510,000000,0.275,0.275,0.275,0.275,0,0
50798.HK,D,20230511,000000,0.275,0.275,0.275,0.275,0,0
50798.HK,D,20230512,000000,0.285,0.285,0.285,0.285,0,0
50798.HK,D,20230515,000000,0.27,0.27,0.27,0.27,0,0
50798.HK,D,20230516,000000,0.27,0.27,0.27,0.27,0,0
50798.HK,D,20230517,000000,0.285,0.285,0.285,0.285,0,0
50798.HK,D,20230518,000000,0.28,0.28,0.28,0.28,0,0
50798.HK,D,20230519,000000,0.285,0.285,0.285,0.285,0,0
50798.HK,D,20230522,000000,0.275,0.275,0.275,0.275,0,0
50798.HK,D,20230523,000000,0.285,0.285,0.285,0.285,0,0
50798.HK,D,20230524,000000,0.3,0.3,0.3,0.3,0,0
50798.HK,D,20230525,000000,0.315,0.315,0.315,0.315,0,0
50798.HK,D,20230529,000000,0.325,0.325,0.325,0.325,0,0
50798.HK,D,20230530,000000,0.325,0.325,0.325,0.325,0,0
50798.HK,D,20230531,000000,0.34,0.34,0.34,0.34,0,0
50798.HK,D,20230601,000000,0.34,0.34,0.34,0.34,0,0
50798.HK,D,20230602,000000,0.315,0.315,0.315,0.315,0,0
50798.HK,D,20230605,000000,0.305,0.305,0.305,0.305,0,0
50798.HK,D,20230606,000000,0.305,0.305,0.305,0.305,0,0
50798.HK,D,20230607,000000,0.295,0.295,0.295,0.295,0,0
50798.HK,D,20230608,000000,0.29,0.29,0.29,0.29,0,0
50798.HK,D,20230609,000000,0.285,0.285,0.285,0.285,0,0
50798.HK,D,20230612,000000,0.285,0.285,0.285,0.285,0,0
50798.HK,D,20230613,000000,0.28,0.28,0.28,0.28,0,0
50798.HK,D,20230614,000000,0.28,0.28,0.28,0.28,0,0
50798.HK,D,20230615,000000,0.26,0.26,0.26,0.26,0,0
50798.HK,D,20230616,000000,0.249,0.249,0.249,0.249,0,0
50798.HK,D,20230619,000000,0.25,0.25,0.25,0.25,0,0
50798.HK,D,20230620,000000,0.265,0.265,0.265,0.265,0,0
50798.HK,D,20230621,000000,0.285,0.285,0.285,0.285,0,0
50798.HK,D,20230623,000000,0.3,0.3,0.3,0.3,0,0
50798.HK,D,20230626,000000,0.305,0.305,0.305,0.305,0,0
50798.HK,D,20230627,000000,0.295,0.295,0.295,0.295,0,0
50798.HK,D,20230628,000000,0.29,0.29,0.29,0.29,0,0
50798.HK,D,20230629,000000,0.3,0.3,0.3,0.3,0,0
50798.HK,D,20230630,000000,0.3,0.3,0.3,0.3,0,0
50798.HK,D,20230703,000000,0.28,0.28,0.28,0.28,0,0
50798.HK,D,20230704,000000,0.275,0.275,0.275,0.275,0,0
50798.HK,D,20230705,000000,0.29,0.29,0.29,0.29,0,0
50798.HK,D,20230706,000000,0.305,0.305,0.305,0.305,0,0
50798.HK,D,20230707,000000,0.315,0.315,0.315,0.315,0,0
50798.HK,D,20230710,000000,0.315,0.315,0.315,0.315,0,0
50798.HK,D,20230711,000000,0.31,0.31,0.31,0.31,0,0
50798.HK,D,20230712,000000,0.3,0.3,0.3,0.3,0,0
50798.HK,D,20230713,000000,0.275,0.275,0.275,0.275,0,0
50798.HK,D,20230714,000000,0.275,0.275,0.275,0.275,0,0
50798.HK,D,20230718,000000,0.29,0.29,0.29,0.29,0,0
50798.HK,D,20230719,000000,0.29,0.29,0.29,0.29,0,0
50798.HK,D,20230720,000000,0.29,0.29,0.29,0.29,0,0
50798.HK,D,20230721,000000,0.29,0.29,0.29,0.29,0,0
50798.HK,D,20230724,000000,0.305,0.305,0.305,0.305,0,0
50798.HK,D,20230725,000000,0.27,0.27,0.27,0.27,0,0
50798.HK,D,20230726,000000,0.27,0.27,0.27,0.27,0,0
50798.HK,D,20230727,000000,0.26,0.26,0.26,0.26,0,0
50798.HK,D,20230728,000000,0.245,0.245,0.245,0.245,0,0
50798.HK,D,20230731,000000,0.239,0.239,0.239,0.239,0,0
50798.HK,D,20230801,000000,0.242,0.243,0.242,0.242,1500000,0
50798.HK,D,20230802,000000,0.248,0.26,0.248,0.26,1500000,0
50798.HK,D,20230803,000000,0.27,0.27,0.27,0.27,0,0
50798.HK,D,20230804,000000,0.265,0.265,0.265,0.265,0,0
50798.HK,D,20230807,000000,0.265,0.265,0.265,0.265,0,0
50798.HK,D,20230808,000000,0.28,0.28,0.28,0.28,0,0
50798.HK,D,20230809,000000,0.28,0.28,0.28,0.28,0,0
50798.HK,D,20230810,000000,0.28,0.28,0.28,0.28,0,0
50798.HK,D,20230811,000000,0.285,0.285,0.285,0.285,0,0
50798.HK,D,20230814,000000,0.3,0.3,0.3,0.3,0,0
50798.HK,D,20230815,000000,0.31,0.31,0.31,0.31,0,0
50798.HK,D,20230816,000000,0.32,0.32,0.32,0.32,0,0
50798.HK,D,20230817,000000,0.32,0.32,0.32,0.32,0,0
50798.HK,D,20230818,000000,0.34,0.34,0.34,0.34,0,0
50798.HK,D,20230821,000000,0.355,0.355,0.355,0.355,0,0
50798.HK,D,20230822,000000,0.35,0.35,0.35,0.35,0,0
50798.HK,D,20230823,000000,0.35,0.35,0.35,0.35,0,0
50798.HK,D,20230824,000000,0.33,0.33,0.33,0.33,0,0
50798.HK,D,20230825,000000,0.34,0.34,0.34,0.34,0,0
50798.HK,D,20230828,000000,0.335,0.335,0.335,0.335,0,0
50798.HK,D,20230829,000000,0.32,0.32,0.32,0.32,0,0
50798.HK,D,20230830,000000,0.32,0.32,0.32,0.32,0,0
50798.HK,D,20230831,000000,0.32,0.32,0.32,0.32,0,0
50798.HK,D,20230904,000000,0.3,0.3,0.3,0.3,0,0
50798.HK,D,20230905,000000,0.315,0.315,0.315,0.315,0,0
50798.HK,D,20230906,000000,0.315,0.315,0.315,0.315,0,0
50798.HK,D,20230907,000000,0.325,0.325,0.325,0.325,0,0
50798.HK,D,20230911,000000,0.325,0.325,0.325,0.325,0,0
50798.HK,D,20230912,000000,0.33,0.33,0.33,0.33,0,0
50798.HK,D,20230913,000000,0.33,0.33,0.33,0.33,0,0
50798.HK,D,20230914,000000,0.33,0.33,0.33,0.33,0,0
50798.HK,D,20230915,000000,0.325,0.325,0.325,0.325,0,0
50798.HK,D,20230918,000000,0.335,0.335,0.335,0.335,0,0
50798.HK,D,20230919,000000,0.335,0.335,0.335,0.335,0,0
50798.HK,D,20230920,000000,0.335,0.335,0.335,0.335,0,0
50798.HK,D,20230921,000000,0.345,0.345,0.345,0.345,0,0
50798.HK,D,20230922,000000,0.33,0.33,0.33,0.33,0,0
50798.HK,D,20230925,000000,0.345,0.345,0.345,0.345,0,0
50798.HK,D,20230926,000000,0.355,0.355,0.355,0.355,0,0
50798.HK,D,20230927,000000,0.355,0.355,0.355,0.355,0,0
50798.HK,D,20230928,000000,0.36,0.36,0.36,0.36,0,0
50798.HK,D,20230929,000000,0.345,0.345,0.345,0.345,0,0
50798.HK,D,20231003,000000,0.37,0.37,0.37,0.37,0,0
50798.HK,D,20231004,000000,0.375,0.375,0.375,0.375,0,0
50798.HK,D,20231005,000000,0.375,0.375,0.375,0.375,0,0
50798.HK,D,20231006,000000,0.365,0.365,0.365,0.365,0,0
50798.HK,D,20231009,000000,0.365,0.365,0.365,0.365,0,0
50798.HK,D,20231010,000000,0.36,0.36,0.36,0.36,0,0
50798.HK,D,20231011,000000,0.345,0.345,0.345,0.345,0,0
50798.HK,D,20231012,000000,0.33,0.33,0.33,0.33,0,0
50798.HK,D,20231013,000000,0.345,0.345,0.345,0.345,0,0
50798.HK,D,20231016,000000,0.355,0.355,0.355,0.355,0,0
50798.HK,D,20231017,000000,0.355,0.355,0.355,0.355,0,0
50798.HK,D,20231018,000000,0.355,0.355,0.355,0.355,0,0
50798.HK,D,20231019,000000,0.37,0.37,0.37,0.37,0,0
50798.HK,D,20231020,000000,0.38,0.38,0.38,0.38,0,0
50798.HK,D,20231024,000000,0.385,0.385,0.385,0.385,0,0
50798.HK,D,20231025,000000,0.385,0.385,0.385,0.385,0,0
50798.HK,D,20231026,000000,0.385,0.385,0.385,0.385,0,0
50798.HK,D,20231027,000000,0.37,0.37,0.37,0.37,0,0
50798.HK,D,20231030,000000,0.37,0.37,0.37,0.37,0,0
50798.HK,D,20231031,000000,0.38,0.38,0.38,0.38,0,0
50798.HK,D,20231101,000000,0.385,0.385,0.385,0.385,100000,0
50798.HK,D,20231102,000000,0.38,0.38,0.38,0.38,0,0
50798.HK,D,20231103,000000,0.36,0.36,0.36,0.36,0,0
50798.HK,D,20231106,000000,0.35,0.35,0.35,0.35,0,0
50798.HK,D,20231107,000000,0.355,0.355,0.355,0.355,0,0
50798.HK,D,20231108,000000,0.36,0.36,0.36,0.36,0,0
50798.HK,D,20231109,000000,0.36,0.36,0.36,0.36,0,0
50798.HK,D,20231110,000000,0.375,0.375,0.375,0.375,0,0
50798.HK,D,20231113,000000,0.37,0.37,0.37,0.37,0,0
50798.HK,D,20231114,000000,0.37,0.37,0.37,0.37,0,0
50798.HK,D,20231115,000000,0.345,0.345,0.345,0.345,0,0
50798.HK,D,20231116,000000,0.35,0.35,0.35,0.35,0,0
50798.HK,D,20231117,000000,0.37,0.37,0.37,0.37,0,0
50798.HK,D,20231120,000000,0.36,0.36,0.36,0.36,0,0
50798.HK,D,20231121,000000,0.36,0.36,0.36,0.36,0,0
50798.HK,D,20231122,000000,0.36,0.36,0.36,0.36,0,0
50798.HK,D,20231123,000000,0.35,0.35,0.35,0.35,0,0
50798.HK,D,20231124,000000,0.36,0.36,0.36,0.36,0,0
50798.HK,D,20231127,000000,0.36,0.36,0.36,0.36,0,0
50798.HK,D,20231128,000000,0.375,0.375,0.375,0.375,0,0
50798.HK,D,20231129,000000,0.395,0.395,0.395,0.395,0,0
50798.HK,D,20231130,000000,0.395,0.395,0.395,0.395,0,0
50798.HK,D,20231201,000000,0.405,0.405,0.405,0.405,0,0
50798.HK,D,20231204,000000,0.415,0.415,0.415,0.415,0,0
50798.HK,D,20231205,000000,0.435,0.435,0.435,0.435,0,0
50798.HK,D,20231206,000000,0.43,0.43,0.43,0.43,0,0
50798.HK,D,20231207,000000,0.43,0.43,0.43,0.43,0,0
50798.HK,D,20231208,000000,0.43,0.43,0.43,0.43,0,0
50798.HK,D,20231211,000000,0.435,0.435,0.435,0.435,0,0
50798.HK,D,20231212,000000,0.43,0.43,0.43,0.43,0,0
50798.HK,D,20231213,000000,0.435,0.435,0.435,0.435,0,0
50798.HK,D,20231214,000000,0.435,0.435,0.435,0.435,0,0
50798.HK,D,20231215,000000,0.415,0.415,0.415,0.415,0,0
50798.HK,D,20231218,000000,0.42,0.42,0.42,0.42,0,0
50798.HK,D,20231219,000000,0.425,0.425,0.425,0.425,0,0
50798.HK,D,20231220,000000,0.425,0.425,0.425,0.425,0,0
50798.HK,D,20231221,000000,0.425,0.425,0.425,0.425,0,0
50798.HK,D,20231222,000000,0.435,0.435,0.435,0.435,0,0
50798.HK,D,20231227,000000,0.425,0.425,0.425,0.425,0,0
50798.HK,D,20231228,000000,0.405,0.405,0.405,0.405,0,0
50798.HK,D,20231229,000000,0.405,0.405,0.405,0.405,0,0
50798.HK,D,20240102,000000,0.415,0.415,0.415,0.415,0,0
50798.HK,D,20240103,000000,0.42,0.42,0.42,0.42,0,0
50798.HK,D,20240104,000000,0.42,0.42,0.42,0.42,0,0
50798.HK,D,20240105,000000,0.425,0.425,0.425,0.425,0,0
50798.HK,D,20240108,000000,0.44,0.44,0.44,0.44,0,0
50798.HK,D,20240109,000000,0.44,0.44,0.44,0.44,0,0
50798.HK,D,20240110,000000,0.445,0.445,0.445,0.445,0,0
50798.HK,D,20240111,000000,0.44,0.44,0.44,0.44,0,0
50798.HK,D,20240112,000000,0.44,0.44,0.44,0.44,0,0
50798.HK,D,20240115,000000,0.445,0.445,0.445,0.445,0,0
50798.HK,D,20240116,000000,0.46,0.46,0.46,0.46,0,0
50798.HK,D,20240117,000000,0.49,0.49,0.49,0.49,0,0
50798.HK,D,20240118,000000,0.49,0.49,0.49,0.49,0,0
50798.HK,D,20240119,000000,0.49,0.49,0.49,0.49,0,0
50798.HK,D,20240122,000000,0.5,0.5,0.5,0.5,0,0
50798.HK,D,20240123,000000,0.49,0.49,0.49,0.49,0,0
50798.HK,D,20240124,000000,0.465,0.465,0.465,0.465,0,0
50798.HK,D,20240125,000000,0.45,0.45,0.45,0.45,0,0
50798.HK,D,20240126,000000,0.46,0.46,0.46,0.46,0,0
50798.HK,D,20240129,000000,0.455,0.455,0.455,0.455,0,0
50798.HK,D,20240130,000000,0.47,0.47,0.47,0.47,0,0
50798.HK,D,20240131,000000,0.485,0.485,0.485,0.485,0,0
50798.HK,D,20240201,000000,0.485,0.485,0.485,0.485,0,0
50798.HK,D,20240202,000000,0.485,0.485,0.485,0.485,0,0
50798.HK,D,20240205,000000,0.485,0.485,0.485,0.485,0,0
50798.HK,D,20240206,000000,0.455,0.455,0.455,0.455,0,0
50798.HK,D,20240207,000000,0.455,0.455,0.455,0.455,0,0
50798.HK,D,20240208,000000,0.465,0.465,0.465,0.465,0,0
50798.HK,D,20240209,000000,0.47,0.47,0.47,0.47,0,0
50798.HK,D,20240214,000000,0.47,0.47,0.47,0.47,0,0
50798.HK,D,20240215,000000,0.465,0.465,0.465,0.465,0,0
50798.HK,D,20240216,000000,0.445,0.445,0.445,0.445,0,0
50798.HK,D,20240219,000000,0.45,0.45,0.45,0.45,0,0
50798.HK,D,20240220,000000,0.45,0.45,0.45,0.45,0,0
50798.HK,D,20240221,000000,0.44,0.44,0.44,0.44,0,0
50798.HK,D,20240222,000000,0.425,0.425,0.425,0.425,0,0
50798.HK,D,20240223,000000,0.425,0.425,0.425,0.425,0,0
50798.HK,D,20240226,000000,0.425,0.425,0.425,0.425,0,0
50798.HK,D,20240227,000000,0.42,0.42,0.42,0.42,0,0
50798.HK,D,20240228,000000,0.43,0.43,0.43,0.43,0,0
50798.HK,D,20240229,000000,0.43,0.43,0.43,0.43,0,0
50798.HK,D,20240301,000000,0.43,0.43,0.43,0.43,0,0
50798.HK,D,20240304,000000,0.43,0.43,0.43,0.43,0,0
50798.HK,D,20240305,000000,0.45,0.45,0.45,0.45,0,0
50798.HK,D,20240306,000000,0.44,0.44,0.44,0.44,0,0
50798.HK,D,20240307,000000,0.445,0.445,0.445,0.445,0,0
50798.HK,D,20240308,000000,0.44,0.44,0.44,0.44,0,0
50798.HK,D,20240311,000000,0.435,0.435,0.435,0.435,0,0
50798.HK,D,20240312,000000,0.405,0.405,0.405,0.405,0,0
50798.HK,D,20240313,000000,0.405,0.405,0.405,0.405,0,0
50798.HK,D,20240314,000000,0.405,0.405,0.405,0.405,0,0
50798.HK,D,20240315,000000,0.42,0.42,0.42,0.42,0,0
50798.HK,D,20240318,000000,0.42,0.42,0.42,0.42,0,0
50798.HK,D,20240319,000000,0.43,0.43,0.43,0.43,0,0
50798.HK,D,20240320,000000,0.43,0.43,0.43,0.43,0,0
50798.HK,D,20240321,000000,0.42,0.42,0.42,0.42,0,0
50798.HK,D,20240322,000000,0.43,0.43,0.43,0.43,0,0
50798.HK,D,20240325,000000,0.43,0.43,0.43,0.43,0,0
50798.HK,D,20240326,000000,0.43,0.43,0.43,0.43,0,0
50798.HK,D,20240327,000000,0.44,0.44,0.44,0.44,0,0
50798.HK,D,20240328,000000,0.435,0.435,0.435,0.435,0,0
50798.HK,D,20240402,000000,0.42,0.42,0.42,0.42,0,0
50798.HK,D,20240403,000000,0.42,0.42,0.42,0.42,0,0
50798.HK,D,20240405,000000,0.425,0.425,0.425,0.425,0,0
50798.HK,D,20240408,000000,0.425,0.425,0.425,0.425,0,0
50798.HK,D,20240409,000000,0.425,0.425,0.425,0.425,0,0
50798.HK,D,20240410,000000,0.41,0.41,0.41,0.41,0,0
50798.HK,D,20240411,000000,0.41,0.41,0.41,0.41,0,0
50798.HK,D,20240412,000000,0.425,0.425,0.425,0.425,0,0
50798.HK,D,20240415,000000,0.43,0.43,0.43,0.43,0,0
50798.HK,D,20240416,000000,0.45,0.45,0.45,0.45,0,0
50798.HK,D,20240417,000000,0.45,0.45,0.45,0.45,0,0
50798.HK,D,20240418,000000,0.445,0.445,0.445,0.445,0,0
50798.HK,D,20240419,000000,0.45,0.45,0.45,0.45,0,0
50798.HK,D,20240422,000000,0.44,0.44,0.44,0.44,0,0
50798.HK,D,20240423,000000,0.43,0.43,0.43,0.43,0,0
50798.HK,D,20240424,000000,0.41,0.41,0.41,0.41,0,0
50798.HK,D,20240425,000000,0.405,0.405,0.405,0.405,0,0
50798.HK,D,20240426,000000,0.385,0.385,0.385,0.385,0,0
50798.HK,D,20240429,000000,0.38,0.38,0.38,0.38,0,0
50798.HK,D,20240430,000000,0.38,0.38,0.38,0.38,0,0
50798.HK,D,20240502,000000,0.36,0.36,0.36,0.36,0,0
50798.HK,D,20240503,000000,0.35,0.35,0.35,0.35,0,0
50798.HK,D,20240506,000000,0.345,0.345,0.345,0.345,0,0
50798.HK,D,20240507,000000,0.345,0.345,0.345,0.345,0,0
50798.HK,D,20240508,000000,0.35,0.35,0.35,0.35,0,0
50798.HK,D,20240509,000000,0.345,0.345,0.345,0.345,0,0
50798.HK,D,20240510,000000,0.325,0.325,0.325,0.325,0,0
50798.HK,D,20240513,000000,0.315,0.315,0.315,0.315,0,0
50798.HK,D,20240514,000000,0.315,0.315,0.315,0.315,0,0
50798.HK,D,20240516,000000,0.305,0.305,0.305,0.305,0,0
50798.HK,D,20240517,000000,0.295,0.295,0.295,0.295,0,0
50798.HK,D,20240520,000000,0.29,0.29,0.29,0.29,0,0
50798.HK,D,20240521,000000,0.305,0.305,0.305,0.305,0,0
50798.HK,D,20240522,000000,0.305,0.305,0.305,0.305,0,0
50798.HK,D,20240523,000000,0.32,0.32,0.32,0.32,0,0
50798.HK,D,20240524,000000,0.335,0.335,0.335,0.335,0,0
50798.HK,D,20240527,000000,0.325,0.325,0.325,0.325,0,0
50798.HK,D,20240528,000000,0.325,0.325,0.325,0.325,0,0
50798.HK,D,20240529,000000,0.335,0.335,0.335,0.335,0,0
50798.HK,D,20240530,000000,0.35,0.35,0.35,0.35,0,0
50798.HK,D,20240531,000000,0.36,0.36,0.36,0.36,0,0
50798.HK,D,20240603,000000,0.35,0.35,0.35,0.35,0,0
50798.HK,D,20240604,000000,0.345,0.345,0.345,0.345,0,0
50798.HK,D,20240605,000000,0.345,0.345,0.345,0.345,0,0
50798.HK,D,20240606,000000,0.345,0.345,0.345,0.345,0,0
50798.HK,D,20240607,000000,0.345,0.345,0.345,0.345,0,0
50798.HK,D,20240611,000000,0.35,0.35,0.35,0.35,0,0
50798.HK,D,20240612,000000,0.36,0.36,0.36,0.36,0,0
50798.HK,D,20240613,000000,0.36,0.36,0.36,0.36,0,0
50798.HK,D,20240614,000000,0.365,0.365,0.365,0.365,0,0
50798.HK,D,20240617,000000,0.365,0.365,0.365,0.365,0,0
50798.HK,D,20240618,000000,0.365,0.365,0.365,0.365,0,0
50798.HK,D,20240619,000000,0.345,0.345,0.345,0.345,0,0
50798.HK,D,20240620,000000,0.345,0.345,0.345,0.345,0,0
50798.HK,D,20240621,000000,0.36,0.36,0.36,0.36,0,0
50798.HK,D,20240624,000000,0.36,0.36,0.36,0.36,0,0
50798.HK,D,20240625,000000,0.36,0.36,0.36,0.36,0,0
50798.HK,D,20240626,000000,0.36,0.36,0.36,0.36,0,0
50798.HK,D,20240627,000000,0.375,0.375,0.375,0.375,0,0
50798.HK,D,20240628,000000,0.375,0.375,0.375,0.375,0,0
50798.HK,D,20240702,000000,0.375,0.375,0.375,0.375,0,0
50798.HK,D,20240703,000000,0.365,0.365,0.365,0.365,0,0
50798.HK,D,20240704,000000,0.36,0.36,0.36,0.36,0,0
50798.HK,D,20240705,000000,0.365,0.365,0.365,0.365,0,0
50798.HK,D,20240708,000000,0.38,0.38,0.38,0.38,0,0
50798.HK,D,20240709,000000,0.38,0.38,0.38,0.38,0,0
50798.HK,D,20240710,000000,0.385,0.385,0.385,0.385,0,0
50798.HK,D,20240711,000000,0.37,0.37,0.37,0.37,0,0
50798.HK,D,20240712,000000,0.35,0.35,0.35,0.35,0,0
50798.HK,D,20240715,000000,0.355,0.355,0.355,0.355,0,0
50798.HK,D,20240716,000000,0.37,0.37,0.37,0.37,0,0
50798.HK,D,20240717,000000,0.37,0.37,0.37,0.37,0,0
50798.HK,D,20240718,000000,0.37,0.37,0.37,0.37,0,0
50798.HK,D,20240719,000000,0.39,0.39,0.39,0.39,0,0
50798.HK,D,20240722,000000,0.38,0.38,0.38,0.38,0,0
50798.HK,D,20240723,000000,0.385,0.385,0.385,0.385,0,0
50798.HK,D,20240724,000000,0.395,0.395,0.395,0.395,0,0
50798.HK,D,20240725,000000,0.405,0.405,0.405,0.405,0,0
50798.HK,D,20240726,000000,0.41,0.41,0.41,0.41,0,0
50798.HK,D,20240729,000000,0.405,0.405,0.405,0.405,0,0
50798.HK,D,20240730,000000,0.41,0.41,0.41,0.41,0,0
50798.HK,D,20240731,000000,0.395,0.395,0.395,0.395,0,0
50798.HK,D,20240801,000000,0.395,0.395,0.395,0.395,0,0
50798.HK,D,20240802,000000,0.415,0.415,0.415,0.415,0,0
50798.HK,D,20240805,000000,0.43,0.43,0.43,0.43,0,0
50798.HK,D,20240806,000000,0.43,0.43,0.43,0.43,0,0
50798.HK,D,20240807,000000,0.425,0.425,0.425,0.425,0,0
50798.HK,D,20240808,000000,0.425,0.425,0.425,0.425,0,0
50798.HK,D,20240809,000000,0.415,0.415,0.415,0.415,0,0
50798.HK,D,20240812,000000,0.415,0.415,0.415,0.415,0,0
50798.HK,D,20240813,000000,0.41,0.41,0.41,0.41,0,0
50798.HK,D,20240814,000000,0.415,0.415,0.415,0.415,60000,0
50798.HK,D,20240815,000000,0.415,0.415,0.415,0.415,0,0
50798.HK,D,20240816,000000,0.4,0.4,0.4,0.4,0,0
50798.HK,D,20240819,000000,0.39,0.39,0.39,0.39,0,0
50798.HK,D,20240820,000000,0.395,0.395,0.395,0.395,50000,0
50798.HK,D,20240821,000000,0.395,0.395,0.395,0.395,0,0
50798.HK,D,20240822,000000,0.39,0.39,0.39,0.39,0,0
50798.HK,D,20240823,000000,0.39,0.39,0.39,0.39,0,0
50798.HK,D,20240826,000000,0.38,0.38,0.38,0.38,0,0
50798.HK,D,20240827,000000,0.375,0.375,0.375,0.375,0,0
50798.HK,D,20240828,000000,0.38,0.38,0.38,0.38,0,0
50798.HK,D,20240829,000000,0.38,0.38,0.38,0.38,0,0
50798.HK,D,20240830,000000,0.37,0.37,0.37,0.37,0,0
50798.HK,D,20240902,000000,0.385,0.385,0.385,0.385,0,0
50798.HK,D,20240903,000000,0.385,0.385,0.385,0.385,0,0
50798.HK,D,20240904,000000,0.395,0.395,0.395,0.395,0,0
50798.HK,D,20240905,000000,0.395,0.395,0.395,0.395,0,0
50798.HK,D,20240909,000000,0.41,0.41,0.41,0.41,0,0
50798.HK,D,20240910,000000,0.41,0.41,0.41,0.41,0,0
50798.HK,D,20240911,000000,0.42,0.42,0.415,0.415,60000,0
50798.HK,D,20240912,000000,0.4,0.405,0.4,0.405,50000,0
50798.HK,D,20240913,000000,0.405,0.405,0.405,0.405,0,0
50798.HK,D,20240916,000000,0.4,0.4,0.4,0.4,0,0
50798.HK,D,20240917,000000,0.39,0.39,0.39,0.39,0,0
50798.HK,D,20240919,000000,0.37,0.37,0.37,0.37,0,0
50798.HK,D,20240920,000000,0.36,0.36,0.36,0.36,0,0
50798.HK,D,20240923,000000,0.36,0.36,0.36,0.36,0,0
50798.HK,D,20240924,000000,0.32,0.32,0.32,0.32,0,0
50798.HK,D,20240925,000000,0.315,0.315,0.315,0.315,0,0
50798.HK,D,20240926,000000,0.275,0.275,0.275,0.275,0,0
50798.HK,D,20240927,000000,0.247,0.248,0.236,0.237,90000,0
50798.HK,D,20240930,000000,0.214,0.214,0.199,0.212,590000,0
50798.HK,D,20241002,000000,0.19,0.19,0.138,0.148,5220000,0
50798.HK,D,20241003,000000,0.159,0.191,0.15,0.165,8110000,0
50798.HK,D,20241004,000000,0.176,0.176,0.134,0.136,6790000,0
50798.HK,D,20241007,000000,0.124,0.133,0.113,0.119,8630000,0
50798.HK,D,20241008,000000,0.133,0.225,0.133,0.223,10390000,0
50798.HK,D,20241009,000000,0.214,0.255,0.199,0.237,7070000,0
50798.HK,D,20241010,000000,0.212,0.216,0.19,0.206,2510000,0
50798.HK,D,20241014,000000,0.216,0.233,0.205,0.216,2910000,0
50798.HK,D,20241015,000000,0.221,0.26,0.216,0.255,5230000,0
50798.HK,D,20241016,000000,0.26,0.26,0.245,0.25,370000,0
50798.HK,D,20241017,000000,0.245,0.265,0.233,0.265,910000,0
50798.HK,D,20241018,000000,0.25,0.255,0.228,0.23,1270000,0
50798.HK,D,20241021,000000,0.232,0.249,0.232,0.248,330000,0
50798.HK,D,20241022,000000,0.246,0.25,0.242,0.248,110000,0
50798.HK,D,20241023,000000,0.243,0.243,0.226,0.232,530000,0
50798.HK,D,20241024,000000,0.24,0.247,0.237,0.246,170000,0
50798.HK,D,20241025,000000,0.237,0.24,0.233,0.24,310000,0
50798.HK,D,20241028,000000,0.247,0.247,0.239,0.239,180000,0
50798.HK,D,20241029,000000,0.238,0.238,0.238,0.238,0,0
50798.HK,D,20241030,000000,0.244,0.25,0.244,0.25,60000,0
50798.HK,D,20241031,000000,0.25,0.25,0.25,0.25,0,0
50798.HK,D,20241101,000000,0.247,0.247,0.247,0.247,0,0
50798.HK,D,20241104,000000,0.246,0.246,0.246,0.246,0,0
50798.HK,D,20241105,000000,0.223,0.224,0.223,0.223,10000,0
50798.HK,D,20241106,000000,0.234,0.246,0.234,0.246,400000,0
50798.HK,D,20241107,000000,0.25,0.25,0.226,0.226,80000,0
50798.HK,D,20241108,000000,0.216,0.233,0.214,0.233,380000,0
50798.HK,D,20241111,000000,0.255,0.26,0.25,0.25,370000,0
50798.HK,D,20241112,000000,0.249,0.28,0.249,0.28,190000,0
50798.HK,D,20241113,000000,0.29,0.29,0.285,0.285,10000,0
50798.HK,D,20241114,000000,0.3,0.3,0.3,0.3,20000,0
50798.HK,D,20241115,000000,0.305,0.305,0.295,0.295,400000,0
50798.HK,D,20241118,000000,0.295,0.295,0.295,0.295,0,0
50798.HK,D,20241119,000000,0.29,0.29,0.29,0.29,0,0
50798.HK,D,20241120,000000,0.285,0.285,0.285,0.285,20000,0
50798.HK,D,20241121,000000,0.29,0.29,0.29,0.29,0,0
50798.HK,D,20241122,000000,0.31,0.31,0.31,0.31,400000,0
50798.HK,D,20241125,000000,0.31,0.31,0.31,0.31,0,0
50798.HK,D,20241126,000000,0.31,0.31,0.31,0.31,0,0
50798.HK,D,20241127,000000,0.295,0.295,0.295,0.295,0,0
50798.HK,D,20241128,000000,0.3,0.3,0.3,0.3,0,0
50798.HK,D,20241129,000000,0.3,0.3,0.3,0.3,0,0
50798.HK,D,20241202,000000,0.29,0.295,0.29,0.295,20000,0
50798.HK,D,20241203,000000,0.29,0.29,0.29,0.29,0,0
50798.HK,D,20241204,000000,0.29,0.29,0.29,0.29,0,0
50798.HK,D,20241205,000000,0.295,0.3,0.295,0.3,30000,0
50798.HK,D,20241206,000000,0.28,0.28,0.28,0.28,0,0
50798.HK,D,20241209,000000,0.255,0.255,0.255,0.255,0,0
50798.HK,D,20241210,000000,0.255,0.255,0.255,0.255,0,0
50798.HK,D,20241211,000000,0.26,0.26,0.26,0.26,0,0
50798.HK,D,20241212,000000,0.26,0.26,0.26,0.26,0,0
50798.HK,D,20241213,000000,0.275,0.275,0.275,0.275,0,0
50798.HK,D,20241216,000000,0.285,0.285,0.285,0.285,0,0
50798.HK,D,20241217,000000,0.285,0.285,0.285,0.285,0,0
50798.HK,D,20241218,000000,0.285,0.285,0.285,0.285,0,0
50798.HK,D,20241219,000000,0.285,0.285,0.285,0.285,0,0
50798.HK,D,20241220,000000,0.285,0.285,0.285,0.285,0,0
50798.HK,D,20241223,000000,0.285,0.285,0.285,0.285,0,0
50798.HK,D,20241224,000000,0.27,0.27,0.27,0.27,0,0
50798.HK,D,20241227,000000,0.27,0.27,0.27,0.27,0,0
50798.HK,D,20241230,000000,0.27,0.27,0.27,0.27,0,0
50798.HK,D,20241231,000000,0.27,0.27,0.27,0.27,0,0
50798.HK,D,20250102,000000,0.295,0.295,0.295,0.295,0,0
50798.HK,D,20250103,000000,0.29,0.29,0.29,0.29,0,0
50798.HK,D,20250106,000000,0.29,0.29,0.29,0.29,0,0
50798.HK,D,20250107,000000,0.3,0.3,0.3,0.3,0,0
50798.HK,D,20250108,000000,0.31,0.31,0.31,0.31,0,0
50798.HK,D,20250109,000000,0.31,0.31,0.31,0.31,0,0
50798.HK,D,20250110,000000,0.32,0.32,0.32,0.32,0,0
50798.HK,D,20250113,000000,0.33,0.33,0.33,0.33,0,0
50798.HK,D,20250114,000000,0.32,0.32,0.32,0.32,0,0
50798.HK,D,20250115,000000,0.315,0.315,0.315,0.315,0,0
50798.HK,D,20250116,000000,0.305,0.305,0.305,0.305,0,0
50798.HK,D,20250117,000000,0.3,0.3,0.3,0.3,0,0
50798.HK,D,20250120,000000,0.285,0.285,0.285,0.285,0,0
50798.HK,D,20250121,000000,0.275,0.275,0.275,0.275,0,0
50798.HK,D,20250122,000000,0.285,0.285,0.285,0.285,0,0
50798.HK,D,20250123,000000,0.29,0.29,0.29,0.29,0,0
50798.HK,D,20250124,000000,0.28,0.28,0.28,0.28,0,0
50798.HK,D,20250127,000000,0.27,0.27,0.27,0.27,0,0
50798.HK,D,20250128,000000,0.27,0.27,0.27,0.27,0,0
50798.HK,D,20250203,000000,0.27,0.27,0.27,0.27,0,0
50798.HK,D,20250204,000000,0.239,0.248,0.239,0.24,200000,0
50798.HK,D,20250205,000000,0.25,0.25,0.25,0.25,0,0
50798.HK,D,20250206,000000,0.237,0.237,0.237,0.237,0,0
50798.HK,D,20250207,000000,0.223,0.223,0.223,0.223,50000,0
50798.HK,D,20250210,000000,0.208,0.208,0.205,0.205,10000,0
50798.HK,D,20250211,000000,0.215,0.215,0.215,0.215,0,0
50798.HK,D,20250212,000000,0.198,0.198,0.188,0.188,330000,0
50798.HK,D,20250213,000000,0.175,0.193,0.156,0.192,3430000,0
50798.HK,D,20250214,000000,0.173,0.173,0.151,0.151,770000,0
50798.HK,D,20250217,000000,0.143,0.162,0.143,0.151,510000,0
50798.HK,D,20250218,000000,0.149,0.149,0.127,0.135,2650000,0
50798.HK,D,20250219,000000,0.149,0.149,0.136,0.136,890000,0
50798.HK,D,20250220,000000,0.158,0.158,0.153,0.153,10000,0
50798.HK,D,20250221,000000,0.132,0.137,0.111,0.111,4320000,0
50798.HK,D,20250224,000000,0.12,0.12,0.1,0.114,2930000,0
50798.HK,D,20250225,000000,0.143,0.143,0.123,0.133,1670000,0
50798.HK,D,20250226,000000,0.118,0.118,0.09,0.097,4530000,0
50798.HK,D,20250227,000000,0.098,0.11,0.083,0.101,5360000,0
50798.HK,D,20250228,000000,0.108,0.14,0.107,0.138,7970000,0
50798.HK,D,20250303,000000,0.13,0.14,0.117,0.134,2970000,0
50798.HK,D,20250304,000000,0.148,0.155,0.135,0.136,2110000,0
50798.HK,D,20250305,000000,0.113,0.13,0.104,0.105,2510000,0
50798.HK,D,20250306,000000,0.08,0.083,0.064,0.067,22100000,0
50798.HK,D,20250307,000000,0.076,0.079,0.052,0.073,48120000,0
50798.HK,D,20250310,000000,0.074,0.1,0.068,0.093,54710000,0
50798.HK,D,20250311,000000,0.115,0.118,0.09,0.091,160230000,0
50798.HK,D,20250312,000000,0.09,0.112,0.088,0.103,92460000,0
50798.HK,D,20250313,000000,0.099,0.121,0.097,0.108,27870000,0
50798.HK,D,20250314,000000,0.102,0.105,0.078,0.082,6550000,0
50798.HK,D,20250317,000000,0.072,0.078,0.066,0.076,7930000,0
50798.HK,D,20250318,000000,0.076,0.076,0.046,0.047,12590000,0
50798.HK,D,20250319,000000,0.05,0.052,0.04,0.045,30420000,0
50798.HK,D,20250320,000000,0.052,0.071,0.051,0.07,11240000,0
50798.HK,D,20250321,000000,0.079,0.101,0.072,0.097,6450000,0
50798.HK,D,20250324,000000,0.101,0.104,0.087,0.087,2670000,0
50798.HK,D,20250325,000000,0.1,0.114,0.096,0.113,3160000,0
50798.HK,D,20250326,000000,0.105,0.113,0.104,0.107,1220000,0
50798.HK,D,20250327,000000,0.105,0.11,0.088,0.101,2340000,0
50798.HK,D,20250328,000000,0.098,0.117,0.098,0.113,1020000,0
50798.HK,D,20250331,000000,0.121,0.129,0.119,0.124,1280000,0
50798.HK,D,20250401,000000,0.118,0.125,0.113,0.125,500000,0
50798.HK,D,20250402,000000,0.13,0.13,0.119,0.124,1180000,0
50798.HK,D,20250403,000000,0.149,0.149,0.137,0.143,1340000,0
50798.HK,D,20250407,000000,0.248,0.29,0.248,0.29,470000,0
50798.HK,D,20250408,000000,0.275,0.28,0.275,0.28,120000,0
50798.HK,D,20250409,000000,0.32,0.32,0.27,0.27,290000,0
50798.HK,D,20250410,000000,0.246,0.25,0.23,0.25,570000,0
50798.HK,D,20250411,000000,0.26,0.26,0.228,0.236,20000,0
50798.HK,D,20250414,000000,0.216,0.216,0.216,0.216,0,0
50798.HK,D,20250415,000000,0.215,0.215,0.21,0.21,90000,0
50798.HK,D,20250416,000000,0.234,0.234,0.234,0.234,0,0
50798.HK,D,20250417,000000,0.219,0.223,0.218,0.218,90000,0
