<TICKER>,<PER>,<DATE>,<TIME>,<OPEN>,<HIGH>,<LOW>,<CLOSE>,<VOL>,<OPENINT>
50867.HK,D,20241009,000000,0.234,0.237,0.189,0.222,247170000,0
50867.HK,D,20241010,000000,0.275,0.275,0.275,0.275,0,0
50867.HK,D,20241014,000000,0.26,0.26,0.26,0.26,0,0
50867.HK,D,20241015,000000,0.183,0.183,0.183,0.183,0,0
50867.HK,D,20241016,000000,0.189,0.189,0.189,0.189,0,0
50867.HK,D,20241017,000000,0.166,0.167,0.166,0.166,20000,0
50867.HK,D,20241018,000000,0.198,0.235,0.198,0.235,40000,0
50867.HK,D,20241021,000000,0.204,0.204,0.204,0.204,0,0
50867.HK,D,20241022,000000,0.204,0.204,0.204,0.204,0,0
50867.HK,D,20241023,000000,0.232,0.232,0.232,0.232,0,0
50867.HK,D,20241024,000000,0.206,0.206,0.206,0.206,0,0
50867.HK,D,20241025,000000,0.218,0.218,0.218,0.218,0,0
50867.HK,D,20241028,000000,0.22,0.22,0.22,0.22,0,0
50867.HK,D,20241029,000000,0.224,0.224,0.224,0.224,0,0
50867.HK,D,20241030,000000,0.195,0.195,0.195,0.195,0,0
50867.HK,D,20241031,000000,0.195,0.195,0.195,0.195,0,0
50867.HK,D,20241101,000000,0.202,0.202,0.202,0.202,0,0
50867.HK,D,20241104,000000,0.205,0.205,0.205,0.205,0,0
50867.HK,D,20241105,000000,0.248,0.248,0.248,0.248,0,0
50867.HK,D,20241106,000000,0.204,0.204,0.204,0.204,0,0
50867.HK,D,20241107,000000,0.246,0.246,0.246,0.246,0,0
50867.HK,D,20241108,000000,0.234,0.234,0.234,0.234,0,0
50867.HK,D,20241111,000000,0.193,0.204,0.183,0.196,21520000,0
50867.HK,D,20241112,000000,0.191,0.201,0.138,0.142,25580000,0
50867.HK,D,20241113,000000,0.123,0.142,0.119,0.14,77380000,0
50867.HK,D,20241114,000000,0.127,0.141,0.097,0.1,68800000,0
50867.HK,D,20241115,000000,0.111,0.118,0.091,0.101,79750000,0
50867.HK,D,20241118,000000,0.118,0.133,0.106,0.115,52000000,0
50867.HK,D,20241119,000000,0.13,0.132,0.111,0.121,23040000,0
50867.HK,D,20241120,000000,0.123,0.13,0.115,0.126,22330000,0
50867.HK,D,20241121,000000,0.12,0.132,0.117,0.119,11370000,0
50867.HK,D,20241122,000000,0.119,0.127,0.074,0.08,19280000,0
50867.HK,D,20241125,000000,0.089,0.091,0.071,0.075,37600000,0
50867.HK,D,20241126,000000,0.068,0.088,0.067,0.073,35380000,0
50867.HK,D,20241127,000000,0.077,0.123,0.065,0.118,65340000,0
50867.HK,D,20241128,000000,0.108,0.109,0.088,0.094,37030000,0
50867.HK,D,20241129,000000,0.098,0.12,0.088,0.098,52170000,0
50867.HK,D,20241202,000000,0.098,0.123,0.098,0.108,29340000,0
50867.HK,D,20241203,000000,0.111,0.131,0.094,0.124,23590000,0
50867.HK,D,20241204,000000,0.127,0.135,0.116,0.129,6300000,0
50867.HK,D,20241205,000000,0.111,0.111,0.1,0.107,2840000,0
50867.HK,D,20241206,000000,0.116,0.146,0.113,0.14,2630000,0
50867.HK,D,20241209,000000,0.127,0.19,0.126,0.19,2710000,0
50867.HK,D,20241210,000000,0.233,0.233,0.18,0.181,1220000,0
50867.HK,D,20241211,000000,0.192,0.192,0.167,0.17,450000,0
50867.HK,D,20241212,000000,0.166,0.2,0.166,0.188,820000,0
50867.HK,D,20241213,000000,0.171,0.171,0.145,0.146,820000,0
50867.HK,D,20241216,000000,0.155,0.155,0.128,0.131,1600000,0
50867.HK,D,20241217,000000,0.116,0.139,0.116,0.13,18930000,0
50867.HK,D,20241218,000000,0.138,0.148,0.136,0.139,1770000,0
50867.HK,D,20241219,000000,0.118,0.136,0.116,0.131,6920000,0
50867.HK,D,20241220,000000,0.131,0.136,0.13,0.131,860000,0
50867.HK,D,20241223,000000,0.131,0.145,0.131,0.143,250000,0
50867.HK,D,20241224,000000,0.147,0.165,0.147,0.165,920000,0
50867.HK,D,20241227,000000,0.166,0.166,0.156,0.162,3410000,0
50867.HK,D,20241230,000000,0.168,0.168,0.151,0.157,2630000,0
50867.HK,D,20241231,000000,0.164,0.165,0.162,0.162,1160000,0
50867.HK,D,20250102,000000,0.142,0.142,0.115,0.116,8890000,0
50867.HK,D,20250103,000000,0.126,0.142,0.121,0.13,13110000,0
50867.HK,D,20250106,000000,0.132,0.136,0.122,0.124,4280000,0
50867.HK,D,20250107,000000,0.116,0.118,0.084,0.101,3460000,0
50867.HK,D,20250108,000000,0.106,0.106,0.072,0.085,1270000,0
50867.HK,D,20250109,000000,0.096,0.096,0.084,0.084,700000,0
50867.HK,D,20250110,000000,0.089,0.09,0.064,0.066,3540000,0
50867.HK,D,20250113,000000,0.05,0.05,0.026,0.047,62340000,0
50867.HK,D,20250114,000000,0.048,0.089,0.048,0.08,35750000,0
50867.HK,D,20250115,000000,0.075,0.085,0.073,0.083,10060000,0
50867.HK,D,20250116,000000,0.099,0.122,0.09,0.107,16860000,0
50867.HK,D,20250117,000000,0.103,0.119,0.102,0.112,2530000,0
50867.HK,D,20250120,000000,0.134,0.161,0.134,0.147,17110000,0
50867.HK,D,20250121,000000,0.148,0.17,0.148,0.165,4000000,0
50867.HK,D,20250122,000000,0.146,0.146,0.129,0.129,8160000,0
50867.HK,D,20250123,000000,0.144,0.154,0.12,0.123,9630000,0
50867.HK,D,20250124,000000,0.134,0.163,0.134,0.157,16680000,0
50867.HK,D,20250127,000000,0.17,0.179,0.168,0.168,6900000,0
50867.HK,D,20250128,000000,0.172,0.172,0.172,0.172,0,0
50867.HK,D,20250203,000000,0.149,0.169,0.128,0.168,2970000,0
50867.HK,D,20250204,000000,0.202,0.228,0.179,0.224,1320000,0
50867.HK,D,20250205,000000,0.214,0.214,0.199,0.203,1020000,0
50867.HK,D,20250206,000000,0.23,0.23,0.23,0.23,0,0
50867.HK,D,20250207,000000,0.26,0.26,0.255,0.255,10000,0
50867.HK,D,20250210,000000,0.275,0.29,0.27,0.29,1180000,0
50867.HK,D,20250211,000000,0.3,0.3,0.275,0.275,1020000,0
50867.HK,D,20250212,000000,0.285,0.32,0.285,0.32,2000000,0
50867.HK,D,20250213,000000,0.335,0.375,0.32,0.32,40000,0
50867.HK,D,20250214,000000,0.395,0.395,0.395,0.395,0,0
50867.HK,D,20250217,000000,0.4,0.4,0.4,0.4,1070000,0
50867.HK,D,20250218,000000,0.425,0.425,0.425,0.425,0,0
50867.HK,D,20250219,000000,0.425,0.425,0.425,0.425,0,0
50867.HK,D,20250220,000000,0.405,0.405,0.405,0.405,0,0
50867.HK,D,20250221,000000,0.48,0.48,0.48,0.48,0,0
50867.HK,D,20250224,000000,0.48,0.48,0.48,0.48,0,0
50867.HK,D,20250225,000000,0.44,0.44,0.44,0.44,0,0
50867.HK,D,20250226,000000,0.5,0.5,0.5,0.5,0,0
50867.HK,D,20250227,000000,0.5,0.5,0.5,0.5,0,0
50867.HK,D,20250228,000000,0.425,0.425,0.425,0.425,0,0
50867.HK,D,20250303,000000,0.43,0.43,0.43,0.43,0,0
50867.HK,D,20250304,000000,0.43,0.43,0.43,0.43,0,0
50867.HK,D,20250305,000000,0.485,0.485,0.485,0.485,0,0
50867.HK,D,20250306,000000,0.56,0.56,0.56,0.56,0,0
50867.HK,D,20250307,000000,0.56,0.56,0.56,0.56,0,0
50867.HK,D,20250310,000000,0.52,0.52,0.52,0.52,0,0
50867.HK,D,20250311,000000,0.52,0.52,0.52,0.52,0,0
50867.HK,D,20250312,000000,0.495,0.495,0.495,0.495,0,0
50867.HK,D,20250313,000000,0.485,0.485,0.485,0.485,0,0
50867.HK,D,20250314,000000,0.53,0.53,0.53,0.53,0,0
50867.HK,D,20250317,000000,0.54,0.54,0.54,0.54,0,0
50867.HK,D,20250318,000000,0.6,0.6,0.6,0.6,0,0
50867.HK,D,20250319,000000,0.61,0.61,0.61,0.61,0,0
50867.HK,D,20250320,000000,0.57,0.57,0.57,0.57,0,0
50867.HK,D,20250321,000000,0.52,0.52,0.51,0.51,10000,0
50867.HK,D,20250324,000000,0.52,0.52,0.52,0.52,0,0
50867.HK,D,20250325,000000,0.475,0.475,0.475,0.475,0,0
50867.HK,D,20250326,000000,0.48,0.48,0.48,0.48,0,0
50867.HK,D,20250327,000000,0.49,0.49,0.49,0.49,0,0
50867.HK,D,20250328,000000,0.475,0.475,0.475,0.475,0,0
50867.HK,D,20250331,000000,0.45,0.45,0.45,0.45,0,0
50867.HK,D,20250401,000000,0.45,0.45,0.45,0.45,0,0
50867.HK,D,20250402,000000,0.45,0.45,0.45,0.45,0,0
50867.HK,D,20250403,000000,0.42,0.42,0.42,0.42,0,0
50867.HK,D,20250407,000000,0.215,0.232,0.124,0.124,7050000,0
50867.HK,D,20250408,000000,0.174,0.177,0.125,0.153,8620000,0
50867.HK,D,20250409,000000,0.09,0.19,0.09,0.182,3041420000,0
50867.HK,D,20250410,000000,0.206,0.255,0.206,0.211,7590000,0
50867.HK,D,20250411,000000,0.194,0.245,0.194,0.238,770000,0
50867.HK,D,20250414,000000,0.28,0.28,0.28,0.28,0,0
50867.HK,D,20250415,000000,0.28,0.28,0.28,0.28,400000,0
50867.HK,D,20250416,000000,0.243,0.25,0.232,0.239,460000,0
50867.HK,D,20250417,000000,0.275,0.275,0.275,0.275,0,0
