<TICKER>,<PER>,<DATE>,<TIME>,<OPEN>,<HIGH>,<LOW>,<CLOSE>,<VOL>,<OPENINT>
57224.HK,D,20241023,000000,0.112,0.114,0.112,0.112,10000,0
57224.HK,D,20241024,000000,0.107,0.107,0.107,0.107,0,0
57224.HK,D,20241025,000000,0.106,0.106,0.106,0.106,0,0
57224.HK,D,20241028,000000,0.108,0.108,0.108,0.108,0,0
57224.HK,D,20241029,000000,0.11,0.11,0.108,0.108,150000,0
57224.HK,D,20241030,000000,0.1,0.1,0.1,0.1,0,0
57224.HK,D,20241031,000000,0.101,0.101,0.101,0.101,0,0
57224.HK,D,20241101,000000,0.102,0.102,0.102,0.102,0,0
57224.HK,D,20241104,000000,0.108,0.108,0.108,0.108,0,0
57224.HK,D,20241105,000000,0.14,0.14,0.14,0.14,0,0
57224.HK,D,20241106,000000,0.125,0.125,0.125,0.125,0,0
57224.HK,D,20241107,000000,0.149,0.149,0.149,0.149,0,0
57224.HK,D,20241108,000000,0.161,0.161,0.161,0.161,0,0
57224.HK,D,20241111,000000,0.134,0.134,0.134,0.134,0,0
57224.HK,D,20241112,000000,0.106,0.106,0.106,0.106,0,0
57224.HK,D,20241113,000000,0.091,0.098,0.091,0.098,1385000,0
57224.HK,D,20241114,000000,0.099,0.101,0.09,0.09,2540000,0
57224.HK,D,20241115,000000,0.092,0.092,0.08,0.08,875000,0
57224.HK,D,20241118,000000,0.082,0.09,0.077,0.079,4645000,0
57224.HK,D,20241119,000000,0.084,0.084,0.076,0.08,2515000,0
57224.HK,D,20241120,000000,0.079,0.082,0.075,0.081,3225000,0
57224.HK,D,20241121,000000,0.077,0.079,0.077,0.077,600000,0
57224.HK,D,20241122,000000,0.075,0.075,0.046,0.049,8140000,0
57224.HK,D,20241125,000000,0.051,0.051,0.047,0.048,2340000,0
57224.HK,D,20241126,000000,0.047,0.049,0.047,0.047,310000,0
57224.HK,D,20241127,000000,0.045,0.061,0.045,0.061,220000,0
57224.HK,D,20241128,000000,0.055,0.055,0.055,0.055,0,0
57224.HK,D,20241129,000000,0.054,0.069,0.054,0.058,4010000,0
57224.HK,D,20241202,000000,0.063,0.07,0.058,0.062,3900000,0
57224.HK,D,20241203,000000,0.063,0.068,0.062,0.067,4235000,0
57224.HK,D,20241204,000000,0.063,0.065,0.062,0.064,2695000,0
57224.HK,D,20241205,000000,0.059,0.06,0.058,0.058,435000,0
57224.HK,D,20241206,000000,0.066,0.07,0.066,0.069,830000,0
57224.HK,D,20241209,000000,0.067,0.099,0.062,0.099,2265000,0
57224.HK,D,20241210,000000,0.113,0.115,0.096,0.096,5045000,0
57224.HK,D,20241211,000000,0.099,0.099,0.09,0.09,825000,0
57224.HK,D,20241212,000000,0.089,0.105,0.089,0.099,1360000,0
57224.HK,D,20241213,000000,0.084,0.086,0.083,0.084,110000,0
57224.HK,D,20241216,000000,0.079,0.079,0.071,0.071,705000,0
57224.HK,D,20241217,000000,0.07,0.081,0.07,0.081,305000,0
57224.HK,D,20241218,000000,0.079,0.079,0.079,0.079,0,0
57224.HK,D,20241219,000000,0.073,0.075,0.072,0.075,60000,0
57224.HK,D,20241220,000000,0.074,0.074,0.074,0.074,0,0
57224.HK,D,20241223,000000,0.073,0.073,0.073,0.073,0,0
57224.HK,D,20241224,000000,0.078,0.078,0.078,0.078,0,0
57224.HK,D,20241227,000000,0.079,0.079,0.073,0.073,215000,0
57224.HK,D,20241230,000000,0.067,0.067,0.067,0.067,120000,0
57224.HK,D,20241231,000000,0.067,0.067,0.067,0.067,0,0
57224.HK,D,20250102,000000,0.056,0.056,0.05,0.05,2760000,0
57224.HK,D,20250103,000000,0.05,0.05,0.05,0.05,410000,0
57224.HK,D,20250106,000000,0.047,0.047,0.047,0.047,0,0
57224.HK,D,20250107,000000,0.045,0.045,0.043,0.043,3300000,0
57224.HK,D,20250108,000000,0.043,0.044,0.037,0.044,745000,0
57224.HK,D,20250109,000000,0.041,0.041,0.04,0.04,890000,0
57224.HK,D,20250110,000000,0.043,0.043,0.033,0.035,950000,0
57224.HK,D,20250113,000000,0.023,0.026,0.019,0.026,2550000,0
57224.HK,D,20250114,000000,0.029,0.042,0.028,0.038,4730000,0
57224.HK,D,20250115,000000,0.035,0.041,0.035,0.039,570000,0
57224.HK,D,20250116,000000,0.046,0.052,0.044,0.047,6070000,0
57224.HK,D,20250117,000000,0.045,0.051,0.045,0.049,11155000,0
57224.HK,D,20250120,000000,0.061,0.07,0.06,0.062,14805000,0
57224.HK,D,20250121,000000,0.065,0.065,0.057,0.062,4975000,0
57224.HK,D,20250122,000000,0.061,0.062,0.057,0.057,695000,0
57224.HK,D,20250123,000000,0.066,0.075,0.06,0.06,3950000,0
57224.HK,D,20250124,000000,0.067,0.078,0.066,0.075,2715000,0
57224.HK,D,20250127,000000,0.082,0.084,0.077,0.078,4590000,0
57224.HK,D,20250128,000000,0.079,0.079,0.076,0.079,1860000,0
57224.HK,D,20250203,000000,0.065,0.074,0.062,0.074,2365000,0
57224.HK,D,20250204,000000,0.085,0.096,0.081,0.096,2010000,0
57224.HK,D,20250205,000000,0.086,0.089,0.081,0.086,1880000,0
57224.HK,D,20250206,000000,0.09,0.09,0.088,0.09,230000,0
57224.HK,D,20250207,000000,0.09,0.112,0.09,0.106,790000,0
57224.HK,D,20250210,000000,0.111,0.115,0.111,0.115,1125000,0
57224.HK,D,20250211,000000,0.128,0.128,0.11,0.11,2345000,0
57224.HK,D,20250212,000000,0.116,0.146,0.116,0.146,5640000,0
57224.HK,D,20250213,000000,0.149,0.154,0.124,0.124,4465000,0
57224.HK,D,20250214,000000,0.146,0.152,0.141,0.152,2755000,0
57224.HK,D,20250217,000000,0.167,0.17,0.154,0.156,1440000,0
57224.HK,D,20250218,000000,0.158,0.158,0.158,0.158,0,0
57224.HK,D,20250219,000000,0.152,0.152,0.152,0.152,100000,0
57224.HK,D,20250220,000000,0.143,0.143,0.132,0.132,120000,0
57224.HK,D,20250221,000000,0.14,0.18,0.14,0.18,1210000,0
57224.HK,D,20250224,000000,0.167,0.169,0.167,0.169,40000,0
57224.HK,D,20250225,000000,0.165,0.165,0.165,0.165,0,0
57224.HK,D,20250226,000000,0.197,0.197,0.196,0.197,5000,0
57224.HK,D,20250227,000000,0.207,0.212,0.207,0.207,890000,0
57224.HK,D,20250228,000000,0.19,0.19,0.168,0.168,2940000,0
57224.HK,D,20250303,000000,0.161,0.164,0.144,0.15,3405000,0
57224.HK,D,20250304,000000,0.145,0.145,0.14,0.145,1690000,0
57224.HK,D,20250305,000000,0.15,0.164,0.15,0.164,270000,0
57224.HK,D,20250306,000000,0.189,0.2,0.189,0.2,385000,0
57224.HK,D,20250307,000000,0.192,0.192,0.192,0.192,0,0
57224.HK,D,20250310,000000,0.177,0.177,0.177,0.177,0,0
57224.HK,D,20250311,000000,0.173,0.173,0.173,0.173,0,0
57224.HK,D,20250312,000000,0.178,0.183,0.178,0.178,10000,0
57224.HK,D,20250313,000000,0.169,0.169,0.169,0.169,0,0
57224.HK,D,20250314,000000,0.187,0.187,0.187,0.187,0,0
57224.HK,D,20250317,000000,0.209,0.209,0.209,0.209,0,0
57224.HK,D,20250318,000000,0.225,0.225,0.225,0.225,60000,0
57224.HK,D,20250319,000000,0.229,0.229,0.229,0.229,0,0
57224.HK,D,20250320,000000,0.22,0.22,0.22,0.22,0,0
57224.HK,D,20250321,000000,0.204,0.204,0.204,0.204,0,0
57224.HK,D,20250324,000000,0.199,0.2,0.199,0.2,200000,0
57224.HK,D,20250325,000000,0.184,0.184,0.184,0.184,0,0
57224.HK,D,20250326,000000,0.188,0.188,0.188,0.188,0,0
57224.HK,D,20250327,000000,0.195,0.195,0.195,0.195,0,0
57224.HK,D,20250328,000000,0.186,0.186,0.186,0.186,0,0
57224.HK,D,20250331,000000,0.17,0.17,0.17,0.17,0,0
57224.HK,D,20250401,000000,0.173,0.173,0.173,0.173,0,0
57224.HK,D,20250402,000000,0.182,0.182,0.182,0.182,0,0
57224.HK,D,20250403,000000,0.173,0.173,0.173,0.173,0,0
57224.HK,D,20250407,000000,0.069,0.088,0.067,0.069,5340000,0
57224.HK,D,20250408,000000,0.078,0.083,0.059,0.072,17535000,0
57224.HK,D,20250409,000000,0.044,0.083,0.044,0.082,25625000,0
57224.HK,D,20250410,000000,0.102,0.108,0.088,0.088,9780000,0
57224.HK,D,20250411,000000,0.094,0.11,0.089,0.103,5325000,0
57224.HK,D,20250414,000000,0.12,0.144,0.12,0.141,1290000,0
57224.HK,D,20250415,000000,0.139,0.139,0.13,0.132,250000,0
57224.HK,D,20250416,000000,0.13,0.13,0.123,0.127,150000,0
57224.HK,D,20250417,000000,0.135,0.14,0.134,0.135,420000,0
