<TICKER>,<PER>,<DATE>,<TIME>,<OPEN>,<HIGH>,<LOW>,<CLOSE>,<VOL>,<OPENINT>
1815.HK,D,20180313,000000,2.44,2.5,2.38,2.39,64619838,0
1815.HK,D,20180314,000000,2.38,2.64,2.38,2.55,49062957,0
1815.HK,D,20180315,000000,2.52,2.62,2.39,2.41,20752707,0
1815.HK,D,20180316,000000,2.41,2.44,2.26,2.28,14655696,0
1815.HK,D,20180319,000000,2.28,2.33,2.02,2.32,9987424,0
1815.HK,D,20180320,000000,2.32,2.44,2.26,2.37,4116633,0
1815.HK,D,20180321,000000,2.31,2.39,2.22,2.3,3235063,0
1815.HK,D,20180322,000000,2.25,2.25,2.08,2.09,3410061,0
1815.HK,D,20180323,000000,2,2.27,1.85,2.16,5446866,0
1815.HK,D,20180326,000000,2.15,2.25,2.12,2.21,1624597,0
1815.HK,D,20180327,000000,2.22,2.33,2.21,2.28,3935499,0
1815.HK,D,20180328,000000,2.28,2.39,2.26,2.31,2842030,0
1815.HK,D,20180329,000000,2.38,2.5,2.34,2.35,6263754,0
1815.HK,D,20180403,000000,2.35,2.35,2.21,2.23,2797915,0
1815.HK,D,20180404,000000,2.27,2.28,2.16,2.17,2952048,0
1815.HK,D,20180406,000000,2.22,2.22,2.04,2.06,2973975,0
1815.HK,D,20180409,000000,2.09,2.1,2.05,2.1,2090631,0
1815.HK,D,20180410,000000,2.07,2.16,2,2.07,2541963,0
1815.HK,D,20180411,000000,2.07,2.1,1.95,1.99,7975165,0
1815.HK,D,20180412,000000,1.97,2,1.92,1.93,5546067,0
1815.HK,D,20180413,000000,1.92,1.99,1.73,1.75,16987800,0
1815.HK,D,20180416,000000,1.8,1.8,1.68,1.74,1760066,0
1815.HK,D,20180417,000000,1.76,1.79,1.7,1.7,2628900,0
1815.HK,D,20180418,000000,1.73,1.78,1.64,1.71,2941397,0
1815.HK,D,20180419,000000,1.73,1.79,1.72,1.79,2169732,0
1815.HK,D,20180420,000000,1.79,1.84,1.74,1.77,1967000,0
1815.HK,D,20180423,000000,1.79,1.82,1.76,1.78,1212000,0
1815.HK,D,20180424,000000,1.78,1.86,1.76,1.81,1320364,0
1815.HK,D,20180425,000000,1.81,1.82,1.75,1.76,625200,0
1815.HK,D,20180426,000000,1.81,1.82,1.72,1.76,1200233,0
1815.HK,D,20180427,000000,1.79,1.79,1.71,1.74,1193055,0
1815.HK,D,20180430,000000,1.76,1.78,1.72,1.75,1047240,0
1815.HK,D,20180502,000000,1.75,1.77,1.71,1.73,609833,0
1815.HK,D,20180503,000000,1.74,1.75,1.67,1.72,1611133,0
1815.HK,D,20180504,000000,1.72,1.76,1.7,1.73,1045166,0
1815.HK,D,20180507,000000,1.76,1.76,1.68,1.74,1488198,0
1815.HK,D,20180508,000000,1.75,1.76,1.7,1.75,997233,0
1815.HK,D,20180509,000000,1.76,1.76,1.69,1.71,930999,0
1815.HK,D,20180510,000000,1.72,1.73,1.69,1.7,600232,0
1815.HK,D,20180511,000000,1.73,1.75,1.7,1.7,1462565,0
1815.HK,D,20180514,000000,1.73,1.74,1.7,1.73,847477,0
1815.HK,D,20180515,000000,1.74,1.74,1.66,1.72,676099,0
1815.HK,D,20180516,000000,1.72,1.73,1.67,1.7,808337,0
1815.HK,D,20180517,000000,1.69,1.71,1.65,1.7,1248932,0
1815.HK,D,20180518,000000,1.7,1.81,1.67,1.79,1782666,0
1815.HK,D,20180521,000000,1.78,1.8,1.75,1.77,1690833,0
1815.HK,D,20180523,000000,1.77,1.8,1.73,1.79,1442499,0
1815.HK,D,20180524,000000,1.8,1.8,1.75,1.76,1144000,0
1815.HK,D,20180525,000000,1.76,1.95,1.76,1.92,5406667,0
1815.HK,D,20180528,000000,1.93,2.03,1.87,1.96,6499032,0
1815.HK,D,20180529,000000,1.96,1.99,1.89,1.89,2471166,0
1815.HK,D,20180530,000000,1.88,1.93,1.85,1.92,4738633,0
1815.HK,D,20180531,000000,1.93,1.93,1.85,1.88,2227666,0
1815.HK,D,20180601,000000,1.87,1.9,1.84,1.88,2642999,0
1815.HK,D,20180604,000000,1.84,1.88,1.76,1.83,2967400,0
1815.HK,D,20180605,000000,1.85,1.86,1.8,1.84,2792233,0
1815.HK,D,20180606,000000,1.83,1.85,1.81,1.85,2830432,0
1815.HK,D,20180607,000000,1.87,1.98,1.87,1.98,2896897,0
1815.HK,D,20180608,000000,1.99,2.08,1.93,2.05,4361365,0
1815.HK,D,20180611,000000,2.06,2.15,2.03,2.07,3584566,0
1815.HK,D,20180612,000000,2.09,2.11,1.99,2.02,2330499,0
1815.HK,D,20180613,000000,2.02,2.05,1.98,2,3118399,0
1815.HK,D,20180614,000000,2.02,2.08,2,2.06,2651632,0
1815.HK,D,20180615,000000,2.06,2.08,1.99,2.02,2275530,0
1815.HK,D,20180619,000000,2,2.04,1.93,2,2397507,0
1815.HK,D,20180620,000000,2.02,2.05,1.97,2.03,2333000,0
1815.HK,D,20180621,000000,2.05,2.13,2.05,2.1,3415962,0
1815.HK,D,20180622,000000,2.09,2.15,2.01,2.06,5116666,0
1815.HK,D,20180625,000000,2.08,2.12,2.03,2.08,2836399,0
1815.HK,D,20180626,000000,2.07,2.09,2,2.03,2860865,0
1815.HK,D,20180627,000000,2.03,2.08,1.93,1.95,1929333,0
1815.HK,D,20180628,000000,2,2.04,1.88,1.91,2314172,0
1815.HK,D,20180629,000000,1.95,1.97,1.82,1.86,1178999,0
1815.HK,D,20180703,000000,1.85,1.85,1.64,1.68,1862266,0
1815.HK,D,20180704,000000,1.67,1.69,1.6,1.62,564767,0
1815.HK,D,20180705,000000,1.62,1.66,1.5,1.52,1455565,0
1815.HK,D,20180706,000000,1.52,1.56,1.42,1.47,1098399,0
1815.HK,D,20180709,000000,1.51,1.52,1.47,1.47,829400,0
1815.HK,D,20180710,000000,1.48,1.56,1.47,1.56,855166,0
1815.HK,D,20180711,000000,1.54,1.55,1.47,1.53,756000,0
1815.HK,D,20180712,000000,1.51,1.55,1.5,1.54,738033,0
1815.HK,D,20180713,000000,1.54,1.55,1.47,1.5,893000,0
1815.HK,D,20180716,000000,1.53,1.53,1.45,1.5,802499,0
1815.HK,D,20180717,000000,1.52,1.52,1.39,1.47,1023966,0
1815.HK,D,20180718,000000,1.5,1.5,1.46,1.48,681474,0
1815.HK,D,20180719,000000,1.48,1.48,1.44,1.46,879499,0
1815.HK,D,20180720,000000,1.46,1.46,1.32,1.4,1608733,0
1815.HK,D,20180723,000000,1.41,1.43,1.36,1.4,777734,0
1815.HK,D,20180724,000000,1.4,1.43,1.39,1.41,833133,0
1815.HK,D,20180725,000000,1.42,1.44,1.41,1.43,1112000,0
1815.HK,D,20180726,000000,1.43,1.47,1.43,1.46,1244167,0
1815.HK,D,20180727,000000,1.46,1.67,1.44,1.6,6416566,0
1815.HK,D,20180730,000000,1.6,1.68,1.51,1.56,2510166,0
1815.HK,D,20180731,000000,1.54,1.56,1.47,1.49,3613233,0
1815.HK,D,20180801,000000,1.51,1.56,1.46,1.48,1225567,0
1815.HK,D,20180802,000000,1.47,1.49,1.39,1.42,1840415,0
1815.HK,D,20180803,000000,1.42,1.43,1.33,1.41,2480169,0
1815.HK,D,20180806,000000,1.41,1.42,1.3,1.35,2063000,0
1815.HK,D,20180807,000000,1.35,1.5,1.33,1.46,3834699,0
1815.HK,D,20180808,000000,1.46,1.53,1.39,1.46,1774000,0
1815.HK,D,20180809,000000,1.44,1.47,1.4,1.47,1743000,0
1815.HK,D,20180810,000000,1.47,1.5,1.41,1.47,1403000,0
1815.HK,D,20180813,000000,1.45,1.45,1.42,1.44,1472199,0
1815.HK,D,20180814,000000,1.43,1.56,1.43,1.5,3048999,0
1815.HK,D,20180815,000000,1.47,1.5,1.44,1.47,1748500,0
1815.HK,D,20180816,000000,1.43,1.47,1.42,1.46,668866,0
1815.HK,D,20180817,000000,1.47,1.49,1.44,1.48,762733,0
1815.HK,D,20180820,000000,1.46,1.54,1.46,1.5,681000,0
1815.HK,D,20180821,000000,1.49,1.52,1.46,1.5,1272000,0
1815.HK,D,20180822,000000,1.49,1.57,1.48,1.55,2927166,0
1815.HK,D,20180823,000000,1.55,1.55,1.5,1.51,1191000,0
1815.HK,D,20180824,000000,1.5,1.53,1.42,1.52,2410632,0
1815.HK,D,20180827,000000,1.5,1.53,1.49,1.53,1575833,0
1815.HK,D,20180828,000000,1.52,1.55,1.5,1.53,1221000,0
1815.HK,D,20180829,000000,1.52,1.53,1.47,1.52,1230833,0
1815.HK,D,20180830,000000,1.51,1.53,1.5,1.53,835000,0
1815.HK,D,20180831,000000,1.52,1.53,1.45,1.52,1546000,0
1815.HK,D,20180903,000000,1.5,1.51,1.45,1.51,1156333,0
1815.HK,D,20180904,000000,1.5,1.54,1.47,1.51,1420333,0
1815.HK,D,20180905,000000,1.52,1.57,1.5,1.52,801000,0
1815.HK,D,20180906,000000,1.52,1.53,1.5,1.52,790733,0
1815.HK,D,20180907,000000,1.51,1.53,1.47,1.5,678395,0
1815.HK,D,20180910,000000,1.5,1.51,1.46,1.48,542466,0
1815.HK,D,20180911,000000,1.48,1.49,1.42,1.43,424899,0
1815.HK,D,20180912,000000,1.43,1.44,1.39,1.43,286133,0
1815.HK,D,20180913,000000,1.43,1.46,1.42,1.44,359333,0
1815.HK,D,20180914,000000,1.43,1.43,1.32,1.32,1801000,0
1815.HK,D,20180917,000000,1.31,1.34,1.29,1.31,852000,0
1815.HK,D,20180918,000000,1.3,1.33,1.27,1.33,1859000,0
1815.HK,D,20180919,000000,1.32,1.37,1.31,1.35,1750000,0
1815.HK,D,20180920,000000,1.35,1.36,1.32,1.35,1045666,0
1815.HK,D,20180921,000000,1.35,1.38,1.33,1.36,943567,0
1815.HK,D,20180924,000000,1.35,1.36,1.3,1.35,1107866,0
1815.HK,D,20180926,000000,1.34,1.37,1.32,1.36,860200,0
1815.HK,D,20180927,000000,1.36,1.36,1.29,1.3,757333,0
1815.HK,D,20180928,000000,1.31,1.39,1.3,1.35,2561333,0
1815.HK,D,20181002,000000,1.35,1.36,1.31,1.32,848833,0
1815.HK,D,20181003,000000,1.37,1.37,1.29,1.31,393000,0
1815.HK,D,20181004,000000,1.31,1.32,1.27,1.29,733666,0
1815.HK,D,20181005,000000,1.3,1.33,1.27,1.31,565000,0
1815.HK,D,20181008,000000,1.3,1.31,1.27,1.27,496602,0
1815.HK,D,20181009,000000,1.27,1.29,1.26,1.28,525167,0
1815.HK,D,20181010,000000,1.28,1.32,1.27,1.27,549000,0
1815.HK,D,20181011,000000,1.27,1.27,1.18,1.18,725000,0
1815.HK,D,20181012,000000,1.18,1.28,1.16,1.19,1136633,0
1815.HK,D,20181015,000000,1.21,1.22,1.11,1.12,1443566,0
1815.HK,D,20181016,000000,1.12,1.15,1.1,1.12,173700,0
1815.HK,D,20181018,000000,1.12,1.14,1.09,1.13,572800,0
1815.HK,D,20181019,000000,1.12,1.17,1.09,1.17,576033,0
1815.HK,D,20181022,000000,1.17,1.17,1.12,1.17,1703000,0
1815.HK,D,20181023,000000,1.19,1.2,1.14,1.17,303000,0
1815.HK,D,20181024,000000,1.19,1.21,1.15,1.18,187000,0
1815.HK,D,20181025,000000,1.17,1.19,1.11,1.18,244233,0
1815.HK,D,20181026,000000,1.18,1.2,1.13,1.18,214000,0
1815.HK,D,20181029,000000,1.19,1.19,1.13,1.13,416866,0
1815.HK,D,20181030,000000,1.13,1.17,1.11,1.15,123000,0
1815.HK,D,20181031,000000,1.18,1.24,1.14,1.2,832400,0
1815.HK,D,20181101,000000,1.21,1.23,1.18,1.22,883116,0
1815.HK,D,20181102,000000,1.23,1.3,1.2,1.23,1238116,0
1815.HK,D,20181105,000000,1.24,1.27,1.22,1.24,254133,0
1815.HK,D,20181106,000000,1.24,1.27,1.17,1.18,531335,0
1815.HK,D,20181107,000000,1.23,1.23,1.17,1.21,292133,0
1815.HK,D,20181108,000000,1.24,1.25,1.17,1.22,183899,0
1815.HK,D,20181109,000000,1.22,1.22,1.16,1.18,83866,0
1815.HK,D,20181112,000000,1.18,1.19,1.15,1.17,74499,0
1815.HK,D,20181113,000000,1.15,1.21,1.14,1.19,405000,0
1815.HK,D,20181114,000000,1.2,1.2,1.16,1.2,87000,0
1815.HK,D,20181115,000000,1.21,1.23,1.18,1.21,101000,0
1815.HK,D,20181116,000000,1.21,1.23,1.17,1.21,187200,0
1815.HK,D,20181119,000000,1.21,1.24,1.17,1.2,71332,0
1815.HK,D,20181120,000000,1.18,1.2,1.18,1.2,57567,0
1815.HK,D,20181121,000000,1.19,1.2,1.15,1.19,198166,0
1815.HK,D,20181122,000000,1.19,1.19,1.18,1.19,65366,0
1815.HK,D,20181123,000000,1.19,1.2,1.17,1.18,20066,0
1815.HK,D,20181126,000000,1.19,1.2,1.14,1.18,262633,0
1815.HK,D,20181127,000000,1.17,1.18,1.12,1.17,582600,0
1815.HK,D,20181128,000000,1.18,1.18,1.15,1.15,84000,0
1815.HK,D,20181129,000000,1.17,1.8,1.14,1.21,7880000,0
1815.HK,D,20181130,000000,1.21,1.21,1.16,1.19,209000,0
1815.HK,D,20181203,000000,1.22,1.24,1.15,1.2,233366,0
1815.HK,D,20181204,000000,1.21,1.21,1.12,1.19,339000,0
1815.HK,D,20181205,000000,1.19,1.19,1.16,1.18,68000,0
1815.HK,D,20181206,000000,1.18,1.19,1.13,1.16,71833,0
1815.HK,D,20181207,000000,1.16,1.16,1.15,1.15,74000,0
1815.HK,D,20181210,000000,1.14,1.17,1.14,1.17,146000,0
1815.HK,D,20181211,000000,1.17,1.17,1.12,1.17,96000,0
1815.HK,D,20181212,000000,1.17,1.17,1.13,1.15,54033,0
1815.HK,D,20181213,000000,1.11,1.23,1.11,1.23,463000,0
1815.HK,D,20181214,000000,1.23,1.35,1.23,1.28,1430500,0
1815.HK,D,20181217,000000,1.29,1.35,1.21,1.21,367000,0
1815.HK,D,20181218,000000,1.2,1.25,1.13,1.17,845000,0
1815.HK,D,20181219,000000,1.18,1.22,1.16,1.2,327666,0
1815.HK,D,20181220,000000,1.19,1.19,1.13,1.18,74000,0
1815.HK,D,20181221,000000,1.17,1.19,1.14,1.18,243000,0
1815.HK,D,20181224,000000,1.18,1.19,1.17,1.19,129000,0
1815.HK,D,20181227,000000,1.2,1.24,1.1,1.17,538000,0
1815.HK,D,20181228,000000,1.17,1.19,1.15,1.18,96000,0
1815.HK,D,20181231,000000,1.18,1.18,1.18,1.18,0,0
1815.HK,D,20190102,000000,1.18,1.23,1.17,1.19,242000,0
1815.HK,D,20190103,000000,1.19,1.21,1.13,1.17,200000,0
1815.HK,D,20190104,000000,1.16,1.19,1.15,1.17,42000,0
1815.HK,D,20190107,000000,1.19,1.2,1.17,1.17,71000,0
1815.HK,D,20190108,000000,1.17,1.2,1.17,1.19,54000,0
1815.HK,D,20190109,000000,1.18,1.2,1.17,1.19,66500,0
1815.HK,D,20190110,000000,1.19,1.2,1.15,1.15,90000,0
1815.HK,D,20190111,000000,1.16,1.19,1.13,1.16,158000,0
1815.HK,D,20190114,000000,1.18,1.19,1.13,1.14,341000,0
1815.HK,D,20190115,000000,1.15,1.16,1.07,1.14,587666,0
1815.HK,D,20190116,000000,1.15,1.17,1.1,1.16,232000,0
1815.HK,D,20190117,000000,1.15,1.17,1.1,1.16,83667,0
1815.HK,D,20190118,000000,1.16,1.16,1.14,1.15,39000,0
1815.HK,D,20190121,000000,1.15,1.15,1.09,1.14,227233,0
1815.HK,D,20190122,000000,1.13,1.14,1.08,1.13,263033,0
1815.HK,D,20190123,000000,1.13,1.18,1.03,1.08,1018000,0
1815.HK,D,20190124,000000,1.09,1.1,1.03,1.08,188000,0
1815.HK,D,20190125,000000,1.08,1.1,1.03,1.08,391100,0
1815.HK,D,20190128,000000,1.08,1.1,1.03,1.06,196000,0
1815.HK,D,20190129,000000,1.07,1.1,1.03,1.1,502000,0
1815.HK,D,20190130,000000,1.09,1.11,1.04,1.08,296000,0
1815.HK,D,20190131,000000,1.05,1.11,1.05,1.11,352133,0
1815.HK,D,20190201,000000,1.11,1.11,1.06,1.08,171233,0
1815.HK,D,20190204,000000,1.1,1.1,1.05,1.1,173334,0
1815.HK,D,20190208,000000,1.08,1.1,1.06,1.08,107066,0
1815.HK,D,20190211,000000,1.07,1.09,1.05,1.08,105000,0
1815.HK,D,20190212,000000,1.08,1.09,1.05,1.07,254000,0
1815.HK,D,20190213,000000,1.08,1.09,1.06,1.06,114166,0
1815.HK,D,20190214,000000,1.07,1.08,1.05,1.07,230033,0
1815.HK,D,20190215,000000,1.07,1.07,1.04,1.06,207000,0
1815.HK,D,20190218,000000,1.07,1.14,1.06,1.11,502000,0
1815.HK,D,20190219,000000,1.11,1.18,1.08,1.13,326966,0
1815.HK,D,20190220,000000,1.14,1.17,1.04,1.13,687167,0
1815.HK,D,20190221,000000,1.13,1.16,1.1,1.12,227333,0
1815.HK,D,20190222,000000,1.12,1.19,1.11,1.17,4272333,0
1815.HK,D,20190225,000000,1.18,1.22,1.11,1.15,2678433,0
1815.HK,D,20190226,000000,1.15,1.17,1.08,1.11,1391600,0
1815.HK,D,20190227,000000,1.11,1.11,1.05,1.07,2090866,0
1815.HK,D,20190228,000000,1.07,1.09,1.01,1.04,933000,0
1815.HK,D,20190301,000000,1.04,1.06,1.04,1.05,271401,0
1815.HK,D,20190304,000000,1.05,1.08,1.01,1.04,1895000,0
1815.HK,D,20190305,000000,1.04,1.06,0.96,1.06,1251000,0
1815.HK,D,20190306,000000,1.05,1.06,1,1.01,1148100,0
1815.HK,D,20190307,000000,1.01,1.02,0.95,0.99,1002000,0
1815.HK,D,20190308,000000,0.99,0.99,0.92,0.95,839033,0
1815.HK,D,20190311,000000,0.94,0.96,0.91,0.95,371000,0
1815.HK,D,20190312,000000,0.95,0.96,0.93,0.95,205523,0
1815.HK,D,20190313,000000,0.94,0.97,0.75,0.82,7603833,0
1815.HK,D,20190314,000000,0.82,0.82,0.77,0.8,2095000,0
1815.HK,D,20190315,000000,0.82,0.82,0.65,0.74,13722724,0
1815.HK,D,20190318,000000,0.73,0.75,0.61,0.66,7135000,0
1815.HK,D,20190319,000000,0.66,0.69,0.53,0.64,13015332,0
1815.HK,D,20190320,000000,0.62,0.66,0.54,0.57,7623000,0
1815.HK,D,20190321,000000,0.58,0.77,0.56,0.75,20193000,0
1815.HK,D,20190322,000000,0.78,0.86,0.78,0.83,16161333,0
1815.HK,D,20190325,000000,0.8,1.13,0.76,1.04,29235498,0
1815.HK,D,20190326,000000,1.04,1.21,0.88,0.96,26894000,0
1815.HK,D,20190327,000000,0.96,1.13,0.96,1.02,9505932,0
1815.HK,D,20190328,000000,1.02,1.1,1,1.02,4015833,0
1815.HK,D,20190329,000000,1.04,1.07,0.93,1,3968599,0
1815.HK,D,20190401,000000,1,1,0.94,0.97,1061000,0
1815.HK,D,20190402,000000,0.97,0.97,0.91,0.92,1490033,0
1815.HK,D,20190403,000000,0.92,1.07,0.86,1.06,3078000,0
1815.HK,D,20190404,000000,1.06,1.06,0.98,1.01,1774166,0
1815.HK,D,20190408,000000,1,1.08,0.98,0.99,2801000,0
1815.HK,D,20190409,000000,1,1.04,0.99,1,1205833,0
1815.HK,D,20190410,000000,1,1.02,0.98,1.02,1128466,0
1815.HK,D,20190411,000000,1.02,1.02,0.98,0.99,1068600,0
1815.HK,D,20190412,000000,0.99,1.01,0.98,1,807000,0
1815.HK,D,20190415,000000,1,1.02,0.96,0.96,574000,0
1815.HK,D,20190416,000000,0.96,1,0.95,1,979066,0
1815.HK,D,20190417,000000,1,1,0.97,0.98,472332,0
1815.HK,D,20190418,000000,0.98,1,0.94,0.96,654000,0
1815.HK,D,20190423,000000,0.94,0.99,0.94,0.98,210166,0
1815.HK,D,20190424,000000,0.98,0.98,0.93,0.97,243000,0
1815.HK,D,20190425,000000,0.93,0.94,0.89,0.92,1105666,0
1815.HK,D,20190426,000000,0.92,0.92,0.85,0.92,367000,0
1815.HK,D,20190429,000000,0.92,0.95,0.88,0.94,591499,0
1815.HK,D,20190430,000000,0.91,0.94,0.88,0.92,183000,0
1815.HK,D,20190502,000000,0.92,0.93,0.89,0.91,185000,0
1815.HK,D,20190503,000000,0.88,0.92,0.87,0.91,208666,0
1815.HK,D,20190506,000000,0.88,0.88,0.84,0.85,233133,0
1815.HK,D,20190507,000000,0.88,1.04,0.82,0.93,3745633,0
1815.HK,D,20190508,000000,0.93,0.98,0.9,0.94,938000,0
1815.HK,D,20190509,000000,0.92,0.96,0.88,0.91,872000,0
1815.HK,D,20190510,000000,0.91,0.95,0.86,0.91,233167,0
1815.HK,D,20190514,000000,0.85,0.9,0.85,0.88,207500,0
1815.HK,D,20190515,000000,0.93,0.93,0.87,0.87,107000,0
1815.HK,D,20190516,000000,0.89,0.91,0.86,0.88,809000,0
1815.HK,D,20190517,000000,0.87,0.88,0.82,0.83,853100,0
1815.HK,D,20190520,000000,0.82,0.83,0.8,0.83,129667,0
1815.HK,D,20190521,000000,0.83,0.86,0.82,0.83,51633,0
1815.HK,D,20190522,000000,0.82,0.85,0.81,0.83,7701,0
1815.HK,D,20190523,000000,0.8,0.85,0.8,0.8,823000,0
1815.HK,D,20190524,000000,0.8,0.81,0.77,0.8,280000,0
1815.HK,D,20190527,000000,0.8,0.8,0.75,0.76,365166,0
1815.HK,D,20190528,000000,0.8,0.8,0.75,0.77,104667,0
1815.HK,D,20190529,000000,0.77,0.77,0.7,0.75,989000,0
1815.HK,D,20190530,000000,0.7,0.73,0.65,0.67,1146000,0
1815.HK,D,20190531,000000,0.67,0.72,0.66,0.7,1220100,0
1815.HK,D,20190603,000000,0.68,0.72,0.63,0.63,806834,0
1815.HK,D,20190604,000000,0.66,0.66,0.62,0.64,1170100,0
1815.HK,D,20190605,000000,0.64,0.66,0.62,0.63,1683233,0
1815.HK,D,20190606,000000,0.62,0.66,0.6,0.62,3013433,0
1815.HK,D,20190610,000000,0.62,0.63,0.6,0.61,801000,0
1815.HK,D,20190611,000000,0.6,0.62,0.6,0.6,1508666,0
1815.HK,D,20190612,000000,0.57,0.57,0.51,0.54,10179000,0
1815.HK,D,20190613,000000,0.54,0.54,0.495,0.53,11767567,0
1815.HK,D,20190614,000000,0.55,0.57,0.54,0.57,1308000,0
1815.HK,D,20190617,000000,0.6,0.61,0.57,0.59,1447000,0
1815.HK,D,20190618,000000,0.57,0.6,0.57,0.59,2217000,0
1815.HK,D,20190619,000000,0.6,0.6,0.56,0.58,1237600,0
1815.HK,D,20190620,000000,0.58,0.62,0.58,0.61,1145000,0
1815.HK,D,20190621,000000,0.59,0.61,0.56,0.57,1358000,0
1815.HK,D,20190624,000000,0.57,0.6,0.56,0.57,846167,0
1815.HK,D,20190625,000000,0.56,0.59,0.56,0.58,787599,0
1815.HK,D,20190626,000000,0.57,0.59,0.56,0.57,317333,0
1815.HK,D,20190627,000000,0.56,0.59,0.56,0.58,897666,0
1815.HK,D,20190628,000000,0.56,0.58,0.56,0.57,376967,0
1815.HK,D,20190702,000000,0.57,0.58,0.56,0.57,340366,0
1815.HK,D,20190703,000000,0.56,0.56,0.53,0.54,1636067,0
1815.HK,D,20190704,000000,0.54,0.55,0.52,0.55,124999,0
1815.HK,D,20190705,000000,0.51,0.55,0.51,0.54,190499,0
1815.HK,D,20190708,000000,0.53,0.54,0.53,0.54,34000,0
1815.HK,D,20190709,000000,0.53,0.54,0.52,0.53,63666,0
1815.HK,D,20190710,000000,0.52,0.55,0.52,0.55,571133,0
1815.HK,D,20190711,000000,0.55,0.56,0.54,0.55,141000,0
1815.HK,D,20190712,000000,0.58,0.6,0.55,0.56,584000,0
1815.HK,D,20190715,000000,0.56,0.56,0.54,0.56,38000,0
1815.HK,D,20190716,000000,0.55,0.56,0.54,0.55,280000,0
1815.HK,D,20190717,000000,0.53,0.56,0.53,0.53,157000,0
1815.HK,D,20190718,000000,0.51,0.54,0.51,0.53,164000,0
1815.HK,D,20190719,000000,0.55,0.73,0.55,0.7,30318500,0
1815.HK,D,20190722,000000,0.68,0.73,0.66,0.67,6726266,0
1815.HK,D,20190723,000000,0.69,0.69,0.52,0.53,18020000,0
1815.HK,D,20190724,000000,0.53,0.56,0.52,0.53,8592100,0
1815.HK,D,20190725,000000,0.54,0.54,0.52,0.54,2735000,0
1815.HK,D,20190726,000000,0.53,0.54,0.52,0.53,1403833,0
1815.HK,D,20190729,000000,0.53,0.54,0.51,0.53,1377066,0
1815.HK,D,20190730,000000,0.53,0.56,0.53,0.56,1264433,0
1815.HK,D,20190731,000000,0.56,0.56,0.53,0.54,1208333,0
1815.HK,D,20190801,000000,0.53,0.54,0.52,0.54,2138000,0
1815.HK,D,20190802,000000,0.55,0.55,0.51,0.53,1784000,0
1815.HK,D,20190805,000000,0.51,0.56,0.5,0.52,5053000,0
1815.HK,D,20190806,000000,0.51,0.52,0.49,0.5,2894200,0
1815.HK,D,20190807,000000,0.54,0.55,0.52,0.52,1252933,0
1815.HK,D,20190808,000000,0.55,0.64,0.53,0.62,6982891,0
1815.HK,D,20190809,000000,0.61,0.7,0.58,0.68,10732000,0
1815.HK,D,20190812,000000,0.68,0.73,0.63,0.66,4886333,0
1815.HK,D,20190813,000000,0.66,0.98,0.66,0.92,41722434,0
1815.HK,D,20190814,000000,0.9,1,0.77,0.92,33464999,0
1815.HK,D,20190815,000000,1.08,1.12,0.99,1.04,40128264,0
1815.HK,D,20190816,000000,1.04,1.16,1.04,1.12,14910733,0
1815.HK,D,20190819,000000,1.03,1.22,1.03,1.15,14411033,0
1815.HK,D,20190820,000000,1.15,1.15,1.05,1.12,8454098,0
1815.HK,D,20190821,000000,1.12,1.15,1.07,1.09,2957233,0
1815.HK,D,20190822,000000,1.08,1.09,1.04,1.05,3122500,0
1815.HK,D,20190823,000000,1.02,1.04,0.92,0.96,4795060,0
1815.HK,D,20190826,000000,1.1,1.21,1.01,1.05,13690167,0
1815.HK,D,20190828,000000,1.16,1.19,1.08,1.11,5109633,0
1815.HK,D,20190829,000000,1.1,1.13,1.06,1.11,5790000,0
1815.HK,D,20190830,000000,1.06,1.12,1.06,1.08,2936327,0
1815.HK,D,20190902,000000,1.09,1.09,1.02,1.03,3561000,0
1815.HK,D,20190903,000000,1.01,1.03,0.98,1,3279000,0
1815.HK,D,20190904,000000,1.09,1.1,0.9,0.94,9207799,0
1815.HK,D,20190905,000000,0.94,0.96,0.94,0.96,1502000,0
1815.HK,D,20190906,000000,0.94,0.96,0.87,0.92,4708166,0
1815.HK,D,20190909,000000,0.9,0.93,0.86,0.91,1911367,0
1815.HK,D,20190910,000000,0.86,0.89,0.84,0.89,2882333,0
1815.HK,D,20190911,000000,0.88,0.88,0.85,0.87,483000,0
1815.HK,D,20190912,000000,0.85,0.87,0.82,0.85,1368333,0
1815.HK,D,20190913,000000,0.86,0.87,0.84,0.87,397000,0
1815.HK,D,20190916,000000,0.85,0.9,0.83,0.9,2023000,0
1815.HK,D,20190917,000000,0.92,0.92,0.87,0.89,776833,0
1815.HK,D,20190918,000000,0.89,0.89,0.87,0.89,281166,0
1815.HK,D,20190919,000000,0.86,0.88,0.84,0.87,729000,0
1815.HK,D,20190920,000000,0.87,0.95,0.87,0.92,1753000,0
1815.HK,D,20190923,000000,0.92,1.03,0.92,1,6609333,0
1815.HK,D,20190924,000000,1,1.05,0.96,0.99,1668600,0
1815.HK,D,20190925,000000,1,1.01,0.94,0.97,1527000,0
1815.HK,D,20190926,000000,0.93,0.95,0.92,0.95,1179000,0
1815.HK,D,20190927,000000,0.95,0.97,0.92,0.95,286000,0
1815.HK,D,20190930,000000,0.94,0.94,0.88,0.93,460000,0
1815.HK,D,20191002,000000,0.96,0.96,0.91,0.95,509000,0
1815.HK,D,20191003,000000,0.95,0.95,0.88,0.95,323000,0
1815.HK,D,20191004,000000,0.91,0.94,0.9,0.94,558000,0
1815.HK,D,20191008,000000,0.94,0.94,0.9,0.91,142833,0
1815.HK,D,20191009,000000,0.91,0.96,0.9,0.96,1117333,0
1815.HK,D,20191010,000000,0.96,0.96,0.9,0.95,468200,0
1815.HK,D,20191011,000000,0.92,0.93,0.9,0.92,500833,0
1815.HK,D,20191014,000000,0.9,0.9,0.88,0.9,647133,0
1815.HK,D,20191015,000000,0.9,0.91,0.89,0.9,244000,0
1815.HK,D,20191016,000000,0.87,0.9,0.87,0.9,1499033,0
1815.HK,D,20191017,000000,0.87,0.9,0.87,0.9,301133,0
1815.HK,D,20191018,000000,0.81,0.92,0.81,0.92,238666,0
1815.HK,D,20191021,000000,0.91,0.92,0.9,0.9,348000,0
1815.HK,D,20191022,000000,0.87,0.9,0.86,0.88,157000,0
1815.HK,D,20191023,000000,0.89,0.89,0.87,0.89,23000,0
1815.HK,D,20191024,000000,0.84,0.89,0.84,0.88,67433,0
1815.HK,D,20191025,000000,0.87,0.9,0.87,0.9,302166,0
1815.HK,D,20191028,000000,0.86,0.89,0.84,0.86,302000,0
1815.HK,D,20191029,000000,0.86,0.86,0.84,0.86,212000,0
1815.HK,D,20191030,000000,0.84,0.84,0.81,0.84,262266,0
1815.HK,D,20191031,000000,0.82,0.83,0.79,0.81,759333,0
1815.HK,D,20191101,000000,0.81,0.83,0.79,0.83,297400,0
1815.HK,D,20191104,000000,0.77,0.81,0.77,0.8,544299,0
1815.HK,D,20191105,000000,0.77,0.77,0.75,0.77,817000,0
1815.HK,D,20191106,000000,0.75,0.77,0.73,0.77,514000,0
1815.HK,D,20191107,000000,0.77,0.78,0.75,0.78,201000,0
1815.HK,D,20191108,000000,0.76,0.79,0.72,0.79,617000,0
1815.HK,D,20191111,000000,0.75,0.8,0.74,0.8,567600,0
1815.HK,D,20191112,000000,0.76,0.78,0.75,0.78,190966,0
1815.HK,D,20191113,000000,0.77,0.77,0.73,0.73,552166,0
1815.HK,D,20191114,000000,0.72,0.74,0.71,0.71,623000,0
1815.HK,D,20191115,000000,0.71,0.76,0.71,0.71,793066,0
1815.HK,D,20191118,000000,0.71,0.71,0.69,0.71,253133,0
1815.HK,D,20191119,000000,0.69,0.69,0.67,0.69,798000,0
1815.HK,D,20191120,000000,0.7,0.72,0.69,0.71,464000,0
1815.HK,D,20191121,000000,0.68,0.69,0.68,0.68,54000,0
1815.HK,D,20191122,000000,0.68,0.68,0.66,0.68,227000,0
1815.HK,D,20191125,000000,0.66,0.66,0.64,0.65,326000,0
1815.HK,D,20191126,000000,0.63,0.65,0.63,0.64,158033,0
1815.HK,D,20191127,000000,0.64,0.64,0.63,0.64,186333,0
1815.HK,D,20191128,000000,0.62,0.66,0.62,0.65,129567,0
1815.HK,D,20191129,000000,0.64,0.64,0.63,0.64,123333,0
1815.HK,D,20191202,000000,0.63,0.64,0.63,0.63,124000,0
1815.HK,D,20191203,000000,0.64,0.69,0.64,0.68,390000,0
1815.HK,D,20191204,000000,0.71,0.75,0.69,0.75,1434733,0
1815.HK,D,20191205,000000,0.75,0.75,0.7,0.74,655000,0
1815.HK,D,20191206,000000,0.71,0.73,0.71,0.73,144166,0
1815.HK,D,20191209,000000,0.73,0.73,0.7,0.71,232199,0
1815.HK,D,20191210,000000,0.7,0.75,0.68,0.75,361000,0
1815.HK,D,20191211,000000,0.71,0.76,0.71,0.75,507533,0
1815.HK,D,20191212,000000,0.75,0.75,0.72,0.73,112401,0
1815.HK,D,20191213,000000,0.72,0.74,0.7,0.74,491333,0
1815.HK,D,20191216,000000,0.71,0.71,0.7,0.71,195666,0
1815.HK,D,20191217,000000,0.71,0.72,0.71,0.71,175666,0
1815.HK,D,20191218,000000,0.72,0.73,0.71,0.73,88000,0
1815.HK,D,20191219,000000,0.74,0.74,0.71,0.74,34933,0
1815.HK,D,20191220,000000,0.74,0.74,0.7,0.71,40000,0
1815.HK,D,20191223,000000,0.73,0.74,0.72,0.73,80333,0
1815.HK,D,20191224,000000,0.7,0.75,0.7,0.74,58133,0
1815.HK,D,20191227,000000,0.74,0.81,0.74,0.76,1384300,0
1815.HK,D,20191230,000000,0.76,0.8,0.76,0.79,628000,0
1815.HK,D,20191231,000000,0.79,0.81,0.76,0.77,50000,0
1815.HK,D,20200102,000000,0.77,0.77,0.69,0.75,690000,0
1815.HK,D,20200103,000000,0.77,0.85,0.77,0.82,3543299,0
1815.HK,D,20200106,000000,0.85,0.91,0.82,0.85,3696000,0
1815.HK,D,20200107,000000,0.83,0.84,0.78,0.84,625166,0
1815.HK,D,20200108,000000,0.89,0.9,0.85,0.88,1896100,0
1815.HK,D,20200109,000000,0.87,0.87,0.79,0.8,1593000,0
1815.HK,D,20200110,000000,0.8,0.82,0.78,0.81,190133,0
1815.HK,D,20200113,000000,0.78,0.82,0.78,0.81,91000,0
1815.HK,D,20200114,000000,0.79,0.8,0.79,0.8,204000,0
1815.HK,D,20200115,000000,0.79,0.8,0.79,0.8,258133,0
1815.HK,D,20200116,000000,0.78,0.8,0.75,0.78,403000,0
1815.HK,D,20200117,000000,0.78,0.8,0.75,0.78,165000,0
1815.HK,D,20200120,000000,0.77,0.78,0.74,0.78,263500,0
1815.HK,D,20200121,000000,0.76,0.77,0.75,0.76,121000,0
1815.HK,D,20200122,000000,0.76,0.78,0.74,0.77,173000,0
1815.HK,D,20200123,000000,0.72,0.77,0.71,0.77,415100,0
1815.HK,D,20200124,000000,0.73,0.76,0.73,0.76,203000,0
1815.HK,D,20200129,000000,0.71,0.72,0.7,0.72,77000,0
1815.HK,D,20200130,000000,0.73,0.74,0.69,0.71,301833,0
1815.HK,D,20200131,000000,0.7,0.73,0.69,0.73,66000,0
1815.HK,D,20200203,000000,0.71,0.71,0.67,0.7,1031267,0
1815.HK,D,20200204,000000,0.63,0.72,0.63,0.72,452034,0
1815.HK,D,20200205,000000,0.71,0.72,0.68,0.68,299000,0
1815.HK,D,20200206,000000,0.67,0.71,0.66,0.69,87339,0
1815.HK,D,20200207,000000,0.67,0.69,0.65,0.69,1334000,0
1815.HK,D,20200210,000000,0.62,0.68,0.62,0.67,103765,0
1815.HK,D,20200211,000000,0.69,0.69,0.66,0.67,140000,0
1815.HK,D,20200212,000000,0.63,0.68,0.63,0.66,193366,0
1815.HK,D,20200213,000000,0.64,0.66,0.64,0.64,160000,0
1815.HK,D,20200214,000000,0.68,0.69,0.66,0.69,276833,0
1815.HK,D,20200217,000000,0.68,0.71,0.67,0.7,487333,0
1815.HK,D,20200218,000000,0.69,0.69,0.67,0.68,652000,0
1815.HK,D,20200219,000000,0.68,0.71,0.65,0.69,1690000,0
1815.HK,D,20200220,000000,0.69,0.7,0.69,0.69,343000,0
1815.HK,D,20200221,000000,0.69,0.74,0.69,0.74,1387766,0
1815.HK,D,20200224,000000,0.77,0.79,0.73,0.73,1363399,0
1815.HK,D,20200225,000000,0.74,0.74,0.69,0.69,603000,0
1815.HK,D,20200226,000000,0.72,0.72,0.67,0.67,870000,0
1815.HK,D,20200227,000000,0.65,0.69,0.65,0.65,259833,0
1815.HK,D,20200228,000000,0.66,0.67,0.65,0.65,311000,0
1815.HK,D,20200302,000000,0.65,0.68,0.65,0.66,80000,0
1815.HK,D,20200303,000000,0.66,0.68,0.66,0.68,151400,0
1815.HK,D,20200304,000000,0.71,0.71,0.68,0.68,229666,0
1815.HK,D,20200305,000000,0.66,0.68,0.66,0.68,102000,0
1815.HK,D,20200306,000000,0.68,0.68,0.66,0.66,163000,0
1815.HK,D,20200309,000000,0.65,0.68,0.63,0.64,238000,0
1815.HK,D,20200310,000000,0.69,0.69,0.61,0.61,457000,0
1815.HK,D,20200311,000000,0.66,0.66,0.61,0.62,119000,0
1815.HK,D,20200312,000000,0.61,0.61,0.56,0.57,501000,0
1815.HK,D,20200313,000000,0.53,0.58,0.495,0.57,1155000,0
1815.HK,D,20200316,000000,0.56,0.57,0.52,0.52,468000,0
1815.HK,D,20200317,000000,0.5,0.54,0.5,0.52,502000,0
1815.HK,D,20200318,000000,0.54,0.54,0.485,0.49,535000,0
1815.HK,D,20200319,000000,0.44,0.49,0.43,0.49,279833,0
1815.HK,D,20200320,000000,0.49,0.52,0.475,0.52,109800,0
1815.HK,D,20200323,000000,0.47,0.495,0.445,0.495,222666,0
1815.HK,D,20200324,000000,0.51,0.53,0.495,0.495,813766,0
1815.HK,D,20200325,000000,0.51,0.62,0.5,0.59,1485000,0
1815.HK,D,20200326,000000,0.59,0.6,0.54,0.55,2042000,0
1815.HK,D,20200327,000000,0.56,0.65,0.56,0.58,411000,0
1815.HK,D,20200330,000000,0.65,0.65,0.57,0.58,148000,0
1815.HK,D,20200331,000000,0.58,0.59,0.54,0.59,150333,0
1815.HK,D,20200401,000000,0.58,0.58,0.54,0.54,223000,0
1815.HK,D,20200402,000000,0.53,0.53,0.53,0.53,20333,0
1815.HK,D,20200403,000000,0.54,0.54,0.54,0.54,30166,0
1815.HK,D,20200406,000000,0.54,0.58,0.54,0.54,168000,0
1815.HK,D,20200407,000000,0.56,0.57,0.55,0.55,60000,0
1815.HK,D,20200408,000000,0.57,0.57,0.55,0.57,21000,0
1815.HK,D,20200409,000000,0.54,0.55,0.52,0.54,538000,0
1815.HK,D,20200414,000000,0.58,0.59,0.56,0.56,727166,0
1815.HK,D,20200415,000000,0.56,0.56,0.54,0.54,201000,0
1815.HK,D,20200416,000000,0.55,0.56,0.53,0.55,50000,0
1815.HK,D,20200417,000000,0.53,0.55,0.5,0.52,827066,0
1815.HK,D,20200420,000000,0.52,0.52,0.52,0.52,40000,0
1815.HK,D,20200421,000000,0.52,0.52,0.51,0.52,16000,0
1815.HK,D,20200422,000000,0.51,0.51,0.5,0.51,206000,0
1815.HK,D,20200423,000000,0.53,0.53,0.52,0.52,94000,0
1815.HK,D,20200424,000000,0.54,0.54,0.51,0.51,143000,0
1815.HK,D,20200427,000000,0.52,0.52,0.51,0.51,52000,0
1815.HK,D,20200428,000000,0.51,0.53,0.5,0.5,83500,0
1815.HK,D,20200429,000000,0.5,0.5,0.49,0.5,144599,0
1815.HK,D,20200504,000000,0.495,0.5,0.495,0.5,41000,0
1815.HK,D,20200505,000000,0.54,0.55,0.5,0.54,26000,0
1815.HK,D,20200506,000000,0.54,0.54,0.54,0.54,0,0
1815.HK,D,20200507,000000,0.52,0.53,0.51,0.51,124833,0
1815.HK,D,20200508,000000,0.5,0.54,0.5,0.51,145232,0
1815.HK,D,20200511,000000,0.54,0.54,0.52,0.54,259667,0
1815.HK,D,20200512,000000,0.57,0.57,0.54,0.56,307000,0
1815.HK,D,20200513,000000,0.54,0.55,0.54,0.55,48000,0
1815.HK,D,20200514,000000,0.54,0.55,0.52,0.52,210466,0
1815.HK,D,20200515,000000,0.52,0.52,0.52,0.52,42000,0
1815.HK,D,20200518,000000,0.55,0.59,0.54,0.55,382033,0
1815.HK,D,20200519,000000,0.59,0.59,0.53,0.55,215233,0
1815.HK,D,20200520,000000,0.58,0.59,0.55,0.57,174266,0
1815.HK,D,20200521,000000,0.56,0.56,0.53,0.54,359000,0
1815.HK,D,20200522,000000,0.52,0.54,0.51,0.53,351000,0
1815.HK,D,20200525,000000,0.49,0.53,0.49,0.52,65333,0
1815.HK,D,20200526,000000,0.51,0.52,0.51,0.52,94000,0
1815.HK,D,20200527,000000,0.52,0.52,0.52,0.52,21166,0
1815.HK,D,20200528,000000,0.52,0.54,0.51,0.54,34000,0
1815.HK,D,20200529,000000,0.485,0.54,0.485,0.54,392500,0
1815.HK,D,20200601,000000,0.53,0.54,0.53,0.54,176866,0
1815.HK,D,20200602,000000,0.5,0.55,0.5,0.52,354532,0
1815.HK,D,20200603,000000,0.48,0.55,0.48,0.53,1461466,0
1815.HK,D,20200604,000000,0.52,0.52,0.5,0.51,983502,0
1815.HK,D,20200605,000000,0.49,0.51,0.49,0.51,25366,0
1815.HK,D,20200608,000000,0.51,0.53,0.51,0.52,119666,0
1815.HK,D,20200609,000000,0.49,0.52,0.49,0.51,221000,0
1815.HK,D,20200610,000000,0.51,0.52,0.5,0.51,144000,0
1815.HK,D,20200611,000000,0.51,0.52,0.5,0.52,71833,0
1815.HK,D,20200612,000000,0.5,0.52,0.495,0.52,596000,0
1815.HK,D,20200615,000000,0.5,0.5,0.495,0.495,782033,0
1815.HK,D,20200616,000000,0.49,0.51,0.49,0.51,614000,0
1815.HK,D,20200617,000000,0.51,0.51,0.51,0.51,0,0
1815.HK,D,20200618,000000,0.5,0.5,0.49,0.5,123000,0
1815.HK,D,20200619,000000,0.475,0.53,0.475,0.51,412733,0
1815.HK,D,20200622,000000,0.51,0.51,0.5,0.51,472666,0
1815.HK,D,20200623,000000,0.5,0.51,0.5,0.5,197500,0
1815.HK,D,20200624,000000,0.5,0.51,0.49,0.5,301000,0
1815.HK,D,20200626,000000,0.495,0.51,0.49,0.49,262166,0
1815.HK,D,20200629,000000,0.5,0.52,0.485,0.5,281333,0
1815.HK,D,20200630,000000,0.465,0.49,0.465,0.475,644666,0
1815.HK,D,20200702,000000,0.475,0.49,0.46,0.475,459000,0
1815.HK,D,20200703,000000,0.46,0.465,0.445,0.455,2440000,0
1815.HK,D,20200706,000000,0.455,0.48,0.44,0.48,2938265,0
1815.HK,D,20200707,000000,0.485,0.53,0.485,0.53,2029832,0
1815.HK,D,20200708,000000,0.56,0.56,0.51,0.53,472833,0
1815.HK,D,20200709,000000,0.5,0.67,0.5,0.64,3909334,0
1815.HK,D,20200710,000000,0.65,0.65,0.58,0.61,962332,0
1815.HK,D,20200713,000000,0.66,0.67,0.61,0.64,1273833,0
1815.HK,D,20200714,000000,0.65,0.65,0.6,0.6,1254166,0
1815.HK,D,20200715,000000,0.6,0.63,0.6,0.6,128002,0
1815.HK,D,20200716,000000,0.62,0.62,0.58,0.58,357333,0
1815.HK,D,20200717,000000,0.58,0.61,0.57,0.58,176000,0
1815.HK,D,20200720,000000,0.52,0.57,0.52,0.56,115000,0
1815.HK,D,20200721,000000,0.58,0.65,0.58,0.65,1099300,0
1815.HK,D,20200722,000000,0.73,0.85,0.66,0.78,22640364,0
1815.HK,D,20200723,000000,0.85,0.88,0.77,0.81,7975133,0
1815.HK,D,20200724,000000,0.78,0.81,0.72,0.75,3335000,0
1815.HK,D,20200727,000000,0.8,0.84,0.76,0.82,5445265,0
1815.HK,D,20200728,000000,0.88,0.91,0.76,0.78,6497067,0
1815.HK,D,20200729,000000,0.83,0.83,0.76,0.77,1939000,0
1815.HK,D,20200730,000000,0.78,0.78,0.69,0.7,2091000,0
1815.HK,D,20200731,000000,0.73,0.75,0.69,0.75,1090499,0
1815.HK,D,20200803,000000,0.75,0.75,0.72,0.72,284600,0
1815.HK,D,20200804,000000,0.71,0.72,0.69,0.71,1014100,0
1815.HK,D,20200805,000000,0.76,0.8,0.73,0.77,2272729,0
1815.HK,D,20200806,000000,0.78,0.8,0.74,0.78,1970116,0
1815.HK,D,20200807,000000,0.79,0.81,0.75,0.77,1553800,0
1815.HK,D,20200810,000000,0.72,0.74,0.72,0.74,240166,0
1815.HK,D,20200811,000000,0.74,0.76,0.7,0.7,695166,0
1815.HK,D,20200812,000000,0.67,0.67,0.62,0.67,1761000,0
1815.HK,D,20200813,000000,0.66,0.66,0.65,0.66,265500,0
1815.HK,D,20200814,000000,0.67,0.68,0.66,0.67,225333,0
1815.HK,D,20200817,000000,0.66,0.7,0.63,0.7,192366,0
1815.HK,D,20200818,000000,0.7,0.73,0.7,0.73,713233,0
1815.HK,D,20200819,000000,0.7,0.71,0.67,0.71,444000,0
1815.HK,D,20200820,000000,0.68,0.71,0.65,0.7,636000,0
1815.HK,D,20200821,000000,0.68,0.71,0.68,0.68,606000,0
1815.HK,D,20200824,000000,0.68,0.68,0.66,0.67,98000,0
1815.HK,D,20200825,000000,0.67,0.67,0.65,0.67,221000,0
1815.HK,D,20200826,000000,0.67,0.67,0.63,0.64,1121000,0
1815.HK,D,20200827,000000,0.65,0.65,0.62,0.63,1197000,0
1815.HK,D,20200828,000000,0.63,0.63,0.62,0.62,147000,0
1815.HK,D,20200831,000000,0.6,0.64,0.6,0.63,94900,0
1815.HK,D,20200901,000000,0.63,0.67,0.62,0.67,311000,0
1815.HK,D,20200902,000000,0.63,0.63,0.63,0.63,126666,0
1815.HK,D,20200903,000000,0.63,0.69,0.62,0.65,523000,0
1815.HK,D,20200904,000000,0.62,0.64,0.61,0.64,193967,0
1815.HK,D,20200907,000000,0.64,0.64,0.61,0.62,221433,0
1815.HK,D,20200908,000000,0.62,0.67,0.62,0.67,975000,0
1815.HK,D,20200909,000000,0.66,0.68,0.63,0.66,581000,0
1815.HK,D,20200910,000000,0.66,0.66,0.63,0.63,106000,0
1815.HK,D,20200911,000000,0.68,0.68,0.64,0.66,21000,0
1815.HK,D,20200914,000000,0.63,0.65,0.62,0.63,85000,0
1815.HK,D,20200915,000000,0.64,0.66,0.63,0.65,118284,0
1815.HK,D,20200916,000000,0.64,0.66,0.62,0.64,184100,0
1815.HK,D,20200917,000000,0.64,0.64,0.61,0.62,343433,0
1815.HK,D,20200918,000000,0.57,0.62,0.57,0.61,279333,0
1815.HK,D,20200921,000000,0.61,0.62,0.6,0.6,195000,0
1815.HK,D,20200922,000000,0.57,0.57,0.55,0.55,472000,0
1815.HK,D,20200923,000000,0.57,0.61,0.56,0.58,185833,0
1815.HK,D,20200924,000000,0.56,0.56,0.52,0.54,500333,0
1815.HK,D,20200925,000000,0.54,0.6,0.54,0.58,1435000,0
1815.HK,D,20200928,000000,0.58,0.6,0.56,0.57,288067,0
1815.HK,D,20200929,000000,0.58,0.6,0.56,0.58,234999,0
1815.HK,D,20200930,000000,0.57,0.6,0.57,0.6,6333,0
1815.HK,D,20201005,000000,0.58,0.58,0.58,0.58,0,0
1815.HK,D,20201006,000000,0.6,0.6,0.56,0.59,175466,0
1815.HK,D,20201007,000000,0.59,0.59,0.56,0.58,69533,0
1815.HK,D,20201008,000000,0.53,0.58,0.53,0.56,224000,0
1815.HK,D,20201009,000000,0.6,0.6,0.57,0.59,38000,0
1815.HK,D,20201012,000000,0.59,0.61,0.56,0.61,293066,0
1815.HK,D,20201014,000000,0.58,0.59,0.57,0.57,400000,0
1815.HK,D,20201015,000000,0.54,0.57,0.54,0.57,17366,0
1815.HK,D,20201016,000000,0.59,0.59,0.57,0.59,14000,0
1815.HK,D,20201019,000000,0.57,0.57,0.57,0.57,29000,0
1815.HK,D,20201020,000000,0.57,0.58,0.55,0.57,487000,0
1815.HK,D,20201021,000000,0.57,0.57,0.57,0.57,89000,0
1815.HK,D,20201022,000000,0.57,0.57,0.57,0.57,0,0
1815.HK,D,20201023,000000,0.57,0.57,0.57,0.57,0,0
1815.HK,D,20201027,000000,0.55,0.55,0.54,0.54,119000,0
1815.HK,D,20201028,000000,0.54,0.54,0.54,0.54,53000,0
1815.HK,D,20201029,000000,0.53,0.56,0.51,0.55,97000,0
1815.HK,D,20201030,000000,0.54,0.54,0.53,0.53,179000,0
1815.HK,D,20201102,000000,0.55,0.55,0.54,0.55,22000,0
1815.HK,D,20201103,000000,0.54,0.54,0.53,0.54,306000,0
1815.HK,D,20201104,000000,0.54,0.54,0.52,0.52,24000,0
1815.HK,D,20201105,000000,0.53,0.53,0.53,0.53,235000,0
1815.HK,D,20201106,000000,0.54,0.58,0.53,0.56,528000,0
1815.HK,D,20201109,000000,0.56,0.62,0.56,0.58,962833,0
1815.HK,D,20201110,000000,0.55,0.55,0.55,0.55,344966,0
1815.HK,D,20201111,000000,0.55,0.55,0.54,0.54,79500,0
1815.HK,D,20201112,000000,0.54,0.54,0.54,0.54,11000,0
1815.HK,D,20201113,000000,0.54,0.54,0.54,0.54,0,0
1815.HK,D,20201116,000000,0.54,0.57,0.54,0.56,165000,0
1815.HK,D,20201117,000000,0.56,0.56,0.55,0.55,97000,0
1815.HK,D,20201118,000000,0.58,0.58,0.57,0.58,132000,0
1815.HK,D,20201119,000000,0.55,0.58,0.55,0.58,10166,0
1815.HK,D,20201120,000000,0.52,0.56,0.52,0.56,124167,0
1815.HK,D,20201123,000000,0.51,0.57,0.51,0.57,1166,0
1815.HK,D,20201124,000000,0.58,0.58,0.54,0.54,163900,0
1815.HK,D,20201125,000000,0.57,0.57,0.54,0.57,245700,0
1815.HK,D,20201126,000000,0.57,0.57,0.55,0.56,61833,0
1815.HK,D,20201127,000000,0.57,0.57,0.55,0.55,2110067,0
1815.HK,D,20201130,000000,0.56,0.59,0.55,0.55,130666,0
1815.HK,D,20201201,000000,0.55,0.56,0.55,0.56,146000,0
1815.HK,D,20201202,000000,0.56,0.58,0.56,0.56,1699000,0
1815.HK,D,20201203,000000,0.56,0.57,0.56,0.56,29000,0
1815.HK,D,20201204,000000,0.55,0.55,0.55,0.55,81433,0
1815.HK,D,20201207,000000,0.51,0.55,0.51,0.55,233,0
1815.HK,D,20201208,000000,0.55,0.56,0.53,0.55,3440398,0
1815.HK,D,20201209,000000,0.55,0.55,0.53,0.54,273000,0
1815.HK,D,20201210,000000,0.53,0.53,0.52,0.53,347000,0
1815.HK,D,20201211,000000,0.53,0.55,0.53,0.55,1020500,0
1815.HK,D,20201214,000000,0.55,0.57,0.55,0.55,243000,0
1815.HK,D,20201215,000000,0.56,0.57,0.55,0.56,48000,0
1815.HK,D,20201216,000000,0.56,0.56,0.55,0.55,1102333,0
1815.HK,D,20201217,000000,0.55,0.58,0.55,0.58,311399,0
1815.HK,D,20201218,000000,0.58,0.59,0.55,0.56,445666,0
1815.HK,D,20201221,000000,0.56,0.59,0.56,0.57,470000,0
1815.HK,D,20201222,000000,0.56,0.56,0.55,0.55,484000,0
1815.HK,D,20201223,000000,0.55,0.55,0.55,0.55,107000,0
1815.HK,D,20201224,000000,0.55,0.55,0.55,0.55,0,0
1815.HK,D,20201228,000000,0.55,0.56,0.55,0.55,114333,0
1815.HK,D,20201229,000000,0.56,0.56,0.55,0.56,176199,0
1815.HK,D,20201230,000000,0.55,0.55,0.55,0.55,116500,0
1815.HK,D,20201231,000000,0.55,0.56,0.55,0.55,98000,0
1815.HK,D,20210104,000000,0.56,0.57,0.55,0.57,349000,0
1815.HK,D,20210105,000000,0.57,0.57,0.56,0.56,193300,0
1815.HK,D,20210106,000000,0.56,0.56,0.55,0.55,794500,0
1815.HK,D,20210107,000000,0.55,0.55,0.54,0.55,255000,0
1815.HK,D,20210108,000000,0.55,0.55,0.53,0.53,374333,0
1815.HK,D,20210111,000000,0.53,0.54,0.52,0.53,159833,0
1815.HK,D,20210112,000000,0.53,0.53,0.51,0.53,94000,0
1815.HK,D,20210113,000000,0.51,0.55,0.51,0.54,204533,0
1815.HK,D,20210114,000000,0.53,0.54,0.53,0.53,47333,0
1815.HK,D,20210115,000000,0.53,0.53,0.53,0.53,13000,0
1815.HK,D,20210118,000000,0.54,0.54,0.5,0.52,789999,0
1815.HK,D,20210119,000000,0.51,0.52,0.495,0.5,4049323,0
1815.HK,D,20210120,000000,0.495,0.5,0.485,0.5,1160833,0
1815.HK,D,20210121,000000,0.5,0.53,0.5,0.52,999534,0
1815.HK,D,20210122,000000,0.5,0.51,0.49,0.51,318000,0
1815.HK,D,20210125,000000,0.51,0.53,0.49,0.51,930500,0
1815.HK,D,20210126,000000,0.51,0.51,0.5,0.51,194000,0
1815.HK,D,20210127,000000,0.51,0.51,0.5,0.51,246000,0
1815.HK,D,20210128,000000,0.48,0.53,0.48,0.52,283333,0
1815.HK,D,20210129,000000,0.52,0.56,0.52,0.55,1528000,0
1815.HK,D,20210201,000000,0.63,1,0.63,0.99,54433660,0
1815.HK,D,20210202,000000,0.89,0.89,0.71,0.75,22815864,0
1815.HK,D,20210203,000000,0.7,0.73,0.65,0.67,8405399,0
1815.HK,D,20210204,000000,0.67,0.7,0.62,0.66,4969000,0
1815.HK,D,20210205,000000,0.65,0.65,0.62,0.64,1990234,0
1815.HK,D,20210208,000000,0.64,0.66,0.62,0.64,1315100,0
1815.HK,D,20210209,000000,0.64,0.71,0.63,0.66,2816200,0
1815.HK,D,20210210,000000,0.67,0.68,0.64,0.68,1594033,0
1815.HK,D,20210211,000000,0.68,0.71,0.65,0.7,2576000,0
1815.HK,D,20210216,000000,0.71,0.82,0.71,0.77,7044232,0
1815.HK,D,20210217,000000,0.77,0.8,0.73,0.75,3883999,0
1815.HK,D,20210218,000000,0.76,0.79,0.73,0.73,1494000,0
1815.HK,D,20210219,000000,0.73,0.76,0.72,0.76,1410566,0
1815.HK,D,20210222,000000,0.78,0.81,0.78,0.8,3283567,0
1815.HK,D,20210223,000000,0.81,0.82,0.79,0.79,855000,0
1815.HK,D,20210224,000000,0.72,0.77,0.72,0.75,1106166,0
1815.HK,D,20210225,000000,0.77,0.82,0.76,0.79,814199,0
1815.HK,D,20210226,000000,0.77,0.78,0.7,0.73,2377466,0
1815.HK,D,20210301,000000,0.73,0.76,0.73,0.76,239666,0
1815.HK,D,20210302,000000,0.73,0.73,0.71,0.71,588333,0
1815.HK,D,20210303,000000,0.71,0.78,0.71,0.74,202000,0
1815.HK,D,20210304,000000,0.71,0.72,0.7,0.72,944400,0
1815.HK,D,20210305,000000,0.7,0.7,0.68,0.7,241000,0
1815.HK,D,20210308,000000,0.7,0.7,0.65,0.65,518000,0
1815.HK,D,20210309,000000,0.62,0.68,0.6,0.68,1868465,0
1815.HK,D,20210310,000000,0.67,0.67,0.64,0.67,171000,0
1815.HK,D,20210311,000000,0.62,0.69,0.62,0.69,589268,0
1815.HK,D,20210312,000000,0.63,0.65,0.63,0.63,101000,0
1815.HK,D,20210315,000000,0.63,0.66,0.63,0.66,513067,0
1815.HK,D,20210316,000000,0.65,0.69,0.64,0.67,508000,0
1815.HK,D,20210317,000000,0.65,0.65,0.64,0.65,24000,0
1815.HK,D,20210318,000000,0.66,0.67,0.66,0.66,88000,0
1815.HK,D,20210319,000000,0.65,0.66,0.64,0.64,93000,0
1815.HK,D,20210322,000000,0.65,0.68,0.65,0.68,517000,0
1815.HK,D,20210323,000000,0.72,0.72,0.64,0.66,222000,0
1815.HK,D,20210324,000000,0.68,0.68,0.62,0.65,137000,0
1815.HK,D,20210325,000000,0.65,0.67,0.65,0.67,966000,0
1815.HK,D,20210326,000000,0.64,0.68,0.64,0.68,100000,0
1815.HK,D,20210329,000000,0.68,0.68,0.64,0.65,318000,0
1815.HK,D,20210330,000000,0.65,0.65,0.65,0.65,6100,0
1815.HK,D,20210331,000000,0.62,0.66,0.62,0.62,52000,0
1815.HK,D,20210401,000000,0.63,0.64,0.63,0.64,90499,0
1815.HK,D,20210407,000000,0.64,0.67,0.64,0.67,654000,0
1815.HK,D,20210408,000000,0.64,0.65,0.64,0.65,155033,0
1815.HK,D,20210409,000000,0.66,0.66,0.65,0.66,55000,0
1815.HK,D,20210412,000000,0.66,0.67,0.64,0.64,190500,0
1815.HK,D,20210413,000000,0.59,0.65,0.59,0.64,3333,0
1815.HK,D,20210414,000000,0.64,0.64,0.63,0.63,102667,0
1815.HK,D,20210415,000000,0.63,0.65,0.63,0.64,1867033,0
1815.HK,D,20210416,000000,0.64,0.66,0.64,0.66,61000,0
1815.HK,D,20210419,000000,0.64,0.67,0.64,0.66,536000,0
1815.HK,D,20210420,000000,0.67,0.67,0.67,0.67,111000,0
1815.HK,D,20210421,000000,0.65,0.65,0.63,0.64,242000,0
1815.HK,D,20210422,000000,0.66,0.66,0.64,0.66,376400,0
1815.HK,D,20210423,000000,0.66,0.71,0.63,0.67,2259766,0
1815.HK,D,20210426,000000,0.67,0.68,0.66,0.66,619000,0
1815.HK,D,20210427,000000,0.66,0.69,0.66,0.68,1343000,0
1815.HK,D,20210428,000000,0.66,0.69,0.65,0.68,2772833,0
1815.HK,D,20210429,000000,0.66,0.67,0.65,0.66,1179000,0
1815.HK,D,20210430,000000,0.65,0.66,0.65,0.65,1325027,0
1815.HK,D,20210503,000000,0.64,0.64,0.62,0.64,299000,0
1815.HK,D,20210504,000000,0.65,0.68,0.65,0.68,2318133,0
1815.HK,D,20210505,000000,0.68,0.7,0.68,0.7,943066,0
1815.HK,D,20210506,000000,0.67,0.78,0.67,0.74,4854691,0
1815.HK,D,20210507,000000,0.79,0.82,0.73,0.8,5010166,0
1815.HK,D,20210510,000000,0.8,1.07,0.77,0.93,26479497,0
1815.HK,D,20210511,000000,0.93,1.01,0.9,0.95,5879098,0
1815.HK,D,20210512,000000,0.95,1.02,0.95,0.99,3590533,0
1815.HK,D,20210513,000000,1.04,1.05,0.99,1.01,8460566,0
1815.HK,D,20210514,000000,1.01,1.06,0.93,1.03,4292000,0
1815.HK,D,20210517,000000,1.04,1.06,1.01,1.05,4331831,0
1815.HK,D,20210518,000000,1.07,1.15,1.06,1.1,8553303,0
1815.HK,D,20210520,000000,1.1,1.14,1.06,1.09,3035234,0
1815.HK,D,20210521,000000,1.09,1.19,1.08,1.17,4906232,0
1815.HK,D,20210524,000000,1.17,1.17,1.01,1.05,4916000,0
1815.HK,D,20210525,000000,1.02,1.02,0.83,0.87,8692975,0
1815.HK,D,20210526,000000,0.9,0.94,0.85,0.94,4462333,0
1815.HK,D,20210527,000000,0.9,0.93,0.83,0.85,4834900,0
1815.HK,D,20210528,000000,0.83,0.93,0.83,0.88,2269333,0
1815.HK,D,20210531,000000,0.88,0.89,0.83,0.85,2689000,0
1815.HK,D,20210601,000000,0.83,0.83,0.75,0.8,3346000,0
1815.HK,D,20210602,000000,0.8,0.81,0.75,0.77,1473000,0
1815.HK,D,20210603,000000,0.75,0.77,0.73,0.74,2927432,0
1815.HK,D,20210604,000000,0.74,0.74,0.71,0.73,1329000,0
1815.HK,D,20210607,000000,0.69,0.72,0.69,0.71,2985233,0
1815.HK,D,20210608,000000,0.7,0.7,0.58,0.62,7119366,0
1815.HK,D,20210609,000000,0.6,0.66,0.6,0.65,2581233,0
1815.HK,D,20210610,000000,0.65,0.66,0.63,0.65,517537,0
1815.HK,D,20210611,000000,0.66,0.7,0.65,0.67,1316000,0
1815.HK,D,20210615,000000,0.67,0.72,0.66,0.68,963000,0
1815.HK,D,20210616,000000,0.67,0.67,0.65,0.66,1243000,0
1815.HK,D,20210617,000000,0.65,0.66,0.65,0.65,1131000,0
1815.HK,D,20210618,000000,0.65,0.67,0.64,0.66,378000,0
1815.HK,D,20210621,000000,0.67,0.68,0.66,0.68,165000,0
1815.HK,D,20210622,000000,0.68,0.72,0.66,0.71,1833666,0
1815.HK,D,20210623,000000,0.7,0.74,0.7,0.71,1184000,0
1815.HK,D,20210624,000000,0.72,0.73,0.72,0.73,301000,0
1815.HK,D,20210625,000000,0.73,0.74,0.71,0.72,248366,0
1815.HK,D,20210628,000000,0.72,0.73,0.72,0.72,471000,0
1815.HK,D,20210629,000000,0.72,0.72,0.7,0.71,287100,0
1815.HK,D,20210630,000000,0.7,0.71,0.68,0.71,603666,0
1815.HK,D,20210702,000000,0.7,0.71,0.69,0.69,1076000,0
1815.HK,D,20210705,000000,0.71,0.72,0.69,0.69,833033,0
1815.HK,D,20210706,000000,0.71,0.72,0.69,0.71,280000,0
1815.HK,D,20210707,000000,0.7,0.7,0.67,0.7,1047000,0
1815.HK,D,20210708,000000,0.7,0.7,0.68,0.68,145000,0
1815.HK,D,20210709,000000,0.67,0.7,0.67,0.69,371000,0
1815.HK,D,20210712,000000,0.75,0.76,0.71,0.73,566000,0
1815.HK,D,20210713,000000,0.7,0.73,0.7,0.7,54000,0
1815.HK,D,20210714,000000,0.68,0.7,0.67,0.69,728000,0
1815.HK,D,20210715,000000,0.68,0.7,0.67,0.68,378633,0
1815.HK,D,20210716,000000,0.68,0.68,0.63,0.65,867000,0
1815.HK,D,20210719,000000,0.64,0.65,0.64,0.65,30000,0
1815.HK,D,20210720,000000,0.65,0.68,0.63,0.68,290000,0
1815.HK,D,20210721,000000,0.66,0.68,0.65,0.66,394000,0
1815.HK,D,20210722,000000,0.69,0.75,0.66,0.66,987000,0
1815.HK,D,20210723,000000,0.66,0.68,0.65,0.66,568000,0
1815.HK,D,20210726,000000,0.64,0.65,0.64,0.64,593000,0
1815.HK,D,20210727,000000,0.6,0.66,0.6,0.63,967333,0
1815.HK,D,20210728,000000,0.64,0.65,0.62,0.63,324000,0
1815.HK,D,20210729,000000,0.64,0.65,0.63,0.64,127000,0
1815.HK,D,20210730,000000,0.61,0.63,0.61,0.63,497000,0
1815.HK,D,20210802,000000,0.63,0.63,0.62,0.63,1098000,0
1815.HK,D,20210803,000000,0.58,0.64,0.58,0.62,87132,0
1815.HK,D,20210804,000000,0.61,0.63,0.57,0.62,1876000,0
1815.HK,D,20210805,000000,0.6,0.63,0.6,0.6,1310000,0
1815.HK,D,20210806,000000,0.6,0.62,0.6,0.62,44666,0
1815.HK,D,20210809,000000,0.6,0.6,0.6,0.6,140000,0
1815.HK,D,20210810,000000,0.6,0.6,0.59,0.6,83000,0
1815.HK,D,20210811,000000,0.63,0.63,0.57,0.6,582000,0
1815.HK,D,20210812,000000,0.6,0.62,0.59,0.6,873566,0
1815.HK,D,20210813,000000,0.61,0.63,0.6,0.63,364000,0
1815.HK,D,20210816,000000,0.61,0.61,0.6,0.61,170000,0
1815.HK,D,20210817,000000,0.61,0.61,0.58,0.58,526000,0
1815.HK,D,20210818,000000,0.59,0.61,0.59,0.6,344000,0
1815.HK,D,20210819,000000,0.62,0.62,0.58,0.59,340000,0
1815.HK,D,20210820,000000,0.6,0.6,0.56,0.57,327200,0
1815.HK,D,20210823,000000,0.59,0.59,0.56,0.57,487000,0
1815.HK,D,20210824,000000,0.58,0.59,0.57,0.57,351000,0
1815.HK,D,20210825,000000,0.59,0.59,0.56,0.58,170000,0
1815.HK,D,20210826,000000,0.58,0.72,0.57,0.64,2389333,0
1815.HK,D,20210827,000000,0.63,0.65,0.63,0.63,172000,0
1815.HK,D,20210830,000000,0.65,0.66,0.63,0.63,528666,0
1815.HK,D,20210831,000000,0.61,0.62,0.6,0.62,327000,0
1815.HK,D,20210901,000000,0.62,0.7,0.62,0.65,1575667,0
1815.HK,D,20210902,000000,0.65,0.68,0.65,0.66,1491300,0
1815.HK,D,20210903,000000,0.66,0.66,0.66,0.66,44133,0
1815.HK,D,20210906,000000,0.67,0.69,0.66,0.68,211000,0
1815.HK,D,20210907,000000,0.68,0.69,0.65,0.65,1505000,0
1815.HK,D,20210908,000000,0.66,0.66,0.62,0.65,44666,0
1815.HK,D,20210909,000000,0.65,0.65,0.63,0.64,138000,0
1815.HK,D,20210910,000000,0.66,0.66,0.63,0.64,1097166,0
1815.HK,D,20210913,000000,0.66,0.66,0.63,0.66,737000,0
1815.HK,D,20210914,000000,0.63,0.63,0.63,0.63,71000,0
1815.HK,D,20210915,000000,0.63,0.63,0.61,0.62,162000,0
1815.HK,D,20210916,000000,0.61,0.62,0.61,0.61,329000,0
1815.HK,D,20210917,000000,0.61,0.65,0.61,0.61,44033,0
1815.HK,D,20210920,000000,0.64,0.68,0.62,0.62,1064000,0
1815.HK,D,20210921,000000,0.57,0.64,0.57,0.63,24333,0
1815.HK,D,20210923,000000,0.66,0.66,0.61,0.62,36333,0
1815.HK,D,20210924,000000,0.63,0.63,0.61,0.61,118000,0
1815.HK,D,20210927,000000,0.6,0.61,0.6,0.61,81000,0
1815.HK,D,20210928,000000,0.62,0.63,0.59,0.62,235166,0
1815.HK,D,20210929,000000,0.58,0.61,0.58,0.61,635133,0
1815.HK,D,20210930,000000,0.6,0.61,0.59,0.6,167000,0
1815.HK,D,20211004,000000,0.6,0.62,0.6,0.6,32000,0
1815.HK,D,20211005,000000,0.62,0.62,0.6,0.6,12000,0
1815.HK,D,20211006,000000,0.6,0.61,0.6,0.6,31000,0
1815.HK,D,20211007,000000,0.61,0.65,0.61,0.62,179000,0
1815.HK,D,20211008,000000,0.62,0.62,0.6,0.6,16000,0
1815.HK,D,20211011,000000,0.62,0.62,0.6,0.6,293000,0
1815.HK,D,20211012,000000,0.61,0.68,0.58,0.6,1245000,0
1815.HK,D,20211015,000000,0.61,0.62,0.6,0.6,452000,0
1815.HK,D,20211018,000000,0.6,0.6,0.59,0.59,194000,0
1815.HK,D,20211019,000000,0.6,0.61,0.6,0.6,162000,0
1815.HK,D,20211020,000000,0.6,0.61,0.6,0.6,38000,0
1815.HK,D,20211021,000000,0.61,0.62,0.58,0.59,1104000,0
1815.HK,D,20211022,000000,0.59,0.59,0.59,0.59,25000,0
1815.HK,D,20211025,000000,0.58,0.6,0.58,0.6,1204399,0
1815.HK,D,20211026,000000,0.59,0.64,0.58,0.59,2118000,0
1815.HK,D,20211027,000000,0.6,0.63,0.59,0.62,1203000,0
1815.HK,D,20211028,000000,0.61,0.77,0.61,0.76,9907700,0
1815.HK,D,20211029,000000,0.79,0.96,0.79,0.91,13800162,0
1815.HK,D,20211101,000000,0.96,0.96,0.85,0.86,4200533,0
1815.HK,D,20211102,000000,0.86,0.9,0.79,0.8,2269698,0
1815.HK,D,20211103,000000,0.85,0.85,0.78,0.83,671000,0
1815.HK,D,20211104,000000,0.88,0.88,0.8,0.83,571666,0
1815.HK,D,20211105,000000,0.85,0.85,0.81,0.85,586000,0
1815.HK,D,20211108,000000,0.85,1.01,0.85,1.01,5838500,0
1815.HK,D,20211109,000000,0.98,1,0.93,0.97,2017000,0
1815.HK,D,20211110,000000,0.96,1.05,0.93,0.98,4650267,0
1815.HK,D,20211111,000000,0.99,1.01,0.95,1.01,3303000,0
1815.HK,D,20211112,000000,1.02,1.08,1.02,1.04,7195266,0
1815.HK,D,20211115,000000,1.09,1.18,1.06,1.09,8291832,0
1815.HK,D,20211116,000000,1.1,1.15,1.08,1.12,2368333,0
1815.HK,D,20211117,000000,1.11,1.12,1.04,1.12,5800733,0
1815.HK,D,20211118,000000,1.13,1.4,1.13,1.32,20998918,0
1815.HK,D,20211119,000000,1.33,1.65,1.33,1.64,28658961,0
1815.HK,D,20211122,000000,1.7,1.84,1.6,1.7,9995132,0
1815.HK,D,20211123,000000,1.7,1.7,1.6,1.66,4302798,0
1815.HK,D,20211124,000000,1.7,1.77,1.62,1.68,3872000,0
1815.HK,D,20211125,000000,1.68,1.7,1.58,1.64,3753700,0
1815.HK,D,20211126,000000,1.65,1.66,1.35,1.46,7786599,0
1815.HK,D,20211129,000000,1.46,1.48,1.29,1.48,5319300,0
1815.HK,D,20211130,000000,1.48,1.48,1.25,1.32,6649000,0
1815.HK,D,20211201,000000,1.32,1.38,1.28,1.32,2252000,0
1815.HK,D,20211202,000000,1.32,1.32,1.15,1.29,5454100,0
1815.HK,D,20211203,000000,1.29,1.35,1.22,1.25,1701033,0
1815.HK,D,20211206,000000,1.25,1.25,1.02,1.04,5618000,0
1815.HK,D,20211207,000000,1.02,1.15,1.01,1.15,1754000,0
1815.HK,D,20211208,000000,1.18,1.19,1.08,1.1,1750000,0
1815.HK,D,20211209,000000,1.12,1.19,1.09,1.18,2202000,0
1815.HK,D,20211210,000000,1.2,1.4,1.16,1.38,7773000,0
1815.HK,D,20211213,000000,1.39,1.53,1.33,1.43,5910000,0
1815.HK,D,20211214,000000,1.4,1.53,1.33,1.43,1969406,0
1815.HK,D,20211215,000000,1.45,1.53,1.34,1.43,2515000,0
1815.HK,D,20211216,000000,1.42,1.5,1.35,1.42,2253000,0
1815.HK,D,20211217,000000,1.42,1.47,1.33,1.35,1492000,0
1815.HK,D,20211220,000000,1.37,1.58,1.37,1.46,4305000,0
1815.HK,D,20211221,000000,1.51,1.55,1.45,1.55,5169766,0
1815.HK,D,20211222,000000,1.55,1.56,1.47,1.51,3470000,0
1815.HK,D,20211223,000000,1.51,1.53,1.48,1.51,1578000,0
1815.HK,D,20211224,000000,1.51,1.52,1.45,1.48,1098000,0
1815.HK,D,20211228,000000,1.48,1.5,1.41,1.48,1391267,0
1815.HK,D,20211229,000000,1.48,1.8,1.46,1.74,11786847,0
1815.HK,D,20211230,000000,1.75,1.78,1.67,1.78,2592000,0
1815.HK,D,20211231,000000,1.78,1.83,1.74,1.79,1688000,0
1815.HK,D,20220103,000000,1.85,1.99,1.77,1.88,9698000,0
1815.HK,D,20220104,000000,1.98,1.98,1.83,1.88,3163000,0
1815.HK,D,20220105,000000,1.88,1.9,1.63,1.71,2419000,0
1815.HK,D,20220106,000000,1.61,1.65,1.48,1.64,2207599,0
1815.HK,D,20220107,000000,1.64,1.64,1.55,1.57,1211000,0
1815.HK,D,20220110,000000,1.57,1.64,1.56,1.6,548957,0
1815.HK,D,20220111,000000,1.64,1.64,1.55,1.56,768166,0
1815.HK,D,20220112,000000,1.56,1.62,1.53,1.54,836000,0
1815.HK,D,20220113,000000,1.6,1.6,1.44,1.48,525000,0
1815.HK,D,20220114,000000,1.48,1.64,1.48,1.61,507000,0
1815.HK,D,20220117,000000,1.57,1.57,1.43,1.46,1456000,0
1815.HK,D,20220118,000000,1.52,1.59,1.45,1.46,1782000,0
1815.HK,D,20220119,000000,1.45,1.5,1.42,1.47,790000,0
1815.HK,D,20220120,000000,1.45,1.51,1.41,1.44,977833,0
1815.HK,D,20220121,000000,1.44,1.44,1.34,1.4,1234000,0
1815.HK,D,20220124,000000,1.42,1.43,1.36,1.38,175000,0
1815.HK,D,20220125,000000,1.38,1.49,1.28,1.41,713500,0
1815.HK,D,20220126,000000,1.41,1.44,1.33,1.38,178000,0
1815.HK,D,20220127,000000,1.45,1.45,1.35,1.4,131166,0
1815.HK,D,20220128,000000,1.4,1.42,1.34,1.35,374000,0
1815.HK,D,20220131,000000,1.36,1.42,1.36,1.41,94000,0
1815.HK,D,20220204,000000,1.41,1.45,1.41,1.45,270000,0
1815.HK,D,20220207,000000,1.45,1.5,1.4,1.45,498333,0
1815.HK,D,20220208,000000,1.5,1.59,1.4,1.43,3834000,0
1815.HK,D,20220209,000000,1.41,1.44,1.36,1.41,495200,0
1815.HK,D,20220210,000000,1.41,1.44,1.36,1.39,563000,0
1815.HK,D,20220211,000000,1.43,1.43,1.34,1.39,601133,0
1815.HK,D,20220214,000000,1.35,1.41,1.32,1.39,841766,0
1815.HK,D,20220215,000000,1.38,1.4,1.35,1.36,266000,0
1815.HK,D,20220216,000000,1.39,1.43,1.35,1.39,311000,0
1815.HK,D,20220217,000000,1.39,1.39,1.35,1.39,196000,0
1815.HK,D,20220218,000000,1.39,1.39,1.35,1.39,126366,0
1815.HK,D,20220221,000000,1.39,1.39,1.16,1.29,1375666,0
1815.HK,D,20220222,000000,1.3,1.34,1.28,1.32,378000,0
1815.HK,D,20220223,000000,1.33,1.33,1.21,1.29,712733,0
1815.HK,D,20220224,000000,1.29,1.29,1.16,1.18,1276000,0
1815.HK,D,20220225,000000,1.26,1.26,1.17,1.19,961000,0
1815.HK,D,20220228,000000,1.13,1.22,0.97,1,3461000,0
1815.HK,D,20220301,000000,1.03,1.06,0.9,0.95,2887000,0
1815.HK,D,20220302,000000,0.98,1.03,0.92,0.93,2153000,0
1815.HK,D,20220303,000000,0.93,0.99,0.9,0.94,1308000,0
1815.HK,D,20220304,000000,0.91,0.92,0.87,0.91,1324000,0
1815.HK,D,20220307,000000,0.92,0.94,0.87,0.92,898000,0
1815.HK,D,20220308,000000,0.95,0.95,0.85,0.91,797166,0
1815.HK,D,20220309,000000,0.91,0.94,0.83,0.85,487033,0
1815.HK,D,20220310,000000,0.89,0.94,0.81,0.86,683000,0
1815.HK,D,20220311,000000,0.85,0.86,0.81,0.86,564000,0
1815.HK,D,20220314,000000,0.84,0.84,0.76,0.76,327000,0
1815.HK,D,20220315,000000,0.75,0.75,0.67,0.72,330266,0
1815.HK,D,20220316,000000,0.72,0.81,0.7,0.77,1326466,0
1815.HK,D,20220317,000000,0.82,0.85,0.77,0.79,972000,0
1815.HK,D,20220318,000000,0.82,0.82,0.78,0.8,207000,0
1815.HK,D,20220321,000000,0.8,0.87,0.78,0.83,223645,0
1815.HK,D,20220322,000000,0.86,0.86,0.81,0.81,132666,0
1815.HK,D,20220323,000000,0.83,0.87,0.81,0.82,408000,0
1815.HK,D,20220324,000000,0.8,0.87,0.8,0.87,1601000,0
1815.HK,D,20220325,000000,0.87,1.14,0.83,0.96,8214433,0
1815.HK,D,20220328,000000,0.99,1,0.88,0.88,8728833,0
1815.HK,D,20220329,000000,0.9,0.9,0.79,0.83,6762000,0
1815.HK,D,20220330,000000,0.83,0.87,0.82,0.83,7512000,0
1815.HK,D,20220331,000000,0.84,0.89,0.83,0.87,6645300,0
1815.HK,D,20220401,000000,0.87,0.91,0.82,0.86,5995800,0
1815.HK,D,20220404,000000,0.87,0.88,0.82,0.83,999019,0
1815.HK,D,20220406,000000,0.84,0.87,0.78,0.82,5785000,0
1815.HK,D,20220407,000000,0.8,0.81,0.74,0.81,5710000,0
1815.HK,D,20220408,000000,0.83,0.88,0.78,0.78,5134000,0
1815.HK,D,20220411,000000,0.8,0.8,0.71,0.76,5249000,0
1815.HK,D,20220412,000000,0.76,0.78,0.69,0.73,4489000,0
1815.HK,D,20220413,000000,0.73,0.73,0.67,0.7,4444699,0
1815.HK,D,20220414,000000,0.7,0.74,0.7,0.72,4489000,0
1815.HK,D,20220419,000000,0.72,0.72,0.67,0.7,5304000,0
1815.HK,D,20220420,000000,0.7,0.7,0.64,0.66,5409000,0
1815.HK,D,20220421,000000,0.66,0.67,0.61,0.64,4671000,0
1815.HK,D,20220422,000000,0.62,0.65,0.6,0.62,4948000,0
1815.HK,D,20220425,000000,0.62,0.62,0.59,0.6,4547000,0
1815.HK,D,20220426,000000,0.61,0.61,0.54,0.54,13118000,0
1815.HK,D,20220427,000000,0.54,0.55,0.5,0.5,7416000,0
1815.HK,D,20220428,000000,0.51,0.55,0.48,0.52,4553000,0
1815.HK,D,20220429,000000,0.51,0.62,0.51,0.62,6249000,0
1815.HK,D,20220503,000000,0.62,0.62,0.57,0.58,4101000,0
1815.HK,D,20220504,000000,0.57,0.59,0.54,0.54,4243000,0
1815.HK,D,20220505,000000,0.54,0.58,0.54,0.56,5476000,0
1815.HK,D,20220506,000000,0.53,0.56,0.49,0.51,10572000,0
1815.HK,D,20220510,000000,0.5,0.52,0.485,0.5,7063000,0
1815.HK,D,20220511,000000,0.49,0.55,0.485,0.5,12271166,0
1815.HK,D,20220512,000000,0.49,0.5,0.485,0.485,6326000,0
1815.HK,D,20220513,000000,0.495,0.5,0.48,0.48,5383033,0
1815.HK,D,20220516,000000,0.485,0.51,0.48,0.49,6110000,0
1815.HK,D,20220517,000000,0.49,0.53,0.49,0.51,6278100,0
1815.HK,D,20220518,000000,0.51,0.52,0.485,0.495,6223000,0
1815.HK,D,20220519,000000,0.485,0.52,0.485,0.495,10371333,0
1815.HK,D,20220520,000000,0.5,0.51,0.49,0.5,6059000,0
1815.HK,D,20220523,000000,0.51,0.52,0.495,0.5,6838000,0
1815.HK,D,20220524,000000,0.5,0.52,0.49,0.495,6035000,0
1815.HK,D,20220525,000000,0.495,0.5,0.48,0.48,4535000,0
1815.HK,D,20220526,000000,0.48,0.5,0.47,0.48,4635000,0
1815.HK,D,20220527,000000,0.48,0.49,0.475,0.48,4241000,0
1815.HK,D,20220530,000000,0.48,0.485,0.46,0.47,6434000,0
1815.HK,D,20220531,000000,0.465,0.49,0.465,0.485,4240166,0
1815.HK,D,20220601,000000,0.48,0.495,0.47,0.47,3551000,0
1815.HK,D,20220602,000000,0.475,0.475,0.44,0.445,7468033,0
1815.HK,D,20220606,000000,0.44,0.44,0.42,0.425,4986000,0
1815.HK,D,20220607,000000,0.43,0.44,0.395,0.41,10093000,0
1815.HK,D,20220608,000000,0.41,0.425,0.395,0.41,6206000,0
1815.HK,D,20220609,000000,0.405,0.42,0.375,0.38,7547000,0
1815.HK,D,20220610,000000,0.375,0.395,0.37,0.37,7138000,0
1815.HK,D,20220613,000000,0.37,0.385,0.345,0.345,6457000,0
1815.HK,D,20220614,000000,0.345,0.345,0.33,0.345,4938000,0
1815.HK,D,20220615,000000,0.345,0.345,0.33,0.335,5324166,0
1815.HK,D,20220616,000000,0.335,0.335,0.315,0.315,3324300,0
1815.HK,D,20220617,000000,0.32,0.44,0.32,0.35,22050000,0
1815.HK,D,20220620,000000,0.36,0.37,0.335,0.355,7772000,0
1815.HK,D,20220621,000000,0.345,0.365,0.33,0.335,12301167,0
1815.HK,D,20220622,000000,0.33,0.42,0.32,0.355,16442000,0
1815.HK,D,20220623,000000,0.36,0.36,0.34,0.355,1559300,0
1815.HK,D,20220624,000000,0.345,0.36,0.34,0.34,1541000,0
1815.HK,D,20220627,000000,0.34,0.36,0.34,0.36,2085000,0
1815.HK,D,20220628,000000,0.36,0.36,0.345,0.355,908000,0
1815.HK,D,20220629,000000,0.36,0.36,0.35,0.355,791000,0
1815.HK,D,20220630,000000,0.35,0.355,0.335,0.345,2082000,0
1815.HK,D,20220704,000000,0.34,0.35,0.325,0.34,5944000,0
1815.HK,D,20220705,000000,0.345,0.36,0.345,0.355,2978433,0
1815.HK,D,20220706,000000,0.355,0.355,0.34,0.345,3788564,0
1815.HK,D,20220707,000000,0.34,0.355,0.34,0.35,3228000,0
1815.HK,D,20220708,000000,0.35,0.355,0.34,0.35,3331033,0
1815.HK,D,20220711,000000,0.35,0.355,0.345,0.355,3276000,0
1815.HK,D,20220712,000000,0.36,0.365,0.345,0.35,2456000,0
1815.HK,D,20220713,000000,0.35,0.355,0.345,0.35,2386333,0
1815.HK,D,20220714,000000,0.35,0.355,0.335,0.345,2364500,0
1815.HK,D,20220715,000000,0.325,0.34,0.325,0.325,1231000,0
1815.HK,D,20220718,000000,0.325,0.33,0.325,0.33,566000,0
1815.HK,D,20220719,000000,0.325,0.335,0.325,0.335,134000,0
1815.HK,D,20220720,000000,0.335,0.34,0.33,0.335,363000,0
1815.HK,D,20220721,000000,0.335,0.345,0.335,0.34,662000,0
1815.HK,D,20220722,000000,0.345,0.37,0.34,0.35,4193000,0
1815.HK,D,20220725,000000,0.35,0.355,0.34,0.355,1405000,0
1815.HK,D,20220726,000000,0.355,0.355,0.345,0.345,548000,0
1815.HK,D,20220727,000000,0.345,0.345,0.33,0.34,1488533,0
1815.HK,D,20220728,000000,0.345,0.35,0.34,0.35,1440000,0
1815.HK,D,20220729,000000,0.355,0.355,0.345,0.355,1643434,0
1815.HK,D,20220801,000000,0.35,0.35,0.33,0.33,1613000,0
1815.HK,D,20220802,000000,0.33,0.345,0.33,0.335,1368000,0
1815.HK,D,20220803,000000,0.335,0.34,0.335,0.335,65000,0
1815.HK,D,20220804,000000,0.34,0.345,0.34,0.345,617000,0
1815.HK,D,20220805,000000,0.345,0.345,0.335,0.34,1328000,0
1815.HK,D,20220808,000000,0.34,0.34,0.335,0.34,121000,0
1815.HK,D,20220809,000000,0.345,0.345,0.335,0.34,167000,0
1815.HK,D,20220810,000000,0.335,0.335,0.33,0.33,391000,0
1815.HK,D,20220811,000000,0.335,0.335,0.335,0.335,554000,0
1815.HK,D,20220812,000000,0.335,0.345,0.335,0.34,383000,0
1815.HK,D,20220815,000000,0.345,0.345,0.335,0.335,149166,0
1815.HK,D,20220816,000000,0.33,0.34,0.33,0.34,181000,0
1815.HK,D,20220817,000000,0.33,0.34,0.33,0.335,706467,0
1815.HK,D,20220818,000000,0.335,0.335,0.32,0.325,1913000,0
1815.HK,D,20220819,000000,0.325,0.325,0.3,0.31,2758000,0
1815.HK,D,20220822,000000,0.3,0.315,0.29,0.305,1388000,0
1815.HK,D,20220823,000000,0.305,0.305,0.3,0.305,83000,0
1815.HK,D,20220824,000000,0.305,0.305,0.295,0.305,122000,0
1815.HK,D,20220825,000000,0.295,0.305,0.295,0.305,602000,0
1815.HK,D,20220826,000000,0.275,0.305,0.275,0.305,71033,0
1815.HK,D,20220829,000000,0.29,0.305,0.29,0.3,146000,0
1815.HK,D,20220830,000000,0.315,0.315,0.3,0.31,354000,0
1815.HK,D,20220831,000000,0.305,0.315,0.3,0.315,517000,0
1815.HK,D,20220901,000000,0.315,0.32,0.305,0.32,603000,0
1815.HK,D,20220902,000000,0.32,0.34,0.32,0.325,996000,0
1815.HK,D,20220905,000000,0.31,0.33,0.31,0.315,290000,0
1815.HK,D,20220906,000000,0.325,0.325,0.315,0.315,1000,0
1815.HK,D,20220907,000000,0.325,0.325,0.305,0.31,219333,0
1815.HK,D,20220908,000000,0.315,0.315,0.3,0.305,334000,0
1815.HK,D,20220909,000000,0.305,0.31,0.305,0.31,130666,0
1815.HK,D,20220913,000000,0.29,0.315,0.29,0.315,483200,0
1815.HK,D,20220914,000000,0.31,0.315,0.31,0.31,1287000,0
1815.HK,D,20220915,000000,0.31,0.32,0.31,0.32,3524333,0
1815.HK,D,20220916,000000,0.31,0.315,0.31,0.31,395500,0
1815.HK,D,20220919,000000,0.305,0.31,0.305,0.305,184000,0
1815.HK,D,20220920,000000,0.3,0.305,0.295,0.305,753000,0
1815.HK,D,20220921,000000,0.305,0.31,0.3,0.305,513000,0
1815.HK,D,20220922,000000,0.305,0.31,0.305,0.31,904000,0
1815.HK,D,20220923,000000,0.305,0.305,0.305,0.305,701000,0
1815.HK,D,20220926,000000,0.305,0.31,0.29,0.29,1265167,0
1815.HK,D,20220927,000000,0.285,0.29,0.285,0.29,136100,0
1815.HK,D,20220928,000000,0.28,0.28,0.28,0.28,99833,0
1815.HK,D,20220929,000000,0.285,0.285,0.27,0.27,395000,0
1815.HK,D,20220930,000000,0.26,0.275,0.255,0.26,655000,0
1815.HK,D,20221003,000000,0.26,0.26,0.24,0.242,893000,0
1815.HK,D,20221005,000000,0.249,0.265,0.249,0.255,896000,0
1815.HK,D,20221006,000000,0.255,0.28,0.255,0.255,88000,0
1815.HK,D,20221007,000000,0.255,0.255,0.25,0.255,735000,0
1815.HK,D,20221010,000000,0.25,0.28,0.248,0.26,867000,0
1815.HK,D,20221011,000000,0.27,0.27,0.255,0.265,574000,0
1815.HK,D,20221012,000000,0.27,0.27,0.26,0.265,318000,0
1815.HK,D,20221013,000000,0.265,0.265,0.26,0.26,305000,0
1815.HK,D,20221014,000000,0.34,0.4,0.275,0.34,730000,0
1815.HK,D,20221017,000000,0.34,0.385,0.315,0.35,2108000,0
1815.HK,D,20221018,000000,0.335,0.35,0.32,0.325,369000,0
1815.HK,D,20221019,000000,0.325,0.34,0.315,0.315,381000,0
1815.HK,D,20221020,000000,0.305,0.325,0.29,0.315,854000,0
1815.HK,D,20221021,000000,0.32,0.32,0.3,0.31,192000,0
1815.HK,D,20221024,000000,0.31,0.38,0.275,0.31,2289000,0
1815.HK,D,20221025,000000,0.31,0.34,0.29,0.31,890000,0
1815.HK,D,20221026,000000,0.355,0.355,0.31,0.315,399000,0
1815.HK,D,20221027,000000,0.315,0.325,0.3,0.315,429000,0
1815.HK,D,20221028,000000,0.32,0.32,0.295,0.305,387000,0
1815.HK,D,20221031,000000,0.305,0.315,0.305,0.315,120033,0
1815.HK,D,20221101,000000,0.33,0.33,0.31,0.31,205000,0
1815.HK,D,20221102,000000,0.32,0.33,0.32,0.32,59000,0
1815.HK,D,20221103,000000,0.315,0.32,0.315,0.315,55000,0
1815.HK,D,20221104,000000,0.33,0.33,0.3,0.305,934233,0
1815.HK,D,20221107,000000,0.31,0.325,0.31,0.31,159000,0
1815.HK,D,20221108,000000,0.325,0.325,0.31,0.31,167000,0
1815.HK,D,20221109,000000,0.32,0.32,0.31,0.31,392000,0
1815.HK,D,20221110,000000,0.32,0.32,0.3,0.305,312000,0
1815.HK,D,20221111,000000,0.32,0.33,0.32,0.32,353199,0
1815.HK,D,20221114,000000,0.32,0.33,0.315,0.32,370000,0
1815.HK,D,20221115,000000,0.325,0.335,0.31,0.33,477000,0
1815.HK,D,20221116,000000,0.34,0.37,0.33,0.345,855333,0
1815.HK,D,20221117,000000,0.335,0.355,0.32,0.35,411000,0
1815.HK,D,20221118,000000,0.35,0.35,0.34,0.35,221000,0
1815.HK,D,20221121,000000,0.33,0.35,0.33,0.33,71000,0
1815.HK,D,20221122,000000,0.33,0.345,0.33,0.33,128033,0
1815.HK,D,20221123,000000,0.33,0.355,0.33,0.34,71000,0
1815.HK,D,20221124,000000,0.35,0.36,0.335,0.35,86000,0
1815.HK,D,20221125,000000,0.365,0.365,0.335,0.335,203000,0
1815.HK,D,20221128,000000,0.35,0.35,0.33,0.33,333000,0
1815.HK,D,20221129,000000,0.33,0.345,0.33,0.345,639000,0
1815.HK,D,20221130,000000,0.365,0.365,0.33,0.345,296000,0
1815.HK,D,20221201,000000,0.345,0.35,0.34,0.345,1218000,0
1815.HK,D,20221202,000000,0.34,0.36,0.335,0.355,3338000,0
1815.HK,D,20221205,000000,0.36,0.47,0.36,0.425,11367000,0
1815.HK,D,20221206,000000,0.445,0.53,0.425,0.5,12714000,0
1815.HK,D,20221207,000000,0.51,0.55,0.49,0.495,4808000,0
1815.HK,D,20221208,000000,0.51,0.56,0.495,0.56,5049000,0
1815.HK,D,20221209,000000,0.59,0.69,0.57,0.69,8287932,0
1815.HK,D,20221212,000000,0.75,0.81,0.65,0.73,7880400,0
1815.HK,D,20221213,000000,0.77,0.78,0.59,0.61,6449233,0
1815.HK,D,20221214,000000,0.6,0.75,0.6,0.68,3200140,0
1815.HK,D,20221215,000000,0.7,0.72,0.55,0.59,4914000,0
1815.HK,D,20221216,000000,0.59,0.62,0.54,0.57,2979333,0
1815.HK,D,20221219,000000,0.58,0.64,0.58,0.62,3104000,0
1815.HK,D,20221220,000000,0.65,0.68,0.6,0.6,1043324,0
1815.HK,D,20221221,000000,0.64,0.64,0.6,0.62,2059333,0
1815.HK,D,20221222,000000,0.64,0.68,0.6,0.62,819000,0
1815.HK,D,20221223,000000,0.62,0.69,0.61,0.64,1488000,0
1815.HK,D,20221228,000000,0.6,0.65,0.6,0.62,695333,0
1815.HK,D,20221229,000000,0.64,0.64,0.57,0.61,432000,0
1815.HK,D,20221230,000000,0.64,0.64,0.58,0.61,191166,0
1815.HK,D,20230103,000000,0.62,0.62,0.6,0.62,467000,0
1815.HK,D,20230104,000000,0.61,0.61,0.58,0.6,422033,0
1815.HK,D,20230105,000000,0.59,0.61,0.46,0.48,7489333,0
1815.HK,D,20230106,000000,0.48,0.52,0.48,0.495,1486000,0
1815.HK,D,20230109,000000,0.47,0.53,0.47,0.51,731500,0
1815.HK,D,20230110,000000,0.51,0.51,0.475,0.48,1194000,0
1815.HK,D,20230111,000000,0.49,0.495,0.47,0.485,467000,0
1815.HK,D,20230112,000000,0.495,0.53,0.4,0.44,5197000,0
1815.HK,D,20230113,000000,0.45,0.45,0.4,0.41,3235000,0
1815.HK,D,20230116,000000,0.41,0.445,0.4,0.44,1302000,0
1815.HK,D,20230117,000000,0.44,0.44,0.42,0.425,264000,0
1815.HK,D,20230118,000000,0.425,0.44,0.425,0.425,239000,0
1815.HK,D,20230119,000000,0.42,0.43,0.42,0.43,21000,0
1815.HK,D,20230120,000000,0.445,0.455,0.425,0.45,1175000,0
1815.HK,D,20230126,000000,0.44,0.475,0.44,0.47,1296000,0
1815.HK,D,20230127,000000,0.45,0.47,0.445,0.46,986000,0
1815.HK,D,20230130,000000,0.46,0.47,0.455,0.47,302000,0
1815.HK,D,20230131,000000,0.465,0.465,0.45,0.455,67466,0
1815.HK,D,20230201,000000,0.455,0.465,0.44,0.455,342000,0
1815.HK,D,20230202,000000,0.445,0.47,0.445,0.465,1016967,0
1815.HK,D,20230203,000000,0.45,0.455,0.45,0.45,351166,0
1815.HK,D,20230206,000000,0.44,0.45,0.43,0.435,253000,0
1815.HK,D,20230207,000000,0.45,0.45,0.425,0.435,107000,0
1815.HK,D,20230208,000000,0.43,0.445,0.42,0.445,290000,0
1815.HK,D,20230209,000000,0.435,0.445,0.43,0.435,71000,0
1815.HK,D,20230210,000000,0.42,0.435,0.405,0.415,412000,0
1815.HK,D,20230213,000000,0.415,0.415,0.405,0.415,52500,0
1815.HK,D,20230214,000000,0.43,0.435,0.41,0.41,348000,0
1815.HK,D,20230215,000000,0.41,0.41,0.38,0.405,1656067,0
1815.HK,D,20230216,000000,0.4,0.41,0.395,0.41,1509266,0
1815.HK,D,20230217,000000,0.4,0.42,0.4,0.405,99000,0
1815.HK,D,20230220,000000,0.405,0.415,0.405,0.415,289000,0
1815.HK,D,20230221,000000,0.41,0.41,0.38,0.4,3127000,0
1815.HK,D,20230222,000000,0.4,0.4,0.4,0.4,2000,0
1815.HK,D,20230223,000000,0.395,0.4,0.395,0.395,140067,0
1815.HK,D,20230224,000000,0.39,0.4,0.39,0.39,216000,0
1815.HK,D,20230227,000000,0.39,0.39,0.37,0.38,186533,0
1815.HK,D,20230228,000000,0.38,0.4,0.38,0.395,143348,0
1815.HK,D,20230301,000000,0.36,0.4,0.36,0.4,530099,0
1815.HK,D,20230302,000000,0.4,0.4,0.4,0.4,298000,0
1815.HK,D,20230303,000000,0.38,0.41,0.38,0.405,36000,0
1815.HK,D,20230306,000000,0.405,0.405,0.39,0.4,281000,0
1815.HK,D,20230307,000000,0.395,0.4,0.395,0.4,461000,0
1815.HK,D,20230308,000000,0.395,0.4,0.39,0.4,293000,0
1815.HK,D,20230309,000000,0.39,0.395,0.39,0.39,141000,0
1815.HK,D,20230310,000000,0.38,0.395,0.38,0.395,416000,0
1815.HK,D,20230313,000000,0.395,0.415,0.385,0.39,715000,0
1815.HK,D,20230314,000000,0.39,0.39,0.35,0.36,2945000,0
1815.HK,D,20230315,000000,0.37,0.38,0.365,0.365,115677,0
1815.HK,D,20230316,000000,0.365,0.38,0.365,0.38,136000,0
1815.HK,D,20230317,000000,0.36,0.38,0.35,0.36,1561000,0
1815.HK,D,20230320,000000,0.375,0.395,0.375,0.39,732433,0
1815.HK,D,20230321,000000,0.39,0.39,0.375,0.375,59000,0
1815.HK,D,20230322,000000,0.38,0.385,0.38,0.38,310000,0
1815.HK,D,20230323,000000,0.38,0.39,0.38,0.38,382000,0
1815.HK,D,20230324,000000,0.39,0.395,0.39,0.39,380833,0
1815.HK,D,20230327,000000,0.385,0.39,0.385,0.385,100799,0
1815.HK,D,20230328,000000,0.39,0.39,0.375,0.375,22000,0
1815.HK,D,20230329,000000,0.38,0.38,0.365,0.375,217000,0
1815.HK,D,20230330,000000,0.37,0.37,0.37,0.37,54000,0
1815.HK,D,20230331,000000,0.38,0.38,0.375,0.375,280000,0
1815.HK,D,20230403,000000,0.37,0.37,0.365,0.365,262000,0
1815.HK,D,20230404,000000,0.37,0.38,0.355,0.36,112000,0
1815.HK,D,20230406,000000,0.375,0.45,0.375,0.45,3078000,0
1815.HK,D,20230411,000000,0.45,0.45,0.425,0.445,1143000,0
1815.HK,D,20230412,000000,0.45,0.45,0.42,0.425,1982000,0
1815.HK,D,20230413,000000,0.44,0.44,0.415,0.425,2176000,0
1815.HK,D,20230414,000000,0.43,0.47,0.425,0.47,5003000,0
1815.HK,D,20230417,000000,0.45,0.51,0.445,0.51,13470000,0
1815.HK,D,20230418,000000,0.51,0.59,0.51,0.56,11064100,0
1815.HK,D,20230419,000000,0.55,0.57,0.51,0.55,6613300,0
1815.HK,D,20230420,000000,0.55,0.56,0.51,0.51,3379000,0
1815.HK,D,20230421,000000,0.51,0.53,0.49,0.5,3906000,0
1815.HK,D,20230424,000000,0.49,0.52,0.47,0.5,4428333,0
1815.HK,D,20230425,000000,0.51,0.53,0.47,0.48,2934000,0
1815.HK,D,20230426,000000,0.48,0.5,0.48,0.49,3527000,0
1815.HK,D,20230427,000000,0.495,0.53,0.49,0.51,2468000,0
1815.HK,D,20230428,000000,0.51,0.58,0.51,0.55,7432000,0
1815.HK,D,20230502,000000,0.57,0.6,0.54,0.55,4770000,0
1815.HK,D,20230503,000000,0.55,0.58,0.53,0.55,3498466,0
1815.HK,D,20230504,000000,0.55,0.61,0.55,0.59,11897000,0
1815.HK,D,20230505,000000,0.59,0.64,0.58,0.61,6104367,0
1815.HK,D,20230508,000000,0.61,0.63,0.58,0.59,2880000,0
1815.HK,D,20230509,000000,0.58,0.59,0.53,0.55,3833566,0
1815.HK,D,20230510,000000,0.54,0.57,0.53,0.56,2378000,0
1815.HK,D,20230511,000000,0.56,0.56,0.53,0.55,2509466,0
1815.HK,D,20230512,000000,0.54,0.55,0.485,0.5,4222000,0
1815.HK,D,20230515,000000,0.48,0.51,0.48,0.495,2264000,0
1815.HK,D,20230516,000000,0.5,0.5,0.47,0.48,1861000,0
1815.HK,D,20230517,000000,0.47,0.495,0.46,0.465,1993000,0
1815.HK,D,20230518,000000,0.46,0.47,0.435,0.435,2499000,0
1815.HK,D,20230519,000000,0.435,0.435,0.42,0.43,1954000,0
1815.HK,D,20230522,000000,0.43,0.44,0.41,0.425,1580000,0
1815.HK,D,20230523,000000,0.425,0.425,0.36,0.4,7337000,0
1815.HK,D,20230524,000000,0.395,0.42,0.395,0.415,4201000,0
1815.HK,D,20230525,000000,0.4,0.42,0.39,0.41,2982000,0
1815.HK,D,20230529,000000,0.41,0.42,0.4,0.41,3429000,0
1815.HK,D,20230530,000000,0.41,0.415,0.4,0.405,2546333,0
1815.HK,D,20230531,000000,0.4,0.42,0.365,0.395,4857000,0
1815.HK,D,20230601,000000,0.39,0.4,0.39,0.395,2849000,0
1815.HK,D,20230602,000000,0.395,0.43,0.395,0.41,5150166,0
1815.HK,D,20230605,000000,0.4,0.415,0.395,0.4,2973000,0
1815.HK,D,20230606,000000,0.4,0.405,0.38,0.39,2830000,0
1815.HK,D,20230607,000000,0.385,0.4,0.37,0.38,3340000,0
1815.HK,D,20230608,000000,0.38,0.38,0.365,0.375,227000,0
1815.HK,D,20230609,000000,0.37,0.38,0.37,0.38,418000,0
1815.HK,D,20230612,000000,0.385,0.395,0.375,0.375,105333,0
1815.HK,D,20230613,000000,0.37,0.375,0.37,0.375,378000,0
1815.HK,D,20230614,000000,0.36,0.37,0.36,0.365,584000,0
1815.HK,D,20230615,000000,0.365,0.365,0.365,0.365,205000,0
1815.HK,D,20230616,000000,0.355,0.38,0.355,0.38,447000,0
1815.HK,D,20230619,000000,0.365,0.37,0.36,0.365,150166,0
1815.HK,D,20230620,000000,0.36,0.37,0.36,0.37,69000,0
1815.HK,D,20230621,000000,0.36,0.37,0.36,0.365,356200,0
1815.HK,D,20230623,000000,0.36,0.365,0.35,0.355,1624000,0
1815.HK,D,20230626,000000,0.36,0.36,0.345,0.35,128000,0
1815.HK,D,20230627,000000,0.355,0.355,0.355,0.355,42000,0
1815.HK,D,20230628,000000,0.36,0.405,0.36,0.385,1148000,0
1815.HK,D,20230629,000000,0.385,0.395,0.375,0.375,64000,0
1815.HK,D,20230630,000000,0.345,0.37,0.345,0.365,590566,0
1815.HK,D,20230703,000000,0.365,0.365,0.365,0.365,20000,0
1815.HK,D,20230704,000000,0.36,0.365,0.36,0.365,86000,0
1815.HK,D,20230705,000000,0.355,0.375,0.355,0.37,180000,0
1815.HK,D,20230706,000000,0.38,0.38,0.355,0.355,383001,0
1815.HK,D,20230707,000000,0.365,0.365,0.36,0.365,73000,0
1815.HK,D,20230710,000000,0.39,0.39,0.35,0.39,6241000,0
1815.HK,D,20230711,000000,0.39,0.39,0.375,0.385,33000,0
1815.HK,D,20230712,000000,0.37,0.37,0.37,0.37,10333,0
1815.HK,D,20230713,000000,0.355,0.38,0.355,0.38,315799,0
1815.HK,D,20230714,000000,0.395,0.395,0.38,0.385,103000,0
1815.HK,D,20230718,000000,0.385,0.385,0.375,0.38,475000,0
1815.HK,D,20230719,000000,0.39,0.395,0.365,0.365,347000,0
1815.HK,D,20230720,000000,0.37,0.38,0.37,0.37,144000,0
1815.HK,D,20230721,000000,0.37,0.375,0.37,0.37,490000,0
1815.HK,D,20230724,000000,0.365,0.365,0.365,0.365,20000,0
1815.HK,D,20230725,000000,0.365,0.37,0.365,0.37,1843000,0
1815.HK,D,20230726,000000,0.37,0.37,0.365,0.37,2969000,0
1815.HK,D,20230727,000000,0.365,0.37,0.365,0.37,2137000,0
1815.HK,D,20230728,000000,0.37,0.37,0.36,0.37,309000,0
1815.HK,D,20230731,000000,0.34,0.36,0.34,0.355,756499,0
1815.HK,D,20230801,000000,0.365,0.365,0.35,0.35,744000,0
1815.HK,D,20230802,000000,0.35,0.355,0.345,0.355,357000,0
1815.HK,D,20230803,000000,0.345,0.35,0.345,0.35,51499,0
1815.HK,D,20230804,000000,0.35,0.355,0.35,0.355,5000,0
1815.HK,D,20230807,000000,0.36,0.36,0.335,0.35,287000,0
1815.HK,D,20230808,000000,0.35,0.35,0.335,0.35,25000,0
1815.HK,D,20230809,000000,0.35,0.35,0.35,0.35,0,0
1815.HK,D,20230810,000000,0.32,0.35,0.32,0.345,65166,0
1815.HK,D,20230811,000000,0.34,0.345,0.34,0.345,116033,0
1815.HK,D,20230814,000000,0.33,0.33,0.32,0.33,216000,0
1815.HK,D,20230815,000000,0.33,0.335,0.31,0.335,155000,0
1815.HK,D,20230816,000000,0.32,0.325,0.315,0.315,358333,0
1815.HK,D,20230817,000000,0.315,0.315,0.305,0.315,193000,0
1815.HK,D,20230818,000000,0.325,0.325,0.3,0.305,246000,0
1815.HK,D,20230821,000000,0.3,0.3,0.295,0.3,58000,0
1815.HK,D,20230822,000000,0.3,0.305,0.275,0.3,243333,0
1815.HK,D,20230823,000000,0.295,0.305,0.295,0.295,14166,0
1815.HK,D,20230824,000000,0.305,0.315,0.305,0.31,147000,0
1815.HK,D,20230825,000000,0.31,0.31,0.31,0.31,0,0
1815.HK,D,20230828,000000,0.3,0.3,0.3,0.3,400,0
1815.HK,D,20230829,000000,0.31,0.31,0.3,0.31,31000,0
1815.HK,D,20230830,000000,0.295,0.31,0.295,0.3,42000,0
1815.HK,D,20230831,000000,0.29,0.3,0.29,0.29,45333,0
1815.HK,D,20230904,000000,0.27,0.295,0.27,0.295,71833,0
1815.HK,D,20230905,000000,0.295,0.295,0.295,0.295,30000,0
1815.HK,D,20230906,000000,0.3,0.32,0.3,0.305,472233,0
1815.HK,D,20230907,000000,0.29,0.305,0.29,0.295,306100,0
1815.HK,D,20230911,000000,0.295,0.315,0.295,0.305,186000,0
1815.HK,D,20230912,000000,0.3,0.3,0.3,0.3,0,0
1815.HK,D,20230913,000000,0.3,0.3,0.3,0.3,35366,0
1815.HK,D,20230914,000000,0.295,0.3,0.295,0.295,84000,0
1815.HK,D,20230915,000000,0.265,0.295,0.265,0.295,192166,0
1815.HK,D,20230918,000000,0.3,0.3,0.285,0.3,228501,0
1815.HK,D,20230919,000000,0.3,0.3,0.3,0.3,0,0
1815.HK,D,20230920,000000,0.27,0.305,0.27,0.305,260166,0
1815.HK,D,20230921,000000,0.29,0.295,0.29,0.29,22000,0
1815.HK,D,20230922,000000,0.295,0.295,0.27,0.29,95500,0
1815.HK,D,20230925,000000,0.27,0.28,0.26,0.27,927100,0
1815.HK,D,20230926,000000,0.26,0.26,0.255,0.26,693333,0
1815.HK,D,20230927,000000,0.25,0.27,0.25,0.27,208000,0
1815.HK,D,20230928,000000,0.27,0.27,0.255,0.27,113000,0
1815.HK,D,20230929,000000,0.265,0.27,0.26,0.265,162000,0
1815.HK,D,20231003,000000,0.25,0.26,0.25,0.26,231000,0
1815.HK,D,20231004,000000,0.25,0.26,0.25,0.26,19000,0
1815.HK,D,20231005,000000,0.26,0.26,0.26,0.26,0,0
1815.HK,D,20231006,000000,0.25,0.26,0.25,0.26,30382,0
1815.HK,D,20231009,000000,0.26,0.27,0.25,0.27,118000,0
1815.HK,D,20231010,000000,0.275,0.275,0.26,0.265,443000,0
1815.HK,D,20231011,000000,0.265,0.265,0.265,0.265,10000,0
1815.HK,D,20231012,000000,0.245,0.27,0.24,0.265,574849,0
1815.HK,D,20231013,000000,0.265,0.265,0.265,0.265,0,0
1815.HK,D,20231016,000000,0.265,0.265,0.25,0.26,134000,0
1815.HK,D,20231017,000000,0.26,0.275,0.26,0.27,41000,0
1815.HK,D,20231018,000000,0.255,0.265,0.255,0.265,6100,0
1815.HK,D,20231019,000000,0.265,0.27,0.265,0.265,51000,0
1815.HK,D,20231020,000000,0.255,0.26,0.255,0.26,9266,0
1815.HK,D,20231024,000000,0.255,0.255,0.25,0.25,202552,0
1815.HK,D,20231025,000000,0.255,0.255,0.255,0.255,8000,0
1815.HK,D,20231026,000000,0.25,0.255,0.234,0.25,178000,0
1815.HK,D,20231027,000000,0.25,0.255,0.236,0.25,55600,0
1815.HK,D,20231030,000000,0.25,0.25,0.25,0.25,0,0
1815.HK,D,20231031,000000,0.242,0.244,0.23,0.237,77000,0
1815.HK,D,20231101,000000,0.237,0.241,0.23,0.241,39000,0
1815.HK,D,20231102,000000,0.243,0.243,0.239,0.239,11000,0
1815.HK,D,20231103,000000,0.236,0.244,0.235,0.244,106000,0
1815.HK,D,20231106,000000,0.244,0.31,0.244,0.285,1967000,0
1815.HK,D,20231107,000000,0.25,0.3,0.25,0.295,1266500,0
1815.HK,D,20231108,000000,0.28,0.285,0.28,0.285,15000,0
1815.HK,D,20231109,000000,0.27,0.285,0.27,0.285,34166,0
1815.HK,D,20231110,000000,0.285,0.285,0.285,0.285,0,0
1815.HK,D,20231113,000000,0.27,0.275,0.27,0.27,4000,0
1815.HK,D,20231114,000000,0.27,0.27,0.27,0.27,0,0
1815.HK,D,20231115,000000,0.27,0.275,0.27,0.27,264000,0
1815.HK,D,20231116,000000,0.28,0.28,0.26,0.28,112333,0
1815.HK,D,20231117,000000,0.285,0.285,0.265,0.285,31000,0
1815.HK,D,20231120,000000,0.25,0.27,0.25,0.27,33333,0
1815.HK,D,20231121,000000,0.28,0.28,0.27,0.27,61000,0
1815.HK,D,20231122,000000,0.27,0.27,0.27,0.27,0,0
1815.HK,D,20231123,000000,0.26,0.28,0.26,0.275,63000,0
1815.HK,D,20231124,000000,0.25,0.255,0.25,0.25,306000,0
1815.HK,D,20231127,000000,0.25,0.265,0.25,0.265,92000,0
1815.HK,D,20231128,000000,0.27,0.3,0.27,0.275,523166,0
1815.HK,D,20231129,000000,0.275,0.31,0.275,0.29,1103000,0
1815.HK,D,20231130,000000,0.295,0.3,0.29,0.3,676000,0
1815.HK,D,20231201,000000,0.265,0.31,0.265,0.3,641333,0
1815.HK,D,20231204,000000,0.3,0.305,0.295,0.305,701000,0
1815.HK,D,20231205,000000,0.3,0.305,0.28,0.3,1260000,0
1815.HK,D,20231206,000000,0.3,0.305,0.285,0.3,1702000,0
1815.HK,D,20231207,000000,0.3,0.3,0.28,0.29,988000,0
1815.HK,D,20231208,000000,0.3,0.3,0.275,0.275,95100,0
1815.HK,D,20231211,000000,0.275,0.275,0.25,0.255,565000,0
1815.HK,D,20231212,000000,0.25,0.255,0.25,0.25,570033,0
1815.HK,D,20231213,000000,0.248,0.25,0.24,0.248,229533,0
1815.HK,D,20231214,000000,0.248,0.249,0.248,0.249,100000,0
1815.HK,D,20231215,000000,0.241,0.26,0.241,0.26,72000,0
1815.HK,D,20231218,000000,0.25,0.25,0.25,0.25,16133,0
1815.HK,D,20231219,000000,0.26,0.265,0.26,0.26,369000,0
1815.HK,D,20231220,000000,0.25,0.26,0.25,0.25,10000,0
1815.HK,D,20231221,000000,0.25,0.25,0.25,0.25,3000,0
1815.HK,D,20231222,000000,0.25,0.25,0.25,0.25,4,0
1815.HK,D,20231227,000000,0.25,0.25,0.25,0.25,35000,0
1815.HK,D,20231228,000000,0.265,0.27,0.265,0.265,43000,0
1815.HK,D,20231229,000000,0.265,0.265,0.265,0.265,68000,0
1815.HK,D,20240102,000000,0.245,0.255,0.245,0.255,34533,0
1815.HK,D,20240103,000000,0.255,0.255,0.255,0.255,0,0
1815.HK,D,20240104,000000,0.26,0.26,0.242,0.255,157000,0
1815.HK,D,20240105,000000,0.265,0.265,0.24,0.25,145000,0
1815.HK,D,20240108,000000,0.235,0.245,0.235,0.235,610000,0
1815.HK,D,20240109,000000,0.245,0.247,0.238,0.247,318100,0
1815.HK,D,20240110,000000,0.248,0.265,0.248,0.26,183000,0
1815.HK,D,20240111,000000,0.255,0.26,0.25,0.255,171000,0
1815.HK,D,20240112,000000,0.255,0.265,0.24,0.24,330166,0
1815.HK,D,20240115,000000,0.245,0.25,0.24,0.24,319000,0
1815.HK,D,20240116,000000,0.24,0.24,0.237,0.24,45000,0
1815.HK,D,20240117,000000,0.235,0.246,0.225,0.238,198000,0
1815.HK,D,20240118,000000,0.211,0.238,0.211,0.238,133,0
1815.HK,D,20240119,000000,0.238,0.238,0.237,0.237,50066,0
1815.HK,D,20240122,000000,0.218,0.221,0.218,0.218,94000,0
1815.HK,D,20240123,000000,0.212,0.224,0.207,0.212,187333,0
1815.HK,D,20240124,000000,0.205,0.217,0.205,0.205,245000,0
1815.HK,D,20240125,000000,0.205,0.212,0.205,0.212,38000,0
1815.HK,D,20240126,000000,0.22,0.22,0.195,0.22,156000,0
1815.HK,D,20240129,000000,0.225,0.28,0.225,0.25,360233,0
1815.HK,D,20240130,000000,0.255,0.3,0.25,0.26,771000,0
1815.HK,D,20240131,000000,0.255,0.275,0.25,0.25,1253000,0
1815.HK,D,20240201,000000,0.26,0.28,0.25,0.275,115000,0
1815.HK,D,20240202,000000,0.26,0.28,0.25,0.27,279000,0
1815.HK,D,20240205,000000,0.25,0.27,0.25,0.27,162000,0
1815.HK,D,20240206,000000,0.255,0.265,0.245,0.255,1172000,0
1815.HK,D,20240207,000000,0.24,0.255,0.24,0.255,242000,0
1815.HK,D,20240208,000000,0.255,0.265,0.25,0.25,294000,0
1815.HK,D,20240209,000000,0.255,0.26,0.255,0.26,706000,0
1815.HK,D,20240214,000000,0.265,0.27,0.255,0.255,206000,0
1815.HK,D,20240215,000000,0.27,0.275,0.265,0.275,566000,0
1815.HK,D,20240216,000000,0.255,0.28,0.255,0.275,794000,0
1815.HK,D,20240219,000000,0.28,0.29,0.27,0.285,457000,0
1815.HK,D,20240220,000000,0.285,0.285,0.265,0.28,434000,0
1815.HK,D,20240221,000000,0.29,0.3,0.28,0.28,405000,0
1815.HK,D,20240222,000000,0.255,0.29,0.255,0.29,343100,0
1815.HK,D,20240223,000000,0.295,0.3,0.275,0.3,1165000,0
1815.HK,D,20240226,000000,0.285,0.305,0.285,0.3,529366,0
1815.HK,D,20240227,000000,0.29,0.3,0.28,0.285,837000,0
1815.HK,D,20240228,000000,0.29,0.295,0.29,0.29,13000,0
1815.HK,D,20240229,000000,0.27,0.31,0.27,0.3,285366,0
1815.HK,D,20240301,000000,0.3,0.3,0.29,0.295,50000,0
1815.HK,D,20240304,000000,0.28,0.29,0.28,0.29,78000,0
1815.HK,D,20240305,000000,0.275,0.29,0.275,0.28,246000,0
1815.HK,D,20240306,000000,0.28,0.29,0.28,0.29,155000,0
1815.HK,D,20240307,000000,0.3,0.3,0.29,0.29,41100,0
1815.HK,D,20240308,000000,0.295,0.295,0.29,0.295,211166,0
1815.HK,D,20240311,000000,0.29,0.295,0.28,0.295,133000,0
1815.HK,D,20240312,000000,0.29,0.31,0.275,0.285,786000,0
1815.HK,D,20240313,000000,0.29,0.3,0.285,0.285,495000,0
1815.HK,D,20240314,000000,0.295,0.295,0.29,0.29,200000,0
1815.HK,D,20240315,000000,0.295,0.295,0.29,0.29,100333,0
1815.HK,D,20240318,000000,0.3,0.315,0.285,0.285,1579000,0
1815.HK,D,20240319,000000,0.295,0.295,0.275,0.28,280000,0
1815.HK,D,20240320,000000,0.29,0.29,0.28,0.28,43333,0
1815.HK,D,20240321,000000,0.28,0.285,0.265,0.28,322000,0
1815.HK,D,20240322,000000,0.28,0.3,0.275,0.295,329000,0
1815.HK,D,20240325,000000,0.285,0.29,0.275,0.28,603700,0
1815.HK,D,20240326,000000,0.28,0.295,0.265,0.275,639366,0
1815.HK,D,20240327,000000,0.265,0.265,0.265,0.265,10000,0
1815.HK,D,20240328,000000,0.265,0.265,0.265,0.265,1500,0
1815.HK,D,20240402,000000,0.285,0.285,0.275,0.28,174000,0
1815.HK,D,20240403,000000,0.29,0.29,0.28,0.28,432166,0
1815.HK,D,20240405,000000,0.27,0.35,0.27,0.33,4064000,0
1815.HK,D,20240408,000000,0.345,0.39,0.33,0.355,21183900,0
1815.HK,D,20240409,000000,0.36,0.385,0.315,0.325,12085000,0
1815.HK,D,20240410,000000,0.325,0.345,0.315,0.315,8450333,0
1815.HK,D,20240411,000000,0.31,0.31,0.285,0.285,2686000,0
1815.HK,D,20240412,000000,0.285,0.35,0.285,0.31,12147000,0
1815.HK,D,20240415,000000,0.305,0.305,0.285,0.285,2303000,0
1815.HK,D,20240416,000000,0.29,0.29,0.27,0.27,1480000,0
1815.HK,D,20240417,000000,0.26,0.26,0.25,0.25,1487466,0
1815.HK,D,20240418,000000,0.24,0.25,0.24,0.25,738266,0
1815.HK,D,20240419,000000,0.25,0.285,0.25,0.27,2982000,0
1815.HK,D,20240422,000000,0.255,0.26,0.25,0.255,510500,0
1815.HK,D,20240423,000000,0.25,0.265,0.245,0.25,2243000,0
1815.HK,D,20240424,000000,0.25,0.28,0.25,0.265,727000,0
1815.HK,D,20240425,000000,0.27,0.29,0.265,0.28,1003000,0
1815.HK,D,20240426,000000,0.27,0.29,0.265,0.275,538000,0
1815.HK,D,20240429,000000,0.27,0.27,0.26,0.265,688000,0
1815.HK,D,20240430,000000,0.26,0.265,0.26,0.26,181166,0
1815.HK,D,20240502,000000,0.25,0.26,0.246,0.249,1064000,0
1815.HK,D,20240503,000000,0.247,0.255,0.247,0.248,642533,0
1815.HK,D,20240506,000000,0.24,0.25,0.24,0.248,2010000,0
1815.HK,D,20240507,000000,0.242,0.255,0.242,0.255,72000,0
1815.HK,D,20240508,000000,0.25,0.25,0.245,0.247,111000,0
1815.HK,D,20240509,000000,0.249,0.26,0.243,0.26,439000,0
1815.HK,D,20240510,000000,0.27,0.27,0.26,0.26,370000,0
1815.HK,D,20240513,000000,0.26,0.26,0.26,0.26,17000,0
1815.HK,D,20240514,000000,0.247,0.26,0.247,0.247,136000,0
1815.HK,D,20240516,000000,0.255,0.27,0.255,0.255,1550600,0
1815.HK,D,20240517,000000,0.25,0.27,0.25,0.265,2630833,0
1815.HK,D,20240520,000000,0.285,0.34,0.285,0.315,20723135,0
1815.HK,D,20240521,000000,0.315,0.315,0.28,0.28,3502000,0
1815.HK,D,20240522,000000,0.275,0.29,0.275,0.285,2737000,0
1815.HK,D,20240523,000000,0.27,0.27,0.255,0.26,3571000,0
1815.HK,D,20240524,000000,0.265,0.29,0.265,0.27,1422000,0
1815.HK,D,20240527,000000,0.265,0.285,0.26,0.275,1161000,0
1815.HK,D,20240528,000000,0.285,0.295,0.265,0.27,5113033,0
1815.HK,D,20240529,000000,0.275,0.28,0.27,0.27,326000,0
1815.HK,D,20240530,000000,0.27,0.27,0.26,0.265,589833,0
1815.HK,D,20240531,000000,0.26,0.27,0.255,0.265,684000,0
1815.HK,D,20240603,000000,0.245,0.265,0.245,0.26,634533,0
1815.HK,D,20240604,000000,0.265,0.265,0.26,0.265,288000,0
1815.HK,D,20240605,000000,0.265,0.265,0.26,0.265,263000,0
1815.HK,D,20240606,000000,0.26,0.27,0.26,0.27,222033,0
1815.HK,D,20240607,000000,0.27,0.275,0.27,0.275,434000,0
1815.HK,D,20240611,000000,0.26,0.265,0.26,0.265,2171000,0
1815.HK,D,20240612,000000,0.265,0.265,0.26,0.265,599000,0
1815.HK,D,20240613,000000,0.26,0.265,0.255,0.255,1441000,0
1815.HK,D,20240614,000000,0.255,0.26,0.25,0.255,303000,0
1815.HK,D,20240617,000000,0.255,0.255,0.255,0.255,20000,0
1815.HK,D,20240618,000000,0.26,0.275,0.255,0.265,243000,0
1815.HK,D,20240619,000000,0.265,0.275,0.255,0.275,1005000,0
1815.HK,D,20240620,000000,0.27,0.275,0.27,0.275,414000,0
1815.HK,D,20240621,000000,0.28,0.28,0.27,0.27,375000,0
1815.HK,D,20240624,000000,0.265,0.265,0.26,0.26,510000,0
1815.HK,D,20240625,000000,0.265,0.265,0.26,0.26,1141000,0
1815.HK,D,20240626,000000,0.265,0.265,0.26,0.265,348000,0
1815.HK,D,20240627,000000,0.265,0.265,0.26,0.26,206000,0
1815.HK,D,20240628,000000,0.265,0.29,0.265,0.29,3189733,0
1815.HK,D,20240702,000000,0.275,0.295,0.275,0.295,274000,0
1815.HK,D,20240703,000000,0.275,0.29,0.275,0.28,512000,0
1815.HK,D,20240704,000000,0.265,0.285,0.265,0.265,757000,0
1815.HK,D,20240705,000000,0.275,0.285,0.26,0.26,1735000,0
1815.HK,D,20240708,000000,0.28,0.29,0.27,0.285,4802000,0
1815.HK,D,20240709,000000,0.285,0.29,0.285,0.285,774000,0
1815.HK,D,20240710,000000,0.285,0.285,0.275,0.28,1449000,0
1815.HK,D,20240711,000000,0.27,0.285,0.27,0.285,792000,0
1815.HK,D,20240712,000000,0.29,0.29,0.27,0.28,1122000,0
1815.HK,D,20240715,000000,0.28,0.28,0.28,0.28,93000,0
1815.HK,D,20240716,000000,0.28,0.29,0.265,0.27,2096000,0
1815.HK,D,20240717,000000,0.28,0.285,0.27,0.27,1105000,0
1815.HK,D,20240718,000000,0.28,0.28,0.27,0.28,1248000,0
1815.HK,D,20240719,000000,0.275,0.275,0.275,0.275,540000,0
1815.HK,D,20240722,000000,0.275,0.3,0.26,0.275,3479000,0
1815.HK,D,20240723,000000,0.28,0.295,0.275,0.28,1661000,0
1815.HK,D,20240724,000000,0.28,0.285,0.28,0.28,557000,0
1815.HK,D,20240725,000000,0.255,0.285,0.255,0.275,3010500,0
1815.HK,D,20240726,000000,0.275,0.29,0.275,0.28,1515800,0
1815.HK,D,20240729,000000,0.285,0.285,0.28,0.28,1621000,0
1815.HK,D,20240730,000000,0.275,0.28,0.275,0.28,351000,0
1815.HK,D,20240731,000000,0.28,0.29,0.275,0.29,1428000,0
1815.HK,D,20240801,000000,0.29,0.29,0.285,0.285,571000,0
1815.HK,D,20240802,000000,0.295,0.295,0.295,0.295,3101,0
1815.HK,D,20240805,000000,0.28,0.295,0.275,0.28,2122000,0
1815.HK,D,20240806,000000,0.29,0.29,0.28,0.29,36000,0
1815.HK,D,20240807,000000,0.275,0.28,0.275,0.275,117000,0
1815.HK,D,20240808,000000,0.27,0.27,0.27,0.27,240000,0
1815.HK,D,20240809,000000,0.275,0.275,0.275,0.275,1000,0
1815.HK,D,20240812,000000,0.28,0.28,0.27,0.27,193000,0
1815.HK,D,20240813,000000,0.27,0.27,0.27,0.27,1512000,0
1815.HK,D,20240814,000000,0.28,0.285,0.28,0.28,5000,0
1815.HK,D,20240815,000000,0.26,0.275,0.26,0.275,31367,0
1815.HK,D,20240816,000000,0.275,0.275,0.265,0.275,2030,0
1815.HK,D,20240819,000000,0.28,0.295,0.27,0.29,17377000,0
1815.HK,D,20240820,000000,0.28,0.29,0.275,0.28,13892000,0
1815.HK,D,20240821,000000,0.285,0.29,0.275,0.285,997000,0
1815.HK,D,20240822,000000,0.28,0.29,0.275,0.285,1860000,0
1815.HK,D,20240823,000000,0.275,0.275,0.26,0.265,1759000,0
1815.HK,D,20240826,000000,0.26,0.275,0.26,0.265,7307000,0
1815.HK,D,20240827,000000,0.26,0.27,0.26,0.265,1008000,0
1815.HK,D,20240828,000000,0.265,0.265,0.255,0.26,1808000,0
1815.HK,D,20240829,000000,0.255,0.26,0.255,0.26,890000,0
1815.HK,D,20240830,000000,0.26,0.26,0.25,0.26,650299,0
1815.HK,D,20240902,000000,0.25,0.26,0.237,0.248,3546000,0
1815.HK,D,20240903,000000,0.247,0.248,0.24,0.246,265000,0
1815.HK,D,20240904,000000,0.235,0.248,0.16,0.2,67284000,0
1815.HK,D,20240905,000000,0.217,0.217,0.181,0.181,13404000,0
1815.HK,D,20240909,000000,0.182,0.195,0.172,0.186,591000,0
1815.HK,D,20240910,000000,0.186,0.186,0.179,0.183,835000,0
1815.HK,D,20240911,000000,0.183,0.183,0.166,0.175,214000,0
1815.HK,D,20240912,000000,0.175,0.177,0.166,0.17,493000,0
1815.HK,D,20240913,000000,0.176,0.18,0.174,0.179,447000,0
1815.HK,D,20240916,000000,0.176,0.176,0.129,0.15,10000000,0
1815.HK,D,20240917,000000,0.135,0.179,0.135,0.165,6121000,0
1815.HK,D,20240919,000000,0.153,0.16,0.13,0.159,11220000,0
1815.HK,D,20240920,000000,0.156,0.168,0.153,0.168,2236167,0
1815.HK,D,20240923,000000,0.168,0.175,0.162,0.17,342000,0
1815.HK,D,20240924,000000,0.172,0.18,0.172,0.173,685000,0
1815.HK,D,20240925,000000,0.174,0.186,0.172,0.179,2183366,0
1815.HK,D,20240926,000000,0.186,0.187,0.177,0.184,601000,0
1815.HK,D,20240927,000000,0.185,0.186,0.18,0.182,2746666,0
1815.HK,D,20240930,000000,0.182,0.209,0.182,0.207,2902798,0
1815.HK,D,20241002,000000,0.207,0.285,0.2,0.28,6330633,0
1815.HK,D,20241003,000000,0.28,0.28,0.255,0.265,2331000,0
1815.HK,D,20241004,000000,0.255,0.295,0.255,0.265,3041266,0
1815.HK,D,20241007,000000,0.27,0.28,0.26,0.265,2098000,0
1815.HK,D,20241008,000000,0.265,0.27,0.235,0.235,1728133,0
1815.HK,D,20241009,000000,0.235,0.247,0.231,0.245,858433,0
1815.HK,D,20241010,000000,0.26,0.26,0.235,0.24,632000,0
1815.HK,D,20241014,000000,0.24,0.24,0.24,0.24,0,0
1815.HK,D,20241015,000000,0.236,0.239,0.236,0.236,181000,0
1815.HK,D,20241016,000000,0.236,0.238,0.235,0.238,335000,0
1815.HK,D,20241017,000000,0.241,0.26,0.241,0.241,20000,0
1815.HK,D,20241018,000000,0.25,0.26,0.25,0.25,460000,0
1815.HK,D,20241021,000000,0.27,0.28,0.25,0.255,2451433,0
1815.HK,D,20241022,000000,0.26,0.26,0.245,0.25,2756000,0
1815.HK,D,20241023,000000,0.249,0.255,0.245,0.25,383000,0
1815.HK,D,20241024,000000,0.25,0.255,0.248,0.255,426000,0
1815.HK,D,20241025,000000,0.25,0.255,0.25,0.255,154000,0
1815.HK,D,20241028,000000,0.25,0.265,0.237,0.242,2578000,0
1815.HK,D,20241029,000000,0.242,0.245,0.225,0.235,572000,0
1815.HK,D,20241030,000000,0.238,0.238,0.22,0.223,2904000,0
1815.HK,D,20241031,000000,0.21,0.23,0.21,0.225,215000,0
1815.HK,D,20241101,000000,0.22,0.23,0.22,0.229,78000,0
1815.HK,D,20241104,000000,0.221,0.24,0.199,0.228,4833000,0
1815.HK,D,20241105,000000,0.22,0.239,0.22,0.235,345000,0
1815.HK,D,20241106,000000,0.225,0.24,0.22,0.221,1092000,0
1815.HK,D,20241107,000000,0.228,0.228,0.195,0.205,13084000,0
1815.HK,D,20241108,000000,0.207,0.211,0.19,0.209,5921000,0
1815.HK,D,20241111,000000,0.214,0.22,0.204,0.215,1703000,0
1815.HK,D,20241112,000000,0.21,0.22,0.175,0.203,50424000,0
1815.HK,D,20241113,000000,0.21,0.215,0.204,0.21,209967,0
1815.HK,D,20241114,000000,0.215,0.217,0.201,0.212,266000,0
1815.HK,D,20241115,000000,0.212,0.212,0.2,0.208,942000,0
1815.HK,D,20241118,000000,0.228,0.23,0.199,0.202,875000,0
1815.HK,D,20241119,000000,0.211,0.212,0.194,0.203,551033,0
1815.HK,D,20241120,000000,0.218,0.218,0.185,0.199,4557000,0
1815.HK,D,20241121,000000,0.197,0.197,0.18,0.19,2137000,0
1815.HK,D,20241122,000000,0.183,0.208,0.175,0.189,2989000,0
1815.HK,D,20241125,000000,0.18,0.203,0.18,0.197,1117000,0
1815.HK,D,20241126,000000,0.185,0.21,0.185,0.196,138000,0
1815.HK,D,20241127,000000,0.208,0.208,0.186,0.188,478000,0
1815.HK,D,20241128,000000,0.198,0.198,0.188,0.195,330033,0
1815.HK,D,20241129,000000,0.205,0.205,0.19,0.198,166000,0
1815.HK,D,20241202,000000,0.198,0.206,0.195,0.2,157000,0
1815.HK,D,20241203,000000,0.2,0.2,0.192,0.193,245000,0
1815.HK,D,20241204,000000,0.19,0.199,0.19,0.194,197000,0
1815.HK,D,20241205,000000,0.204,0.204,0.186,0.197,52000,0
1815.HK,D,20241206,000000,0.205,0.205,0.188,0.198,286000,0
1815.HK,D,20241209,000000,0.205,0.205,0.197,0.197,2000,0
1815.HK,D,20241210,000000,0.205,0.205,0.185,0.198,787000,0
1815.HK,D,20241211,000000,0.198,0.198,0.198,0.198,0,0
1815.HK,D,20241212,000000,0.187,0.198,0.186,0.189,3290000,0
1815.HK,D,20241213,000000,0.19,0.19,0.176,0.177,1657000,0
1815.HK,D,20241216,000000,0.177,0.177,0.173,0.173,526000,0
1815.HK,D,20241217,000000,0.17,0.174,0.17,0.171,389167,0
1815.HK,D,20241218,000000,0.172,0.173,0.172,0.173,394000,0
1815.HK,D,20241219,000000,0.172,0.172,0.17,0.172,369266,0
1815.HK,D,20241220,000000,0.17,0.174,0.165,0.172,1915667,0
1815.HK,D,20241223,000000,0.176,0.176,0.153,0.155,3536000,0
1815.HK,D,20241224,000000,0.16,0.165,0.16,0.163,450000,0
1815.HK,D,20241227,000000,0.163,0.163,0.161,0.162,242000,0
1815.HK,D,20241230,000000,0.169,0.195,0.162,0.19,4535000,0
1815.HK,D,20241231,000000,0.195,0.195,0.176,0.176,353000,0
1815.HK,D,20250102,000000,0.178,0.215,0.178,0.198,2552000,0
1815.HK,D,20250103,000000,0.2,0.2,0.191,0.191,302166,0
1815.HK,D,20250106,000000,0.191,0.191,0.191,0.191,150000,0
1815.HK,D,20250107,000000,0.195,0.214,0.194,0.205,1369000,0
1815.HK,D,20250108,000000,0.196,0.205,0.195,0.2,1058000,0
1815.HK,D,20250109,000000,0.206,0.212,0.205,0.205,1071000,0
1815.HK,D,20250110,000000,0.205,0.205,0.2,0.2,2555000,0
1815.HK,D,20250113,000000,0.2,0.209,0.2,0.206,216000,0
1815.HK,D,20250114,000000,0.213,0.225,0.207,0.222,1123000,0
1815.HK,D,20250115,000000,0.223,0.27,0.223,0.25,3498000,0
1815.HK,D,20250116,000000,0.255,0.305,0.255,0.29,14941132,0
1815.HK,D,20250117,000000,0.3,0.48,0.295,0.41,55542066,0
1815.HK,D,20250120,000000,0.6,0.85,0.49,0.56,69754366,0
1815.HK,D,20250121,000000,0.56,0.56,0.425,0.425,26784633,0
1815.HK,D,20250122,000000,0.415,0.55,0.39,0.44,38065833,0
1815.HK,D,20250123,000000,0.445,0.445,0.39,0.395,22727000,0
1815.HK,D,20250124,000000,0.405,0.475,0.39,0.465,15917633,0
1815.HK,D,20250127,000000,0.47,0.485,0.44,0.455,7453000,0
1815.HK,D,20250128,000000,0.48,0.48,0.455,0.465,2818000,0
1815.HK,D,20250203,000000,0.47,0.48,0.455,0.46,4595000,0
1815.HK,D,20250204,000000,0.465,0.47,0.45,0.455,5173333,0
1815.HK,D,20250205,000000,0.455,0.455,0.41,0.415,6095000,0
1815.HK,D,20250206,000000,0.42,0.42,0.395,0.41,8566000,0
1815.HK,D,20250207,000000,0.41,0.425,0.38,0.4,5697133,0
1815.HK,D,20250210,000000,0.39,0.44,0.39,0.44,3330000,0
1815.HK,D,20250211,000000,0.405,0.47,0.405,0.46,7698500,0
1815.HK,D,20250212,000000,0.435,0.46,0.435,0.455,2154000,0
1815.HK,D,20250213,000000,0.445,0.46,0.445,0.45,1567000,0
1815.HK,D,20250214,000000,0.46,0.465,0.44,0.465,5222266,0
1815.HK,D,20250217,000000,0.465,0.6,0.465,0.6,31863633,0
1815.HK,D,20250218,000000,0.61,0.65,0.53,0.58,12025932,0
1815.HK,D,20250219,000000,0.59,0.67,0.54,0.65,8966000,0
1815.HK,D,20250220,000000,0.65,0.66,0.62,0.65,3363000,0
1815.HK,D,20250221,000000,0.65,0.71,0.65,0.7,6604666,0
1815.HK,D,20250224,000000,0.7,0.72,0.66,0.68,3410766,0
1815.HK,D,20250225,000000,0.68,0.72,0.67,0.71,4085000,0
1815.HK,D,20250226,000000,0.72,0.74,0.69,0.71,5209133,0
1815.HK,D,20250227,000000,0.71,0.78,0.69,0.74,2972500,0
1815.HK,D,20250228,000000,0.73,0.74,0.68,0.7,3062000,0
1815.HK,D,20250303,000000,0.71,0.71,0.63,0.65,7676218,0
1815.HK,D,20250304,000000,0.64,0.68,0.62,0.65,5145000,0
1815.HK,D,20250305,000000,0.66,0.76,0.66,0.74,12406133,0
1815.HK,D,20250306,000000,0.76,0.87,0.74,0.83,20063000,0
1815.HK,D,20250307,000000,0.88,1.2,0.87,1.19,53542394,0
1815.HK,D,20250310,000000,1.21,1.49,1.16,1.4,52397798,0
1815.HK,D,20250311,000000,1.4,1.44,1.25,1.33,26056466,0
1815.HK,D,20250312,000000,1.39,1.5,1.3,1.4,28247519,0
1815.HK,D,20250313,000000,1.44,1.44,1.32,1.38,11799000,0
1815.HK,D,20250314,000000,1.4,1.41,1.26,1.36,18606170,0
1815.HK,D,20250317,000000,1.36,1.39,1.31,1.38,13716000,0
1815.HK,D,20250318,000000,1.38,1.41,1.29,1.35,14228100,0
1815.HK,D,20250319,000000,1.35,1.43,1.31,1.4,12820000,0
1815.HK,D,20250320,000000,1.42,1.45,1.34,1.37,14561300,0
1815.HK,D,20250321,000000,1.44,1.44,1.33,1.33,12396000,0
1815.HK,D,20250324,000000,1.33,1.34,1.16,1.19,21144000,0
1815.HK,D,20250325,000000,1.22,1.25,1.13,1.22,25076600,0
1815.HK,D,20250326,000000,1.24,1.31,1.2,1.21,22991000,0
1815.HK,D,20250327,000000,1.23,1.41,1.21,1.36,8528466,0
1815.HK,D,20250328,000000,1.36,1.4,1.24,1.28,6765000,0
1815.HK,D,20250331,000000,1.28,1.35,1.24,1.32,7026000,0
1815.HK,D,20250401,000000,1.32,1.36,1.28,1.32,13948000,0
1815.HK,D,20250402,000000,1.34,1.34,1.24,1.26,5587000,0
1815.HK,D,20250403,000000,1.25,1.31,1.24,1.3,3518666,0
1815.HK,D,20250407,000000,1.24,1.27,1.13,1.15,17928000,0
1815.HK,D,20250408,000000,1.12,1.21,1.12,1.17,8057666,0
1815.HK,D,20250409,000000,1.12,1.25,1.11,1.11,17757000,0
1815.HK,D,20250410,000000,1.14,1.16,1.12,1.14,4497000,0
1815.HK,D,20250411,000000,1.22,1.27,1.12,1.24,13169899,0
1815.HK,D,20250414,000000,1.28,1.73,1.28,1.71,43553764,0
1815.HK,D,20250415,000000,1.73,1.88,1.58,1.66,28096199,0
1815.HK,D,20250416,000000,1.68,1.73,1.59,1.63,9384166,0
1815.HK,D,20250417,000000,1.63,1.64,1.53,1.55,8538000,0
