<TICKER>,<PER>,<DATE>,<TIME>,<OPEN>,<HIGH>,<LOW>,<CLOSE>,<VOL>,<OPENINT>
20.HK,D,20211230,000000,3.91,4.74,3.9,4.13,329966696,0
20.HK,D,20211231,000000,4.23,5.5,4.21,5.5,254079780,0
20.HK,D,20220103,000000,5.99,7.75,5.8,7.75,465580254,0
20.HK,D,20220104,000000,8.39,9.7,7.62,8.2,358971790,0
20.HK,D,20220105,000000,7.9,8.44,6.8,6.97,172749296,0
20.HK,D,20220106,000000,6.77,8,6.02,7.95,220547279,0
20.HK,D,20220107,000000,8.2,8.4,7.36,7.36,163020001,0
20.HK,D,20220110,000000,7.3,7.73,6.85,7.17,70488200,0
20.HK,D,20220111,000000,7.07,7.6,7.01,7.35,64010063,0
20.HK,D,20220112,000000,7.55,7.7,7.28,7.33,56531838,0
20.HK,D,20220113,000000,7.36,7.41,7.12,7.15,24878000,0
20.HK,D,20220114,000000,7.1,7.15,6.71,6.86,43561662,0
20.HK,D,20220117,000000,6.9,6.95,6.6,6.6,24259000,0
20.HK,D,20220118,000000,6.67,7.2,6.67,7,53091626,0
20.HK,D,20220119,000000,7.09,7.15,6.86,6.88,19036000,0
20.HK,D,20220120,000000,6.88,7.07,6.88,6.92,21134800,0
20.HK,D,20220121,000000,6.88,7.27,6.82,7.16,49100000,0
20.HK,D,20220124,000000,6.99,7.1,6.83,6.9,23767500,0
20.HK,D,20220125,000000,6.8,6.85,6.72,6.75,18755000,0
20.HK,D,20220126,000000,6.81,6.94,6.66,6.76,12177012,0
20.HK,D,20220127,000000,6.7,6.74,6.5,6.52,16855020,0
20.HK,D,20220128,000000,6.52,6.55,6.09,6.32,19810276,0
20.HK,D,20220131,000000,6.34,6.84,6.33,6.73,16776240,0
20.HK,D,20220204,000000,6.82,6.92,6.74,6.82,15561000,0
20.HK,D,20220207,000000,6.77,6.98,6.77,6.85,11325000,0
20.HK,D,20220208,000000,6.88,6.88,6.63,6.72,8141340,0
20.HK,D,20220209,000000,6.85,6.93,6.75,6.78,10558600,0
20.HK,D,20220210,000000,6.84,6.85,6.74,6.79,7052000,0
20.HK,D,20220211,000000,6.76,6.8,6.64,6.71,7735000,0
20.HK,D,20220214,000000,6.68,6.68,6.51,6.55,6826000,0
20.HK,D,20220215,000000,6.55,6.62,6.39,6.4,10031400,0
20.HK,D,20220216,000000,6.5,6.55,6.41,6.5,5872000,0
20.HK,D,20220217,000000,6.5,6.51,6.35,6.4,7119800,0
20.HK,D,20220218,000000,6.38,6.38,6.06,6.19,27719900,0
20.HK,D,20220221,000000,6.4,6.9,6.39,6.61,46987001,0
20.HK,D,20220222,000000,6.5,6.95,6.44,6.91,44424140,0
20.HK,D,20220223,000000,6.87,7.6,6.8,7.38,104760351,0
20.HK,D,20220224,000000,6.28,6.87,6.2,6.52,97392400,0
20.HK,D,20220225,000000,6.71,6.79,6.55,6.63,21746455,0
20.HK,D,20220228,000000,6.65,6.65,6.33,6.46,15484200,0
20.HK,D,20220301,000000,6.46,6.58,6.45,6.55,8665000,0
20.HK,D,20220302,000000,6.49,6.53,6.38,6.45,9855270,0
20.HK,D,20220303,000000,6.45,6.85,6.41,6.85,22261000,0
20.HK,D,20220304,000000,6.69,6.86,6.5,6.86,30969200,0
20.HK,D,20220307,000000,6.68,6.68,6.52,6.62,17061657,0
20.HK,D,20220308,000000,6.53,6.73,6.23,6.23,21231797,0
20.HK,D,20220309,000000,6.23,6.6,6.15,6.6,21012100,0
20.HK,D,20220310,000000,6.7,6.75,6.45,6.57,11455000,0
20.HK,D,20220311,000000,6.38,6.73,6.38,6.5,20028418,0
20.HK,D,20220314,000000,6.35,6.45,6.14,6.29,21899947,0
20.HK,D,20220315,000000,6.1,6.3,5.79,6.02,33447033,0
20.HK,D,20220316,000000,6.2,6.4,5.9,6.36,25300527,0
20.HK,D,20220317,000000,6.57,6.64,6.28,6.39,19090035,0
20.HK,D,20220318,000000,6.38,6.38,6.21,6.26,9936000,0
20.HK,D,20220321,000000,6.3,6.4,6.25,6.25,6790571,0
20.HK,D,20220322,000000,6.3,6.33,6.16,6.33,9321000,0
20.HK,D,20220323,000000,6.33,6.77,6.25,6.67,42118000,0
20.HK,D,20220324,000000,6.6,6.72,6.34,6.41,18277816,0
20.HK,D,20220325,000000,6.43,6.48,6.3,6.3,9907000,0
20.HK,D,20220328,000000,6.13,6.24,6.02,6.18,15321588,0
20.HK,D,20220329,000000,6.2,6.27,6.11,6.16,8665115,0
20.HK,D,20220330,000000,6.18,6.29,6.18,6.2,8506000,0
20.HK,D,20220331,000000,6.18,6.25,6.12,6.15,4386000,0
20.HK,D,20220401,000000,6.1,6.15,6.08,6.12,4933378,0
20.HK,D,20220404,000000,6.15,6.29,6.13,6.23,6219300,0
20.HK,D,20220406,000000,6.16,6.19,6.04,6.12,8967659,0
20.HK,D,20220407,000000,6.1,6.11,5.99,6,9614000,0
20.HK,D,20220408,000000,6,6.06,6,6.02,5014161,0
20.HK,D,20220411,000000,5.99,5.99,5.6,5.6,18394168,0
20.HK,D,20220412,000000,5.57,5.64,5.08,5.32,19726400,0
20.HK,D,20220413,000000,5.34,5.34,5.14,5.2,6152282,0
20.HK,D,20220414,000000,5.2,5.39,5.18,5.26,5547227,0
20.HK,D,20220419,000000,5.24,5.25,5.01,5.05,7597832,0
20.HK,D,20220420,000000,5.1,5.15,5.01,5.03,5006826,0
20.HK,D,20220421,000000,5,5.03,4.75,4.93,13145884,0
20.HK,D,20220422,000000,4.78,4.85,4.71,4.8,6903800,0
20.HK,D,20220425,000000,4.75,4.75,4.44,4.46,13556900,0
20.HK,D,20220426,000000,4.5,4.66,4.45,4.47,6933156,0
20.HK,D,20220427,000000,4.42,4.62,4.4,4.58,6320562,0
20.HK,D,20220428,000000,4.65,4.7,4.51,4.6,8315000,0
20.HK,D,20220429,000000,4.65,5.24,4.62,5.18,24770420,0
20.HK,D,20220503,000000,5.09,5.28,4.93,5.07,12225200,0
20.HK,D,20220504,000000,5.07,5.14,4.87,4.88,6619933,0
20.HK,D,20220505,000000,4.99,5.07,4.86,4.94,7576219,0
20.HK,D,20220506,000000,4.79,4.81,4.66,4.7,9025500,0
20.HK,D,20220510,000000,4.5,4.79,4.4,4.66,7384390,0
20.HK,D,20220511,000000,4.52,4.78,4.52,4.66,4926000,0
20.HK,D,20220512,000000,4.55,4.66,4.49,4.53,4343435,0
20.HK,D,20220513,000000,4.53,4.62,4.53,4.59,3692000,0
20.HK,D,20220516,000000,4.65,4.67,4.5,4.5,3332000,0
20.HK,D,20220517,000000,4.5,4.82,4.5,4.77,12014112,0
20.HK,D,20220518,000000,4.77,4.82,4.64,4.69,5517549,0
20.HK,D,20220519,000000,4.6,4.64,4.5,4.6,5529894,0
20.HK,D,20220520,000000,4.61,4.94,4.61,4.86,11853987,0
20.HK,D,20220523,000000,4.86,4.95,4.78,4.89,5536989,0
20.HK,D,20220524,000000,4.79,4.91,4.64,4.72,5934612,0
20.HK,D,20220525,000000,4.72,4.82,4.69,4.8,4027486,0
20.HK,D,20220526,000000,4.81,4.85,4.71,4.77,3317000,0
20.HK,D,20220527,000000,4.91,4.92,4.77,4.81,4340000,0
20.HK,D,20220530,000000,4.85,4.94,4.78,4.91,5936420,0
20.HK,D,20220531,000000,4.9,5.17,4.88,5.08,13521042,0
20.HK,D,20220601,000000,5.1,5.64,5.07,5.58,31936667,0
20.HK,D,20220602,000000,5.53,5.95,5.53,5.87,33177775,0
20.HK,D,20220606,000000,5.91,6.1,5.83,5.96,26871000,0
20.HK,D,20220607,000000,5.97,5.98,5.71,5.76,14295224,0
20.HK,D,20220608,000000,5.87,5.94,5.8,5.85,10778539,0
20.HK,D,20220609,000000,5.9,5.91,5.6,5.7,11471300,0
20.HK,D,20220610,000000,5.52,5.7,5.5,5.66,20633238,0
20.HK,D,20220613,000000,5.53,5.55,5.38,5.43,11225450,0
20.HK,D,20220614,000000,5.38,6,5.21,6,17423221,0
20.HK,D,20220615,000000,5.99,6.08,5.8,5.89,19143562,0
20.HK,D,20220616,000000,5.91,6.21,5.81,5.84,33651318,0
20.HK,D,20220617,000000,5.79,6.06,5.72,5.98,14012035,0
20.HK,D,20220620,000000,5.98,6.02,5.83,5.92,7813165,0
20.HK,D,20220621,000000,5.93,6.05,5.84,5.98,9244243,0
20.HK,D,20220622,000000,5.98,6.08,5.71,5.71,12737537,0
20.HK,D,20220623,000000,5.73,5.78,5.41,5.48,20588000,0
20.HK,D,20220624,000000,5.46,5.9,5.45,5.74,23777000,0
20.HK,D,20220627,000000,5.84,6.19,5.84,6.12,49809820,0
20.HK,D,20220628,000000,6.12,6.3,6.07,6.2,34022006,0
20.HK,D,20220629,000000,6.13,6.18,5.82,5.88,26482700,0
20.HK,D,20220630,000000,5,5,2.91,3.13,1902668559,0
20.HK,D,20220704,000000,2.99,3,2.5,2.54,942326393,0
20.HK,D,20220705,000000,2.4,2.78,2.38,2.75,660837069,0
20.HK,D,20220706,000000,2.77,2.79,2.53,2.6,313489900,0
20.HK,D,20220707,000000,2.56,2.68,2.56,2.6,153289335,0
20.HK,D,20220708,000000,2.64,2.69,2.54,2.58,226428626,0
20.HK,D,20220711,000000,2.6,2.6,2.52,2.54,97459200,0
20.HK,D,20220712,000000,2.5,2.52,2.4,2.43,120849316,0
20.HK,D,20220713,000000,2.45,2.48,2.38,2.39,118146200,0
20.HK,D,20220714,000000,2.36,2.38,2.25,2.29,185680756,0
20.HK,D,20220715,000000,2.28,2.36,2.15,2.16,172585240,0
20.HK,D,20220718,000000,2.13,2.23,2.11,2.14,122616553,0
20.HK,D,20220719,000000,2.14,2.17,2.04,2.1,143540501,0
20.HK,D,20220720,000000,2.18,2.42,2.17,2.33,394631180,0
20.HK,D,20220721,000000,2.33,2.46,2.29,2.39,171704203,0
20.HK,D,20220722,000000,2.41,2.49,2.39,2.43,123836156,0
20.HK,D,20220725,000000,2.41,2.43,2.34,2.4,75447500,0
20.HK,D,20220726,000000,2.31,2.34,2.19,2.27,126076000,0
20.HK,D,20220727,000000,2.23,2.37,2.22,2.34,83863000,0
20.HK,D,20220728,000000,2.38,2.5,2.37,2.47,129337512,0
20.HK,D,20220729,000000,2.5,2.52,2.3,2.33,134143000,0
20.HK,D,20220801,000000,2.32,2.35,2.26,2.28,56324500,0
20.HK,D,20220802,000000,2.22,2.22,2.12,2.17,96058337,0
20.HK,D,20220803,000000,2.22,2.33,2.19,2.2,50290143,0
20.HK,D,20220804,000000,2.24,2.25,2.18,2.2,47595078,0
20.HK,D,20220805,000000,2.23,2.24,2.18,2.23,46070295,0
20.HK,D,20220808,000000,2.25,2.26,2.2,2.2,37793836,0
20.HK,D,20220809,000000,2.2,2.23,2.18,2.19,52804583,0
20.HK,D,20220810,000000,2.2,2.21,2.14,2.16,44309511,0
20.HK,D,20220811,000000,2.19,2.21,2.16,2.19,47966571,0
20.HK,D,20220812,000000,2.19,2.29,2.19,2.23,84887092,0
20.HK,D,20220815,000000,2.26,2.29,2.23,2.25,52508209,0
20.HK,D,20220816,000000,2.25,2.28,2.18,2.2,53090058,0
20.HK,D,20220817,000000,2.2,2.22,2.16,2.16,33624322,0
20.HK,D,20220818,000000,2.18,2.18,2.06,2.08,111259100,0
20.HK,D,20220819,000000,2.09,2.13,2.06,2.1,75088900,0
20.HK,D,20220822,000000,2.15,2.22,2.12,2.19,100051361,0
20.HK,D,20220823,000000,2.18,2.23,2.16,2.2,76977058,0
20.HK,D,20220824,000000,2.21,2.3,2.21,2.24,108765301,0
20.HK,D,20220825,000000,2.25,2.35,2.24,2.35,150627240,0
20.HK,D,20220826,000000,2.34,2.34,2.26,2.29,124465126,0
20.HK,D,20220829,000000,2.23,2.32,2.21,2.29,68550555,0
20.HK,D,20220830,000000,2.29,2.34,2.27,2.31,67732669,0
20.HK,D,20220831,000000,2.28,2.49,2.26,2.47,286634596,0
20.HK,D,20220901,000000,2.47,2.49,2.36,2.39,146291427,0
20.HK,D,20220902,000000,2.38,2.39,2.25,2.26,582106018,0
20.HK,D,20220905,000000,2.25,2.35,2.25,2.29,325095223,0
20.HK,D,20220906,000000,2.29,2.35,2.29,2.32,135521619,0
20.HK,D,20220907,000000,2.29,2.31,2.26,2.29,130235492,0
20.HK,D,20220908,000000,2.3,2.35,2.26,2.29,116867022,0
20.HK,D,20220909,000000,2.28,2.35,2.28,2.28,84853146,0
20.HK,D,20220913,000000,2.3,2.3,2.15,2.17,128816174,0
20.HK,D,20220914,000000,2.11,2.14,2.09,2.13,86997033,0
20.HK,D,20220915,000000,2.12,2.15,2.07,2.08,84648042,0
20.HK,D,20220916,000000,2.05,2.06,1.99,2,114685567,0
20.HK,D,20220919,000000,1.98,1.98,1.85,1.91,128070688,0
20.HK,D,20220920,000000,1.94,1.98,1.92,1.94,61784421,0
20.HK,D,20220921,000000,1.93,1.99,1.89,1.9,70314939,0
20.HK,D,20220922,000000,1.89,1.95,1.84,1.94,93865511,0
20.HK,D,20220923,000000,1.94,1.99,1.91,1.94,53047351,0
20.HK,D,20220926,000000,1.91,1.96,1.84,1.87,100970913,0
20.HK,D,20220927,000000,1.86,1.87,1.81,1.84,75720694,0
20.HK,D,20220928,000000,1.82,1.83,1.72,1.73,109861655,0
20.HK,D,20220929,000000,1.78,1.79,1.58,1.63,129817729,0
20.HK,D,20220930,000000,1.63,1.67,1.57,1.6,88347963,0
20.HK,D,20221003,000000,1.57,1.64,1.56,1.61,59832000,0
20.HK,D,20221005,000000,1.67,1.77,1.67,1.72,128549794,0
20.HK,D,20221006,000000,1.71,1.75,1.65,1.66,50684834,0
20.HK,D,20221007,000000,1.66,1.66,1.58,1.59,60776368,0
20.HK,D,20221010,000000,1.54,1.56,1.49,1.5,91497848,0
20.HK,D,20221011,000000,1.5,1.53,1.32,1.33,208031164,0
20.HK,D,20221012,000000,1.33,1.34,1.2,1.28,285310008,0
20.HK,D,20221013,000000,1.3,1.32,1.2,1.21,149768978,0
20.HK,D,20221014,000000,1.25,1.28,1.21,1.24,159632069,0
20.HK,D,20221017,000000,1.21,1.29,1.2,1.27,103584110,0
20.HK,D,20221018,000000,1.3,1.37,1.27,1.35,135322000,0
20.HK,D,20221019,000000,1.34,1.34,1.27,1.29,99943749,0
20.HK,D,20221020,000000,1.25,1.31,1.22,1.28,108219000,0
20.HK,D,20221021,000000,1.29,1.31,1.25,1.26,98469392,0
20.HK,D,20221024,000000,1.26,1.29,1.13,1.17,184865993,0
20.HK,D,20221025,000000,1.2,1.26,1.11,1.21,184151000,0
20.HK,D,20221026,000000,1.21,1.3,1.2,1.29,149022929,0
20.HK,D,20221027,000000,1.34,1.35,1.24,1.26,156967635,0
20.HK,D,20221028,000000,1.26,1.28,1.18,1.19,102858000,0
20.HK,D,20221031,000000,1.2,1.26,1.18,1.19,96280000,0
20.HK,D,20221101,000000,1.21,1.29,1.18,1.28,223883768,0
20.HK,D,20221102,000000,1.28,1.33,1.25,1.28,149258550,0
20.HK,D,20221103,000000,1.25,1.3,1.23,1.24,105528000,0
20.HK,D,20221104,000000,1.26,1.38,1.25,1.33,285062162,0
20.HK,D,20221107,000000,1.34,1.8,1.33,1.8,906195281,0
20.HK,D,20221108,000000,1.84,2.04,1.72,1.75,820078586,0
20.HK,D,20221109,000000,1.78,1.89,1.65,1.69,361167415,0
20.HK,D,20221110,000000,1.64,1.65,1.53,1.57,281408100,0
20.HK,D,20221111,000000,1.78,1.82,1.65,1.7,476340333,0
20.HK,D,20221114,000000,1.76,1.87,1.71,1.75,367250518,0
20.HK,D,20221115,000000,1.69,1.85,1.63,1.79,612310275,0
20.HK,D,20221116,000000,1.78,2.1,1.76,2.02,950584584,0
20.HK,D,20221117,000000,2,2.2,1.88,2.13,677567866,0
20.HK,D,20221118,000000,2.18,2.24,2.01,2.01,448254354,0
20.HK,D,20221121,000000,1.98,1.98,1.89,1.94,226486544,0
20.HK,D,20221122,000000,1.94,2.02,1.87,1.87,224557603,0
20.HK,D,20221123,000000,1.9,1.96,1.81,1.84,194672932,0
20.HK,D,20221124,000000,1.87,1.89,1.81,1.85,125585343,0
20.HK,D,20221125,000000,1.86,1.86,1.74,1.77,179781163,0
20.HK,D,20221128,000000,1.69,1.75,1.65,1.73,127361253,0
20.HK,D,20221129,000000,1.78,1.85,1.75,1.83,194518805,0
20.HK,D,20221130,000000,1.86,1.97,1.84,1.91,333383872,0
20.HK,D,20221201,000000,2,2.02,1.93,1.94,322595099,0
20.HK,D,20221202,000000,1.95,2.02,1.91,2.01,269401806,0
20.HK,D,20221205,000000,2.08,2.17,2.05,2.13,433124112,0
20.HK,D,20221206,000000,2.08,2.13,2.04,2.06,257201308,0
20.HK,D,20221207,000000,2.06,2.46,2.05,2.2,1068823681,0
20.HK,D,20221208,000000,2.26,2.39,2.19,2.37,480630718,0
20.HK,D,20221209,000000,2.38,2.47,2.28,2.4,438741684,0
20.HK,D,20221212,000000,2.34,2.54,2.25,2.28,555766521,0
20.HK,D,20221213,000000,2.31,2.37,2.26,2.3,195626552,0
20.HK,D,20221214,000000,2.31,2.35,2.19,2.27,167940224,0
20.HK,D,20221215,000000,2.27,2.27,2.11,2.14,197369857,0
20.HK,D,20221216,000000,2.12,2.16,2.05,2.12,142810098,0
20.HK,D,20221219,000000,2.13,2.2,2.1,2.13,90314107,0
20.HK,D,20221220,000000,2.1,2.12,2.05,2.09,79327034,0
20.HK,D,20221221,000000,2.11,2.16,2.11,2.16,72898865,0
20.HK,D,20221222,000000,2.23,2.24,2.17,2.21,113536000,0
20.HK,D,20221223,000000,2.16,2.21,2.14,2.16,69796696,0
20.HK,D,20221228,000000,2.18,2.31,2.18,2.29,171603294,0
20.HK,D,20221229,000000,2.23,2.29,2.17,2.18,97706542,0
20.HK,D,20221230,000000,2.25,2.25,2.18,2.22,91203225,0
20.HK,D,20230103,000000,2.19,2.22,2.08,2.19,177542200,0
20.HK,D,20230104,000000,2.21,2.3,2.2,2.3,223266000,0
20.HK,D,20230105,000000,2.35,2.37,2.26,2.26,129829412,0
20.HK,D,20230106,000000,2.27,2.28,2.11,2.15,202499415,0
20.HK,D,20230109,000000,2.18,2.23,2.15,2.19,103625583,0
20.HK,D,20230110,000000,2.19,2.21,2.14,2.21,58858000,0
20.HK,D,20230111,000000,2.23,2.34,2.18,2.22,238437931,0
20.HK,D,20230112,000000,2.25,2.25,2.14,2.16,99939000,0
20.HK,D,20230113,000000,2.17,2.22,2.15,2.22,77226097,0
20.HK,D,20230116,000000,2.23,2.25,2.17,2.18,67450922,0
20.HK,D,20230117,000000,2.18,2.19,2.11,2.13,74533316,0
20.HK,D,20230118,000000,2.11,2.16,2.1,2.13,56077456,0
20.HK,D,20230119,000000,2.11,2.13,2.08,2.11,36174000,0
20.HK,D,20230120,000000,2.1,2.17,2.1,2.17,54438102,0
20.HK,D,20230126,000000,2.2,2.27,2.19,2.26,105498034,0
20.HK,D,20230127,000000,2.34,2.74,2.31,2.71,1203562923,0
20.HK,D,20230130,000000,2.72,2.85,2.59,2.75,1072414377,0
20.HK,D,20230131,000000,2.78,2.84,2.62,2.84,560587642,0
20.HK,D,20230201,000000,2.89,3.1,2.86,2.94,984739379,0
20.HK,D,20230202,000000,3,3.07,2.71,2.73,659207273,0
20.HK,D,20230203,000000,2.74,2.88,2.74,2.82,458001913,0
20.HK,D,20230206,000000,2.79,3.03,2.75,3,925381919,0
20.HK,D,20230207,000000,2.99,3.06,2.86,2.88,712889498,0
20.HK,D,20230208,000000,2.87,2.88,2.68,2.69,449184876,0
20.HK,D,20230209,000000,2.65,2.8,2.61,2.78,351877084,0
20.HK,D,20230210,000000,2.75,2.81,2.68,2.69,192803736,0
20.HK,D,20230213,000000,2.66,2.71,2.6,2.67,260663499,0
20.HK,D,20230214,000000,2.73,2.79,2.7,2.74,169532565,0
20.HK,D,20230215,000000,2.78,2.86,2.69,2.73,305886816,0
20.HK,D,20230216,000000,2.76,2.82,2.63,2.65,230422236,0
20.HK,D,20230217,000000,2.66,2.7,2.48,2.5,319362002,0
20.HK,D,20230220,000000,2.5,2.56,2.46,2.48,190971467,0
20.HK,D,20230221,000000,2.5,2.57,2.48,2.49,160458579,0
20.HK,D,20230222,000000,2.46,2.49,2.37,2.42,190806545,0
20.HK,D,20230223,000000,2.44,2.46,2.38,2.4,133089941,0
20.HK,D,20230224,000000,2.4,2.56,2.39,2.51,265620000,0
20.HK,D,20230227,000000,2.48,2.58,2.46,2.54,189323271,0
20.HK,D,20230228,000000,2.58,2.61,2.46,2.52,163908391,0
20.HK,D,20230301,000000,2.54,2.73,2.54,2.71,375183131,0
20.HK,D,20230302,000000,2.69,2.74,2.66,2.71,181025299,0
20.HK,D,20230303,000000,2.74,2.76,2.63,2.69,145916568,0
20.HK,D,20230306,000000,2.67,2.71,2.58,2.66,142731248,0
20.HK,D,20230307,000000,2.65,2.7,2.5,2.53,206795311,0
20.HK,D,20230308,000000,2.5,2.51,2.4,2.5,180698985,0
20.HK,D,20230309,000000,2.5,2.54,2.45,2.51,84865106,0
20.HK,D,20230310,000000,2.45,2.54,2.44,2.51,161239628,0
20.HK,D,20230313,000000,2.52,2.59,2.47,2.52,136978184,0
20.HK,D,20230314,000000,2.53,2.59,2.45,2.48,173574524,0
20.HK,D,20230315,000000,2.56,2.6,2.5,2.55,147156001,0
20.HK,D,20230316,000000,2.52,2.58,2.44,2.47,129983761,0
20.HK,D,20230317,000000,2.54,2.73,2.52,2.73,1088308973,0
20.HK,D,20230320,000000,2.72,2.74,2.61,2.66,271231440,0
20.HK,D,20230321,000000,2.7,2.7,2.63,2.68,132414676,0
20.HK,D,20230322,000000,2.7,2.74,2.67,2.68,154544405,0
20.HK,D,20230323,000000,2.7,2.89,2.68,2.88,584538175,0
20.HK,D,20230324,000000,2.87,2.92,2.77,2.9,343360484,0
20.HK,D,20230327,000000,2.95,2.98,2.8,2.81,321510191,0
20.HK,D,20230328,000000,2.81,2.83,2.64,2.68,291819143,0
20.HK,D,20230329,000000,2.72,2.76,2.56,2.62,311266838,0
20.HK,D,20230330,000000,2.64,2.77,2.6,2.64,311414333,0
20.HK,D,20230331,000000,2.68,2.68,2.58,2.66,196747014,0
20.HK,D,20230403,000000,2.65,2.9,2.65,2.89,647546083,0
20.HK,D,20230404,000000,3.12,3.4,3.06,3.26,1974669090,0
20.HK,D,20230406,000000,3.13,3.5,3.11,3.33,1758553824,0
20.HK,D,20230411,000000,3.62,3.7,3.13,3.3,1544666050,0
20.HK,D,20230412,000000,3.34,3.52,3.1,3.16,1188413928,0
20.HK,D,20230413,000000,3.11,3.17,2.9,2.92,722205399,0
20.HK,D,20230414,000000,2.97,2.99,2.8,2.93,463555095,0
20.HK,D,20230417,000000,2.92,2.93,2.76,2.81,488935388,0
20.HK,D,20230418,000000,2.79,2.82,2.7,2.77,371298377,0
20.HK,D,20230419,000000,2.76,2.83,2.71,2.73,306102769,0
20.HK,D,20230420,000000,2.73,2.8,2.71,2.73,345223897,0
20.HK,D,20230421,000000,2.72,2.74,2.38,2.42,982277628,0
20.HK,D,20230424,000000,2.42,2.54,2.4,2.48,272524400,0
20.HK,D,20230425,000000,2.48,2.5,2.38,2.42,203032588,0
20.HK,D,20230426,000000,2.4,2.47,2.4,2.44,181232044,0
20.HK,D,20230427,000000,2.45,2.5,2.4,2.48,146435231,0
20.HK,D,20230428,000000,2.51,2.63,2.5,2.6,241357367,0
20.HK,D,20230502,000000,2.61,2.67,2.54,2.57,89315265,0
20.HK,D,20230503,000000,2.52,2.59,2.49,2.57,79971511,0
20.HK,D,20230504,000000,2.58,2.64,2.56,2.6,103519000,0
20.HK,D,20230505,000000,2.6,2.65,2.56,2.59,138226752,0
20.HK,D,20230508,000000,2.5,2.51,2.4,2.43,305788155,0
20.HK,D,20230509,000000,2.43,2.43,2.22,2.27,426338139,0
20.HK,D,20230510,000000,2.28,2.35,2.27,2.31,144993864,0
20.HK,D,20230511,000000,2.31,2.32,2.26,2.28,88570757,0
20.HK,D,20230512,000000,2.31,2.34,2.28,2.28,94392000,0
20.HK,D,20230515,000000,2.25,2.29,2.19,2.25,165258041,0
20.HK,D,20230516,000000,2.28,2.29,2.2,2.22,91819500,0
20.HK,D,20230517,000000,2.23,2.25,2.16,2.17,95645306,0
20.HK,D,20230518,000000,2.2,2.3,2.18,2.24,161983336,0
20.HK,D,20230519,000000,2.24,2.25,2.19,2.21,76022622,0
20.HK,D,20230522,000000,2.21,2.26,2.21,2.23,70511284,0
20.HK,D,20230523,000000,2.25,2.26,2.19,2.19,61023924,0
20.HK,D,20230524,000000,2.18,2.18,2.07,2.08,178269851,0
20.HK,D,20230525,000000,2.07,2.13,2.04,2.1,139160586,0
20.HK,D,20230529,000000,2.15,2.22,2.12,2.15,161472864,0
20.HK,D,20230530,000000,2.15,2.2,2.1,2.19,114365188,0
20.HK,D,20230531,000000,2.16,2.18,2.06,2.1,149630990,0
20.HK,D,20230601,000000,2.1,2.21,2.07,2.12,226533726,0
20.HK,D,20230602,000000,2.2,2.23,2.16,2.2,353429311,0
20.HK,D,20230605,000000,2.24,2.26,2.16,2.18,207803368,0
20.HK,D,20230606,000000,2.16,2.2,2.1,2.12,165222190,0
20.HK,D,20230607,000000,2.18,2.18,2.12,2.14,121138009,0
20.HK,D,20230608,000000,2.12,2.14,2.08,2.11,82613206,0
20.HK,D,20230609,000000,2.12,2.19,2.07,2.18,155082160,0
20.HK,D,20230612,000000,2.18,2.2,2.15,2.17,68507209,0
20.HK,D,20230613,000000,2.16,2.34,2.15,2.33,423000833,0
20.HK,D,20230614,000000,2.36,2.36,2.23,2.26,267225721,0
20.HK,D,20230615,000000,2.29,2.32,2.24,2.28,212040530,0
20.HK,D,20230616,000000,2.29,2.33,2.26,2.29,294560671,0
20.HK,D,20230619,000000,2.27,2.36,2.22,2.28,231286721,0
20.HK,D,20230620,000000,2.28,2.3,2.21,2.25,142439942,0
20.HK,D,20230621,000000,2.22,2.24,2.1,2.11,210600072,0
20.HK,D,20230623,000000,2.14,2.14,2.08,2.1,70591216,0
20.HK,D,20230626,000000,2.1,2.14,2.05,2.13,150653004,0
20.HK,D,20230627,000000,2.13,2.16,2.12,2.13,98227187,0
20.HK,D,20230628,000000,2.13,2.16,2.07,2.15,137174982,0
20.HK,D,20230629,000000,2.15,2.16,2.09,2.11,95245987,0
20.HK,D,20230630,000000,2.11,2.12,2.07,2.07,144570405,0
20.HK,D,20230703,000000,2.1,2.23,2.09,2.18,229993134,0
20.HK,D,20230704,000000,2.16,2.16,1.97,1.99,1778669753,0
20.HK,D,20230705,000000,1.99,2,1.87,1.9,394783340,0
20.HK,D,20230706,000000,1.9,1.94,1.86,1.89,255191000,0
20.HK,D,20230707,000000,1.89,1.92,1.86,1.87,230194726,0
20.HK,D,20230710,000000,1.91,1.93,1.87,1.87,87416156,0
20.HK,D,20230711,000000,1.89,1.89,1.78,1.79,235544854,0
20.HK,D,20230712,000000,1.8,1.85,1.78,1.79,163251742,0
20.HK,D,20230713,000000,1.83,1.94,1.81,1.93,348341266,0
20.HK,D,20230714,000000,1.94,1.96,1.89,1.92,156203500,0
20.HK,D,20230718,000000,1.9,1.9,1.8,1.8,203509000,0
20.HK,D,20230719,000000,1.8,1.83,1.78,1.79,172777380,0
20.HK,D,20230720,000000,1.8,1.82,1.68,1.69,260853421,0
20.HK,D,20230721,000000,1.64,1.84,1.61,1.72,1797337507,0
20.HK,D,20230724,000000,1.72,1.75,1.67,1.68,206826000,0
20.HK,D,20230725,000000,1.73,1.79,1.71,1.77,261003524,0
20.HK,D,20230726,000000,1.77,1.79,1.73,1.76,130676075,0
20.HK,D,20230727,000000,1.77,1.81,1.76,1.8,205896234,0
20.HK,D,20230728,000000,1.76,1.84,1.75,1.82,275794242,0
20.HK,D,20230731,000000,1.85,1.91,1.84,1.85,312106453,0
20.HK,D,20230801,000000,1.87,1.88,1.8,1.82,203759351,0
20.HK,D,20230802,000000,1.8,1.83,1.75,1.76,138247000,0
20.HK,D,20230803,000000,1.75,1.79,1.74,1.76,106487612,0
20.HK,D,20230804,000000,1.79,1.81,1.75,1.76,95853486,0
20.HK,D,20230807,000000,1.74,1.74,1.69,1.7,140479858,0
20.HK,D,20230808,000000,1.68,1.72,1.67,1.68,105572398,0
20.HK,D,20230809,000000,1.67,1.7,1.66,1.69,61347069,0
20.HK,D,20230810,000000,1.68,1.68,1.62,1.65,108858766,0
20.HK,D,20230811,000000,1.65,1.65,1.56,1.59,167458347,0
20.HK,D,20230814,000000,1.54,1.62,1.5,1.61,115743195,0
20.HK,D,20230815,000000,1.61,1.62,1.55,1.57,80265605,0
20.HK,D,20230816,000000,1.55,1.57,1.51,1.52,148872400,0
20.HK,D,20230817,000000,1.5,1.56,1.5,1.55,130352475,0
20.HK,D,20230818,000000,1.55,1.56,1.5,1.51,79485000,0
20.HK,D,20230821,000000,1.51,1.52,1.48,1.49,144497217,0
20.HK,D,20230822,000000,1.49,1.53,1.47,1.52,96593977,0
20.HK,D,20230823,000000,1.52,1.53,1.48,1.5,68374535,0
20.HK,D,20230824,000000,1.51,1.58,1.5,1.57,154890544,0
20.HK,D,20230825,000000,1.54,1.55,1.51,1.53,61772602,0
20.HK,D,20230828,000000,1.58,1.6,1.5,1.5,125778749,0
20.HK,D,20230829,000000,1.51,1.55,1.37,1.54,302465176,0
20.HK,D,20230830,000000,1.57,1.58,1.48,1.51,220729000,0
20.HK,D,20230831,000000,1.56,1.62,1.53,1.56,323774463,0
20.HK,D,20230904,000000,1.58,1.71,1.57,1.68,466065055,0
20.HK,D,20230905,000000,1.68,1.68,1.55,1.6,270679011,0
20.HK,D,20230906,000000,1.59,1.61,1.54,1.59,184688000,0
20.HK,D,20230907,000000,1.58,1.58,1.5,1.51,131681419,0
20.HK,D,20230911,000000,1.48,1.55,1.45,1.55,145276932,0
20.HK,D,20230912,000000,1.55,1.55,1.49,1.5,93017253,0
20.HK,D,20230913,000000,1.51,1.52,1.47,1.48,73390054,0
20.HK,D,20230914,000000,1.49,1.5,1.47,1.48,55785308,0
20.HK,D,20230915,000000,1.49,1.51,1.43,1.49,133916552,0
20.HK,D,20230918,000000,1.47,1.49,1.45,1.46,73766052,0
20.HK,D,20230919,000000,1.45,1.47,1.43,1.44,64351720,0
20.HK,D,20230920,000000,1.43,1.43,1.4,1.41,81528180,0
20.HK,D,20230921,000000,1.4,1.42,1.37,1.38,100124087,0
20.HK,D,20230922,000000,1.37,1.45,1.36,1.45,148490051,0
20.HK,D,20230925,000000,1.46,1.47,1.42,1.42,59966046,0
20.HK,D,20230926,000000,1.43,1.46,1.4,1.42,99521200,0
20.HK,D,20230927,000000,1.43,1.44,1.38,1.39,110549633,0
20.HK,D,20230928,000000,1.39,1.42,1.37,1.37,85163731,0
20.HK,D,20230929,000000,1.39,1.44,1.38,1.43,77852980,0
20.HK,D,20231003,000000,1.41,1.42,1.35,1.37,54054238,0
20.HK,D,20231004,000000,1.37,1.37,1.31,1.32,50426956,0
20.HK,D,20231005,000000,1.33,1.37,1.32,1.34,66078000,0
20.HK,D,20231006,000000,1.36,1.43,1.35,1.43,74446724,0
20.HK,D,20231009,000000,1.46,1.46,1.4,1.41,76104151,0
20.HK,D,20231010,000000,1.41,1.45,1.41,1.42,81160000,0
20.HK,D,20231011,000000,1.45,1.49,1.43,1.47,159310100,0
20.HK,D,20231012,000000,1.5,1.5,1.46,1.48,102053341,0
20.HK,D,20231013,000000,1.46,1.47,1.43,1.44,90165824,0
20.HK,D,20231016,000000,1.44,1.45,1.4,1.43,64514000,0
20.HK,D,20231017,000000,1.45,1.45,1.4,1.43,58110218,0
20.HK,D,20231018,000000,1.42,1.43,1.39,1.41,61998318,0
20.HK,D,20231019,000000,1.4,1.43,1.38,1.4,68361000,0
20.HK,D,20231020,000000,1.4,1.4,1.37,1.38,70971282,0
20.HK,D,20231024,000000,1.38,1.39,1.34,1.35,77251643,0
20.HK,D,20231025,000000,1.4,1.43,1.37,1.39,89839374,0
20.HK,D,20231026,000000,1.38,1.41,1.36,1.38,68292490,0
20.HK,D,20231027,000000,1.39,1.42,1.37,1.4,123554920,0
20.HK,D,20231030,000000,1.4,1.46,1.4,1.42,206042982,0
20.HK,D,20231031,000000,1.42,1.43,1.38,1.4,87377398,0
20.HK,D,20231101,000000,1.4,1.41,1.38,1.4,74727898,0
20.HK,D,20231102,000000,1.41,1.43,1.38,1.39,96890224,0
20.HK,D,20231103,000000,1.41,1.46,1.39,1.42,296085090,0
20.HK,D,20231106,000000,1.45,1.54,1.43,1.53,297720405,0
20.HK,D,20231107,000000,1.51,1.56,1.5,1.54,154341576,0
20.HK,D,20231108,000000,1.55,1.57,1.52,1.53,149533978,0
20.HK,D,20231109,000000,1.53,1.56,1.48,1.49,103569000,0
20.HK,D,20231110,000000,1.47,1.48,1.43,1.44,98441429,0
20.HK,D,20231113,000000,1.46,1.54,1.46,1.53,115273475,0
20.HK,D,20231114,000000,1.53,1.55,1.5,1.54,98570422,0
20.HK,D,20231115,000000,1.58,1.6,1.53,1.56,155917142,0
20.HK,D,20231116,000000,1.57,1.57,1.51,1.52,98957460,0
20.HK,D,20231117,000000,1.5,1.52,1.47,1.48,91563394,0
20.HK,D,20231120,000000,1.5,1.55,1.48,1.55,146938022,0
20.HK,D,20231121,000000,1.57,1.57,1.48,1.5,142751903,0
20.HK,D,20231122,000000,1.49,1.5,1.47,1.47,79782000,0
20.HK,D,20231123,000000,1.48,1.53,1.46,1.52,142852717,0
20.HK,D,20231124,000000,1.51,1.52,1.46,1.46,115455410,0
20.HK,D,20231127,000000,1.47,1.47,1.43,1.44,69578888,0
20.HK,D,20231128,000000,1.44,1.45,1.3,1.37,467256478,0
20.HK,D,20231129,000000,1.37,1.38,1.33,1.36,126664467,0
20.HK,D,20231130,000000,1.36,1.37,1.33,1.36,93036157,0
20.HK,D,20231201,000000,1.36,1.39,1.34,1.38,126170000,0
20.HK,D,20231204,000000,1.39,1.4,1.34,1.36,98712598,0
20.HK,D,20231205,000000,1.35,1.36,1.31,1.32,109778070,0
20.HK,D,20231206,000000,1.32,1.34,1.25,1.29,179337084,0
20.HK,D,20231207,000000,1.28,1.3,1.25,1.28,108585163,0
20.HK,D,20231208,000000,1.3,1.33,1.27,1.29,162711586,0
20.HK,D,20231211,000000,1.29,1.29,1.23,1.25,129996200,0
20.HK,D,20231212,000000,1.26,1.27,1.23,1.24,95898482,0
20.HK,D,20231213,000000,1.24,1.24,1.2,1.22,113805218,0
20.HK,D,20231214,000000,1.24,1.25,1.21,1.22,113148310,0
20.HK,D,20231215,000000,1.24,1.29,1.24,1.26,240945221,0
20.HK,D,20231218,000000,1.08,1.15,1.03,1.12,555938208,0
20.HK,D,20231219,000000,1.12,1.17,1.11,1.12,158636000,0
20.HK,D,20231220,000000,1.13,1.18,1.13,1.15,152473744,0
20.HK,D,20231221,000000,1.14,1.17,1.13,1.15,114238238,0
20.HK,D,20231222,000000,1.17,1.17,1.08,1.08,211134263,0
20.HK,D,20231227,000000,1.09,1.12,1.06,1.09,156574108,0
20.HK,D,20231228,000000,1.1,1.17,1.09,1.15,188964048,0
20.HK,D,20231229,000000,1.15,1.17,1.14,1.16,88631179,0
20.HK,D,20240102,000000,1.18,1.19,1.14,1.16,82320356,0
20.HK,D,20240103,000000,1.14,1.16,1.11,1.12,105815515,0
20.HK,D,20240104,000000,1.12,1.13,1.09,1.1,59360000,0
20.HK,D,20240105,000000,1.1,1.12,1.08,1.09,64045076,0
20.HK,D,20240108,000000,1.09,1.09,1.02,1.03,106380936,0
20.HK,D,20240109,000000,1.04,1.07,1.03,1.05,91529589,0
20.HK,D,20240110,000000,1.05,1.06,1.02,1.02,132758038,0
20.HK,D,20240111,000000,1.03,1.07,1.02,1.05,127991000,0
20.HK,D,20240112,000000,1.05,1.07,1.04,1.05,58925343,0
20.HK,D,20240115,000000,1.05,1.06,1.03,1.06,62450528,0
20.HK,D,20240116,000000,1.05,1.07,1.03,1.03,72366906,0
20.HK,D,20240117,000000,1.03,1.03,0.91,0.91,345373123,0
20.HK,D,20240118,000000,0.91,0.94,0.89,0.91,205630067,0
20.HK,D,20240119,000000,0.91,0.93,0.87,0.89,187838293,0
20.HK,D,20240122,000000,0.89,0.9,0.82,0.83,255766956,0
20.HK,D,20240123,000000,0.84,0.93,0.83,0.91,259019500,0
20.HK,D,20240124,000000,0.92,0.93,0.88,0.92,260550000,0
20.HK,D,20240125,000000,0.93,0.93,0.89,0.92,144760000,0
20.HK,D,20240126,000000,0.91,0.92,0.87,0.87,159118354,0
20.HK,D,20240129,000000,0.87,0.9,0.86,0.87,167177510,0
20.HK,D,20240130,000000,0.87,0.87,0.83,0.84,135091448,0
20.HK,D,20240131,000000,0.83,0.85,0.78,0.79,198617487,0
20.HK,D,20240201,000000,0.8,0.83,0.79,0.79,180197658,0
20.HK,D,20240202,000000,0.81,0.84,0.76,0.78,262312096,0
20.HK,D,20240205,000000,0.77,0.82,0.76,0.78,187944946,0
20.HK,D,20240206,000000,0.78,0.88,0.78,0.86,530532330,0
20.HK,D,20240207,000000,0.88,0.88,0.82,0.83,251851486,0
20.HK,D,20240208,000000,0.83,0.88,0.83,0.86,159421000,0
20.HK,D,20240209,000000,0.85,0.85,0.81,0.82,62308739,0
20.HK,D,20240214,000000,0.81,0.85,0.78,0.8,225589304,0
20.HK,D,20240215,000000,0.81,0.82,0.78,0.8,131520000,0
20.HK,D,20240216,000000,0.8,0.86,0.8,0.85,176692765,0
20.HK,D,20240219,000000,0.88,0.91,0.85,0.86,421098247,0
20.HK,D,20240220,000000,0.86,0.87,0.83,0.85,158966000,0
20.HK,D,20240221,000000,0.84,0.94,0.83,0.91,483218571,0
20.HK,D,20240222,000000,0.92,0.93,0.9,0.93,234971000,0
20.HK,D,20240223,000000,0.93,0.96,0.91,0.93,272521864,0
20.HK,D,20240226,000000,0.93,0.96,0.91,0.92,223728589,0
20.HK,D,20240227,000000,0.92,0.97,0.88,0.96,356006639,0
20.HK,D,20240228,000000,0.97,0.99,0.89,0.9,450962000,0
20.HK,D,20240229,000000,0.89,0.94,0.89,0.9,268682551,0
20.HK,D,20240301,000000,0.9,0.91,0.88,0.89,284595848,0
20.HK,D,20240304,000000,0.9,0.93,0.89,0.89,230878307,0
20.HK,D,20240305,000000,0.88,0.89,0.82,0.83,359410043,0
20.HK,D,20240306,000000,0.84,0.86,0.82,0.84,245277966,0
20.HK,D,20240307,000000,0.84,0.89,0.83,0.83,478041264,0
20.HK,D,20240308,000000,0.84,0.87,0.83,0.86,260678600,0
20.HK,D,20240311,000000,0.87,0.91,0.86,0.91,356144941,0
20.HK,D,20240312,000000,0.92,0.93,0.9,0.92,380409512,0
20.HK,D,20240313,000000,0.92,0.94,0.88,0.89,372736064,0
20.HK,D,20240314,000000,0.89,0.9,0.84,0.85,278820442,0
20.HK,D,20240315,000000,0.84,0.85,0.82,0.84,270238349,0
20.HK,D,20240318,000000,0.85,0.85,0.83,0.84,172432000,0
20.HK,D,20240319,000000,0.84,0.85,0.82,0.82,165738466,0
20.HK,D,20240320,000000,0.82,0.84,0.82,0.82,132436250,0
20.HK,D,20240321,000000,0.84,0.87,0.83,0.84,296242900,0
20.HK,D,20240322,000000,0.84,0.85,0.8,0.8,338619000,0
20.HK,D,20240325,000000,0.81,0.81,0.78,0.78,272750000,0
20.HK,D,20240326,000000,0.78,0.79,0.76,0.78,218827641,0
20.HK,D,20240327,000000,0.79,0.79,0.7,0.7,528954158,0
20.HK,D,20240328,000000,0.7,0.74,0.7,0.71,398119944,0
20.HK,D,20240402,000000,0.71,0.74,0.71,0.73,363877325,0
20.HK,D,20240403,000000,0.73,0.74,0.68,0.68,328348105,0
20.HK,D,20240405,000000,0.68,0.69,0.62,0.65,344724762,0
20.HK,D,20240408,000000,0.66,0.68,0.64,0.65,251905027,0
20.HK,D,20240409,000000,0.65,0.68,0.65,0.67,203057598,0
20.HK,D,20240410,000000,0.68,0.7,0.67,0.68,250125000,0
20.HK,D,20240411,000000,0.67,0.7,0.66,0.68,279220000,0
20.HK,D,20240412,000000,0.68,0.71,0.66,0.66,253072741,0
20.HK,D,20240415,000000,0.65,0.66,0.61,0.62,452188874,0
20.HK,D,20240416,000000,0.61,0.62,0.58,0.59,345885649,0
20.HK,D,20240417,000000,0.59,0.62,0.58,0.62,213971917,0
20.HK,D,20240418,000000,0.62,0.63,0.6,0.61,209368488,0
20.HK,D,20240419,000000,0.61,0.61,0.58,0.58,239035391,0
20.HK,D,20240422,000000,0.58,0.61,0.58,0.6,295003270,0
20.HK,D,20240423,000000,0.61,0.63,0.6,0.61,225069092,0
20.HK,D,20240424,000000,0.63,0.83,0.62,0.8,1667967342,0
20.HK,D,20240425,000000,0.94,0.96,0.82,0.83,2208419574,0
20.HK,D,20240426,000000,0.84,1.23,0.84,1.19,3971252740,0
20.HK,D,20240429,000000,1.22,1.32,1.16,1.21,2816817334,0
20.HK,D,20240430,000000,1.25,1.28,1.11,1.22,1806558823,0
20.HK,D,20240502,000000,1.21,1.68,1.19,1.66,2031402871,0
20.HK,D,20240503,000000,1.76,1.76,1.54,1.6,1045974897,0
20.HK,D,20240506,000000,1.58,1.73,1.51,1.68,1966585415,0
20.HK,D,20240507,000000,1.7,1.77,1.63,1.65,1074469478,0
20.HK,D,20240508,000000,1.68,1.74,1.38,1.41,2845195012,0
20.HK,D,20240509,000000,1.42,1.49,1.4,1.45,1147183046,0
20.HK,D,20240510,000000,1.47,1.5,1.34,1.47,1661540088,0
20.HK,D,20240513,000000,1.48,1.55,1.42,1.46,1026484868,0
20.HK,D,20240514,000000,1.5,1.54,1.42,1.45,814317750,0
20.HK,D,20240516,000000,1.47,1.48,1.37,1.38,798703861,0
20.HK,D,20240517,000000,1.39,1.44,1.36,1.4,743348091,0
20.HK,D,20240520,000000,1.4,1.6,1.38,1.57,2144055967,0
20.HK,D,20240521,000000,1.56,1.59,1.5,1.5,804198208,0
20.HK,D,20240522,000000,1.52,1.53,1.46,1.48,543364070,0
20.HK,D,20240523,000000,1.5,1.55,1.47,1.48,710595870,0
20.HK,D,20240524,000000,1.49,1.52,1.37,1.4,698671000,0
20.HK,D,20240527,000000,1.4,1.42,1.29,1.37,795211000,0
20.HK,D,20240528,000000,1.39,1.4,1.3,1.31,518067400,0
20.HK,D,20240529,000000,1.31,1.46,1.27,1.37,1126829180,0
20.HK,D,20240530,000000,1.37,1.4,1.35,1.36,368399237,0
20.HK,D,20240531,000000,1.38,1.42,1.31,1.32,467158001,0
20.HK,D,20240603,000000,1.33,1.38,1.32,1.36,327944937,0
20.HK,D,20240604,000000,1.36,1.42,1.35,1.39,419527038,0
20.HK,D,20240605,000000,1.39,1.45,1.37,1.38,611280172,0
20.HK,D,20240606,000000,1.4,1.5,1.38,1.48,1090937004,0
20.HK,D,20240607,000000,1.49,1.51,1.44,1.45,713634425,0
20.HK,D,20240611,000000,1.44,1.45,1.38,1.4,425986449,0
20.HK,D,20240612,000000,1.39,1.43,1.37,1.4,314054824,0
20.HK,D,20240613,000000,1.42,1.43,1.37,1.38,231687150,0
20.HK,D,20240614,000000,1.37,1.39,1.33,1.35,368397094,0
20.HK,D,20240617,000000,1.34,1.36,1.32,1.33,261704273,0
20.HK,D,20240618,000000,1.34,1.38,1.32,1.34,250753835,0
20.HK,D,20240619,000000,1.35,1.46,1.35,1.43,881205463,0
20.HK,D,20240620,000000,1.44,1.45,1.32,1.32,682439824,0
20.HK,D,20240621,000000,1.26,1.37,1.23,1.36,928393094,0
20.HK,D,20240624,000000,1.37,1.38,1.32,1.37,324083454,0
20.HK,D,20240625,000000,1.37,1.39,1.36,1.37,234969513,0
20.HK,D,20240626,000000,1.37,1.44,1.33,1.4,709706351,0
20.HK,D,20240627,000000,1.4,1.41,1.33,1.34,414122643,0
20.HK,D,20240628,000000,1.33,1.37,1.32,1.32,380102160,0
20.HK,D,20240702,000000,1.32,1.41,1.31,1.38,467656043,0
20.HK,D,20240703,000000,1.41,1.62,1.41,1.62,2307391463,0
20.HK,D,20240704,000000,1.66,1.67,1.56,1.61,893116821,0
20.HK,D,20240705,000000,1.61,1.63,1.35,1.35,1865623129,0
20.HK,D,20240708,000000,1.36,1.39,1.28,1.31,693241383,0
20.HK,D,20240709,000000,1.32,1.35,1.29,1.33,369484226,0
20.HK,D,20240710,000000,1.34,1.37,1.33,1.33,254837502,0
20.HK,D,20240711,000000,1.34,1.36,1.34,1.35,207034013,0
20.HK,D,20240712,000000,1.36,1.39,1.35,1.38,312416552,0
20.HK,D,20240715,000000,1.37,1.37,1.32,1.33,205321657,0
20.HK,D,20240716,000000,1.32,1.35,1.32,1.34,153718023,0
20.HK,D,20240717,000000,1.34,1.36,1.33,1.34,166213780,0
20.HK,D,20240718,000000,1.34,1.35,1.29,1.31,270121004,0
20.HK,D,20240719,000000,1.29,1.31,1.28,1.3,180775518,0
20.HK,D,20240722,000000,1.3,1.31,1.19,1.26,650246732,0
20.HK,D,20240723,000000,1.26,1.26,1.19,1.2,380619366,0
20.HK,D,20240724,000000,1.21,1.23,1.15,1.16,429745093,0
20.HK,D,20240725,000000,1.15,1.18,1.13,1.16,321209360,0
20.HK,D,20240726,000000,1.17,1.22,1.15,1.17,281007260,0
20.HK,D,20240729,000000,1.19,1.21,1.16,1.18,191703010,0
20.HK,D,20240730,000000,1.18,1.18,1.13,1.14,242420604,0
20.HK,D,20240731,000000,1.14,1.22,1.13,1.21,336655386,0
20.HK,D,20240801,000000,1.21,1.23,1.17,1.18,228131615,0
20.HK,D,20240802,000000,1.16,1.18,1.14,1.16,157264119,0
20.HK,D,20240805,000000,1.14,1.17,1.05,1.07,589214957,0
20.HK,D,20240806,000000,1.1,1.12,1.05,1.09,322960213,0
20.HK,D,20240807,000000,1.1,1.12,1.08,1.09,212284059,0
20.HK,D,20240808,000000,1.08,1.1,1.05,1.08,187624626,0
20.HK,D,20240809,000000,1.1,1.12,1.09,1.11,176479645,0
20.HK,D,20240812,000000,1.12,1.12,1.07,1.1,120041798,0
20.HK,D,20240813,000000,1.11,1.11,1.08,1.1,86606003,0
20.HK,D,20240814,000000,1.11,1.12,1.07,1.07,102077004,0
20.HK,D,20240815,000000,1.07,1.15,1.06,1.11,292625702,0
20.HK,D,20240816,000000,1.12,1.14,1.1,1.11,128466013,0
20.HK,D,20240819,000000,1.11,1.15,1.11,1.13,201200885,0
20.HK,D,20240820,000000,1.13,1.14,1.09,1.1,162071399,0
20.HK,D,20240821,000000,1.09,1.12,1.07,1.11,129282085,0
20.HK,D,20240822,000000,1.11,1.13,1.08,1.09,170359758,0
20.HK,D,20240823,000000,1.09,1.11,1.08,1.1,124854744,0
20.HK,D,20240826,000000,1.11,1.17,1.1,1.17,315963245,0
20.HK,D,20240827,000000,1.16,1.19,1.14,1.18,212020403,0
20.HK,D,20240828,000000,1.16,1.17,1.1,1.12,325014514,0
20.HK,D,20240829,000000,1.1,1.18,1.08,1.16,366876873,0
20.HK,D,20240830,000000,1.17,1.2,1.15,1.18,285301519,0
20.HK,D,20240902,000000,1.17,1.18,1.13,1.14,172844000,0
20.HK,D,20240903,000000,1.14,1.16,1.13,1.14,98705482,0
20.HK,D,20240904,000000,1.13,1.13,1.09,1.11,186793800,0
20.HK,D,20240905,000000,1.11,1.14,1.11,1.13,136181654,0
20.HK,D,20240909,000000,1.12,1.13,1.08,1.09,321744828,0
20.HK,D,20240910,000000,1.1,1.11,1.07,1.09,226095486,0
20.HK,D,20240911,000000,1.08,1.09,1,1.03,401844001,0
20.HK,D,20240912,000000,1.04,1.06,1.03,1.04,148469080,0
20.HK,D,20240913,000000,1.04,1.08,1.04,1.04,167961289,0
20.HK,D,20240916,000000,1.05,1.07,1.03,1.07,62678401,0
20.HK,D,20240917,000000,1.08,1.11,1.06,1.1,128273000,0
20.HK,D,20240919,000000,1.09,1.13,1.07,1.1,280300024,0
20.HK,D,20240920,000000,1.11,1.2,1.11,1.17,636636266,0
20.HK,D,20240923,000000,1.17,1.21,1.16,1.19,273444086,0
20.HK,D,20240924,000000,1.21,1.24,1.18,1.23,447174646,0
20.HK,D,20240925,000000,1.26,1.33,1.24,1.25,679452387,0
20.HK,D,20240926,000000,1.26,1.4,1.24,1.39,1283084029,0
20.HK,D,20240927,000000,1.44,1.5,1.4,1.46,1229224207,0
20.HK,D,20240930,000000,1.51,1.75,1.51,1.72,2285662808,0
20.HK,D,20241002,000000,1.72,1.88,1.68,1.85,1208309201,0
20.HK,D,20241003,000000,1.87,1.9,1.63,1.77,922482221,0
20.HK,D,20241004,000000,1.74,2.15,1.73,2.12,1779279384,0
20.HK,D,20241007,000000,2.23,2.34,2.11,2.33,1331638132,0
20.HK,D,20241008,000000,2.33,2.35,1.82,1.83,2654057180,0
20.HK,D,20241009,000000,1.89,1.99,1.65,1.74,2203476563,0
20.HK,D,20241010,000000,1.82,1.83,1.68,1.73,982948082,0
20.HK,D,20241014,000000,1.7,1.71,1.55,1.62,970544325,0
20.HK,D,20241015,000000,1.62,1.68,1.5,1.53,883729162,0
20.HK,D,20241016,000000,1.49,1.55,1.47,1.5,653803172,0
20.HK,D,20241017,000000,1.52,1.61,1.5,1.52,946728112,0
20.HK,D,20241018,000000,1.53,1.68,1.48,1.66,1150597496,0
20.HK,D,20241021,000000,1.68,1.69,1.59,1.59,810768295,0
20.HK,D,20241022,000000,1.6,1.68,1.58,1.64,451957122,0
20.HK,D,20241023,000000,1.66,1.74,1.62,1.66,736505616,0
20.HK,D,20241024,000000,1.63,1.66,1.58,1.59,526344814,0
20.HK,D,20241025,000000,1.59,1.65,1.58,1.6,381283014,0
20.HK,D,20241028,000000,1.6,1.63,1.57,1.6,315567710,0
20.HK,D,20241029,000000,1.63,1.66,1.54,1.57,521661202,0
20.HK,D,20241030,000000,1.58,1.6,1.52,1.55,388135823,0
20.HK,D,20241031,000000,1.55,1.58,1.53,1.56,313599684,0
20.HK,D,20241101,000000,1.56,1.57,1.48,1.52,445659275,0
20.HK,D,20241104,000000,1.52,1.55,1.51,1.53,250772588,0
20.HK,D,20241105,000000,1.53,1.65,1.5,1.64,615820360,0
20.HK,D,20241106,000000,1.64,1.69,1.59,1.62,619967920,0
20.HK,D,20241107,000000,1.62,1.74,1.59,1.74,643510413,0
20.HK,D,20241108,000000,1.78,1.8,1.68,1.71,639872037,0
20.HK,D,20241111,000000,1.65,1.73,1.63,1.72,489350205,0
20.HK,D,20241112,000000,1.74,1.75,1.6,1.61,507840540,0
20.HK,D,20241113,000000,1.59,1.62,1.57,1.61,325115746,0
20.HK,D,20241114,000000,1.6,1.7,1.59,1.61,548994472,0
20.HK,D,20241115,000000,1.63,1.66,1.58,1.58,304961708,0
20.HK,D,20241118,000000,1.6,1.61,1.52,1.53,310757384,0
20.HK,D,20241119,000000,1.55,1.57,1.52,1.56,184162600,0
20.HK,D,20241120,000000,1.56,1.6,1.54,1.58,272852859,0
20.HK,D,20241121,000000,1.58,1.6,1.54,1.55,194211420,0
20.HK,D,20241122,000000,1.55,1.59,1.42,1.43,633736277,0
20.HK,D,20241125,000000,1.44,1.46,1.39,1.44,332706450,0
20.HK,D,20241126,000000,1.44,1.48,1.42,1.42,319368384,0
20.HK,D,20241127,000000,1.43,1.5,1.4,1.48,325011295,0
20.HK,D,20241128,000000,1.49,1.49,1.44,1.44,182776440,0
20.HK,D,20241129,000000,1.45,1.52,1.45,1.49,289031628,0
20.HK,D,20241202,000000,1.49,1.51,1.47,1.5,221054619,0
20.HK,D,20241203,000000,1.5,1.51,1.46,1.5,246757357,0
20.HK,D,20241204,000000,1.51,1.53,1.47,1.49,292754023,0
20.HK,D,20241205,000000,1.49,1.52,1.48,1.49,195240411,0
20.HK,D,20241206,000000,1.49,1.74,1.47,1.71,1600549776,0
20.HK,D,20241209,000000,1.71,1.86,1.68,1.85,1487537364,0
20.HK,D,20241210,000000,1.91,1.92,1.6,1.6,1947475066,0
20.HK,D,20241211,000000,1.58,1.64,1.54,1.58,1290424476,0
20.HK,D,20241212,000000,1.59,1.62,1.56,1.56,746945652,0
20.HK,D,20241213,000000,1.55,1.56,1.49,1.55,833059463,0
20.HK,D,20241216,000000,1.54,1.54,1.48,1.49,630988241,0
20.HK,D,20241217,000000,1.48,1.5,1.46,1.48,342332759,0
20.HK,D,20241218,000000,1.49,1.53,1.49,1.51,279286815,0
20.HK,D,20241219,000000,1.48,1.58,1.48,1.51,923643570,0
20.HK,D,20241220,000000,1.51,1.54,1.5,1.5,373884317,0
20.HK,D,20241223,000000,1.51,1.52,1.48,1.48,230745703,0
20.HK,D,20241224,000000,1.48,1.5,1.47,1.48,166095142,0
20.HK,D,20241227,000000,1.49,1.56,1.48,1.53,616061168,0
20.HK,D,20241230,000000,1.54,1.55,1.51,1.51,315055180,0
20.HK,D,20241231,000000,1.51,1.52,1.49,1.49,158486000,0
20.HK,D,20250102,000000,1.49,1.49,1.41,1.41,445155342,0
20.HK,D,20250103,000000,1.42,1.43,1.33,1.33,675163550,0
20.HK,D,20250106,000000,1.34,1.38,1.32,1.33,341436000,0
20.HK,D,20250107,000000,1.31,1.34,1.26,1.33,760391069,0
20.HK,D,20250108,000000,1.33,1.34,1.28,1.31,249315476,0
20.HK,D,20250109,000000,1.3,1.35,1.3,1.31,266372900,0
20.HK,D,20250110,000000,1.32,1.34,1.28,1.28,352838828,0
20.HK,D,20250113,000000,1.27,1.3,1.26,1.3,220368248,0
20.HK,D,20250114,000000,1.3,1.37,1.3,1.34,366713200,0
20.HK,D,20250115,000000,1.35,1.39,1.32,1.33,381744275,0
20.HK,D,20250116,000000,1.35,1.39,1.34,1.36,290447218,0
20.HK,D,20250117,000000,1.36,1.4,1.36,1.37,281968861,0
20.HK,D,20250120,000000,1.4,1.44,1.39,1.41,417040078,0
20.HK,D,20250121,000000,1.42,1.45,1.4,1.44,376956120,0
20.HK,D,20250122,000000,1.42,1.45,1.39,1.41,298788532,0
20.HK,D,20250123,000000,1.42,1.48,1.42,1.43,372324884,0
20.HK,D,20250124,000000,1.44,1.54,1.43,1.52,804839306,0
20.HK,D,20250127,000000,1.55,1.73,1.55,1.63,2139920143,0
20.HK,D,20250128,000000,1.64,1.66,1.59,1.61,257742223,0
20.HK,D,20250203,000000,1.61,1.7,1.55,1.69,638716105,0
20.HK,D,20250204,000000,1.71,1.74,1.65,1.73,647299075,0
20.HK,D,20250205,000000,1.71,1.71,1.59,1.65,1032353667,0
20.HK,D,20250206,000000,1.64,1.72,1.63,1.72,887731402,0
20.HK,D,20250207,000000,1.73,1.8,1.68,1.73,1509148921,0
20.HK,D,20250210,000000,1.76,1.85,1.75,1.77,1591363694,0
20.HK,D,20250211,000000,1.78,1.8,1.68,1.71,915494813,0
20.HK,D,20250212,000000,1.72,1.74,1.67,1.72,882736749,0
20.HK,D,20250213,000000,1.74,1.82,1.67,1.69,1927608034,0
20.HK,D,20250214,000000,1.72,1.83,1.71,1.82,1838648288,0
20.HK,D,20250217,000000,1.87,1.9,1.78,1.83,1368847858,0
20.HK,D,20250218,000000,1.84,1.92,1.77,1.82,1720505252,0
20.HK,D,20250219,000000,1.84,1.84,1.77,1.83,673482387,0
20.HK,D,20250220,000000,1.81,1.82,1.73,1.73,827399866,0
20.HK,D,20250221,000000,1.78,1.9,1.75,1.88,1633224268,0
20.HK,D,20250224,000000,1.94,1.98,1.89,1.92,1611617329,0
20.HK,D,20250225,000000,1.83,1.88,1.79,1.81,1137058698,0
20.HK,D,20250226,000000,1.84,1.86,1.79,1.82,727957684,0
20.HK,D,20250227,000000,1.83,1.87,1.74,1.78,957369090,0
20.HK,D,20250228,000000,1.77,1.77,1.62,1.64,1198561660,0
20.HK,D,20250303,000000,1.68,1.69,1.6,1.64,667388128,0
20.HK,D,20250304,000000,1.56,1.66,1.56,1.64,529505954,0
20.HK,D,20250305,000000,1.66,1.69,1.63,1.68,515118094,0
20.HK,D,20250306,000000,1.72,1.81,1.72,1.78,1104182734,0
20.HK,D,20250307,000000,1.76,1.8,1.72,1.75,898222015,0
20.HK,D,20250310,000000,1.74,1.76,1.69,1.73,599524840,0
20.HK,D,20250311,000000,1.68,1.76,1.67,1.75,517239357,0
20.HK,D,20250312,000000,1.76,1.78,1.69,1.71,503387034,0
20.HK,D,20250313,000000,1.72,1.74,1.66,1.69,397787645,0
20.HK,D,20250314,000000,1.71,1.73,1.67,1.71,310258861,0
20.HK,D,20250317,000000,1.71,1.73,1.67,1.68,321169169,0
20.HK,D,20250318,000000,1.71,1.73,1.7,1.72,308647780,0
20.HK,D,20250319,000000,1.72,1.8,1.68,1.74,678186275,0
20.HK,D,20250320,000000,1.74,1.75,1.68,1.68,452127885,0
20.HK,D,20250321,000000,1.68,1.69,1.6,1.61,735266471,0
20.HK,D,20250324,000000,1.62,1.63,1.58,1.61,362160231,0
20.HK,D,20250325,000000,1.6,1.61,1.56,1.57,350175186,0
20.HK,D,20250326,000000,1.57,1.6,1.57,1.59,242959466,0
20.HK,D,20250327,000000,1.55,1.55,1.45,1.49,985940724,0
20.HK,D,20250328,000000,1.51,1.53,1.47,1.5,320091816,0
20.HK,D,20250331,000000,1.5,1.5,1.45,1.49,369943870,0
20.HK,D,20250401,000000,1.49,1.51,1.46,1.47,374798128,0
20.HK,D,20250402,000000,1.48,1.54,1.47,1.53,344080342,0
20.HK,D,20250403,000000,1.5,1.6,1.49,1.55,546937714,0
20.HK,D,20250407,000000,1.4,1.44,1.25,1.28,1237287944,0
20.HK,D,20250408,000000,1.31,1.35,1.25,1.31,828976041,0
20.HK,D,20250409,000000,1.27,1.38,1.24,1.36,662922528,0
20.HK,D,20250410,000000,1.41,1.45,1.39,1.41,641567560,0
20.HK,D,20250411,000000,1.41,1.44,1.39,1.42,382694728,0
20.HK,D,20250414,000000,1.45,1.51,1.45,1.47,437628000,0
20.HK,D,20250415,000000,1.48,1.49,1.43,1.45,231544857,0
20.HK,D,20250416,000000,1.44,1.44,1.39,1.4,315298103,0
20.HK,D,20250417,000000,1.4,1.42,1.39,1.4,240102001,0
