<TICKER>,<PER>,<DATE>,<TIME>,<OPEN>,<HIGH>,<LOW>,<CLOSE>,<VOL>,<OPENINT>
28141.HK,D,20241009,000000,0.335,0.48,0.32,0.355,36410000,0
28141.HK,D,20241010,000000,0.355,0.37,0.32,0.33,17960000,0
28141.HK,D,20241014,000000,0.3,0.325,0.26,0.315,10040000,0
28141.HK,D,20241015,000000,0.32,0.345,0.265,0.265,8260000,0
28141.HK,D,20241016,000000,0.249,0.28,0.242,0.265,14990000,0
28141.HK,D,20241017,000000,0.26,0.27,0.223,0.223,18680000,0
28141.HK,D,20241018,000000,0.232,0.31,0.232,0.29,12120000,0
28141.HK,D,20241021,000000,0.315,0.34,0.275,0.275,11110000,0
28141.HK,D,20241022,000000,0.265,0.285,0.26,0.275,740000,0
28141.HK,D,20241023,000000,0.27,0.285,0.255,0.255,970000,0
28141.HK,D,20241024,000000,0.248,0.265,0.235,0.235,49800000,0
28141.HK,D,20241025,000000,0.241,0.27,0.241,0.26,16820000,0
28141.HK,D,20241028,000000,0.249,0.255,0.237,0.255,12420000,0
28141.HK,D,20241029,000000,0.248,0.265,0.233,0.233,15120000,0
28141.HK,D,20241030,000000,0.23,0.231,0.188,0.193,26560000,0
28141.HK,D,20241031,000000,0.192,0.207,0.189,0.201,2220000,0
28141.HK,D,20241101,000000,0.187,0.189,0.169,0.169,1890000,0
28141.HK,D,20241104,000000,0.176,0.178,0.164,0.164,1230000,0
28141.HK,D,20241105,000000,0.162,0.196,0.16,0.194,44620000,0
28141.HK,D,20241106,000000,0.201,0.214,0.184,0.192,81030000,0
28141.HK,D,20241107,000000,0.187,0.203,0.183,0.2,80250000,0
28141.HK,D,20241108,000000,0.218,0.224,0.191,0.192,238000000,0
28141.HK,D,20241111,000000,0.222,0.265,0.22,0.227,163040000,0
28141.HK,D,20241112,000000,0.211,0.242,0.18,0.18,109850000,0
28141.HK,D,20241113,000000,0.171,0.194,0.169,0.178,33140000,0
28141.HK,D,20241114,000000,0.162,0.17,0.128,0.129,17140000,0
28141.HK,D,20241115,000000,0.129,0.133,0.122,0.122,440000,0
28141.HK,D,20241118,000000,0.118,0.127,0.113,0.113,190000,0
28141.HK,D,20241119,000000,0.12,0.123,0.113,0.116,3950000,0
28141.HK,D,20241120,000000,0.12,0.124,0.12,0.12,260000,0
28141.HK,D,20241121,000000,0.122,0.136,0.117,0.133,4360000,0
28141.HK,D,20241122,000000,0.155,0.159,0.1,0.1,20100000,0
28141.HK,D,20241125,000000,0.089,0.092,0.083,0.085,9130000,0
28141.HK,D,20241126,000000,0.085,0.09,0.073,0.075,7290000,0
28141.HK,D,20241127,000000,0.071,0.09,0.07,0.088,8510000,0
28141.HK,D,20241128,000000,0.084,0.089,0.081,0.081,6280000,0
28141.HK,D,20241129,000000,0.079,0.1,0.076,0.086,6600000,0
28141.HK,D,20241202,000000,0.092,0.093,0.086,0.088,6900000,0
28141.HK,D,20241203,000000,0.084,0.09,0.081,0.081,3920000,0
28141.HK,D,20241204,000000,0.09,0.09,0.074,0.074,7410000,0
28141.HK,D,20241205,000000,0.075,0.077,0.073,0.075,4660000,0
28141.HK,D,20241206,000000,0.071,0.08,0.07,0.079,2640000,0
28141.HK,D,20241209,000000,0.09,0.09,0.073,0.09,2330000,0
28141.HK,D,20241210,000000,0.101,0.101,0.082,0.082,4480000,0
28141.HK,D,20241211,000000,0.082,0.087,0.077,0.077,3170000,0
28141.HK,D,20241212,000000,0.076,0.082,0.075,0.081,5250000,0
28141.HK,D,20241213,000000,0.071,0.073,0.066,0.066,2740000,0
28141.HK,D,20241216,000000,0.064,0.069,0.06,0.06,1550000,0
28141.HK,D,20241217,000000,0.059,0.062,0.058,0.059,560000,0
28141.HK,D,20241218,000000,0.061,0.063,0.061,0.063,1020000,0
28141.HK,D,20241219,000000,0.059,0.064,0.059,0.059,1200000,0
28141.HK,D,20241220,000000,0.062,0.078,0.062,0.067,25530000,0
28141.HK,D,20241223,000000,0.071,0.074,0.066,0.066,8510000,0
28141.HK,D,20241224,000000,0.062,0.063,0.061,0.062,3220000,0
28141.HK,D,20241227,000000,0.066,0.077,0.065,0.071,5000000,0
28141.HK,D,20241230,000000,0.069,0.085,0.069,0.07,9360000,0
28141.HK,D,20241231,000000,0.064,0.064,0.055,0.055,1860000,0
28141.HK,D,20250102,000000,0.05,0.052,0.038,0.038,3790000,0
28141.HK,D,20250103,000000,0.04,0.04,0.033,0.034,300000,0
28141.HK,D,20250106,000000,0.037,0.037,0.033,0.033,220000,0
28141.HK,D,20250107,000000,0.034,0.037,0.034,0.037,300000,0
28141.HK,D,20250108,000000,0.031,0.033,0.026,0.032,1030000,0
28141.HK,D,20250109,000000,0.032,0.036,0.032,0.035,730000,0
28141.HK,D,20250110,000000,0.041,0.042,0.036,0.036,740000,0
28141.HK,D,20250113,000000,0.037,0.04,0.037,0.04,420000,0
28141.HK,D,20250114,000000,0.037,0.046,0.037,0.044,710000,0
28141.HK,D,20250115,000000,0.038,0.048,0.038,0.042,460000,0
28141.HK,D,20250116,000000,0.056,0.066,0.048,0.052,37210000,0
28141.HK,D,20250117,000000,0.056,0.077,0.054,0.065,36650000,0
28141.HK,D,20250120,000000,0.065,0.065,0.05,0.052,22130000,0
28141.HK,D,20250121,000000,0.052,0.061,0.051,0.055,7610000,0
28141.HK,D,20250122,000000,0.052,0.052,0.044,0.044,10370000,0
28141.HK,D,20250123,000000,0.053,0.063,0.042,0.045,9720000,0
28141.HK,D,20250124,000000,0.046,0.053,0.046,0.05,6980000,0
28141.HK,D,20250127,000000,0.042,0.044,0.031,0.031,3520000,0
28141.HK,D,20250128,000000,0.024,0.031,0.024,0.031,1150000,0
28141.HK,D,20250203,000000,0.031,0.031,0.023,0.031,1520000,0
28141.HK,D,20250204,000000,0.035,0.065,0.035,0.065,4910000,0
28141.HK,D,20250205,000000,0.039,0.053,0.029,0.048,4520000,0
28141.HK,D,20250206,000000,0.055,0.073,0.055,0.072,13810000,0
28141.HK,D,20250207,000000,0.069,0.074,0.05,0.058,43020000,0
28141.HK,D,20250210,000000,0.059,0.068,0.054,0.068,11230000,0
28141.HK,D,20250211,000000,0.059,0.064,0.046,0.046,10760000,0
28141.HK,D,20250212,000000,0.045,0.071,0.042,0.066,17690000,0
28141.HK,D,20250213,000000,0.067,0.067,0.045,0.045,22250000,0
28141.HK,D,20250214,000000,0.036,0.036,0.029,0.035,23610000,0
28141.HK,D,20250217,000000,0.031,0.104,0.027,0.088,70850000,0
28141.HK,D,20250218,000000,0.088,0.126,0.088,0.108,46140000,0
28141.HK,D,20250219,000000,0.135,0.43,0.135,0.42,111670000,0
28141.HK,D,20250220,000000,0.42,0.42,0.265,0.33,51720000,0
28141.HK,D,20250221,000000,0.4,0.54,0.335,0.485,68280000,0
28141.HK,D,20250224,000000,0.56,0.69,0.465,0.54,55340000,0
28141.HK,D,20250225,000000,0.45,0.61,0.34,0.39,66130000,0
28141.HK,D,20250226,000000,0.4,0.445,0.295,0.375,63870000,0
28141.HK,D,20250227,000000,0.385,0.435,0.248,0.295,52550000,0
28141.HK,D,20250228,000000,0.275,0.275,0.176,0.185,39070000,0
28141.HK,D,20250303,000000,0.163,0.194,0.141,0.159,27060000,0
28141.HK,D,20250304,000000,0.138,0.18,0.109,0.159,29610000,0
28141.HK,D,20250305,000000,0.19,0.255,0.181,0.224,54400000,0
28141.HK,D,20250306,000000,0.265,0.37,0.234,0.241,24640000,0
28141.HK,D,20250307,000000,0.248,0.345,0.23,0.25,34570000,0
28141.HK,D,20250310,000000,0.275,0.275,0.186,0.206,6620000,0
28141.HK,D,20250311,000000,0.165,0.255,0.165,0.25,9340000,0
28141.HK,D,20250312,000000,0.238,0.255,0.173,0.188,3980000,0
28141.HK,D,20250313,000000,0.188,0.188,0.137,0.162,4620000,0
28141.HK,D,20250314,000000,0.169,0.185,0.146,0.172,4820000,0
28141.HK,D,20250317,000000,0.143,0.174,0.143,0.163,1880000,0
28141.HK,D,20250318,000000,0.163,0.205,0.15,0.166,2280000,0
28141.HK,D,20250319,000000,0.147,0.154,0.133,0.133,2440000,0
28141.HK,D,20250320,000000,0.112,0.116,0.085,0.085,3360000,0
28141.HK,D,20250321,000000,0.096,0.096,0.031,0.031,7450000,0
28141.HK,D,20250324,000000,0.026,0.027,0.019,0.025,8510000,0
28141.HK,D,20250325,000000,0.018,0.018,0.011,0.012,2990000,0
28141.HK,D,20250326,000000,0.01,0.01,0.01,0.01,150000,0
28141.HK,D,20250327,000000,0.01,0.01,0.01,0.01,30000,0
28141.HK,D,20250328,000000,0.01,0.01,0.01,0.01,0,0
28141.HK,D,20250331,000000,0.01,0.01,0.01,0.01,0,0
28141.HK,D,20250401,000000,0.01,0.01,0.01,0.01,0,0
