<TICKER>,<PER>,<DATE>,<TIME>,<OPEN>,<HIGH>,<LOW>,<CLOSE>,<VOL>,<OPENINT>
28250.HK,D,20241010,000000,0.189,0.197,0.174,0.174,17932000,0
28250.HK,D,20241014,000000,0.149,0.163,0.149,0.163,18000,0
28250.HK,D,20241015,000000,0.169,0.169,0.143,0.144,38000,0
28250.HK,D,20241016,000000,0.139,0.139,0.139,0.139,0,0
28250.HK,D,20241017,000000,0.144,0.144,0.144,0.144,0,0
28250.HK,D,20241018,000000,0.188,0.188,0.188,0.188,0,0
28250.HK,D,20241021,000000,0.181,0.181,0.181,0.181,0,0
28250.HK,D,20241022,000000,0.181,0.181,0.181,0.181,0,0
28250.HK,D,20241023,000000,0.222,0.222,0.221,0.221,160000,0
28250.HK,D,20241024,000000,0.212,0.212,0.212,0.212,0,0
28250.HK,D,20241025,000000,0.233,0.234,0.232,0.232,1600000,0
28250.HK,D,20241028,000000,0.212,0.212,0.212,0.212,0,0
28250.HK,D,20241029,000000,0.199,0.212,0.198,0.209,1480000,0
28250.HK,D,20241030,000000,0.205,0.216,0.2,0.213,3296000,0
28250.HK,D,20241031,000000,0.255,0.27,0.247,0.247,7404000,0
28250.HK,D,20241101,000000,0.265,0.265,0.26,0.265,484000,0
28250.HK,D,20241104,000000,0.285,0.29,0.265,0.265,748000,0
28250.HK,D,20241105,000000,0.275,0.295,0.275,0.295,150000,0
28250.HK,D,20241106,000000,0.29,0.29,0.28,0.28,100000,0
28250.HK,D,20241107,000000,0.26,0.28,0.26,0.28,380000,0
28250.HK,D,20241108,000000,0.31,0.32,0.29,0.295,1116000,0
28250.HK,D,20241111,000000,0.305,0.35,0.305,0.335,964000,0
28250.HK,D,20241112,000000,0.335,0.335,0.27,0.275,10296000,0
28250.HK,D,20241113,000000,0.255,0.29,0.241,0.29,14244000,0
28250.HK,D,20241114,000000,0.285,0.285,0.223,0.233,7248000,0
28250.HK,D,20241115,000000,0.243,0.255,0.231,0.232,2722000,0
28250.HK,D,20241118,000000,0.25,0.27,0.25,0.26,5024000,0
28250.HK,D,20241119,000000,0.218,0.229,0.206,0.229,340000,0
28250.HK,D,20241120,000000,0.213,0.218,0.208,0.218,338000,0
28250.HK,D,20241121,000000,0.238,0.243,0.226,0.226,1428000,0
28250.HK,D,20241122,000000,0.236,0.275,0.214,0.215,12392000,0
28250.HK,D,20241125,000000,0.215,0.215,0.194,0.211,6000,0
28250.HK,D,20241126,000000,0.19,0.19,0.173,0.173,1316000,0
28250.HK,D,20241127,000000,0.165,0.211,0.165,0.211,3920000,0
28250.HK,D,20241128,000000,0.21,0.222,0.197,0.198,1100000,0
28250.HK,D,20241129,000000,0.194,0.212,0.194,0.195,1140000,0
28250.HK,D,20241202,000000,0.207,0.228,0.207,0.22,3280000,0
28250.HK,D,20241203,000000,0.238,0.255,0.237,0.243,14660000,0
28250.HK,D,20241204,000000,0.239,0.246,0.239,0.243,1640000,0
28250.HK,D,20241205,000000,0.25,0.26,0.248,0.255,600000,0
28250.HK,D,20241206,000000,0.26,0.275,0.26,0.265,1264000,0
28250.HK,D,20241209,000000,0.255,0.315,0.255,0.315,1472000,0
28250.HK,D,20241210,000000,0.35,0.37,0.33,0.33,900000,0
28250.HK,D,20241211,000000,0.33,0.33,0.305,0.305,490000,0
28250.HK,D,20241212,000000,0.31,0.34,0.31,0.34,170000,0
28250.HK,D,20241213,000000,0.33,0.33,0.33,0.33,0,0
28250.HK,D,20241216,000000,0.285,0.285,0.285,0.285,0,0
28250.HK,D,20241217,000000,0.26,0.27,0.255,0.27,88000,0
28250.HK,D,20241218,000000,0.28,0.3,0.28,0.3,156000,0
28250.HK,D,20241219,000000,0.3,0.3,0.3,0.3,0,0
28250.HK,D,20241220,000000,0.345,0.345,0.335,0.335,20000,0
28250.HK,D,20241223,000000,0.335,0.335,0.335,0.335,200000,0
28250.HK,D,20241224,000000,0.38,0.39,0.38,0.39,100000,0
28250.HK,D,20241227,000000,0.48,0.5,0.475,0.49,400000,0
28250.HK,D,20241230,000000,0.495,0.495,0.495,0.495,0,0
28250.HK,D,20241231,000000,0.5,0.5,0.5,0.5,0,0
28250.HK,D,20250102,000000,0.465,0.5,0.465,0.47,280000,0
28250.HK,D,20250103,000000,0.59,0.59,0.58,0.59,120000,0
28250.HK,D,20250106,000000,0.63,0.63,0.63,0.63,0,0
28250.HK,D,20250107,000000,0.51,0.51,0.51,0.51,0,0
28250.HK,D,20250108,000000,0.41,0.41,0.405,0.41,120000,0
28250.HK,D,20250109,000000,0.47,0.47,0.47,0.47,0,0
28250.HK,D,20250110,000000,0.46,0.46,0.46,0.46,0,0
28250.HK,D,20250113,000000,0.42,0.42,0.42,0.42,0,0
28250.HK,D,20250114,000000,0.435,0.46,0.435,0.46,120000,0
28250.HK,D,20250115,000000,0.45,0.45,0.45,0.45,0,0
28250.HK,D,20250116,000000,0.5,0.5,0.485,0.485,28000,0
28250.HK,D,20250117,000000,0.51,0.51,0.51,0.51,0,0
28250.HK,D,20250120,000000,0.48,0.49,0.48,0.49,60000,0
28250.HK,D,20250121,000000,0.55,0.55,0.55,0.55,0,0
28250.HK,D,20250122,000000,0.51,0.51,0.51,0.51,0,0
28250.HK,D,20250123,000000,0.465,0.465,0.465,0.465,0,0
28250.HK,D,20250124,000000,0.58,0.6,0.58,0.6,10000,0
28250.HK,D,20250127,000000,0.61,0.61,0.61,0.61,0,0
28250.HK,D,20250128,000000,0.7,0.7,0.7,0.7,0,0
28250.HK,D,20250203,000000,0.69,0.69,0.69,0.69,0,0
28250.HK,D,20250204,000000,0.8,0.8,0.8,0.8,0,0
28250.HK,D,20250205,000000,0.8,0.8,0.8,0.8,0,0
28250.HK,D,20250206,000000,0.86,0.86,0.86,0.86,0,0
28250.HK,D,20250207,000000,1.04,1.04,1.04,1.04,0,0
28250.HK,D,20250210,000000,1.13,1.13,1.13,1.13,0,0
28250.HK,D,20250211,000000,1.05,1.05,1.05,1.05,0,0
28250.HK,D,20250212,000000,1.17,1.17,1.17,1.17,0,0
28250.HK,D,20250213,000000,0.96,0.96,0.96,0.96,0,0
28250.HK,D,20250214,000000,1.22,1.22,1.22,1.22,8000,0
28250.HK,D,20250217,000000,1.13,1.26,1.13,1.26,4000,0
28250.HK,D,20250218,000000,1.48,1.54,1.48,1.54,22000,0
28250.HK,D,20250219,000000,1.64,1.64,1.64,1.64,0,0
28250.HK,D,20250220,000000,1.62,1.62,1.62,1.62,0,0
28250.HK,D,20250221,000000,1.84,1.84,1.84,1.84,0,0
28250.HK,D,20250224,000000,1.85,1.85,1.85,1.85,0,0
28250.HK,D,20250225,000000,1.99,1.99,1.99,1.99,0,0
28250.HK,D,20250226,000000,2.18,2.29,2.18,2.29,142000,0
28250.HK,D,20250227,000000,2.08,2.08,1.99,1.99,300000,0
28250.HK,D,20250228,000000,1.85,1.85,1.84,1.85,120000,0
28250.HK,D,20250303,000000,1.7,1.79,1.69,1.79,344000,0
28250.HK,D,20250304,000000,1.72,1.74,1.72,1.74,6000,0
28250.HK,D,20250305,000000,1.92,2.1,1.92,2.1,10000,0
28250.HK,D,20250306,000000,2.15,2.15,2.13,2.15,4000,0
28250.HK,D,20250307,000000,2.06,2.06,2.06,2.06,0,0
28250.HK,D,20250310,000000,1.99,1.99,1.99,1.99,0,0
28250.HK,D,20250311,000000,2.06,2.06,2.06,2.06,0,0
28250.HK,D,20250312,000000,1.9,1.9,1.9,1.9,0,0
28250.HK,D,20250313,000000,1.94,1.94,1.94,1.94,0,0
28250.HK,D,20250314,000000,2.04,2.04,2.04,2.04,0,0
28250.HK,D,20250317,000000,2.22,2.22,2.22,2.22,0,0
28250.HK,D,20250318,000000,2.43,2.43,2.43,2.43,0,0
28250.HK,D,20250319,000000,2.47,2.47,2.47,2.47,0,0
28250.HK,D,20250320,000000,2.35,2.35,2.35,2.35,0,0
28250.HK,D,20250321,000000,2.14,2.14,2.14,2.14,0,0
28250.HK,D,20250324,000000,2.36,2.36,2.36,2.36,0,0
28250.HK,D,20250325,000000,2.05,2.05,2.05,2.05,0,0
28250.HK,D,20250326,000000,2.06,2.06,2.06,2.06,0,0
28250.HK,D,20250327,000000,1.87,1.87,1.87,1.87,0,0
28250.HK,D,20250328,000000,1.8,1.8,1.8,1.8,0,0
28250.HK,D,20250331,000000,1.63,1.63,1.63,1.63,0,0
28250.HK,D,20250401,000000,1.36,1.36,1.36,1.36,0,0
28250.HK,D,20250402,000000,1.21,1.21,1.21,1.21,0,0
28250.HK,D,20250403,000000,1.29,1.29,1.29,1.29,0,0
28250.HK,D,20250407,000000,0.58,0.58,0.58,0.58,0,0
28250.HK,D,20250408,000000,0.75,0.75,0.75,0.75,0,0
28250.HK,D,20250409,000000,0.74,1.02,0.74,1.02,3820000,0
28250.HK,D,20250410,000000,1.12,1.12,1.07,1.07,60000,0
28250.HK,D,20250411,000000,1.11,1.18,1.03,1.18,1018000,0
28250.HK,D,20250414,000000,1.06,1.07,1.04,1.06,66000,0
28250.HK,D,20250415,000000,1,1.02,1,1.02,300000,0
28250.HK,D,20250416,000000,0.83,0.86,0.81,0.86,474000,0
28250.HK,D,20250417,000000,0.91,0.91,0.91,0.91,0,0
