<TICKER>,<PER>,<DATE>,<TIME>,<OPEN>,<HIGH>,<LOW>,<CLOSE>,<VOL>,<OPENINT>
28379.HK,D,20241014,000000,0.14,0.143,0.132,0.132,100000,0
28379.HK,D,20241015,000000,0.088,0.097,0.085,0.088,150000,0
28379.HK,D,20241016,000000,0.087,0.087,0.087,0.087,0,0
28379.HK,D,20241017,000000,0.091,0.091,0.07,0.07,130000,0
28379.HK,D,20241018,000000,0.096,0.096,0.096,0.096,0,0
28379.HK,D,20241021,000000,0.082,0.082,0.082,0.082,0,0
28379.HK,D,20241022,000000,0.082,0.082,0.082,0.082,0,0
28379.HK,D,20241023,000000,0.087,0.087,0.087,0.087,0,0
28379.HK,D,20241024,000000,0.082,0.082,0.077,0.077,200000,0
28379.HK,D,20241025,000000,0.079,0.083,0.079,0.079,200000,0
28379.HK,D,20241028,000000,0.079,0.079,0.079,0.079,0,0
28379.HK,D,20241029,000000,0.077,0.078,0.077,0.077,500000,0
28379.HK,D,20241030,000000,0.069,0.069,0.064,0.066,1970000,0
28379.HK,D,20241031,000000,0.07,0.073,0.069,0.069,2720000,0
28379.HK,D,20241101,000000,0.073,0.073,0.073,0.073,0,0
28379.HK,D,20241104,000000,0.073,0.073,0.073,0.073,0,0
28379.HK,D,20241105,000000,0.089,0.089,0.088,0.089,60000,0
28379.HK,D,20241106,000000,0.077,0.077,0.07,0.071,2970000,0
28379.HK,D,20241107,000000,0.078,0.087,0.076,0.087,3000000,0
28379.HK,D,20241108,000000,0.104,0.105,0.082,0.082,13600000,0
28379.HK,D,20241111,000000,0.066,0.07,0.066,0.066,100000,0
28379.HK,D,20241112,000000,0.064,0.064,0.049,0.049,380000,0
28379.HK,D,20241113,000000,0.044,0.046,0.042,0.046,2640000,0
28379.HK,D,20241114,000000,0.038,0.038,0.038,0.038,420000,0
28379.HK,D,20241115,000000,0.038,0.038,0.038,0.038,30000,0
28379.HK,D,20241118,000000,0.041,0.041,0.041,0.041,480000,0
28379.HK,D,20241119,000000,0.041,0.041,0.041,0.041,0,0
28379.HK,D,20241120,000000,0.04,0.04,0.04,0.04,0,0
28379.HK,D,20241121,000000,0.036,0.036,0.036,0.036,0,0
28379.HK,D,20241122,000000,0.035,0.035,0.027,0.027,940000,0
28379.HK,D,20241125,000000,0.029,0.029,0.026,0.026,950000,0
28379.HK,D,20241126,000000,0.026,0.026,0.023,0.023,10000000,0
28379.HK,D,20241127,000000,0.022,0.03,0.022,0.03,5320000,0
28379.HK,D,20241128,000000,0.025,0.025,0.025,0.025,0,0
28379.HK,D,20241129,000000,0.025,0.025,0.025,0.025,750000,0
28379.HK,D,20241202,000000,0.027,0.027,0.027,0.027,0,0
28379.HK,D,20241203,000000,0.028,0.028,0.028,0.028,0,0
28379.HK,D,20241204,000000,0.029,0.029,0.029,0.029,0,0
28379.HK,D,20241205,000000,0.027,0.027,0.027,0.027,0,0
28379.HK,D,20241206,000000,0.031,0.031,0.03,0.031,5050000,0
28379.HK,D,20241209,000000,0.031,0.047,0.03,0.044,39700000,0
28379.HK,D,20241210,000000,0.053,0.062,0.049,0.049,14430000,0
28379.HK,D,20241211,000000,0.044,0.044,0.044,0.044,1520000,0
28379.HK,D,20241212,000000,0.05,0.05,0.05,0.05,50000,0
28379.HK,D,20241213,000000,0.037,0.038,0.037,0.037,50000,0
28379.HK,D,20241216,000000,0.034,0.034,0.034,0.034,0,0
28379.HK,D,20241217,000000,0.032,0.032,0.032,0.032,0,0
28379.HK,D,20241218,000000,0.032,0.032,0.032,0.032,0,0
28379.HK,D,20241219,000000,0.031,0.031,0.031,0.031,0,0
28379.HK,D,20241220,000000,0.031,0.031,0.031,0.031,0,0
28379.HK,D,20241223,000000,0.031,0.031,0.031,0.031,0,0
28379.HK,D,20241224,000000,0.035,0.035,0.035,0.035,0,0
28379.HK,D,20241227,000000,0.035,0.035,0.035,0.035,0,0
28379.HK,D,20241230,000000,0.033,0.033,0.033,0.033,0,0
28379.HK,D,20241231,000000,0.033,0.033,0.033,0.033,0,0
28379.HK,D,20250102,000000,0.024,0.024,0.024,0.024,0,0
28379.HK,D,20250103,000000,0.026,0.026,0.026,0.026,0,0
28379.HK,D,20250106,000000,0.025,0.025,0.025,0.025,0,0
28379.HK,D,20250107,000000,0.02,0.02,0.02,0.02,200000,0
28379.HK,D,20250108,000000,0.02,0.02,0.02,0.02,0,0
28379.HK,D,20250109,000000,0.019,0.019,0.019,0.019,0,0
28379.HK,D,20250110,000000,0.018,0.018,0.018,0.018,0,0
28379.HK,D,20250113,000000,0.018,0.018,0.018,0.018,0,0
28379.HK,D,20250114,000000,0.021,0.021,0.021,0.021,0,0
28379.HK,D,20250115,000000,0.021,0.021,0.021,0.021,0,0
28379.HK,D,20250116,000000,0.024,0.024,0.024,0.024,200000,0
28379.HK,D,20250117,000000,0.024,0.024,0.024,0.024,0,0
28379.HK,D,20250120,000000,0.028,0.028,0.028,0.028,350000,0
28379.HK,D,20250121,000000,0.031,0.031,0.031,0.031,0,0
28379.HK,D,20250122,000000,0.025,0.025,0.025,0.025,0,0
28379.HK,D,20250123,000000,0.023,0.023,0.023,0.023,0,0
28379.HK,D,20250124,000000,0.026,0.026,0.026,0.026,0,0
28379.HK,D,20250127,000000,0.029,0.029,0.029,0.029,0,0
28379.HK,D,20250128,000000,0.029,0.029,0.029,0.029,0,0
28379.HK,D,20250203,000000,0.028,0.028,0.028,0.028,0,0
28379.HK,D,20250204,000000,0.039,0.039,0.039,0.039,0,0
28379.HK,D,20250205,000000,0.035,0.035,0.035,0.035,0,0
28379.HK,D,20250206,000000,0.032,0.039,0.032,0.039,20000,0
28379.HK,D,20250207,000000,0.042,0.047,0.042,0.045,630000,0
28379.HK,D,20250210,000000,0.052,0.055,0.052,0.055,30000,0
28379.HK,D,20250211,000000,0.047,0.047,0.047,0.047,0,0
28379.HK,D,20250212,000000,0.059,0.059,0.059,0.059,0,0
28379.HK,D,20250213,000000,0.055,0.055,0.055,0.055,0,0
28379.HK,D,20250214,000000,0.083,0.083,0.083,0.083,0,0
28379.HK,D,20250217,000000,0.083,0.083,0.083,0.083,0,0
28379.HK,D,20250218,000000,0.096,0.096,0.096,0.096,0,0
28379.HK,D,20250219,000000,0.095,0.095,0.095,0.095,0,0
28379.HK,D,20250220,000000,0.075,0.075,0.075,0.075,0,0
28379.HK,D,20250221,000000,0.1,0.11,0.1,0.11,1060000,0
28379.HK,D,20250224,000000,0.106,0.106,0.106,0.106,0,0
28379.HK,D,20250225,000000,0.095,0.095,0.085,0.085,150000,0
28379.HK,D,20250226,000000,0.098,0.127,0.098,0.122,960000,0
28379.HK,D,20250227,000000,0.121,0.124,0.103,0.111,1220000,0
28379.HK,D,20250228,000000,0.089,0.098,0.068,0.072,1420000,0
28379.HK,D,20250303,000000,0.086,0.086,0.065,0.068,1020000,0
28379.HK,D,20250304,000000,0.053,0.063,0.053,0.062,810000,0
28379.HK,D,20250305,000000,0.083,0.088,0.068,0.088,710000,0
28379.HK,D,20250306,000000,0.116,0.131,0.112,0.131,700000,0
28379.HK,D,20250307,000000,0.126,0.146,0.122,0.122,820000,0
28379.HK,D,20250310,000000,0.106,0.106,0.097,0.097,100000,0
28379.HK,D,20250311,000000,0.085,0.099,0.085,0.099,350000,0
28379.HK,D,20250312,000000,0.085,0.085,0.085,0.085,0,0
28379.HK,D,20250313,000000,0.077,0.077,0.064,0.075,50000,0
28379.HK,D,20250314,000000,0.091,0.109,0.091,0.108,300000,0
28379.HK,D,20250317,000000,0.112,0.112,0.109,0.11,100000,0
28379.HK,D,20250318,000000,0.132,0.149,0.132,0.149,230000,0
28379.HK,D,20250319,000000,0.147,0.148,0.144,0.145,230000,0
28379.HK,D,20250320,000000,0.119,0.123,0.104,0.104,900000,0
28379.HK,D,20250321,000000,0.073,0.077,0.073,0.073,50000,0
28379.HK,D,20250324,000000,0.072,0.083,0.065,0.083,150000,0
28379.HK,D,20250325,000000,0.053,0.053,0.053,0.053,0,0
28379.HK,D,20250326,000000,0.049,0.052,0.049,0.052,200000,0
28379.HK,D,20250327,000000,0.06,0.066,0.055,0.055,200000,0
28379.HK,D,20250328,000000,0.043,0.043,0.043,0.043,0,0
28379.HK,D,20250331,000000,0.041,0.041,0.033,0.033,400000,0
28379.HK,D,20250401,000000,0.032,0.032,0.032,0.032,0,0
28379.HK,D,20250402,000000,0.029,0.029,0.029,0.029,0,0
28379.HK,D,20250403,000000,0.021,0.021,0.021,0.021,0,0
28379.HK,D,20250407,000000,0.021,0.021,0.021,0.021,0,0
28379.HK,D,20250408,000000,0.021,0.021,0.021,0.021,0,0
28379.HK,D,20250409,000000,0.021,0.021,0.021,0.021,0,0
28379.HK,D,20250410,000000,0.021,0.021,0.021,0.021,0,0
28379.HK,D,20250411,000000,0.021,0.021,0.021,0.021,0,0
28379.HK,D,20250414,000000,0.021,0.021,0.021,0.021,0,0
28379.HK,D,20250415,000000,0.021,0.021,0.021,0.021,0,0
28379.HK,D,20250416,000000,0.021,0.021,0.021,0.021,0,0
28379.HK,D,20250417,000000,0.021,0.021,0.021,0.021,0,0
