<TICKER>,<PER>,<DATE>,<TIME>,<OPEN>,<HIGH>,<LOW>,<CLOSE>,<VOL>,<OPENINT>
29012.HK,D,20241119,000000,0.073,0.074,0.072,0.072,122150000,0
29012.HK,D,20241120,000000,0.071,0.071,0.067,0.068,72150000,0
29012.HK,D,20241121,000000,0.071,0.071,0.068,0.068,120000000,0
29012.HK,D,20241122,000000,0.069,0.071,0.065,0.065,90165000,0
29012.HK,D,20241125,000000,0.057,0.057,0.053,0.053,141195000,0
29012.HK,D,20241126,000000,0.054,0.057,0.054,0.056,110800000,0
29012.HK,D,20241127,000000,0.072,0.072,0.072,0.072,0,0
29012.HK,D,20241128,000000,0.069,0.073,0.066,0.07,123655000,0
29012.HK,D,20241129,000000,0.07,0.075,0.07,0.072,30205000,0
29012.HK,D,20241202,000000,0.083,0.083,0.081,0.081,470000,0
29012.HK,D,20241203,000000,0.079,0.079,0.07,0.075,71040000,0
29012.HK,D,20241204,000000,0.069,0.07,0.064,0.068,94100000,0
29012.HK,D,20241205,000000,0.06,0.064,0.059,0.064,61265000,0
29012.HK,D,20241206,000000,0.065,0.075,0.065,0.074,91475000,0
29012.HK,D,20241209,000000,0.068,0.096,0.065,0.096,94790000,0
29012.HK,D,20241210,000000,0.119,0.121,0.104,0.104,1900000,0
29012.HK,D,20241211,000000,0.1,0.102,0.085,0.087,105000,0
29012.HK,D,20241212,000000,0.078,0.084,0.078,0.084,65000,0
29012.HK,D,20241213,000000,0.075,0.075,0.068,0.068,122150000,0
29012.HK,D,20241216,000000,0.071,0.071,0.064,0.065,135210000,0
29012.HK,D,20241217,000000,0.06,0.068,0.06,0.063,111635000,0
29012.HK,D,20241218,000000,0.068,0.068,0.067,0.068,400000,0
29012.HK,D,20241219,000000,0.061,0.063,0.059,0.062,110410000,0
29012.HK,D,20241220,000000,0.057,0.057,0.053,0.053,106485000,0
29012.HK,D,20241223,000000,0.053,0.058,0.052,0.057,360000,0
29012.HK,D,20241224,000000,0.059,0.061,0.059,0.06,40255000,0
29012.HK,D,20241227,000000,0.05,0.05,0.047,0.049,50840000,0
29012.HK,D,20241230,000000,0.045,0.045,0.045,0.045,150000,0
29012.HK,D,20241231,000000,0.046,0.049,0.046,0.049,80430000,0
29012.HK,D,20250102,000000,0.04,0.041,0.038,0.038,305000,0
29012.HK,D,20250103,000000,0.042,0.045,0.041,0.041,700000,0
29012.HK,D,20250106,000000,0.045,0.045,0.044,0.044,10000,0
29012.HK,D,20250107,000000,0.043,0.043,0.043,0.043,0,0
29012.HK,D,20250108,000000,0.046,0.046,0.042,0.042,5000,0
29012.HK,D,20250109,000000,0.037,0.038,0.037,0.037,45000,0
29012.HK,D,20250110,000000,0.032,0.032,0.032,0.032,100000,0
29012.HK,D,20250113,000000,0.029,0.029,0.029,0.029,15000,0
29012.HK,D,20250114,000000,0.035,0.041,0.035,0.041,30000,0
29012.HK,D,20250115,000000,0.039,0.04,0.039,0.04,20000,0
29012.HK,D,20250116,000000,0.045,0.045,0.042,0.043,25000,0
29012.HK,D,20250117,000000,0.047,0.057,0.047,0.057,620000,0
29012.HK,D,20250120,000000,0.077,0.091,0.077,0.086,104190000,0
29012.HK,D,20250121,000000,0.086,0.091,0.08,0.089,87115000,0
29012.HK,D,20250122,000000,0.068,0.069,0.063,0.065,125280000,0
29012.HK,D,20250123,000000,0.067,0.068,0.057,0.059,122380000,0
29012.HK,D,20250124,000000,0.058,0.075,0.058,0.072,8170000,0
29012.HK,D,20250127,000000,0.079,0.083,0.074,0.075,4600000,0
29012.HK,D,20250128,000000,0.078,0.078,0.072,0.077,2460000,0
29012.HK,D,20250203,000000,0.059,0.068,0.054,0.066,152435000,0
29012.HK,D,20250204,000000,0.074,0.095,0.074,0.091,105440000,0
29012.HK,D,20250205,000000,0.091,0.091,0.068,0.069,14370000,0
29012.HK,D,20250206,000000,0.067,0.073,0.064,0.073,6140000,0
29012.HK,D,20250207,000000,0.068,0.073,0.065,0.068,11385000,0
29012.HK,D,20250210,000000,0.068,0.082,0.068,0.079,13240000,0
29012.HK,D,20250211,000000,0.082,0.082,0.068,0.068,5620000,0
29012.HK,D,20250212,000000,0.071,0.074,0.058,0.064,220635000,0
29012.HK,D,20250213,000000,0.058,0.075,0.052,0.053,193480000,0
29012.HK,D,20250214,000000,0.066,0.084,0.066,0.083,200270000,0
29012.HK,D,20250217,000000,0.083,0.09,0.063,0.067,308760000,0
29012.HK,D,20250218,000000,0.065,0.073,0.059,0.064,233140000,0
29012.HK,D,20250219,000000,0.05,0.06,0.05,0.06,249870000,0
29012.HK,D,20250220,000000,0.056,0.059,0.049,0.055,308200000,0
29012.HK,D,20250221,000000,0.059,0.08,0.059,0.078,223300000,0
29012.HK,D,20250224,000000,0.076,0.088,0.074,0.079,136110000,0
29012.HK,D,20250225,000000,0.058,0.066,0.057,0.059,218945000,0
29012.HK,D,20250226,000000,0.069,0.103,0.069,0.096,94810000,0
29012.HK,D,20250227,000000,0.1,0.103,0.087,0.091,92360000,0
29012.HK,D,20250228,000000,0.082,0.086,0.068,0.069,72295000,0
29012.HK,D,20250303,000000,0.072,0.08,0.059,0.063,173810000,0
29012.HK,D,20250304,000000,0.05,0.065,0.05,0.063,44355000,0
29012.HK,D,20250305,000000,0.07,0.075,0.059,0.074,220965000,0
29012.HK,D,20250306,000000,0.085,0.132,0.08,0.131,57095000,0
29012.HK,D,20250307,000000,0.116,0.116,0.074,0.087,707405000,0
29012.HK,D,20250310,000000,0.073,0.078,0.056,0.059,235300000,0
29012.HK,D,20250311,000000,0.048,0.056,0.045,0.055,291855000,0
29012.HK,D,20250312,000000,0.054,0.054,0.042,0.046,157225000,0
29012.HK,D,20250313,000000,0.048,0.049,0.041,0.044,273150000,0
29012.HK,D,20250314,000000,0.044,0.065,0.044,0.062,48205000,0
29012.HK,D,20250317,000000,0.071,0.077,0.062,0.062,36350000,0
29012.HK,D,20250318,000000,0.077,0.088,0.073,0.087,42210000,0
29012.HK,D,20250319,000000,0.079,0.083,0.073,0.079,25300000,0
29012.HK,D,20250320,000000,0.07,0.07,0.047,0.05,262465000,0
29012.HK,D,20250321,000000,0.05,0.052,0.034,0.035,221350000,0
29012.HK,D,20250324,000000,0.038,0.041,0.033,0.038,16215000,0
29012.HK,D,20250325,000000,0.035,0.036,0.028,0.028,12005000,0
29012.HK,D,20250326,000000,0.03,0.033,0.028,0.031,7805000,0
29012.HK,D,20250327,000000,0.03,0.038,0.029,0.034,14440000,0
29012.HK,D,20250328,000000,0.04,0.041,0.03,0.032,9200000,0
29012.HK,D,20250331,000000,0.024,0.026,0.023,0.026,3830000,0
29012.HK,D,20250401,000000,0.024,0.026,0.023,0.023,1035000,0
29012.HK,D,20250402,000000,0.02,0.025,0.019,0.023,9800000,0
29012.HK,D,20250403,000000,0.015,0.015,0.011,0.012,14735000,0
29012.HK,D,20250407,000000,0.01,0.01,0.01,0.01,2675000,0
29012.HK,D,20250408,000000,0.01,0.01,0.01,0.01,0,0
29012.HK,D,20250409,000000,0.01,0.01,0.01,0.01,0,0
29012.HK,D,20250410,000000,0.01,0.01,0.01,0.01,760000,0
29012.HK,D,20250411,000000,0.011,0.015,0.011,0.015,705000,0
29012.HK,D,20250414,000000,0.015,0.017,0.014,0.014,595000,0
29012.HK,D,20250415,000000,0.01,0.01,0.01,0.01,0,0
29012.HK,D,20250416,000000,0.01,0.01,0.01,0.01,0,0
29012.HK,D,20250417,000000,0.01,0.01,0.01,0.01,0,0
