<TICKER>,<PER>,<DATE>,<TIME>,<OPEN>,<HIGH>,<LOW>,<CLOSE>,<VOL>,<OPENINT>
29073.HK,D,20241129,000000,0.102,0.108,0.077,0.083,15410000,0
29073.HK,D,20241202,000000,0.079,0.08,0.065,0.08,1000000,0
29073.HK,D,20241203,000000,0.073,0.077,0.063,0.073,20450000,0
29073.HK,D,20241204,000000,0.074,0.085,0.072,0.072,31050000,0
29073.HK,D,20241205,000000,0.064,0.064,0.053,0.054,11700000,0
29073.HK,D,20241206,000000,0.052,0.066,0.051,0.06,23160000,0
29073.HK,D,20241209,000000,0.058,0.088,0.057,0.088,22300000,0
29073.HK,D,20241210,000000,0.105,0.113,0.093,0.094,59980000,0
29073.HK,D,20241211,000000,0.101,0.102,0.079,0.082,20620000,0
29073.HK,D,20241212,000000,0.078,0.097,0.071,0.088,40610000,0
29073.HK,D,20241213,000000,0.079,0.079,0.068,0.069,14600000,0
29073.HK,D,20241216,000000,0.065,0.066,0.059,0.06,11250000,0
29073.HK,D,20241217,000000,0.055,0.071,0.053,0.064,8750000,0
29073.HK,D,20241218,000000,0.067,0.068,0.065,0.066,3010000,0
29073.HK,D,20241219,000000,0.061,0.065,0.059,0.065,2300000,0
29073.HK,D,20241220,000000,0.066,0.067,0.065,0.066,540000,0
29073.HK,D,20241223,000000,0.061,0.061,0.055,0.059,5440000,0
29073.HK,D,20241224,000000,0.058,0.058,0.053,0.056,9080000,0
29073.HK,D,20241227,000000,0.054,0.057,0.05,0.056,3660000,0
29073.HK,D,20241230,000000,0.052,0.054,0.048,0.052,13720000,0
29073.HK,D,20241231,000000,0.054,0.054,0.048,0.048,11670000,0
29073.HK,D,20250102,000000,0.044,0.051,0.038,0.047,26220000,0
29073.HK,D,20250103,000000,0.044,0.054,0.044,0.052,690000,0
29073.HK,D,20250106,000000,0.043,0.044,0.042,0.044,1280000,0
29073.HK,D,20250107,000000,0.039,0.039,0.039,0.039,0,0
29073.HK,D,20250108,000000,0.035,0.036,0.032,0.036,2300000,0
29073.HK,D,20250109,000000,0.033,0.034,0.03,0.031,2040000,0
29073.HK,D,20250110,000000,0.025,0.025,0.025,0.025,0,0
29073.HK,D,20250113,000000,0.02,0.022,0.02,0.022,560000,0
29073.HK,D,20250114,000000,0.031,0.034,0.029,0.033,540000,0
29073.HK,D,20250115,000000,0.03,0.03,0.029,0.03,230000,0
29073.HK,D,20250116,000000,0.034,0.036,0.031,0.032,540000,0
29073.HK,D,20250117,000000,0.032,0.032,0.032,0.032,0,0
29073.HK,D,20250120,000000,0.048,0.051,0.044,0.044,1180000,0
29073.HK,D,20250121,000000,0.045,0.046,0.044,0.046,100000,0
29073.HK,D,20250122,000000,0.035,0.035,0.032,0.032,220000,0
29073.HK,D,20250123,000000,0.035,0.036,0.028,0.028,40000,0
29073.HK,D,20250124,000000,0.026,0.028,0.026,0.026,1000000,0
29073.HK,D,20250127,000000,0.029,0.032,0.024,0.025,6550000,0
29073.HK,D,20250128,000000,0.026,0.026,0.023,0.023,4660000,0
29073.HK,D,20250203,000000,0.017,0.019,0.017,0.019,5660000,0
29073.HK,D,20250204,000000,0.025,0.025,0.025,0.025,0,0
29073.HK,D,20250205,000000,0.022,0.022,0.022,0.022,1000000,0
29073.HK,D,20250206,000000,0.022,0.022,0.022,0.022,0,0
29073.HK,D,20250207,000000,0.027,0.027,0.027,0.027,0,0
29073.HK,D,20250210,000000,0.041,0.041,0.041,0.041,0,0
29073.HK,D,20250211,000000,0.04,0.04,0.04,0.04,0,0
29073.HK,D,20250212,000000,0.031,0.031,0.031,0.031,0,0
29073.HK,D,20250213,000000,0.034,0.034,0.034,0.034,0,0
29073.HK,D,20250214,000000,0.051,0.051,0.051,0.051,0,0
29073.HK,D,20250217,000000,0.063,0.071,0.042,0.043,24330000,0
29073.HK,D,20250218,000000,0.041,0.058,0.039,0.047,29760000,0
29073.HK,D,20250219,000000,0.04,0.046,0.038,0.039,13940000,0
29073.HK,D,20250220,000000,0.029,0.029,0.026,0.027,5810000,0
29073.HK,D,20250221,000000,0.03,0.036,0.025,0.036,5480000,0
29073.HK,D,20250224,000000,0.033,0.044,0.033,0.041,20070000,0
29073.HK,D,20250225,000000,0.031,0.035,0.029,0.03,4730000,0
29073.HK,D,20250226,000000,0.035,0.059,0.035,0.057,34350000,0
29073.HK,D,20250227,000000,0.054,0.058,0.047,0.049,20240000,0
29073.HK,D,20250228,000000,0.043,0.043,0.029,0.029,17410000,0
29073.HK,D,20250303,000000,0.03,0.033,0.025,0.025,27570000,0
29073.HK,D,20250304,000000,0.021,0.022,0.02,0.021,7870000,0
29073.HK,D,20250305,000000,0.029,0.031,0.022,0.03,19820000,0
29073.HK,D,20250306,000000,0.038,0.047,0.038,0.046,13230000,0
29073.HK,D,20250307,000000,0.044,0.067,0.041,0.055,15100000,0
29073.HK,D,20250310,000000,0.054,0.054,0.035,0.037,60700000,0
29073.HK,D,20250311,000000,0.03,0.034,0.026,0.034,27640000,0
29073.HK,D,20250312,000000,0.037,0.037,0.025,0.026,80600000,0
29073.HK,D,20250313,000000,0.024,0.025,0.019,0.022,16320000,0
29073.HK,D,20250314,000000,0.023,0.036,0.022,0.033,15460000,0
29073.HK,D,20250317,000000,0.04,0.04,0.033,0.034,9860000,0
29073.HK,D,20250318,000000,0.035,0.036,0.032,0.035,6230000,0
29073.HK,D,20250319,000000,0.028,0.03,0.028,0.03,4820000,0
29073.HK,D,20250320,000000,0.024,0.024,0.017,0.017,4590000,0
29073.HK,D,20250321,000000,0.018,0.018,0.011,0.012,10000000,0
29073.HK,D,20250324,000000,0.01,0.01,0.01,0.01,2260000,0
29073.HK,D,20250325,000000,0.01,0.01,0.01,0.01,0,0
29073.HK,D,20250326,000000,0.01,0.01,0.01,0.01,0,0
29073.HK,D,20250327,000000,0.01,0.023,0.01,0.012,2400000,0
29073.HK,D,20250328,000000,0.011,0.011,0.011,0.011,0,0
29073.HK,D,20250331,000000,0.01,0.01,0.01,0.01,0,0
29073.HK,D,20250401,000000,0.01,0.01,0.01,0.01,0,0
29073.HK,D,20250402,000000,0.01,0.01,0.01,0.01,0,0
29073.HK,D,20250403,000000,0.01,0.01,0.01,0.01,0,0
29073.HK,D,20250407,000000,0.01,0.01,0.01,0.01,0,0
29073.HK,D,20250408,000000,0.01,0.01,0.01,0.01,0,0
29073.HK,D,20250409,000000,0.01,0.023,0.01,0.01,3000000,0
29073.HK,D,20250410,000000,0.01,0.01,0.01,0.01,0,0
29073.HK,D,20250411,000000,0.01,0.01,0.01,0.01,0,0
29073.HK,D,20250414,000000,0.01,0.01,0.01,0.01,0,0
29073.HK,D,20250415,000000,0.01,0.01,0.01,0.01,0,0
29073.HK,D,20250416,000000,0.01,0.01,0.01,0.01,0,0
29073.HK,D,20250417,000000,0.01,0.01,0.01,0.01,0,0
