<TICKER>,<PER>,<DATE>,<TIME>,<OPEN>,<HIGH>,<LOW>,<CLOSE>,<VOL>,<OPENINT>
29125.HK,D,20241125,000000,0.161,0.167,0.16,0.16,1880000,0
29125.HK,D,20241126,000000,0.154,0.16,0.152,0.152,2798000,0
29125.HK,D,20241127,000000,0.156,0.16,0.148,0.16,3940000,0
29125.HK,D,20241128,000000,0.154,0.158,0.141,0.141,3874000,0
29125.HK,D,20241129,000000,0.142,0.142,0.135,0.137,6600000,0
29125.HK,D,20241202,000000,0.14,0.144,0.131,0.133,852000,0
29125.HK,D,20241203,000000,0.133,0.143,0.128,0.141,2926000,0
29125.HK,D,20241204,000000,0.144,0.174,0.143,0.162,11796000,0
29125.HK,D,20241205,000000,0.156,0.156,0.147,0.147,398000,0
29125.HK,D,20241206,000000,0.159,0.159,0.159,0.159,170000,0
29125.HK,D,20241209,000000,0.155,0.172,0.153,0.171,614000,0
29125.HK,D,20241210,000000,0.185,0.185,0.162,0.162,410000,0
29125.HK,D,20241211,000000,0.171,0.171,0.142,0.142,274000,0
29125.HK,D,20241212,000000,0.146,0.146,0.146,0.146,20000,0
29125.HK,D,20241213,000000,0.135,0.135,0.131,0.132,412000,0
29125.HK,D,20241216,000000,0.128,0.132,0.126,0.126,70000,0
29125.HK,D,20241217,000000,0.124,0.124,0.124,0.124,0,0
29125.HK,D,20241218,000000,0.124,0.128,0.124,0.125,300000,0
29125.HK,D,20241219,000000,0.116,0.116,0.116,0.116,0,0
29125.HK,D,20241220,000000,0.108,0.108,0.106,0.108,116000,0
29125.HK,D,20241223,000000,0.112,0.116,0.112,0.116,240000,0
29125.HK,D,20241224,000000,0.128,0.128,0.128,0.128,0,0
29125.HK,D,20241227,000000,0.129,0.129,0.129,0.129,60000,0
29125.HK,D,20241230,000000,0.129,0.129,0.129,0.129,0,0
29125.HK,D,20241231,000000,0.146,0.146,0.146,0.146,40000,0
29125.HK,D,20250102,000000,0.125,0.131,0.125,0.131,400000,0
29125.HK,D,20250103,000000,0.138,0.144,0.135,0.135,78000,0
29125.HK,D,20250106,000000,0.132,0.132,0.128,0.128,100000,0
29125.HK,D,20250107,000000,0.123,0.123,0.11,0.111,1000000,0
29125.HK,D,20250108,000000,0.117,0.119,0.105,0.116,860000,0
29125.HK,D,20250109,000000,0.109,0.113,0.104,0.107,3940000,0
29125.HK,D,20250110,000000,0.106,0.106,0.093,0.096,3520000,0
29125.HK,D,20250113,000000,0.089,0.089,0.08,0.086,4970000,0
29125.HK,D,20250114,000000,0.086,0.089,0.084,0.089,6020000,0
29125.HK,D,20250115,000000,0.086,0.093,0.083,0.084,8610000,0
29125.HK,D,20250116,000000,0.087,0.092,0.084,0.085,5690000,0
29125.HK,D,20250117,000000,0.084,0.084,0.074,0.074,3120000,0
29125.HK,D,20250120,000000,0.077,0.078,0.075,0.076,2560000,0
29125.HK,D,20250121,000000,0.074,0.078,0.074,0.075,2100000,0
29125.HK,D,20250122,000000,0.068,0.068,0.068,0.068,330000,0
29125.HK,D,20250123,000000,0.068,0.068,0.068,0.068,60000,0
29125.HK,D,20250124,000000,0.067,0.067,0.067,0.067,2000,0
29125.HK,D,20250127,000000,0.069,0.072,0.067,0.067,3900000,0
29125.HK,D,20250128,000000,0.062,0.063,0.062,0.063,1000000,0
29125.HK,D,20250203,000000,0.058,0.059,0.057,0.058,7100000,0
29125.HK,D,20250204,000000,0.065,0.069,0.057,0.063,7996000,0
29125.HK,D,20250205,000000,0.061,0.061,0.058,0.06,15488000,0
29125.HK,D,20250206,000000,0.077,0.077,0.077,0.077,5018000,0
29125.HK,D,20250207,000000,0.075,0.076,0.072,0.075,3166000,0
29125.HK,D,20250210,000000,0.077,0.077,0.074,0.075,6600000,0
29125.HK,D,20250211,000000,0.077,0.077,0.072,0.075,5700000,0
29125.HK,D,20250212,000000,0.077,0.084,0.077,0.084,5982000,0
29125.HK,D,20250213,000000,0.077,0.08,0.074,0.074,5000000,0
29125.HK,D,20250214,000000,0.076,0.076,0.067,0.067,1700000,0
29125.HK,D,20250217,000000,0.06,0.06,0.058,0.059,970000,0
29125.HK,D,20250218,000000,0.057,0.058,0.053,0.053,5560000,0
29125.HK,D,20250219,000000,0.051,0.051,0.051,0.051,5684000,0
29125.HK,D,20250220,000000,0.05,0.051,0.05,0.05,1082000,0
29125.HK,D,20250221,000000,0.05,0.05,0.049,0.05,620000,0
29125.HK,D,20250224,000000,0.047,0.051,0.047,0.049,998000,0
29125.HK,D,20250225,000000,0.047,0.05,0.046,0.05,1190000,0
29125.HK,D,20250226,000000,0.045,0.045,0.041,0.042,2408000,0
29125.HK,D,20250227,000000,0.037,0.038,0.037,0.038,58000,0
29125.HK,D,20250228,000000,0.038,0.038,0.038,0.038,0,0
29125.HK,D,20250303,000000,0.033,0.033,0.032,0.032,330000,0
29125.HK,D,20250304,000000,0.029,0.029,0.029,0.029,20000,0
29125.HK,D,20250305,000000,0.031,0.036,0.031,0.036,250000,0
29125.HK,D,20250306,000000,0.032,0.036,0.032,0.036,250000,0
29125.HK,D,20250307,000000,0.037,0.037,0.037,0.037,140000,0
29125.HK,D,20250310,000000,0.035,0.035,0.035,0.035,100000,0
29125.HK,D,20250311,000000,0.034,0.034,0.031,0.031,110000,0
29125.HK,D,20250312,000000,0.033,0.033,0.032,0.033,280000,0
29125.HK,D,20250313,000000,0.033,0.033,0.033,0.033,0,0
29125.HK,D,20250314,000000,0.033,0.033,0.033,0.033,0,0
29125.HK,D,20250317,000000,0.034,0.034,0.034,0.034,0,0
29125.HK,D,20250318,000000,0.035,0.037,0.035,0.037,100000,0
29125.HK,D,20250319,000000,0.037,0.037,0.037,0.037,0,0
29125.HK,D,20250320,000000,0.037,0.037,0.037,0.037,0,0
29125.HK,D,20250321,000000,0.032,0.032,0.031,0.032,40000,0
29125.HK,D,20250324,000000,0.022,0.022,0.021,0.022,210000,0
29125.HK,D,20250325,000000,0.022,0.022,0.022,0.022,0,0
29125.HK,D,20250326,000000,0.021,0.021,0.021,0.021,0,0
29125.HK,D,20250327,000000,0.021,0.021,0.021,0.021,0,0
29125.HK,D,20250328,000000,0.021,0.021,0.021,0.021,0,0
29125.HK,D,20250331,000000,0.021,0.021,0.021,0.021,0,0
29125.HK,D,20250401,000000,0.021,0.021,0.021,0.021,0,0
29125.HK,D,20250402,000000,0.021,0.021,0.021,0.021,0,0
29125.HK,D,20250403,000000,0.014,0.014,0.01,0.013,640000,0
29125.HK,D,20250407,000000,0.01,0.01,0.01,0.01,100000,0
29125.HK,D,20250408,000000,0.01,0.01,0.01,0.01,1030000,0
29125.HK,D,20250409,000000,0.01,0.01,0.01,0.01,0,0
29125.HK,D,20250410,000000,0.01,0.01,0.01,0.01,0,0
29125.HK,D,20250411,000000,0.01,0.01,0.01,0.01,0,0
29125.HK,D,20250414,000000,0.01,0.01,0.01,0.01,0,0
29125.HK,D,20250415,000000,0.01,0.01,0.01,0.01,0,0
29125.HK,D,20250416,000000,0.01,0.01,0.01,0.01,0,0
29125.HK,D,20250417,000000,0.01,0.01,0.01,0.01,0,0
