<TICKER>,<PER>,<DATE>,<TIME>,<OPEN>,<HIGH>,<LOW>,<CLOSE>,<VOL>,<OPENINT>
29388.HK,D,20241211,000000,0.212,0.212,0.198,0.198,20000,0
29388.HK,D,20241212,000000,0.205,0.225,0.204,0.213,7880000,0
29388.HK,D,20241213,000000,0.187,0.19,0.167,0.168,5270000,0
29388.HK,D,20241216,000000,0.16,0.166,0.146,0.146,5920000,0
29388.HK,D,20241217,000000,0.137,0.148,0.136,0.142,7010000,0
29388.HK,D,20241218,000000,0.146,0.146,0.141,0.142,6720000,0
29388.HK,D,20241219,000000,0.137,0.172,0.131,0.172,2180000,0
29388.HK,D,20241220,000000,0.203,0.214,0.197,0.212,410000,0
29388.HK,D,20241223,000000,0.199,0.202,0.174,0.186,28070000,0
29388.HK,D,20241224,000000,0.177,0.185,0.175,0.181,1160000,0
29388.HK,D,20241227,000000,0.18,0.18,0.171,0.173,310000,0
29388.HK,D,20241230,000000,0.171,0.18,0.167,0.178,3320000,0
29388.HK,D,20241231,000000,0.168,0.179,0.168,0.176,1840000,0
29388.HK,D,20250102,000000,0.156,0.182,0.156,0.16,13790000,0
29388.HK,D,20250103,000000,0.159,0.165,0.145,0.148,22450000,0
29388.HK,D,20250106,000000,0.144,0.146,0.13,0.132,48350000,0
29388.HK,D,20250107,000000,0.085,0.111,0.084,0.091,2462560000,0
29388.HK,D,20250108,000000,0.082,0.09,0.078,0.083,2059170000,0
29388.HK,D,20250109,000000,0.081,0.096,0.08,0.082,312790000,0
29388.HK,D,20250110,000000,0.083,0.088,0.074,0.075,631410000,0
29388.HK,D,20250113,000000,0.068,0.076,0.068,0.069,507080000,0
29388.HK,D,20250114,000000,0.069,0.083,0.068,0.079,191550000,0
29388.HK,D,20250115,000000,0.081,0.093,0.079,0.083,313780000,0
29388.HK,D,20250116,000000,0.086,0.093,0.078,0.087,281360000,0
29388.HK,D,20250117,000000,0.082,0.085,0.081,0.082,256200000,0
29388.HK,D,20250120,000000,0.09,0.103,0.09,0.097,206410000,0
29388.HK,D,20250121,000000,0.093,0.098,0.09,0.093,437190000,0
29388.HK,D,20250122,000000,0.092,0.092,0.079,0.08,866540000,0
29388.HK,D,20250123,000000,0.083,0.084,0.073,0.074,1303180000,0
29388.HK,D,20250124,000000,0.076,0.09,0.076,0.087,76540000,0
29388.HK,D,20250127,000000,0.094,0.099,0.09,0.093,9820000,0
29388.HK,D,20250128,000000,0.1,0.109,0.099,0.101,7100000,0
29388.HK,D,20250203,000000,0.101,0.102,0.086,0.1,8540000,0
29388.HK,D,20250204,000000,0.109,0.132,0.109,0.132,5570000,0
29388.HK,D,20250205,000000,0.124,0.128,0.111,0.121,4570000,0
29388.HK,D,20250206,000000,0.117,0.123,0.112,0.123,2260000,0
29388.HK,D,20250207,000000,0.136,0.155,0.133,0.144,1850000,0
29388.HK,D,20250210,000000,0.15,0.183,0.15,0.175,7830000,0
29388.HK,D,20250211,000000,0.168,0.178,0.135,0.138,23290000,0
29388.HK,D,20250212,000000,0.154,0.199,0.139,0.197,32950000,0
29388.HK,D,20250213,000000,0.216,0.275,0.178,0.182,5980000,0
29388.HK,D,20250214,000000,0.214,0.33,0.214,0.33,1950000,0
29388.HK,D,20250217,000000,0.52,0.58,0.42,0.465,5620000,0
29388.HK,D,20250218,000000,0.51,0.58,0.49,0.52,3050000,0
29388.HK,D,20250219,000000,0.51,0.51,0.47,0.485,1450000,0
29388.HK,D,20250220,000000,0.445,0.445,0.41,0.41,270000,0
29388.HK,D,20250221,000000,0.495,0.59,0.49,0.59,430000,0
29388.HK,D,20250224,000000,0.56,0.57,0.495,0.495,890000,0
29388.HK,D,20250225,000000,0.4,0.435,0.395,0.415,7620000,0
29388.HK,D,20250226,000000,0.44,0.54,0.44,0.5,5730000,0
29388.HK,D,20250227,000000,0.54,0.57,0.46,0.47,7510000,0
29388.HK,D,20250228,000000,0.43,0.43,0.355,0.37,570000,0
29388.HK,D,20250303,000000,0.4,0.46,0.385,0.385,1150000,0
29388.HK,D,20250304,000000,0.355,0.43,0.34,0.43,1220000,0
29388.HK,D,20250305,000000,0.45,0.51,0.45,0.51,4630000,0
29388.HK,D,20250306,000000,0.68,0.75,0.65,0.75,530000,0
29388.HK,D,20250307,000000,0.71,0.8,0.71,0.71,50000,0
29388.HK,D,20250310,000000,0.71,0.71,0.57,0.59,200000,0
29388.HK,D,20250311,000000,0.53,0.6,0.52,0.6,230000,0
29388.HK,D,20250312,000000,0.61,0.61,0.53,0.54,90000,0
29388.HK,D,20250313,000000,0.53,0.53,0.49,0.51,330000,0
29388.HK,D,20250314,000000,0.51,0.63,0.51,0.62,210000,0
29388.HK,D,20250317,000000,0.66,0.66,0.62,0.63,90000,0
29388.HK,D,20250318,000000,0.7,0.74,0.7,0.73,750000,0
29388.HK,D,20250319,000000,0.72,0.73,0.72,0.73,100000,0
29388.HK,D,20250320,000000,0.59,0.63,0.57,0.57,70000,0
29388.HK,D,20250321,000000,0.51,0.51,0.475,0.495,1080000,0
29388.HK,D,20250324,000000,0.495,0.53,0.46,0.52,1980000,0
29388.HK,D,20250325,000000,0.48,0.48,0.42,0.425,3590000,0
29388.HK,D,20250326,000000,0.455,0.46,0.42,0.45,1500000,0
29388.HK,D,20250327,000000,0.43,0.49,0.43,0.46,860000,0
29388.HK,D,20250328,000000,0.49,0.5,0.44,0.44,1250000,0
29388.HK,D,20250331,000000,0.395,0.415,0.355,0.385,5170000,0
29388.HK,D,20250401,000000,0.41,0.44,0.405,0.41,820000,0
29388.HK,D,20250402,000000,0.385,0.42,0.385,0.385,230000,0
29388.HK,D,20250403,000000,0.345,0.355,0.325,0.355,4300000,0
29388.HK,D,20250407,000000,0.207,0.217,0.137,0.138,52610000,0
29388.HK,D,20250408,000000,0.165,0.17,0.115,0.136,8400000,0
29388.HK,D,20250409,000000,0.103,0.17,0.098,0.156,15250000,0
29388.HK,D,20250410,000000,0.175,0.203,0.14,0.141,16420000,0
29388.HK,D,20250411,000000,0.135,0.173,0.121,0.152,7300000,0
29388.HK,D,20250414,000000,0.162,0.182,0.153,0.16,4260000,0
29388.HK,D,20250415,000000,0.172,0.172,0.14,0.148,860000,0
29388.HK,D,20250416,000000,0.131,0.131,0.108,0.116,8150000,0
29388.HK,D,20250417,000000,0.122,0.162,0.122,0.148,16490000,0
