<TICKER>,<PER>,<DATE>,<TIME>,<OPEN>,<HIGH>,<LOW>,<CLOSE>,<VOL>,<OPENINT>
29520.HK,D,20241217,000000,0.116,0.117,0.116,0.116,4000,0
29520.HK,D,20241218,000000,0.116,0.116,0.116,0.116,0,0
29520.HK,D,20241219,000000,0.114,0.114,0.114,0.114,0,0
29520.HK,D,20241220,000000,0.107,0.107,0.107,0.107,0,0
29520.HK,D,20241223,000000,0.101,0.101,0.101,0.101,0,0
29520.HK,D,20241224,000000,0.102,0.102,0.102,0.102,0,0
29520.HK,D,20241227,000000,0.102,0.102,0.102,0.102,0,0
29520.HK,D,20241230,000000,0.106,0.106,0.106,0.106,0,0
29520.HK,D,20241231,000000,0.109,0.111,0.109,0.111,4000,0
29520.HK,D,20250102,000000,0.101,0.101,0.101,0.101,8000,0
29520.HK,D,20250103,000000,0.104,0.104,0.104,0.104,0,0
29520.HK,D,20250106,000000,0.101,0.101,0.101,0.101,0,0
29520.HK,D,20250107,000000,0.1,0.101,0.098,0.098,16000,0
29520.HK,D,20250108,000000,0.073,0.073,0.073,0.073,0,0
29520.HK,D,20250109,000000,0.071,0.071,0.071,0.071,0,0
29520.HK,D,20250110,000000,0.063,0.063,0.063,0.063,0,0
29520.HK,D,20250113,000000,0.06,0.06,0.06,0.06,0,0
29520.HK,D,20250114,000000,0.062,0.062,0.062,0.062,0,0
29520.HK,D,20250115,000000,0.061,0.061,0.061,0.061,0,0
29520.HK,D,20250116,000000,0.061,0.061,0.061,0.061,0,0
29520.HK,D,20250117,000000,0.062,0.062,0.057,0.057,4000,0
29520.HK,D,20250120,000000,0.054,0.054,0.054,0.054,0,0
29520.HK,D,20250121,000000,0.055,0.055,0.055,0.055,0,0
29520.HK,D,20250122,000000,0.055,0.055,0.055,0.055,0,0
29520.HK,D,20250123,000000,0.055,0.055,0.055,0.055,0,0
29520.HK,D,20250124,000000,0.058,0.058,0.058,0.058,0,0
29520.HK,D,20250127,000000,0.064,0.064,0.064,0.064,0,0
29520.HK,D,20250128,000000,0.061,0.061,0.061,0.061,0,0
29520.HK,D,20250203,000000,0.057,0.057,0.057,0.057,0,0
29520.HK,D,20250204,000000,0.059,0.059,0.059,0.059,0,0
29520.HK,D,20250205,000000,0.059,0.059,0.059,0.059,0,0
29520.HK,D,20250206,000000,0.059,0.059,0.059,0.059,0,0
29520.HK,D,20250207,000000,0.058,0.058,0.058,0.058,0,0
29520.HK,D,20250210,000000,0.056,0.056,0.056,0.056,0,0
29520.HK,D,20250211,000000,0.052,0.052,0.052,0.052,0,0
29520.HK,D,20250212,000000,0.052,0.052,0.052,0.052,0,0
29520.HK,D,20250213,000000,0.052,0.052,0.052,0.052,0,0
29520.HK,D,20250214,000000,0.051,0.051,0.051,0.051,0,0
29520.HK,D,20250217,000000,0.051,0.051,0.051,0.051,0,0
29520.HK,D,20250218,000000,0.048,0.048,0.048,0.048,0,0
29520.HK,D,20250219,000000,0.045,0.045,0.045,0.045,0,0
29520.HK,D,20250220,000000,0.043,0.043,0.043,0.043,0,0
29520.HK,D,20250221,000000,0.042,0.042,0.042,0.042,0,0
29520.HK,D,20250224,000000,0.048,0.048,0.048,0.048,0,0
29520.HK,D,20250225,000000,0.05,0.05,0.05,0.05,0,0
29520.HK,D,20250226,000000,0.052,0.052,0.052,0.052,0,0
29520.HK,D,20250227,000000,0.052,0.052,0.052,0.052,0,0
29520.HK,D,20250228,000000,0.052,0.053,0.047,0.047,20000,0
29520.HK,D,20250303,000000,0.047,0.047,0.047,0.047,0,0
29520.HK,D,20250304,000000,0.045,0.045,0.045,0.045,0,0
29520.HK,D,20250305,000000,0.045,0.045,0.045,0.045,0,0
29520.HK,D,20250306,000000,0.045,0.045,0.045,0.045,0,0
29520.HK,D,20250307,000000,0.047,0.053,0.045,0.046,4300000,0
29520.HK,D,20250310,000000,0.05,0.053,0.05,0.052,1134000,0
29520.HK,D,20250311,000000,0.048,0.048,0.048,0.048,600000,0
29520.HK,D,20250312,000000,0.051,0.051,0.05,0.051,1000000,0
29520.HK,D,20250313,000000,0.053,0.055,0.052,0.055,3886000,0
29520.HK,D,20250314,000000,0.052,0.052,0.052,0.052,6000,0
29520.HK,D,20250317,000000,0.056,0.056,0.056,0.056,500000,0
29520.HK,D,20250318,000000,0.055,0.055,0.055,0.055,0,0
29520.HK,D,20250319,000000,0.055,0.055,0.055,0.055,0,0
29520.HK,D,20250320,000000,0.053,0.053,0.053,0.053,0,0
29520.HK,D,20250321,000000,0.053,0.053,0.053,0.053,0,0
29520.HK,D,20250324,000000,0.053,0.053,0.053,0.053,0,0
29520.HK,D,20250325,000000,0.053,0.053,0.053,0.053,0,0
29520.HK,D,20250326,000000,0.046,0.046,0.046,0.046,0,0
29520.HK,D,20250327,000000,0.045,0.045,0.045,0.045,0,0
29520.HK,D,20250328,000000,0.041,0.041,0.041,0.041,0,0
29520.HK,D,20250331,000000,0.031,0.031,0.03,0.031,20000,0
29520.HK,D,20250401,000000,0.035,0.035,0.035,0.035,0,0
29520.HK,D,20250402,000000,0.035,0.035,0.035,0.035,0,0
29520.HK,D,20250403,000000,0.035,0.035,0.035,0.035,0,0
29520.HK,D,20250407,000000,0.025,0.025,0.025,0.025,0,0
29520.HK,D,20250408,000000,0.028,0.028,0.028,0.028,0,0
29520.HK,D,20250409,000000,0.029,0.029,0.029,0.029,0,0
29520.HK,D,20250410,000000,0.034,0.034,0.034,0.034,10000000,0
29520.HK,D,20250411,000000,0.033,0.036,0.033,0.036,10002000,0
29520.HK,D,20250414,000000,0.036,0.036,0.036,0.036,5000000,0
29520.HK,D,20250415,000000,0.034,0.034,0.034,0.034,0,0
29520.HK,D,20250416,000000,0.032,0.032,0.031,0.031,5002000,0
29520.HK,D,20250417,000000,0.028,0.028,0.028,0.028,0,0
