<TICKER>,<PER>,<DATE>,<TIME>,<OPEN>,<HIGH>,<LOW>,<CLOSE>,<VOL>,<OPENINT>
29641.HK,D,20241223,000000,0.25,0.25,0.249,0.25,500000,0
29641.HK,D,20241224,000000,0.25,0.25,0.25,0.25,0,0
29641.HK,D,20241227,000000,0.265,0.265,0.265,0.265,0,0
29641.HK,D,20241230,000000,0.26,0.26,0.26,0.26,0,0
29641.HK,D,20241231,000000,0.26,0.26,0.26,0.26,0,0
29641.HK,D,20250102,000000,0.239,0.239,0.239,0.239,0,0
29641.HK,D,20250103,000000,0.24,0.24,0.24,0.24,0,0
29641.HK,D,20250106,000000,0.244,0.244,0.241,0.241,40000,0
29641.HK,D,20250107,000000,0.229,0.239,0.229,0.235,1120000,0
29641.HK,D,20250108,000000,0.233,0.233,0.219,0.222,960000,0
29641.HK,D,20250109,000000,0.221,0.221,0.221,0.221,0,0
29641.HK,D,20250110,000000,0.214,0.214,0.214,0.214,0,0
29641.HK,D,20250113,000000,0.197,0.197,0.197,0.197,0,0
29641.HK,D,20250114,000000,0.196,0.196,0.193,0.196,30000,0
29641.HK,D,20250115,000000,0.2,0.201,0.2,0.2,30000,0
29641.HK,D,20250116,000000,0.192,0.192,0.192,0.192,100000,0
29641.HK,D,20250117,000000,0.2,0.205,0.2,0.203,260000,0
29641.HK,D,20250120,000000,0.204,0.205,0.202,0.202,90000,0
29641.HK,D,20250121,000000,0.202,0.202,0.197,0.197,100000,0
29641.HK,D,20250122,000000,0.195,0.196,0.195,0.195,20000,0
29641.HK,D,20250123,000000,0.176,0.18,0.176,0.176,20000,0
29641.HK,D,20250124,000000,0.177,0.183,0.176,0.176,180000,0
29641.HK,D,20250127,000000,0.181,0.181,0.177,0.177,610000,0
29641.HK,D,20250128,000000,0.186,0.186,0.176,0.176,200000,0
29641.HK,D,20250203,000000,0.153,0.159,0.15,0.157,530000,0
29641.HK,D,20250204,000000,0.17,0.174,0.158,0.162,1270000,0
29641.HK,D,20250205,000000,0.155,0.159,0.147,0.148,2280000,0
29641.HK,D,20250206,000000,0.152,0.16,0.151,0.156,910000,0
29641.HK,D,20250207,000000,0.163,0.164,0.159,0.16,325000,0
29641.HK,D,20250210,000000,0.154,0.158,0.151,0.158,620000,0
29641.HK,D,20250211,000000,0.153,0.155,0.152,0.155,260000,0
29641.HK,D,20250212,000000,0.157,0.167,0.157,0.163,1000000,0
29641.HK,D,20250213,000000,0.165,0.173,0.165,0.167,280000,0
29641.HK,D,20250214,000000,0.143,0.145,0.137,0.139,645000,0
29641.HK,D,20250217,000000,0.129,0.137,0.129,0.136,670000,0
29641.HK,D,20250218,000000,0.13,0.134,0.128,0.134,330000,0
29641.HK,D,20250219,000000,0.131,0.132,0.131,0.131,20000,0
29641.HK,D,20250220,000000,0.133,0.138,0.131,0.138,830000,0
29641.HK,D,20250221,000000,0.133,0.141,0.128,0.129,560000,0
29641.HK,D,20250224,000000,0.14,0.146,0.136,0.138,650000,0
29641.HK,D,20250225,000000,0.13,0.13,0.13,0.13,20000,0
29641.HK,D,20250226,000000,0.133,0.137,0.13,0.137,570000,0
29641.HK,D,20250227,000000,0.131,0.131,0.131,0.131,0,0
29641.HK,D,20250228,000000,0.12,0.12,0.12,0.12,0,0
29641.HK,D,20250303,000000,0.123,0.123,0.12,0.12,100000,0
29641.HK,D,20250304,000000,0.113,0.114,0.111,0.111,400000,0
29641.HK,D,20250305,000000,0.29,0.375,0.29,0.345,16065000,0
29641.HK,D,20250306,000000,0.38,0.56,0.375,0.51,20775000,0
29641.HK,D,20250307,000000,0.475,0.495,0.44,0.44,35695000,0
29641.HK,D,20250310,000000,0.46,0.47,0.435,0.445,30990000,0
29641.HK,D,20250311,000000,0.435,0.455,0.43,0.45,12660000,0
29641.HK,D,20250312,000000,0.43,0.43,0.405,0.41,2100000,0
29641.HK,D,20250313,000000,0.405,0.425,0.4,0.415,1215000,0
29641.HK,D,20250314,000000,0.325,0.33,0.29,0.29,6320000,0
29641.HK,D,20250317,000000,0.265,0.31,0.265,0.3,1955000,0
29641.HK,D,20250318,000000,0.31,0.32,0.24,0.27,2745000,0
29641.HK,D,20250319,000000,0.255,0.285,0.241,0.28,3110000,0
29641.HK,D,20250320,000000,0.27,0.275,0.242,0.247,1725000,0
29641.HK,D,20250321,000000,0.247,0.247,0.19,0.21,5845000,0
29641.HK,D,20250324,000000,0.239,0.265,0.239,0.265,9050000,0
29641.HK,D,20250325,000000,0.265,0.275,0.26,0.265,1315000,0
29641.HK,D,20250326,000000,0.26,0.33,0.26,0.29,8655000,0
29641.HK,D,20250327,000000,0.31,0.33,0.28,0.285,755000,0
29641.HK,D,20250328,000000,0.29,0.29,0.27,0.27,3485000,0
29641.HK,D,20250331,000000,0.232,0.247,0.225,0.244,10405000,0
29641.HK,D,20250401,000000,0.25,0.285,0.247,0.275,810000,0
29641.HK,D,20250402,000000,0.248,0.26,0.248,0.255,755000,0
29641.HK,D,20250403,000000,0.235,0.242,0.222,0.242,990000,0
29641.HK,D,20250407,000000,0.2,0.2,0.117,0.169,880000,0
29641.HK,D,20250408,000000,0.168,0.168,0.145,0.152,305000,0
29641.HK,D,20250409,000000,0.125,0.154,0.125,0.154,40000,0
29641.HK,D,20250410,000000,0.189,0.194,0.172,0.174,630000,0
29641.HK,D,20250411,000000,0.169,0.19,0.169,0.183,375000,0
29641.HK,D,20250414,000000,0.198,0.222,0.195,0.215,855000,0
29641.HK,D,20250415,000000,0.232,0.255,0.229,0.233,7310000,0
29641.HK,D,20250416,000000,0.222,0.227,0.204,0.215,4960000,0
29641.HK,D,20250417,000000,0.226,0.232,0.218,0.221,3995000,0
